# ptime xp yp zp vx vy vz ex ey ez bx by bz wt
 0.20000000E-13  0.15013561E-01  0.00000000E+00 -0.14768643E-01  0.00000000E+00  0.00000000E+00  0.19146457E+09  0.00000000E+00  0.00000000E+00  0.00000000E+00  0.00000000E+00  0.00000000E+00  0.10000000E-01  0.10000000E+01
 0.10000000E-10  0.15013561E-01  0.00000000E+00 -0.12857826E-01  0.00000000E+00  0.00000000E+00  0.19146457E+09  0.00000000E+00  0.00000000E+00  0.00000000E+00  0.00000000E+00  0.00000000E+00  0.10000000E-01  0.10000000E+01
 0.20000000E-10  0.15013561E-01  0.00000000E+00 -0.10943181E-01  0.00000000E+00  0.00000000E+00  0.19146457E+09  0.00000000E+00  0.00000000E+00  0.00000000E+00  0.00000000E+00  0.00000000E+00  0.10000000E-01  0.10000000E+01
 0.30000000E-10  0.15013561E-01  0.00000000E+00 -0.90285350E-02  0.00000000E+00  0.00000000E+00  0.19146457E+09  0.00000000E+00  0.00000000E+00  0.00000000E+00  0.00000000E+00  0.00000000E+00  0.10000000E-01  0.10000000E+01
 0.40020000E-10  0.15013561E-01  0.00000000E+00 -0.71100600E-02  0.00000000E+00  0.00000000E+00  0.19146457E+09  0.00000000E+00  0.00000000E+00  0.00000000E+00  0.00000000E+00  0.00000000E+00  0.10000000E-01  0.10000000E+01
 0.50020000E-10  0.15013561E-01  0.00000000E+00 -0.51954143E-02  0.00000000E+00  0.00000000E+00  0.19146457E+09  0.00000000E+00  0.00000000E+00  0.00000000E+00  0.00000000E+00  0.00000000E+00  0.10000000E-01  0.10000000E+01
 0.60020000E-10  0.15013561E-01  0.00000000E+00 -0.32807685E-02  0.00000000E+00  0.00000000E+00  0.19146457E+09  0.00000000E+00  0.00000000E+00  0.00000000E+00  0.00000000E+00  0.00000000E+00  0.10000000E-01  0.10000000E+01
 0.70020000E-10  0.15013561E-01  0.00000000E+00 -0.13661228E-02  0.00000000E+00  0.00000000E+00  0.19146457E+09  0.00000000E+00  0.00000000E+00  0.00000000E+00  0.00000000E+00  0.00000000E+00  0.10000000E-01  0.10000000E+01
 0.80000000E-10  0.15013561E-01  0.00000000E+00  0.54469358E-03  0.00000000E+00  0.00000000E+00  0.19146457E+09  0.00000000E+00  0.00000000E+00  0.00000000E+00  0.00000000E+00  0.00000000E+00  0.10000000E-01  0.10000000E+01
 0.90000000E-10  0.15013561E-01  0.00000000E+00  0.24593393E-02  0.00000000E+00  0.00000000E+00  0.19146457E+09  0.00000000E+00  0.00000000E+00  0.00000000E+00  0.00000000E+00  0.00000000E+00  0.10000000E-01  0.10000000E+01
 0.10000000E-09  0.15013561E-01  0.00000000E+00  0.43739850E-02  0.00000000E+00  0.00000000E+00  0.19146457E+09  0.00000000E+00  0.00000000E+00  0.00000000E+00  0.00000000E+00  0.00000000E+00  0.10000000E-01  0.10000000E+01
 0.11000000E-09  0.15013561E-01  0.00000000E+00  0.62886307E-02  0.00000000E+00  0.00000000E+00  0.19146457E+09  0.00000000E+00  0.00000000E+00  0.00000000E+00  0.00000000E+00  0.00000000E+00  0.10000000E-01  0.10000000E+01
 0.12000000E-09  0.15013561E-01  0.00000000E+00  0.82032764E-02  0.00000000E+00  0.00000000E+00  0.19146457E+09  0.00000000E+00  0.00000000E+00  0.00000000E+00  0.00000000E+00  0.00000000E+00  0.10000000E-01  0.10000000E+01
 0.13000000E-09  0.15013561E-01  0.00000000E+00  0.10117922E-01  0.00000000E+00  0.00000000E+00  0.19146457E+09  0.00000000E+00  0.00000000E+00  0.00000000E+00  0.00000000E+00  0.00000000E+00  0.10000000E-01  0.10000000E+01
 0.14002000E-09  0.15013561E-01  0.00000000E+00  0.12036397E-01  0.00000000E+00  0.00000000E+00  0.19146457E+09  0.00000000E+00  0.00000000E+00  0.00000000E+00  0.00000000E+00  0.00000000E+00  0.10000000E-01  0.10000000E+01
 0.15002000E-09  0.15013561E-01  0.00000000E+00  0.13951043E-01  0.00000000E+00  0.00000000E+00  0.19146457E+09  0.00000000E+00  0.00000000E+00  0.00000000E+00  0.00000000E+00  0.00000000E+00  0.10000000E-01  0.10000000E+01
 0.16002000E-09  0.15013561E-01  0.00000000E+00  0.15865689E-01  0.00000000E+00  0.00000000E+00  0.19146457E+09  0.00000000E+00  0.00000000E+00  0.00000000E+00  0.00000000E+00  0.00000000E+00  0.10000000E-01  0.10000000E+01
 0.17002000E-09  0.15013561E-01  0.00000000E+00  0.17780334E-01  0.00000000E+00  0.00000000E+00  0.19146457E+09  0.00000000E+00  0.00000000E+00  0.00000000E+00  0.00000000E+00  0.00000000E+00  0.10000000E-01  0.10000000E+01
 0.18002000E-09  0.15013561E-01  0.00000000E+00  0.19694980E-01  0.00000000E+00  0.00000000E+00  0.19146457E+09  0.00000000E+00  0.00000000E+00  0.00000000E+00  0.00000000E+00  0.00000000E+00  0.10000000E-01  0.10000000E+01
 0.19002000E-09  0.15013561E-01  0.00000000E+00  0.21609626E-01  0.00000000E+00  0.00000000E+00  0.19146457E+09  0.00000000E+00  0.00000000E+00  0.00000000E+00  0.00000000E+00  0.00000000E+00  0.10000000E-01  0.10000000E+01
 0.20002000E-09  0.15013561E-01  0.00000000E+00  0.23524271E-01  0.00000000E+00  0.00000000E+00  0.19146457E+09  0.00000000E+00  0.00000000E+00  0.00000000E+00  0.00000000E+00  0.00000000E+00  0.10000000E-01  0.10000000E+01
 0.21002000E-09  0.15013561E-01  0.00000000E+00  0.25438917E-01  0.00000000E+00  0.00000000E+00  0.19146457E+09  0.00000000E+00  0.00000000E+00  0.00000000E+00  0.00000000E+00  0.00000000E+00  0.10000000E-01  0.10000000E+01
 0.22002000E-09  0.15013561E-01  0.00000000E+00  0.27353563E-01  0.00000000E+00  0.00000000E+00  0.19146457E+09  0.00000000E+00  0.00000000E+00  0.00000000E+00  0.00000000E+00  0.00000000E+00  0.10000000E-01  0.10000000E+01
 0.23002000E-09  0.15013561E-01  0.00000000E+00  0.29268209E-01  0.00000000E+00  0.00000000E+00  0.19146457E+09  0.00000000E+00  0.00000000E+00  0.00000000E+00  0.00000000E+00  0.00000000E+00  0.10000000E-01  0.10000000E+01
 0.24002000E-09  0.15013561E-01  0.00000000E+00  0.31182854E-01  0.00000000E+00  0.00000000E+00  0.19146457E+09  0.00000000E+00  0.00000000E+00  0.00000000E+00  0.00000000E+00  0.00000000E+00  0.10000000E-01  0.10000000E+01
 0.25002000E-09  0.15013561E-01  0.00000000E+00  0.33097500E-01  0.00000000E+00  0.00000000E+00  0.19146457E+09  0.00000000E+00  0.00000000E+00  0.00000000E+00  0.00000000E+00  0.00000000E+00  0.10000000E-01  0.10000000E+01
 0.26002000E-09  0.15013561E-01  0.00000000E+00  0.35012146E-01  0.00000000E+00  0.00000000E+00  0.19146457E+09  0.00000000E+00  0.00000000E+00  0.00000000E+00  0.00000000E+00  0.00000000E+00  0.10000000E-01  0.10000000E+01
 0.27002000E-09  0.15013561E-01  0.00000000E+00  0.36926791E-01  0.00000000E+00  0.00000000E+00  0.19146457E+09  0.00000000E+00  0.00000000E+00  0.00000000E+00  0.00000000E+00  0.00000000E+00  0.10000000E-01  0.10000000E+01
 0.28002000E-09  0.15013561E-01  0.00000000E+00  0.38841437E-01  0.00000000E+00  0.00000000E+00  0.19146457E+09  0.00000000E+00  0.00000000E+00  0.00000000E+00  0.00000000E+00  0.00000000E+00  0.10000000E-01  0.10000000E+01
 0.29002000E-09  0.15013561E-01  0.00000000E+00  0.40756083E-01  0.00000000E+00  0.00000000E+00  0.19146457E+09  0.00000000E+00  0.00000000E+00  0.00000000E+00  0.00000000E+00  0.00000000E+00  0.10000000E-01  0.10000000E+01
 0.30000000E-09  0.15013561E-01  0.00000000E+00  0.42666899E-01  0.00000000E+00  0.00000000E+00  0.19146457E+09  0.00000000E+00  0.00000000E+00  0.00000000E+00  0.00000000E+00  0.00000000E+00  0.10000000E-01  0.10000000E+01
 0.31000000E-09  0.15013561E-01  0.00000000E+00  0.44581545E-01  0.00000000E+00  0.00000000E+00  0.19146457E+09  0.00000000E+00  0.00000000E+00  0.00000000E+00  0.00000000E+00  0.00000000E+00  0.10000000E-01  0.10000000E+01
 0.32000000E-09  0.15013561E-01  0.00000000E+00  0.46496191E-01  0.00000000E+00  0.00000000E+00  0.19146457E+09  0.00000000E+00  0.00000000E+00  0.00000000E+00  0.00000000E+00  0.00000000E+00  0.10000000E-01  0.10000000E+01
 0.33000000E-09  0.15013561E-01  0.00000000E+00  0.48410836E-01  0.00000000E+00  0.00000000E+00  0.19146457E+09  0.00000000E+00  0.00000000E+00  0.00000000E+00  0.00000000E+00  0.00000000E+00  0.10000000E-01  0.10000000E+01
 0.34000000E-09  0.15013561E-01  0.00000000E+00  0.50325482E-01  0.00000000E+00  0.00000000E+00  0.19146457E+09  0.00000000E+00  0.00000000E+00  0.00000000E+00  0.00000000E+00  0.00000000E+00  0.10000000E-01  0.10000000E+01
 0.35000000E-09  0.15013561E-01  0.00000000E+00  0.52240128E-01  0.00000000E+00  0.00000000E+00  0.19146457E+09  0.00000000E+00  0.00000000E+00  0.00000000E+00  0.00000000E+00  0.00000000E+00  0.10000000E-01  0.10000000E+01
 0.36000000E-09  0.15013561E-01  0.00000000E+00  0.54154773E-01  0.00000000E+00  0.00000000E+00  0.19146457E+09  0.00000000E+00  0.00000000E+00  0.00000000E+00  0.00000000E+00  0.00000000E+00  0.10000000E-01  0.10000000E+01
 0.37000000E-09  0.15013561E-01  0.00000000E+00  0.56069419E-01  0.00000000E+00  0.00000000E+00  0.19146457E+09  0.00000000E+00  0.00000000E+00  0.00000000E+00  0.00000000E+00  0.00000000E+00  0.10000000E-01  0.10000000E+01
 0.38000000E-09  0.15013561E-01  0.00000000E+00  0.57984065E-01  0.00000000E+00  0.00000000E+00  0.19146457E+09  0.00000000E+00  0.00000000E+00  0.00000000E+00  0.00000000E+00  0.00000000E+00  0.10000000E-01  0.10000000E+01
 0.39000000E-09  0.15013561E-01  0.00000000E+00  0.59898711E-01  0.00000000E+00  0.00000000E+00  0.19146457E+09  0.00000000E+00  0.00000000E+00  0.00000000E+00  0.00000000E+00  0.00000000E+00  0.10000000E-01  0.10000000E+01
 0.40000000E-09  0.15013561E-01  0.00000000E+00  0.61813356E-01  0.00000000E+00  0.00000000E+00  0.19146457E+09  0.00000000E+00  0.00000000E+00  0.00000000E+00  0.00000000E+00  0.00000000E+00  0.10000000E-01  0.10000000E+01
 0.41000000E-09  0.15013561E-01  0.00000000E+00  0.63728002E-01  0.00000000E+00  0.00000000E+00  0.19146457E+09  0.00000000E+00  0.00000000E+00  0.00000000E+00  0.00000000E+00  0.00000000E+00  0.10000000E-01  0.10000000E+01
 0.42000000E-09  0.15013561E-01  0.00000000E+00  0.65642648E-01  0.00000000E+00  0.00000000E+00  0.19146457E+09  0.00000000E+00  0.00000000E+00  0.00000000E+00  0.00000000E+00  0.00000000E+00  0.10000000E-01  0.10000000E+01
 0.43000000E-09  0.15013561E-01  0.00000000E+00  0.67557293E-01  0.00000000E+00  0.00000000E+00  0.19146457E+09  0.00000000E+00  0.00000000E+00  0.00000000E+00  0.00000000E+00  0.00000000E+00  0.10000000E-01  0.10000000E+01
 0.44000000E-09  0.15013561E-01  0.00000000E+00  0.69471939E-01  0.00000000E+00  0.00000000E+00  0.19146457E+09  0.00000000E+00  0.00000000E+00  0.00000000E+00  0.00000000E+00  0.00000000E+00  0.10000000E-01  0.10000000E+01
 0.45000000E-09  0.15013561E-01  0.00000000E+00  0.71386585E-01  0.00000000E+00  0.00000000E+00  0.19146457E+09  0.00000000E+00  0.00000000E+00  0.00000000E+00  0.00000000E+00  0.00000000E+00  0.10000000E-01  0.10000000E+01
 0.46000000E-09  0.15013561E-01  0.00000000E+00  0.73301231E-01  0.00000000E+00  0.00000000E+00  0.19146457E+09  0.00000000E+00  0.00000000E+00  0.00000000E+00  0.00000000E+00  0.00000000E+00  0.10000000E-01  0.10000000E+01
 0.47000000E-09  0.15013561E-01  0.00000000E+00  0.75215876E-01  0.00000000E+00  0.00000000E+00  0.19146457E+09  0.00000000E+00  0.00000000E+00  0.00000000E+00  0.00000000E+00  0.00000000E+00  0.10000000E-01  0.10000000E+01
 0.48000000E-09  0.15013561E-01  0.00000000E+00  0.77130522E-01  0.00000000E+00  0.00000000E+00  0.19146457E+09  0.00000000E+00  0.00000000E+00  0.00000000E+00  0.00000000E+00  0.00000000E+00  0.10000000E-01  0.10000000E+01
 0.49000000E-09  0.15013561E-01  0.00000000E+00  0.79045168E-01  0.00000000E+00  0.00000000E+00  0.19146457E+09  0.00000000E+00  0.00000000E+00  0.00000000E+00  0.00000000E+00  0.00000000E+00  0.10000000E-01  0.10000000E+01
 0.50000000E-09  0.15013561E-01  0.00000000E+00  0.80959813E-01  0.00000000E+00  0.00000000E+00  0.19146457E+09  0.00000000E+00  0.00000000E+00  0.00000000E+00  0.00000000E+00  0.00000000E+00  0.10000000E-01  0.10000000E+01
 0.51000000E-09  0.15013561E-01  0.00000000E+00  0.82874459E-01  0.00000000E+00  0.00000000E+00  0.19146457E+09  0.00000000E+00  0.00000000E+00  0.00000000E+00  0.00000000E+00  0.00000000E+00  0.10000000E-01  0.10000000E+01
 0.52000000E-09  0.15013561E-01  0.00000000E+00  0.84789105E-01  0.00000000E+00  0.00000000E+00  0.19146457E+09  0.00000000E+00  0.00000000E+00  0.00000000E+00  0.00000000E+00  0.00000000E+00  0.10000000E-01  0.10000000E+01
 0.53000000E-09  0.15013561E-01  0.00000000E+00  0.86703751E-01  0.00000000E+00  0.00000000E+00  0.19146457E+09  0.00000000E+00  0.00000000E+00  0.00000000E+00  0.00000000E+00  0.00000000E+00  0.10000000E-01  0.10000000E+01
 0.54000000E-09  0.15013561E-01  0.00000000E+00  0.88618396E-01  0.00000000E+00  0.00000000E+00  0.19146457E+09  0.00000000E+00  0.00000000E+00  0.00000000E+00  0.00000000E+00  0.00000000E+00  0.10000000E-01  0.10000000E+01
 0.55002000E-09  0.15013561E-01  0.00000000E+00  0.90536871E-01  0.00000000E+00  0.00000000E+00  0.19146457E+09  0.00000000E+00  0.00000000E+00  0.00000000E+00  0.00000000E+00  0.00000000E+00  0.10000000E-01  0.10000000E+01
 0.56002000E-09  0.15013561E-01  0.00000000E+00  0.92451517E-01  0.00000000E+00  0.00000000E+00  0.19146457E+09  0.00000000E+00  0.00000000E+00  0.00000000E+00  0.00000000E+00  0.00000000E+00  0.10000000E-01  0.10000000E+01
 0.57002000E-09  0.15013561E-01  0.00000000E+00  0.94366163E-01  0.00000000E+00  0.00000000E+00  0.19146457E+09  0.00000000E+00  0.00000000E+00  0.00000000E+00  0.00000000E+00  0.00000000E+00  0.10000000E-01  0.10000000E+01
 0.58002000E-09  0.15013561E-01  0.00000000E+00  0.96280808E-01  0.00000000E+00  0.00000000E+00  0.19146457E+09  0.00000000E+00  0.00000000E+00  0.00000000E+00  0.00000000E+00  0.00000000E+00  0.10000000E-01  0.10000000E+01
 0.59002000E-09  0.15013561E-01  0.00000000E+00  0.98195454E-01  0.00000000E+00  0.00000000E+00  0.19146457E+09  0.00000000E+00  0.00000000E+00  0.00000000E+00  0.00000000E+00  0.00000000E+00  0.10000000E-01  0.10000000E+01
 0.60002000E-09  0.15013561E-01  0.00000000E+00  0.10011010E+00  0.00000000E+00  0.00000000E+00  0.19146457E+09  0.00000000E+00  0.00000000E+00  0.00000000E+00  0.00000000E+00  0.00000000E+00  0.10000000E-01  0.10000000E+01
 0.61002000E-09  0.15013561E-01  0.00000000E+00  0.10202475E+00  0.00000000E+00  0.00000000E+00  0.19146457E+09  0.00000000E+00  0.00000000E+00  0.00000000E+00  0.00000000E+00  0.00000000E+00  0.10000000E-01  0.10000000E+01
 0.62002000E-09  0.15013561E-01  0.00000000E+00  0.10393939E+00  0.00000000E+00  0.00000000E+00  0.19146457E+09  0.00000000E+00  0.00000000E+00  0.00000000E+00  0.00000000E+00  0.00000000E+00  0.10000000E-01  0.10000000E+01
 0.63002000E-09  0.15013561E-01  0.00000000E+00  0.10585404E+00  0.00000000E+00  0.00000000E+00  0.19146457E+09  0.00000000E+00  0.00000000E+00  0.00000000E+00  0.00000000E+00  0.00000000E+00  0.10000000E-01  0.10000000E+01
 0.64002000E-09  0.15013561E-01  0.00000000E+00  0.10776868E+00  0.00000000E+00  0.00000000E+00  0.19146457E+09  0.00000000E+00  0.00000000E+00  0.00000000E+00  0.00000000E+00  0.00000000E+00  0.10000000E-01  0.10000000E+01
 0.65002000E-09  0.15013561E-01  0.00000000E+00  0.10968333E+00  0.00000000E+00  0.00000000E+00  0.19146457E+09  0.00000000E+00  0.00000000E+00  0.00000000E+00  0.00000000E+00  0.00000000E+00  0.10000000E-01  0.10000000E+01
 0.66002000E-09  0.15013561E-01  0.00000000E+00  0.11159797E+00  0.00000000E+00  0.00000000E+00  0.19146457E+09  0.00000000E+00  0.00000000E+00  0.00000000E+00  0.00000000E+00  0.00000000E+00  0.10000000E-01  0.10000000E+01
 0.67002000E-09  0.15013561E-01  0.00000000E+00  0.11351262E+00  0.00000000E+00  0.00000000E+00  0.19146457E+09  0.00000000E+00  0.00000000E+00  0.00000000E+00  0.00000000E+00  0.00000000E+00  0.10000000E-01  0.10000000E+01
 0.68002000E-09  0.15013561E-01  0.00000000E+00  0.11542727E+00  0.00000000E+00  0.00000000E+00  0.19146457E+09  0.00000000E+00  0.00000000E+00  0.00000000E+00  0.00000000E+00  0.00000000E+00  0.10000000E-01  0.10000000E+01
 0.69002000E-09  0.15013561E-01  0.00000000E+00  0.11734191E+00  0.00000000E+00  0.00000000E+00  0.19146457E+09  0.00000000E+00  0.00000000E+00  0.00000000E+00  0.00000000E+00  0.00000000E+00  0.10000000E-01  0.10000000E+01
 0.70002000E-09  0.15013561E-01  0.00000000E+00  0.11925656E+00  0.00000000E+00  0.00000000E+00  0.19146457E+09  0.00000000E+00  0.00000000E+00  0.00000000E+00  0.00000000E+00  0.00000000E+00  0.10000000E-01  0.10000000E+01
 0.71002000E-09  0.15013561E-01  0.00000000E+00  0.12117120E+00  0.00000000E+00  0.00000000E+00  0.19146457E+09  0.00000000E+00  0.00000000E+00  0.00000000E+00  0.00000000E+00  0.00000000E+00  0.10000000E-01  0.10000000E+01
 0.72002000E-09  0.15013561E-01  0.00000000E+00  0.12308585E+00  0.00000000E+00  0.00000000E+00  0.19146457E+09  0.00000000E+00  0.00000000E+00  0.00000000E+00  0.00000000E+00  0.00000000E+00  0.10000000E-01  0.10000000E+01
 0.73002000E-09  0.15013561E-01  0.00000000E+00  0.12500049E+00  0.00000000E+00  0.00000000E+00  0.19146457E+09  0.00000000E+00  0.00000000E+00  0.00000000E+00  0.00000000E+00  0.00000000E+00  0.10000000E-01  0.10000000E+01
 0.74002000E-09  0.15013561E-01  0.00000000E+00  0.12691514E+00  0.00000000E+00  0.00000000E+00  0.19146457E+09  0.00000000E+00  0.00000000E+00  0.00000000E+00  0.00000000E+00  0.00000000E+00  0.10000000E-01  0.10000000E+01
 0.75002000E-09  0.15013561E-01  0.00000000E+00  0.12882979E+00  0.00000000E+00  0.00000000E+00  0.19146457E+09  0.00000000E+00  0.00000000E+00  0.00000000E+00  0.00000000E+00  0.00000000E+00  0.10000000E-01  0.10000000E+01
 0.76002000E-09  0.15013561E-01  0.00000000E+00  0.13074443E+00  0.00000000E+00  0.00000000E+00  0.19146457E+09  0.00000000E+00  0.00000000E+00  0.00000000E+00  0.00000000E+00  0.00000000E+00  0.10000000E-01  0.10000000E+01
 0.77002000E-09  0.15013561E-01  0.00000000E+00  0.13265908E+00  0.00000000E+00  0.00000000E+00  0.19146457E+09  0.00000000E+00  0.00000000E+00  0.00000000E+00  0.00000000E+00  0.00000000E+00  0.10000000E-01  0.10000000E+01
 0.78002000E-09  0.15013561E-01  0.00000000E+00  0.13457372E+00  0.00000000E+00  0.00000000E+00  0.19146457E+09  0.00000000E+00  0.00000000E+00  0.00000000E+00  0.00000000E+00  0.00000000E+00  0.10000000E-01  0.10000000E+01
 0.79002000E-09  0.15013561E-01  0.00000000E+00  0.13648837E+00  0.00000000E+00  0.00000000E+00  0.19146457E+09  0.00000000E+00  0.00000000E+00  0.00000000E+00  0.00000000E+00  0.00000000E+00  0.10000000E-01  0.10000000E+01
 0.80002000E-09  0.15013561E-01  0.00000000E+00  0.13840301E+00  0.00000000E+00  0.00000000E+00  0.19146457E+09  0.00000000E+00  0.00000000E+00  0.00000000E+00  0.00000000E+00  0.00000000E+00  0.10000000E-01  0.10000000E+01
 0.81002000E-09  0.15013561E-01  0.00000000E+00  0.14031766E+00  0.00000000E+00  0.00000000E+00  0.19146457E+09  0.00000000E+00  0.00000000E+00  0.00000000E+00  0.00000000E+00  0.00000000E+00  0.10000000E-01  0.10000000E+01
 0.82002000E-09  0.15013561E-01  0.00000000E+00  0.14223231E+00  0.00000000E+00  0.00000000E+00  0.19146457E+09  0.00000000E+00  0.00000000E+00  0.00000000E+00  0.00000000E+00  0.00000000E+00  0.10000000E-01  0.10000000E+01
 0.83002000E-09  0.15013561E-01  0.00000000E+00  0.14414695E+00  0.00000000E+00  0.00000000E+00  0.19146457E+09  0.00000000E+00  0.00000000E+00  0.00000000E+00  0.00000000E+00  0.00000000E+00  0.10000000E-01  0.10000000E+01
 0.84002000E-09  0.15013561E-01  0.00000000E+00  0.14606160E+00  0.00000000E+00  0.00000000E+00  0.19146457E+09  0.00000000E+00  0.00000000E+00  0.00000000E+00  0.00000000E+00  0.00000000E+00  0.10000000E-01  0.10000000E+01
 0.85002000E-09  0.15013561E-01  0.00000000E+00  0.14797624E+00  0.00000000E+00  0.00000000E+00  0.19146457E+09  0.00000000E+00  0.00000000E+00  0.00000000E+00  0.00000000E+00  0.00000000E+00  0.10000000E-01  0.10000000E+01
 0.86002000E-09  0.15013561E-01  0.00000000E+00  0.14989089E+00  0.00000000E+00  0.00000000E+00  0.19146457E+09  0.00000000E+00  0.00000000E+00  0.00000000E+00  0.00000000E+00  0.00000000E+00  0.10000000E-01  0.10000000E+01
 0.87002000E-09  0.15013561E-01  0.00000000E+00  0.15180553E+00  0.00000000E+00  0.00000000E+00  0.19146457E+09  0.00000000E+00  0.00000000E+00  0.00000000E+00  0.00000000E+00  0.00000000E+00  0.10000000E-01  0.10000000E+01
 0.88002000E-09  0.15013561E-01  0.00000000E+00  0.15372018E+00  0.00000000E+00  0.00000000E+00  0.19146457E+09  0.00000000E+00  0.00000000E+00  0.00000000E+00  0.00000000E+00  0.00000000E+00  0.10000000E-01  0.10000000E+01
 0.89002000E-09  0.15013561E-01  0.00000000E+00  0.15563483E+00  0.00000000E+00  0.00000000E+00  0.19146457E+09  0.00000000E+00  0.00000000E+00  0.00000000E+00  0.00000000E+00  0.00000000E+00  0.10000000E-01  0.10000000E+01
 0.90002000E-09  0.15013561E-01  0.00000000E+00  0.15754947E+00  0.00000000E+00  0.00000000E+00  0.19146457E+09  0.00000000E+00  0.00000000E+00  0.00000000E+00  0.00000000E+00  0.00000000E+00  0.10000000E-01  0.10000000E+01
 0.91002000E-09  0.15013561E-01  0.00000000E+00  0.15946412E+00  0.00000000E+00  0.00000000E+00  0.19146457E+09  0.00000000E+00  0.00000000E+00  0.00000000E+00  0.00000000E+00  0.00000000E+00  0.10000000E-01  0.10000000E+01
 0.92002000E-09  0.15013561E-01  0.00000000E+00  0.16137876E+00  0.00000000E+00  0.00000000E+00  0.19146457E+09  0.00000000E+00  0.00000000E+00  0.00000000E+00  0.00000000E+00  0.00000000E+00  0.10000000E-01  0.10000000E+01
 0.93002000E-09  0.15013561E-01  0.00000000E+00  0.16329341E+00  0.00000000E+00  0.00000000E+00  0.19146457E+09  0.00000000E+00  0.00000000E+00  0.00000000E+00  0.00000000E+00  0.00000000E+00  0.10000000E-01  0.10000000E+01
 0.94002000E-09  0.15013561E-01  0.00000000E+00  0.16520805E+00  0.00000000E+00  0.00000000E+00  0.19146457E+09  0.00000000E+00  0.00000000E+00  0.00000000E+00  0.00000000E+00  0.00000000E+00  0.10000000E-01  0.10000000E+01
 0.95002000E-09  0.15013561E-01  0.00000000E+00  0.16712270E+00  0.00000000E+00  0.00000000E+00  0.19146457E+09  0.00000000E+00  0.00000000E+00  0.00000000E+00  0.00000000E+00  0.00000000E+00  0.10000000E-01  0.10000000E+01
 0.96002000E-09  0.15013561E-01  0.00000000E+00  0.16903735E+00  0.00000000E+00  0.00000000E+00  0.19146457E+09  0.00000000E+00  0.00000000E+00  0.00000000E+00  0.00000000E+00  0.00000000E+00  0.10000000E-01  0.10000000E+01
 0.97002000E-09  0.15013561E-01  0.00000000E+00  0.17095199E+00  0.00000000E+00  0.00000000E+00  0.19146457E+09  0.00000000E+00  0.00000000E+00  0.00000000E+00  0.00000000E+00  0.00000000E+00  0.10000000E-01  0.10000000E+01
 0.98002000E-09  0.15013561E-01  0.00000000E+00  0.17286664E+00  0.00000000E+00  0.00000000E+00  0.19146457E+09  0.00000000E+00  0.00000000E+00  0.00000000E+00  0.00000000E+00  0.00000000E+00  0.10000000E-01  0.10000000E+01
 0.99002000E-09  0.15013561E-01  0.00000000E+00  0.17478128E+00  0.00000000E+00  0.00000000E+00  0.19146457E+09  0.00000000E+00  0.00000000E+00  0.00000000E+00  0.00000000E+00  0.00000000E+00  0.10000000E-01  0.10000000E+01
 0.10000200E-08  0.15013561E-01  0.00000000E+00  0.17669593E+00  0.00000000E+00  0.00000000E+00  0.19146457E+09  0.00000000E+00  0.00000000E+00  0.00000000E+00  0.00000000E+00  0.00000000E+00  0.10000000E-01  0.10000000E+01
 0.10100200E-08  0.15013561E-01  0.00000000E+00  0.17861057E+00  0.00000000E+00  0.00000000E+00  0.19146457E+09  0.00000000E+00  0.00000000E+00  0.00000000E+00  0.00000000E+00  0.00000000E+00  0.10000000E-01  0.10000000E+01
 0.10200200E-08  0.15013561E-01  0.00000000E+00  0.18052522E+00  0.00000000E+00  0.00000000E+00  0.19146457E+09  0.00000000E+00  0.00000000E+00  0.00000000E+00  0.00000000E+00  0.00000000E+00  0.10000000E-01  0.10000000E+01
 0.10300200E-08  0.15013561E-01  0.00000000E+00  0.18243987E+00  0.00000000E+00  0.00000000E+00  0.19146457E+09  0.00000000E+00  0.00000000E+00  0.00000000E+00  0.00000000E+00  0.00000000E+00  0.10000000E-01  0.10000000E+01
 0.10400200E-08  0.15013561E-01  0.00000000E+00  0.18435451E+00  0.00000000E+00  0.00000000E+00  0.19146457E+09  0.00000000E+00  0.00000000E+00  0.00000000E+00  0.00000000E+00  0.00000000E+00  0.10000000E-01  0.10000000E+01
 0.10500200E-08  0.15013561E-01  0.00000000E+00  0.18626916E+00  0.00000000E+00  0.00000000E+00  0.19146457E+09  0.00000000E+00  0.00000000E+00  0.00000000E+00  0.00000000E+00  0.00000000E+00  0.10000000E-01  0.10000000E+01
 0.10600200E-08  0.15013561E-01  0.00000000E+00  0.18818380E+00  0.00000000E+00  0.00000000E+00  0.19146457E+09  0.00000000E+00  0.00000000E+00  0.00000000E+00  0.00000000E+00  0.00000000E+00  0.10000000E-01  0.10000000E+01
 0.10700200E-08  0.15013561E-01  0.00000000E+00  0.19009845E+00  0.00000000E+00  0.00000000E+00  0.19146457E+09  0.00000000E+00  0.00000000E+00  0.00000000E+00  0.00000000E+00  0.00000000E+00  0.10000000E-01  0.10000000E+01
 0.10800200E-08  0.15013561E-01  0.00000000E+00  0.19201309E+00  0.00000000E+00  0.00000000E+00  0.19146457E+09  0.00000000E+00  0.00000000E+00  0.00000000E+00  0.00000000E+00  0.00000000E+00  0.10000000E-01  0.10000000E+01
 0.10900200E-08  0.15013561E-01  0.00000000E+00  0.19392774E+00  0.00000000E+00  0.00000000E+00  0.19146457E+09  0.00000000E+00  0.00000000E+00  0.00000000E+00  0.00000000E+00  0.00000000E+00  0.10000000E-01  0.10000000E+01
 0.11000200E-08  0.15013561E-01  0.00000000E+00  0.19584239E+00  0.00000000E+00  0.00000000E+00  0.19146457E+09  0.00000000E+00  0.00000000E+00  0.00000000E+00  0.00000000E+00  0.00000000E+00  0.10000000E-01  0.10000000E+01
 0.11100200E-08  0.15013561E-01  0.00000000E+00  0.19775703E+00  0.00000000E+00  0.00000000E+00  0.19146457E+09  0.00000000E+00  0.00000000E+00  0.00000000E+00  0.00000000E+00  0.00000000E+00  0.10000000E-01  0.10000000E+01
 0.11200200E-08  0.15013561E-01  0.00000000E+00  0.19967168E+00  0.00000000E+00  0.00000000E+00  0.19146457E+09  0.00000000E+00  0.00000000E+00  0.00000000E+00  0.00000000E+00  0.00000000E+00  0.10000000E-01  0.10000000E+01
 0.11300200E-08  0.15013561E-01  0.00000000E+00  0.20158632E+00  0.00000000E+00  0.00000000E+00  0.19146457E+09  0.00000000E+00  0.00000000E+00  0.00000000E+00  0.00000000E+00  0.00000000E+00  0.10000000E-01  0.10000000E+01
 0.11400200E-08  0.15013561E-01  0.00000000E+00  0.20350097E+00  0.00000000E+00  0.00000000E+00  0.19146457E+09  0.00000000E+00  0.00000000E+00  0.00000000E+00  0.00000000E+00  0.00000000E+00  0.10000000E-01  0.10000000E+01
 0.11500200E-08  0.15013561E-01  0.00000000E+00  0.20541561E+00  0.00000000E+00  0.00000000E+00  0.19146457E+09  0.00000000E+00  0.00000000E+00  0.00000000E+00  0.00000000E+00  0.00000000E+00  0.10000000E-01  0.10000000E+01
 0.11600200E-08  0.15013561E-01  0.00000000E+00  0.20733026E+00  0.00000000E+00  0.00000000E+00  0.19146457E+09  0.00000000E+00  0.00000000E+00  0.00000000E+00  0.00000000E+00  0.00000000E+00  0.10000000E-01  0.10000000E+01
 0.11700200E-08  0.15013561E-01  0.00000000E+00  0.20924491E+00  0.00000000E+00  0.00000000E+00  0.19146457E+09  0.00000000E+00  0.00000000E+00  0.00000000E+00  0.00000000E+00  0.00000000E+00  0.10000000E-01  0.10000000E+01
 0.11800200E-08  0.15013561E-01  0.00000000E+00  0.21115955E+00  0.00000000E+00  0.00000000E+00  0.19146457E+09  0.00000000E+00  0.00000000E+00  0.00000000E+00  0.00000000E+00  0.00000000E+00  0.10000000E-01  0.10000000E+01
 0.11900200E-08  0.15013561E-01  0.00000000E+00  0.21307420E+00  0.00000000E+00  0.00000000E+00  0.19146457E+09  0.00000000E+00  0.00000000E+00  0.00000000E+00  0.00000000E+00  0.00000000E+00  0.10000000E-01  0.10000000E+01
 0.12000200E-08  0.15013561E-01  0.00000000E+00  0.21498884E+00  0.00000000E+00  0.00000000E+00  0.19146457E+09  0.00000000E+00  0.00000000E+00  0.00000000E+00  0.00000000E+00  0.00000000E+00  0.10000000E-01  0.10000000E+01
 0.12100200E-08  0.15013561E-01  0.00000000E+00  0.21690349E+00  0.00000000E+00  0.00000000E+00  0.19146457E+09  0.00000000E+00  0.00000000E+00  0.00000000E+00  0.00000000E+00  0.00000000E+00  0.10000000E-01  0.10000000E+01
 0.12200200E-08  0.15013561E-01  0.00000000E+00  0.21881813E+00  0.00000000E+00  0.00000000E+00  0.19146457E+09  0.00000000E+00  0.00000000E+00  0.00000000E+00  0.00000000E+00  0.00000000E+00  0.10000000E-01  0.10000000E+01
 0.12300200E-08  0.15013561E-01  0.00000000E+00  0.22073278E+00  0.00000000E+00  0.00000000E+00  0.19146457E+09  0.00000000E+00  0.00000000E+00  0.00000000E+00  0.00000000E+00  0.00000000E+00  0.10000000E-01  0.10000000E+01
 0.12400200E-08  0.15013561E-01  0.00000000E+00  0.22264743E+00  0.00000000E+00  0.00000000E+00  0.19146457E+09  0.00000000E+00  0.00000000E+00  0.00000000E+00  0.00000000E+00  0.00000000E+00  0.10000000E-01  0.10000000E+01
 0.12500200E-08  0.15013561E-01  0.00000000E+00  0.22456207E+00  0.00000000E+00  0.00000000E+00  0.19146457E+09  0.00000000E+00  0.00000000E+00  0.00000000E+00  0.00000000E+00  0.00000000E+00  0.10000000E-01  0.10000000E+01
 0.12600200E-08  0.15013561E-01  0.00000000E+00  0.22647672E+00  0.00000000E+00  0.00000000E+00  0.19146457E+09  0.00000000E+00  0.00000000E+00  0.00000000E+00  0.00000000E+00  0.00000000E+00  0.10000000E-01  0.10000000E+01
 0.12700200E-08  0.15013561E-01  0.00000000E+00  0.22839136E+00  0.00000000E+00  0.00000000E+00  0.19146457E+09  0.00000000E+00  0.00000000E+00  0.00000000E+00  0.00000000E+00  0.00000000E+00  0.10000000E-01  0.10000000E+01
 0.12800200E-08  0.15013561E-01  0.00000000E+00  0.23030601E+00  0.00000000E+00  0.00000000E+00  0.19146457E+09  0.00000000E+00  0.00000000E+00  0.00000000E+00  0.00000000E+00  0.00000000E+00  0.10000000E-01  0.10000000E+01
 0.12900200E-08  0.15013561E-01  0.00000000E+00  0.23222065E+00  0.00000000E+00  0.00000000E+00  0.19146457E+09  0.00000000E+00  0.00000000E+00  0.00000000E+00  0.00000000E+00  0.00000000E+00  0.10000000E-01  0.10000000E+01
 0.13000200E-08  0.15013561E-01  0.00000000E+00  0.23413530E+00  0.00000000E+00  0.00000000E+00  0.19146457E+09  0.00000000E+00  0.00000000E+00  0.00000000E+00  0.00000000E+00  0.00000000E+00  0.10000000E-01  0.10000000E+01
 0.13100200E-08  0.15013561E-01  0.00000000E+00  0.23604995E+00  0.00000000E+00  0.00000000E+00  0.19146457E+09  0.00000000E+00  0.00000000E+00  0.00000000E+00  0.00000000E+00  0.00000000E+00  0.10000000E-01  0.10000000E+01
 0.13200200E-08  0.15013561E-01  0.00000000E+00  0.23796459E+00  0.00000000E+00  0.00000000E+00  0.19146457E+09  0.00000000E+00  0.00000000E+00  0.00000000E+00  0.00000000E+00  0.00000000E+00  0.10000000E-01  0.10000000E+01
 0.13300200E-08  0.15013561E-01  0.00000000E+00  0.23987924E+00  0.00000000E+00  0.00000000E+00  0.19146457E+09  0.00000000E+00  0.00000000E+00  0.00000000E+00  0.00000000E+00  0.00000000E+00  0.10000000E-01  0.10000000E+01
 0.13400200E-08  0.15013561E-01  0.00000000E+00  0.24179388E+00  0.00000000E+00  0.00000000E+00  0.19146457E+09  0.00000000E+00  0.00000000E+00  0.00000000E+00  0.00000000E+00  0.00000000E+00  0.10000000E-01  0.10000000E+01
 0.13500200E-08  0.15013561E-01  0.00000000E+00  0.24370853E+00  0.00000000E+00  0.00000000E+00  0.19146457E+09  0.00000000E+00  0.00000000E+00  0.00000000E+00  0.00000000E+00  0.00000000E+00  0.10000000E-01  0.10000000E+01
 0.13600200E-08  0.15013561E-01  0.00000000E+00  0.24562317E+00  0.00000000E+00  0.00000000E+00  0.19146457E+09  0.00000000E+00  0.00000000E+00  0.00000000E+00  0.00000000E+00  0.00000000E+00  0.10000000E-01  0.10000000E+01
 0.13700200E-08  0.15013561E-01  0.00000000E+00  0.24753782E+00  0.00000000E+00  0.00000000E+00  0.19146457E+09  0.00000000E+00  0.00000000E+00  0.00000000E+00  0.00000000E+00  0.00000000E+00  0.10000000E-01  0.10000000E+01
 0.13800200E-08  0.15013561E-01  0.00000000E+00  0.24945247E+00  0.00000000E+00  0.00000000E+00  0.19146457E+09  0.00000000E+00  0.00000000E+00  0.00000000E+00  0.00000000E+00  0.00000000E+00  0.10000000E-01  0.10000000E+01
 0.13900200E-08  0.15013561E-01  0.00000000E+00  0.25136711E+00  0.00000000E+00  0.00000000E+00  0.19146457E+09  0.00000000E+00  0.00000000E+00  0.00000000E+00  0.00000000E+00  0.00000000E+00  0.10000000E-01  0.10000000E+01
 0.14000200E-08  0.15013561E-01  0.00000000E+00  0.25328176E+00  0.00000000E+00  0.00000000E+00  0.19146457E+09  0.00000000E+00  0.00000000E+00  0.00000000E+00  0.00000000E+00  0.00000000E+00  0.10000000E-01  0.10000000E+01
 0.14100200E-08  0.15013561E-01  0.00000000E+00  0.25519640E+00  0.00000000E+00  0.00000000E+00  0.19146457E+09  0.00000000E+00  0.00000000E+00  0.00000000E+00  0.00000000E+00  0.00000000E+00  0.10000000E-01  0.10000000E+01
 0.14200200E-08  0.15013561E-01  0.00000000E+00  0.25711105E+00  0.00000000E+00  0.00000000E+00  0.19146457E+09  0.00000000E+00  0.00000000E+00  0.00000000E+00  0.00000000E+00  0.00000000E+00  0.10000000E-01  0.10000000E+01
 0.14300200E-08  0.15013561E-01  0.00000000E+00  0.25902569E+00  0.00000000E+00  0.00000000E+00  0.19146457E+09  0.00000000E+00  0.00000000E+00  0.00000000E+00  0.00000000E+00  0.00000000E+00  0.10000000E-01  0.10000000E+01
 0.14400200E-08  0.15013561E-01  0.00000000E+00  0.26094034E+00  0.00000000E+00  0.00000000E+00  0.19146457E+09  0.00000000E+00  0.00000000E+00  0.00000000E+00  0.00000000E+00  0.00000000E+00  0.10000000E-01  0.10000000E+01
 0.14500200E-08  0.15013561E-01  0.00000000E+00  0.26285499E+00  0.00000000E+00  0.00000000E+00  0.19146457E+09  0.00000000E+00  0.00000000E+00  0.00000000E+00  0.00000000E+00  0.00000000E+00  0.10000000E-01  0.10000000E+01
 0.14600200E-08  0.15013561E-01  0.00000000E+00  0.26476963E+00  0.00000000E+00  0.00000000E+00  0.19146457E+09  0.00000000E+00  0.00000000E+00  0.00000000E+00  0.00000000E+00  0.00000000E+00  0.10000000E-01  0.10000000E+01
 0.14700200E-08  0.15013561E-01  0.00000000E+00  0.26668428E+00  0.00000000E+00  0.00000000E+00  0.19146457E+09  0.00000000E+00  0.00000000E+00  0.00000000E+00  0.00000000E+00  0.00000000E+00  0.10000000E-01  0.10000000E+01
 0.14800200E-08  0.15013561E-01  0.00000000E+00  0.26859892E+00  0.00000000E+00  0.00000000E+00  0.19146457E+09  0.00000000E+00  0.00000000E+00  0.00000000E+00  0.00000000E+00  0.00000000E+00  0.10000000E-01  0.10000000E+01
 0.14900200E-08  0.15013561E-01  0.00000000E+00  0.27051357E+00  0.00000000E+00  0.00000000E+00  0.19146457E+09  0.00000000E+00  0.00000000E+00  0.00000000E+00  0.00000000E+00  0.00000000E+00  0.10000000E-01  0.10000000E+01
 0.15000200E-08  0.15013561E-01  0.00000000E+00  0.27242821E+00  0.00000000E+00  0.00000000E+00  0.19146457E+09  0.00000000E+00  0.00000000E+00  0.00000000E+00  0.00000000E+00  0.00000000E+00  0.10000000E-01  0.10000000E+01
 0.15100200E-08  0.15013561E-01  0.00000000E+00  0.27434286E+00  0.00000000E+00  0.00000000E+00  0.19146457E+09  0.00000000E+00  0.00000000E+00  0.00000000E+00  0.00000000E+00  0.00000000E+00  0.10000000E-01  0.10000000E+01
 0.15200200E-08  0.15013561E-01  0.00000000E+00  0.27625751E+00  0.00000000E+00  0.00000000E+00  0.19146457E+09  0.00000000E+00  0.00000000E+00  0.00000000E+00  0.00000000E+00  0.00000000E+00  0.10000000E-01  0.10000000E+01
 0.15300200E-08  0.15013561E-01  0.00000000E+00  0.27817215E+00  0.00000000E+00  0.00000000E+00  0.19146457E+09  0.00000000E+00  0.00000000E+00  0.00000000E+00  0.00000000E+00  0.00000000E+00  0.10000000E-01  0.10000000E+01
 0.15400200E-08  0.15013561E-01  0.00000000E+00  0.28008680E+00  0.00000000E+00  0.00000000E+00  0.19146457E+09  0.00000000E+00  0.00000000E+00  0.00000000E+00  0.00000000E+00  0.00000000E+00  0.10000000E-01  0.10000000E+01
 0.15500200E-08  0.15013561E-01  0.00000000E+00  0.28200144E+00  0.00000000E+00  0.00000000E+00  0.19146457E+09  0.00000000E+00  0.00000000E+00  0.00000000E+00  0.00000000E+00  0.00000000E+00  0.10000000E-01  0.10000000E+01
 0.15600200E-08  0.15013561E-01  0.00000000E+00  0.28391609E+00  0.00000000E+00  0.00000000E+00  0.19146457E+09  0.00000000E+00  0.00000000E+00  0.00000000E+00  0.00000000E+00  0.00000000E+00  0.10000000E-01  0.10000000E+01
 0.15700200E-08  0.15013561E-01  0.00000000E+00  0.28583073E+00  0.00000000E+00  0.00000000E+00  0.19146457E+09  0.00000000E+00  0.00000000E+00  0.00000000E+00  0.00000000E+00  0.00000000E+00  0.10000000E-01  0.10000000E+01
 0.15800200E-08  0.15013561E-01  0.00000000E+00  0.28774538E+00  0.00000000E+00  0.00000000E+00  0.19146457E+09  0.00000000E+00  0.00000000E+00  0.00000000E+00  0.00000000E+00  0.00000000E+00  0.10000000E-01  0.10000000E+01
 0.15900200E-08  0.15013561E-01  0.00000000E+00  0.28966003E+00  0.00000000E+00  0.00000000E+00  0.19146457E+09  0.00000000E+00  0.00000000E+00  0.00000000E+00  0.00000000E+00  0.00000000E+00  0.10000000E-01  0.10000000E+01
 0.16000200E-08  0.15013561E-01  0.00000000E+00  0.29157467E+00  0.00000000E+00  0.00000000E+00  0.19146457E+09  0.00000000E+00  0.00000000E+00  0.00000000E+00  0.00000000E+00  0.00000000E+00  0.10000000E-01  0.10000000E+01
 0.16100200E-08  0.15013561E-01  0.00000000E+00  0.29348932E+00  0.00000000E+00  0.00000000E+00  0.19146457E+09  0.00000000E+00  0.00000000E+00  0.00000000E+00  0.00000000E+00  0.00000000E+00  0.10000000E-01  0.10000000E+01
 0.16200200E-08  0.15013561E-01  0.00000000E+00  0.29540396E+00  0.00000000E+00  0.00000000E+00  0.19146457E+09  0.00000000E+00  0.00000000E+00  0.00000000E+00  0.00000000E+00  0.00000000E+00  0.10000000E-01  0.10000000E+01
 0.16300200E-08  0.15013561E-01  0.00000000E+00  0.29731861E+00  0.00000000E+00  0.00000000E+00  0.19146457E+09  0.00000000E+00  0.00000000E+00  0.00000000E+00  0.00000000E+00  0.00000000E+00  0.10000000E-01  0.10000000E+01
 0.16400200E-08  0.15013561E-01  0.00000000E+00  0.29923325E+00  0.00000000E+00  0.00000000E+00  0.19146457E+09  0.00000000E+00  0.00000000E+00  0.00000000E+00  0.00000000E+00  0.00000000E+00  0.10000000E-01  0.10000000E+01
 0.16500200E-08  0.15013561E-01  0.00000000E+00  0.30114790E+00  0.00000000E+00  0.00000000E+00  0.19146457E+09  0.00000000E+00  0.00000000E+00  0.00000000E+00  0.00000000E+00  0.00000000E+00  0.10000000E-01  0.10000000E+01
 0.16600200E-08  0.15013561E-01  0.00000000E+00  0.30306255E+00  0.00000000E+00  0.00000000E+00  0.19146457E+09  0.00000000E+00  0.00000000E+00  0.00000000E+00  0.00000000E+00  0.00000000E+00  0.10000000E-01  0.10000000E+01
 0.16700200E-08  0.15013561E-01  0.00000000E+00  0.30497719E+00  0.00000000E+00  0.00000000E+00  0.19146457E+09  0.00000000E+00  0.00000000E+00  0.00000000E+00  0.00000000E+00  0.00000000E+00  0.10000000E-01  0.10000000E+01
 0.16800200E-08  0.15013561E-01  0.00000000E+00  0.30689184E+00  0.00000000E+00  0.00000000E+00  0.19146457E+09  0.00000000E+00  0.00000000E+00  0.00000000E+00  0.00000000E+00  0.00000000E+00  0.10000000E-01  0.10000000E+01
 0.16900200E-08  0.15013561E-01  0.00000000E+00  0.30880648E+00  0.00000000E+00  0.00000000E+00  0.19146457E+09  0.00000000E+00  0.00000000E+00  0.00000000E+00  0.00000000E+00  0.00000000E+00  0.10000000E-01  0.10000000E+01
 0.17000200E-08  0.15013561E-01  0.00000000E+00  0.31072113E+00  0.00000000E+00  0.00000000E+00  0.19146457E+09  0.00000000E+00  0.00000000E+00  0.00000000E+00  0.00000000E+00  0.00000000E+00  0.10000000E-01  0.10000000E+01
 0.17100200E-08  0.15013561E-01  0.00000000E+00  0.31263577E+00  0.00000000E+00  0.00000000E+00  0.19146457E+09  0.00000000E+00  0.00000000E+00  0.00000000E+00  0.00000000E+00  0.00000000E+00  0.10000000E-01  0.10000000E+01
 0.17200200E-08  0.15013561E-01  0.00000000E+00  0.31455042E+00  0.00000000E+00  0.00000000E+00  0.19146457E+09  0.00000000E+00  0.00000000E+00  0.00000000E+00  0.00000000E+00  0.00000000E+00  0.10000000E-01  0.10000000E+01
 0.17300200E-08  0.15013561E-01  0.00000000E+00  0.31646507E+00  0.00000000E+00  0.00000000E+00  0.19146457E+09  0.00000000E+00  0.00000000E+00  0.00000000E+00  0.00000000E+00  0.00000000E+00  0.10000000E-01  0.10000000E+01
 0.17400200E-08  0.15013561E-01  0.00000000E+00  0.31837971E+00  0.00000000E+00  0.00000000E+00  0.19146457E+09  0.00000000E+00  0.00000000E+00  0.00000000E+00  0.00000000E+00  0.00000000E+00  0.10000000E-01  0.10000000E+01
 0.17500200E-08  0.15013561E-01  0.00000000E+00  0.32029436E+00  0.00000000E+00  0.00000000E+00  0.19146457E+09  0.00000000E+00  0.00000000E+00  0.00000000E+00  0.00000000E+00  0.00000000E+00  0.10000000E-01  0.10000000E+01
 0.17600200E-08  0.15013561E-01  0.00000000E+00  0.32220900E+00  0.00000000E+00  0.00000000E+00  0.19146457E+09  0.00000000E+00  0.00000000E+00  0.00000000E+00  0.00000000E+00  0.00000000E+00  0.10000000E-01  0.10000000E+01
 0.17700200E-08  0.15013561E-01  0.00000000E+00  0.32412365E+00  0.00000000E+00  0.00000000E+00  0.19146457E+09  0.00000000E+00  0.00000000E+00  0.00000000E+00  0.00000000E+00  0.00000000E+00  0.10000000E-01  0.10000000E+01
 0.17800200E-08  0.15013561E-01  0.00000000E+00  0.32603829E+00  0.00000000E+00  0.00000000E+00  0.19146457E+09  0.00000000E+00  0.00000000E+00  0.00000000E+00  0.00000000E+00  0.00000000E+00  0.10000000E-01  0.10000000E+01
 0.17900200E-08  0.15013561E-01  0.00000000E+00  0.32795294E+00  0.00000000E+00  0.00000000E+00  0.19146457E+09  0.00000000E+00  0.00000000E+00  0.00000000E+00  0.00000000E+00  0.00000000E+00  0.10000000E-01  0.10000000E+01
 0.18000200E-08  0.15013561E-01  0.00000000E+00  0.32986758E+00  0.00000000E+00  0.00000000E+00  0.19146457E+09  0.00000000E+00  0.00000000E+00  0.00000000E+00  0.00000000E+00  0.00000000E+00  0.10000000E-01  0.10000000E+01
 0.18100200E-08  0.15013561E-01  0.00000000E+00  0.33178223E+00  0.00000000E+00  0.00000000E+00  0.19146457E+09  0.00000000E+00  0.00000000E+00  0.00000000E+00  0.00000000E+00  0.00000000E+00  0.10000000E-01  0.10000000E+01
 0.18200200E-08  0.15013561E-01  0.00000000E+00  0.33369688E+00  0.00000000E+00  0.00000000E+00  0.19146457E+09  0.00000000E+00  0.00000000E+00  0.00000000E+00  0.00000000E+00  0.00000000E+00  0.10000000E-01  0.10000000E+01
 0.18300200E-08  0.15013561E-01  0.00000000E+00  0.33561152E+00  0.00000000E+00  0.00000000E+00  0.19146457E+09  0.00000000E+00  0.00000000E+00  0.00000000E+00  0.00000000E+00  0.00000000E+00  0.10000000E-01  0.10000000E+01
 0.18400200E-08  0.15013561E-01  0.00000000E+00  0.33752617E+00  0.00000000E+00  0.00000000E+00  0.19146457E+09  0.00000000E+00  0.00000000E+00  0.00000000E+00  0.00000000E+00  0.00000000E+00  0.10000000E-01  0.10000000E+01
 0.18500200E-08  0.15013561E-01  0.00000000E+00  0.33944081E+00  0.00000000E+00  0.00000000E+00  0.19146457E+09  0.00000000E+00  0.00000000E+00  0.00000000E+00  0.00000000E+00  0.00000000E+00  0.10000000E-01  0.10000000E+01
 0.18600200E-08  0.15013561E-01  0.00000000E+00  0.34135546E+00  0.00000000E+00  0.00000000E+00  0.19146457E+09  0.00000000E+00  0.00000000E+00  0.00000000E+00  0.00000000E+00  0.00000000E+00  0.10000000E-01  0.10000000E+01
 0.18700200E-08  0.15013561E-01  0.00000000E+00  0.34327010E+00  0.00000000E+00  0.00000000E+00  0.19146457E+09  0.00000000E+00  0.00000000E+00  0.00000000E+00  0.00000000E+00  0.00000000E+00  0.10000000E-01  0.10000000E+01
 0.18800200E-08  0.15013561E-01  0.00000000E+00  0.34518475E+00  0.00000000E+00  0.00000000E+00  0.19146457E+09  0.00000000E+00  0.00000000E+00  0.00000000E+00  0.00000000E+00  0.00000000E+00  0.10000000E-01  0.10000000E+01
 0.18900200E-08  0.15013561E-01  0.00000000E+00  0.34709940E+00  0.00000000E+00  0.00000000E+00  0.19146457E+09  0.00000000E+00  0.00000000E+00  0.00000000E+00  0.00000000E+00  0.00000000E+00  0.10000000E-01  0.10000000E+01
 0.19000200E-08  0.15013561E-01  0.00000000E+00  0.34901404E+00  0.00000000E+00  0.00000000E+00  0.19146457E+09  0.00000000E+00  0.00000000E+00  0.00000000E+00  0.00000000E+00  0.00000000E+00  0.10000000E-01  0.10000000E+01
 0.19100200E-08  0.15013561E-01  0.00000000E+00  0.35092869E+00  0.00000000E+00  0.00000000E+00  0.19146457E+09  0.00000000E+00  0.00000000E+00  0.00000000E+00  0.00000000E+00  0.00000000E+00  0.10000000E-01  0.10000000E+01
 0.19200200E-08  0.15013561E-01  0.00000000E+00  0.35284333E+00  0.00000000E+00  0.00000000E+00  0.19146457E+09  0.00000000E+00  0.00000000E+00  0.00000000E+00  0.00000000E+00  0.00000000E+00  0.10000000E-01  0.10000000E+01
 0.19300200E-08  0.15013561E-01  0.00000000E+00  0.35475798E+00  0.00000000E+00  0.00000000E+00  0.19146457E+09  0.00000000E+00  0.00000000E+00  0.00000000E+00  0.00000000E+00  0.00000000E+00  0.10000000E-01  0.10000000E+01
 0.19400200E-08  0.15013561E-01  0.00000000E+00  0.35667262E+00  0.00000000E+00  0.00000000E+00  0.19146457E+09  0.00000000E+00  0.00000000E+00  0.00000000E+00  0.00000000E+00  0.00000000E+00  0.10000000E-01  0.10000000E+01
 0.19500200E-08  0.15013561E-01  0.00000000E+00  0.35858727E+00  0.00000000E+00  0.00000000E+00  0.19146457E+09  0.00000000E+00  0.00000000E+00  0.00000000E+00  0.00000000E+00  0.00000000E+00  0.10000000E-01  0.10000000E+01
 0.19600200E-08  0.15013561E-01  0.00000000E+00  0.36050192E+00  0.00000000E+00  0.00000000E+00  0.19146457E+09  0.00000000E+00  0.00000000E+00  0.00000000E+00  0.00000000E+00  0.00000000E+00  0.10000000E-01  0.10000000E+01
 0.19700200E-08  0.15013561E-01  0.00000000E+00  0.36241656E+00  0.00000000E+00  0.00000000E+00  0.19146457E+09  0.00000000E+00  0.00000000E+00  0.00000000E+00  0.00000000E+00  0.00000000E+00  0.10000000E-01  0.10000000E+01
 0.19800200E-08  0.15013561E-01  0.00000000E+00  0.36433121E+00  0.00000000E+00  0.00000000E+00  0.19146457E+09  0.00000000E+00  0.00000000E+00  0.00000000E+00  0.00000000E+00  0.00000000E+00  0.10000000E-01  0.10000000E+01
 0.19900200E-08  0.15013561E-01  0.00000000E+00  0.36624585E+00  0.00000000E+00  0.00000000E+00  0.19146457E+09  0.00000000E+00  0.00000000E+00  0.00000000E+00  0.00000000E+00  0.00000000E+00  0.10000000E-01  0.10000000E+01
