# ptime xp yp zp vx vy vz ex ey ez bx by bz wt
 0.20000000E-13  0.62416264E-02  0.00000000E+00 -0.24168487E-01  0.00000000E+00  0.00000000E+00  0.17549889E+09  0.00000000E+00  0.00000000E+00  0.00000000E+00  0.00000000E+00  0.00000000E+00  0.10000000E-01  0.10000000E+01
 0.10000000E-10  0.62416264E-02  0.00000000E+00 -0.22417008E-01  0.00000000E+00  0.00000000E+00  0.17549889E+09  0.00000000E+00  0.00000000E+00  0.00000000E+00  0.00000000E+00  0.00000000E+00  0.10000000E-01  0.10000000E+01
 0.20000000E-10  0.62416264E-02  0.00000000E+00 -0.20662019E-01  0.00000000E+00  0.00000000E+00  0.17549889E+09  0.00000000E+00  0.00000000E+00  0.00000000E+00  0.00000000E+00  0.00000000E+00  0.10000000E-01  0.10000000E+01
 0.30000000E-10  0.62416264E-02  0.00000000E+00 -0.18907031E-01  0.00000000E+00  0.00000000E+00  0.17549889E+09  0.00000000E+00  0.00000000E+00  0.00000000E+00  0.00000000E+00  0.00000000E+00  0.10000000E-01  0.10000000E+01
 0.40020000E-10  0.62416264E-02  0.00000000E+00 -0.17148532E-01  0.00000000E+00  0.00000000E+00  0.17549889E+09  0.00000000E+00  0.00000000E+00  0.00000000E+00  0.00000000E+00  0.00000000E+00  0.10000000E-01  0.10000000E+01
 0.50020000E-10  0.62416264E-02  0.00000000E+00 -0.15393543E-01  0.00000000E+00  0.00000000E+00  0.17549889E+09  0.00000000E+00  0.00000000E+00  0.00000000E+00  0.00000000E+00  0.00000000E+00  0.10000000E-01  0.10000000E+01
 0.60020000E-10  0.62416264E-02  0.00000000E+00 -0.13638554E-01  0.00000000E+00  0.00000000E+00  0.17549889E+09  0.00000000E+00  0.00000000E+00  0.00000000E+00  0.00000000E+00  0.00000000E+00  0.10000000E-01  0.10000000E+01
 0.70020000E-10  0.62416264E-02  0.00000000E+00 -0.11883565E-01  0.00000000E+00  0.00000000E+00  0.17549889E+09  0.00000000E+00  0.00000000E+00  0.00000000E+00  0.00000000E+00  0.00000000E+00  0.10000000E-01  0.10000000E+01
 0.80000000E-10  0.62416264E-02  0.00000000E+00 -0.10132086E-01  0.00000000E+00  0.00000000E+00  0.17549889E+09  0.00000000E+00  0.00000000E+00  0.00000000E+00  0.00000000E+00  0.00000000E+00  0.10000000E-01  0.10000000E+01
 0.90000000E-10  0.62416264E-02  0.00000000E+00 -0.83770972E-02  0.00000000E+00  0.00000000E+00  0.17549889E+09  0.00000000E+00  0.00000000E+00  0.00000000E+00  0.00000000E+00  0.00000000E+00  0.10000000E-01  0.10000000E+01
 0.10000000E-09  0.62416264E-02  0.00000000E+00 -0.66221083E-02  0.00000000E+00  0.00000000E+00  0.17549889E+09  0.00000000E+00  0.00000000E+00  0.00000000E+00  0.00000000E+00  0.00000000E+00  0.10000000E-01  0.10000000E+01
 0.11000000E-09  0.62416264E-02  0.00000000E+00 -0.48671194E-02  0.00000000E+00  0.00000000E+00  0.17549889E+09  0.00000000E+00  0.00000000E+00  0.00000000E+00  0.00000000E+00  0.00000000E+00  0.10000000E-01  0.10000000E+01
 0.12000000E-09  0.62416264E-02  0.00000000E+00 -0.31121305E-02  0.00000000E+00  0.00000000E+00  0.17549889E+09  0.00000000E+00  0.00000000E+00  0.00000000E+00  0.00000000E+00  0.00000000E+00  0.10000000E-01  0.10000000E+01
 0.13000000E-09  0.62416264E-02  0.00000000E+00 -0.13571416E-02  0.00000000E+00  0.00000000E+00  0.17549889E+09  0.00000000E+00  0.00000000E+00  0.00000000E+00  0.00000000E+00  0.00000000E+00  0.10000000E-01  0.10000000E+01
 0.14002000E-09  0.62416264E-02  0.00000000E+00  0.40135724E-03  0.00000000E+00  0.00000000E+00  0.17549889E+09  0.00000000E+00  0.00000000E+00  0.00000000E+00  0.00000000E+00  0.00000000E+00  0.10000000E-01  0.10000000E+01
 0.15002000E-09  0.62416264E-02  0.00000000E+00  0.21563461E-02  0.00000000E+00  0.00000000E+00  0.17549889E+09  0.00000000E+00  0.00000000E+00  0.00000000E+00  0.00000000E+00  0.00000000E+00  0.10000000E-01  0.10000000E+01
 0.16002000E-09  0.62416264E-02  0.00000000E+00  0.39113350E-02  0.00000000E+00  0.00000000E+00  0.17549889E+09  0.00000000E+00  0.00000000E+00  0.00000000E+00  0.00000000E+00  0.00000000E+00  0.10000000E-01  0.10000000E+01
 0.17002000E-09  0.62416264E-02  0.00000000E+00  0.56663239E-02  0.00000000E+00  0.00000000E+00  0.17549889E+09  0.00000000E+00  0.00000000E+00  0.00000000E+00  0.00000000E+00  0.00000000E+00  0.10000000E-01  0.10000000E+01
 0.18002000E-09  0.62416264E-02  0.00000000E+00  0.74213128E-02  0.00000000E+00  0.00000000E+00  0.17549889E+09  0.00000000E+00  0.00000000E+00  0.00000000E+00  0.00000000E+00  0.00000000E+00  0.10000000E-01  0.10000000E+01
 0.19002000E-09  0.62416264E-02  0.00000000E+00  0.91763017E-02  0.00000000E+00  0.00000000E+00  0.17549889E+09  0.00000000E+00  0.00000000E+00  0.00000000E+00  0.00000000E+00  0.00000000E+00  0.10000000E-01  0.10000000E+01
 0.20002000E-09  0.62416264E-02  0.00000000E+00  0.10931291E-01  0.00000000E+00  0.00000000E+00  0.17549889E+09  0.00000000E+00  0.00000000E+00  0.00000000E+00  0.00000000E+00  0.00000000E+00  0.10000000E-01  0.10000000E+01
 0.21002000E-09  0.62416264E-02  0.00000000E+00  0.12686279E-01  0.00000000E+00  0.00000000E+00  0.17549889E+09  0.00000000E+00  0.00000000E+00  0.00000000E+00  0.00000000E+00  0.00000000E+00  0.10000000E-01  0.10000000E+01
 0.22002000E-09  0.62416264E-02  0.00000000E+00  0.14441268E-01  0.00000000E+00  0.00000000E+00  0.17549889E+09  0.00000000E+00  0.00000000E+00  0.00000000E+00  0.00000000E+00  0.00000000E+00  0.10000000E-01  0.10000000E+01
 0.23002000E-09  0.62416264E-02  0.00000000E+00  0.16196257E-01  0.00000000E+00  0.00000000E+00  0.17549889E+09  0.00000000E+00  0.00000000E+00  0.00000000E+00  0.00000000E+00  0.00000000E+00  0.10000000E-01  0.10000000E+01
 0.24002000E-09  0.62416264E-02  0.00000000E+00  0.17951246E-01  0.00000000E+00  0.00000000E+00  0.17549889E+09  0.00000000E+00  0.00000000E+00  0.00000000E+00  0.00000000E+00  0.00000000E+00  0.10000000E-01  0.10000000E+01
 0.25002000E-09  0.62416264E-02  0.00000000E+00  0.19706235E-01  0.00000000E+00  0.00000000E+00  0.17549889E+09  0.00000000E+00  0.00000000E+00  0.00000000E+00  0.00000000E+00  0.00000000E+00  0.10000000E-01  0.10000000E+01
 0.26002000E-09  0.62416264E-02  0.00000000E+00  0.21461224E-01  0.00000000E+00  0.00000000E+00  0.17549889E+09  0.00000000E+00  0.00000000E+00  0.00000000E+00  0.00000000E+00  0.00000000E+00  0.10000000E-01  0.10000000E+01
 0.27002000E-09  0.62416264E-02  0.00000000E+00  0.23216213E-01  0.00000000E+00  0.00000000E+00  0.17549889E+09  0.00000000E+00  0.00000000E+00  0.00000000E+00  0.00000000E+00  0.00000000E+00  0.10000000E-01  0.10000000E+01
 0.28002000E-09  0.62416264E-02  0.00000000E+00  0.24971202E-01  0.00000000E+00  0.00000000E+00  0.17549889E+09  0.00000000E+00  0.00000000E+00  0.00000000E+00  0.00000000E+00  0.00000000E+00  0.10000000E-01  0.10000000E+01
 0.29002000E-09  0.62416264E-02  0.00000000E+00  0.26726191E-01  0.00000000E+00  0.00000000E+00  0.17549889E+09  0.00000000E+00  0.00000000E+00  0.00000000E+00  0.00000000E+00  0.00000000E+00  0.10000000E-01  0.10000000E+01
 0.30000000E-09  0.62416264E-02  0.00000000E+00  0.28477670E-01  0.00000000E+00  0.00000000E+00  0.17549889E+09  0.00000000E+00  0.00000000E+00  0.00000000E+00  0.00000000E+00  0.00000000E+00  0.10000000E-01  0.10000000E+01
 0.31000000E-09  0.62416264E-02  0.00000000E+00  0.30232658E-01  0.00000000E+00  0.00000000E+00  0.17549889E+09  0.00000000E+00  0.00000000E+00  0.00000000E+00  0.00000000E+00  0.00000000E+00  0.10000000E-01  0.10000000E+01
 0.32000000E-09  0.62416264E-02  0.00000000E+00  0.31987647E-01  0.00000000E+00  0.00000000E+00  0.17549889E+09  0.00000000E+00  0.00000000E+00  0.00000000E+00  0.00000000E+00  0.00000000E+00  0.10000000E-01  0.10000000E+01
 0.33000000E-09  0.62416264E-02  0.00000000E+00  0.33742636E-01  0.00000000E+00  0.00000000E+00  0.17549889E+09  0.00000000E+00  0.00000000E+00  0.00000000E+00  0.00000000E+00  0.00000000E+00  0.10000000E-01  0.10000000E+01
 0.34000000E-09  0.62416264E-02  0.00000000E+00  0.35497625E-01  0.00000000E+00  0.00000000E+00  0.17549889E+09  0.00000000E+00  0.00000000E+00  0.00000000E+00  0.00000000E+00  0.00000000E+00  0.10000000E-01  0.10000000E+01
 0.35000000E-09  0.62416264E-02  0.00000000E+00  0.37252614E-01  0.00000000E+00  0.00000000E+00  0.17549889E+09  0.00000000E+00  0.00000000E+00  0.00000000E+00  0.00000000E+00  0.00000000E+00  0.10000000E-01  0.10000000E+01
 0.36000000E-09  0.62416264E-02  0.00000000E+00  0.39007603E-01  0.00000000E+00  0.00000000E+00  0.17549889E+09  0.00000000E+00  0.00000000E+00  0.00000000E+00  0.00000000E+00  0.00000000E+00  0.10000000E-01  0.10000000E+01
 0.37000000E-09  0.62416264E-02  0.00000000E+00  0.40762592E-01  0.00000000E+00  0.00000000E+00  0.17549889E+09  0.00000000E+00  0.00000000E+00  0.00000000E+00  0.00000000E+00  0.00000000E+00  0.10000000E-01  0.10000000E+01
 0.38000000E-09  0.62416264E-02  0.00000000E+00  0.42517581E-01  0.00000000E+00  0.00000000E+00  0.17549889E+09  0.00000000E+00  0.00000000E+00  0.00000000E+00  0.00000000E+00  0.00000000E+00  0.10000000E-01  0.10000000E+01
 0.39000000E-09  0.62416264E-02  0.00000000E+00  0.44272570E-01  0.00000000E+00  0.00000000E+00  0.17549889E+09  0.00000000E+00  0.00000000E+00  0.00000000E+00  0.00000000E+00  0.00000000E+00  0.10000000E-01  0.10000000E+01
 0.40000000E-09  0.62416264E-02  0.00000000E+00  0.46027558E-01  0.00000000E+00  0.00000000E+00  0.17549889E+09  0.00000000E+00  0.00000000E+00  0.00000000E+00  0.00000000E+00  0.00000000E+00  0.10000000E-01  0.10000000E+01
 0.41000000E-09  0.62416264E-02  0.00000000E+00  0.47782547E-01  0.00000000E+00  0.00000000E+00  0.17549889E+09  0.00000000E+00  0.00000000E+00  0.00000000E+00  0.00000000E+00  0.00000000E+00  0.10000000E-01  0.10000000E+01
 0.42000000E-09  0.62416264E-02  0.00000000E+00  0.49537536E-01  0.00000000E+00  0.00000000E+00  0.17549889E+09  0.00000000E+00  0.00000000E+00  0.00000000E+00  0.00000000E+00  0.00000000E+00  0.10000000E-01  0.10000000E+01
 0.43000000E-09  0.62416264E-02  0.00000000E+00  0.51292525E-01  0.00000000E+00  0.00000000E+00  0.17549889E+09  0.00000000E+00  0.00000000E+00  0.00000000E+00  0.00000000E+00  0.00000000E+00  0.10000000E-01  0.10000000E+01
 0.44000000E-09  0.62416264E-02  0.00000000E+00  0.53047514E-01  0.00000000E+00  0.00000000E+00  0.17549889E+09  0.00000000E+00  0.00000000E+00  0.00000000E+00  0.00000000E+00  0.00000000E+00  0.10000000E-01  0.10000000E+01
 0.45000000E-09  0.62416264E-02  0.00000000E+00  0.54802503E-01  0.00000000E+00  0.00000000E+00  0.17549889E+09  0.00000000E+00  0.00000000E+00  0.00000000E+00  0.00000000E+00  0.00000000E+00  0.10000000E-01  0.10000000E+01
 0.46000000E-09  0.62416264E-02  0.00000000E+00  0.56557492E-01  0.00000000E+00  0.00000000E+00  0.17549889E+09  0.00000000E+00  0.00000000E+00  0.00000000E+00  0.00000000E+00  0.00000000E+00  0.10000000E-01  0.10000000E+01
 0.47000000E-09  0.62416264E-02  0.00000000E+00  0.58312481E-01  0.00000000E+00  0.00000000E+00  0.17549889E+09  0.00000000E+00  0.00000000E+00  0.00000000E+00  0.00000000E+00  0.00000000E+00  0.10000000E-01  0.10000000E+01
 0.48000000E-09  0.62416264E-02  0.00000000E+00  0.60067470E-01  0.00000000E+00  0.00000000E+00  0.17549889E+09  0.00000000E+00  0.00000000E+00  0.00000000E+00  0.00000000E+00  0.00000000E+00  0.10000000E-01  0.10000000E+01
 0.49000000E-09  0.62416264E-02  0.00000000E+00  0.61822458E-01  0.00000000E+00  0.00000000E+00  0.17549889E+09  0.00000000E+00  0.00000000E+00  0.00000000E+00  0.00000000E+00  0.00000000E+00  0.10000000E-01  0.10000000E+01
 0.50000000E-09  0.62416264E-02  0.00000000E+00  0.63577447E-01  0.00000000E+00  0.00000000E+00  0.17549889E+09  0.00000000E+00  0.00000000E+00  0.00000000E+00  0.00000000E+00  0.00000000E+00  0.10000000E-01  0.10000000E+01
 0.51000000E-09  0.62416264E-02  0.00000000E+00  0.65332436E-01  0.00000000E+00  0.00000000E+00  0.17549889E+09  0.00000000E+00  0.00000000E+00  0.00000000E+00  0.00000000E+00  0.00000000E+00  0.10000000E-01  0.10000000E+01
 0.52000000E-09  0.62416264E-02  0.00000000E+00  0.67087425E-01  0.00000000E+00  0.00000000E+00  0.17549889E+09  0.00000000E+00  0.00000000E+00  0.00000000E+00  0.00000000E+00  0.00000000E+00  0.10000000E-01  0.10000000E+01
 0.53000000E-09  0.62416264E-02  0.00000000E+00  0.68842414E-01  0.00000000E+00  0.00000000E+00  0.17549889E+09  0.00000000E+00  0.00000000E+00  0.00000000E+00  0.00000000E+00  0.00000000E+00  0.10000000E-01  0.10000000E+01
 0.54000000E-09  0.62416264E-02  0.00000000E+00  0.70597403E-01  0.00000000E+00  0.00000000E+00  0.17549889E+09  0.00000000E+00  0.00000000E+00  0.00000000E+00  0.00000000E+00  0.00000000E+00  0.10000000E-01  0.10000000E+01
 0.55002000E-09  0.62416264E-02  0.00000000E+00  0.72355902E-01  0.00000000E+00  0.00000000E+00  0.17549889E+09  0.00000000E+00  0.00000000E+00  0.00000000E+00  0.00000000E+00  0.00000000E+00  0.10000000E-01  0.10000000E+01
 0.56002000E-09  0.62416264E-02  0.00000000E+00  0.74110891E-01  0.00000000E+00  0.00000000E+00  0.17549889E+09  0.00000000E+00  0.00000000E+00  0.00000000E+00  0.00000000E+00  0.00000000E+00  0.10000000E-01  0.10000000E+01
 0.57002000E-09  0.62416264E-02  0.00000000E+00  0.75865880E-01  0.00000000E+00  0.00000000E+00  0.17549889E+09  0.00000000E+00  0.00000000E+00  0.00000000E+00  0.00000000E+00  0.00000000E+00  0.10000000E-01  0.10000000E+01
 0.58002000E-09  0.62416264E-02  0.00000000E+00  0.77620868E-01  0.00000000E+00  0.00000000E+00  0.17549889E+09  0.00000000E+00  0.00000000E+00  0.00000000E+00  0.00000000E+00  0.00000000E+00  0.10000000E-01  0.10000000E+01
 0.59002000E-09  0.62416264E-02  0.00000000E+00  0.79375857E-01  0.00000000E+00  0.00000000E+00  0.17549889E+09  0.00000000E+00  0.00000000E+00  0.00000000E+00  0.00000000E+00  0.00000000E+00  0.10000000E-01  0.10000000E+01
 0.60002000E-09  0.62416264E-02  0.00000000E+00  0.81130846E-01  0.00000000E+00  0.00000000E+00  0.17549889E+09  0.00000000E+00  0.00000000E+00  0.00000000E+00  0.00000000E+00  0.00000000E+00  0.10000000E-01  0.10000000E+01
 0.61002000E-09  0.62416264E-02  0.00000000E+00  0.82885835E-01  0.00000000E+00  0.00000000E+00  0.17549889E+09  0.00000000E+00  0.00000000E+00  0.00000000E+00  0.00000000E+00  0.00000000E+00  0.10000000E-01  0.10000000E+01
 0.62002000E-09  0.62416264E-02  0.00000000E+00  0.84640824E-01  0.00000000E+00  0.00000000E+00  0.17549889E+09  0.00000000E+00  0.00000000E+00  0.00000000E+00  0.00000000E+00  0.00000000E+00  0.10000000E-01  0.10000000E+01
 0.63002000E-09  0.62416264E-02  0.00000000E+00  0.86395813E-01  0.00000000E+00  0.00000000E+00  0.17549889E+09  0.00000000E+00  0.00000000E+00  0.00000000E+00  0.00000000E+00  0.00000000E+00  0.10000000E-01  0.10000000E+01
 0.64002000E-09  0.62416264E-02  0.00000000E+00  0.88150802E-01  0.00000000E+00  0.00000000E+00  0.17549889E+09  0.00000000E+00  0.00000000E+00  0.00000000E+00  0.00000000E+00  0.00000000E+00  0.10000000E-01  0.10000000E+01
 0.65002000E-09  0.62416264E-02  0.00000000E+00  0.89905791E-01  0.00000000E+00  0.00000000E+00  0.17549889E+09  0.00000000E+00  0.00000000E+00  0.00000000E+00  0.00000000E+00  0.00000000E+00  0.10000000E-01  0.10000000E+01
 0.66002000E-09  0.62416264E-02  0.00000000E+00  0.91660780E-01  0.00000000E+00  0.00000000E+00  0.17549889E+09  0.00000000E+00  0.00000000E+00  0.00000000E+00  0.00000000E+00  0.00000000E+00  0.10000000E-01  0.10000000E+01
 0.67002000E-09  0.62416264E-02  0.00000000E+00  0.93415768E-01  0.00000000E+00  0.00000000E+00  0.17549889E+09  0.00000000E+00  0.00000000E+00  0.00000000E+00  0.00000000E+00  0.00000000E+00  0.10000000E-01  0.10000000E+01
 0.68002000E-09  0.62416264E-02  0.00000000E+00  0.95170757E-01  0.00000000E+00  0.00000000E+00  0.17549889E+09  0.00000000E+00  0.00000000E+00  0.00000000E+00  0.00000000E+00  0.00000000E+00  0.10000000E-01  0.10000000E+01
 0.69002000E-09  0.62416264E-02  0.00000000E+00  0.96925746E-01  0.00000000E+00  0.00000000E+00  0.17549889E+09  0.00000000E+00  0.00000000E+00  0.00000000E+00  0.00000000E+00  0.00000000E+00  0.10000000E-01  0.10000000E+01
 0.70002000E-09  0.62416264E-02  0.00000000E+00  0.98680735E-01  0.00000000E+00  0.00000000E+00  0.17549889E+09  0.00000000E+00  0.00000000E+00  0.00000000E+00  0.00000000E+00  0.00000000E+00  0.10000000E-01  0.10000000E+01
 0.71002000E-09  0.62416264E-02  0.00000000E+00  0.10043572E+00  0.00000000E+00  0.00000000E+00  0.17549889E+09  0.00000000E+00  0.00000000E+00  0.00000000E+00  0.00000000E+00  0.00000000E+00  0.10000000E-01  0.10000000E+01
 0.72002000E-09  0.62416264E-02  0.00000000E+00  0.10219071E+00  0.00000000E+00  0.00000000E+00  0.17549889E+09  0.00000000E+00  0.00000000E+00  0.00000000E+00  0.00000000E+00  0.00000000E+00  0.10000000E-01  0.10000000E+01
 0.73002000E-09  0.62416264E-02  0.00000000E+00  0.10394570E+00  0.00000000E+00  0.00000000E+00  0.17549889E+09  0.00000000E+00  0.00000000E+00  0.00000000E+00  0.00000000E+00  0.00000000E+00  0.10000000E-01  0.10000000E+01
 0.74002000E-09  0.62416264E-02  0.00000000E+00  0.10570069E+00  0.00000000E+00  0.00000000E+00  0.17549889E+09  0.00000000E+00  0.00000000E+00  0.00000000E+00  0.00000000E+00  0.00000000E+00  0.10000000E-01  0.10000000E+01
 0.75002000E-09  0.62416264E-02  0.00000000E+00  0.10745568E+00  0.00000000E+00  0.00000000E+00  0.17549889E+09  0.00000000E+00  0.00000000E+00  0.00000000E+00  0.00000000E+00  0.00000000E+00  0.10000000E-01  0.10000000E+01
 0.76002000E-09  0.62416264E-02  0.00000000E+00  0.10921067E+00  0.00000000E+00  0.00000000E+00  0.17549889E+09  0.00000000E+00  0.00000000E+00  0.00000000E+00  0.00000000E+00  0.00000000E+00  0.10000000E-01  0.10000000E+01
 0.77002000E-09  0.62416264E-02  0.00000000E+00  0.11096566E+00  0.00000000E+00  0.00000000E+00  0.17549889E+09  0.00000000E+00  0.00000000E+00  0.00000000E+00  0.00000000E+00  0.00000000E+00  0.10000000E-01  0.10000000E+01
 0.78002000E-09  0.62416264E-02  0.00000000E+00  0.11272065E+00  0.00000000E+00  0.00000000E+00  0.17549889E+09  0.00000000E+00  0.00000000E+00  0.00000000E+00  0.00000000E+00  0.00000000E+00  0.10000000E-01  0.10000000E+01
 0.79002000E-09  0.62416264E-02  0.00000000E+00  0.11447564E+00  0.00000000E+00  0.00000000E+00  0.17549889E+09  0.00000000E+00  0.00000000E+00  0.00000000E+00  0.00000000E+00  0.00000000E+00  0.10000000E-01  0.10000000E+01
 0.80002000E-09  0.62416264E-02  0.00000000E+00  0.11623062E+00  0.00000000E+00  0.00000000E+00  0.17549889E+09  0.00000000E+00  0.00000000E+00  0.00000000E+00  0.00000000E+00  0.00000000E+00  0.10000000E-01  0.10000000E+01
 0.81002000E-09  0.62416264E-02  0.00000000E+00  0.11798561E+00  0.00000000E+00  0.00000000E+00  0.17549889E+09  0.00000000E+00  0.00000000E+00  0.00000000E+00  0.00000000E+00  0.00000000E+00  0.10000000E-01  0.10000000E+01
 0.82002000E-09  0.62416264E-02  0.00000000E+00  0.11974060E+00  0.00000000E+00  0.00000000E+00  0.17549889E+09  0.00000000E+00  0.00000000E+00  0.00000000E+00  0.00000000E+00  0.00000000E+00  0.10000000E-01  0.10000000E+01
 0.83002000E-09  0.62416264E-02  0.00000000E+00  0.12149559E+00  0.00000000E+00  0.00000000E+00  0.17549889E+09  0.00000000E+00  0.00000000E+00  0.00000000E+00  0.00000000E+00  0.00000000E+00  0.10000000E-01  0.10000000E+01
 0.84002000E-09  0.62416264E-02  0.00000000E+00  0.12325058E+00  0.00000000E+00  0.00000000E+00  0.17549889E+09  0.00000000E+00  0.00000000E+00  0.00000000E+00  0.00000000E+00  0.00000000E+00  0.10000000E-01  0.10000000E+01
 0.85002000E-09  0.62416264E-02  0.00000000E+00  0.12500557E+00  0.00000000E+00  0.00000000E+00  0.17549889E+09  0.00000000E+00  0.00000000E+00  0.00000000E+00  0.00000000E+00  0.00000000E+00  0.10000000E-01  0.10000000E+01
 0.86002000E-09  0.62416264E-02  0.00000000E+00  0.12676056E+00  0.00000000E+00  0.00000000E+00  0.17549889E+09  0.00000000E+00  0.00000000E+00  0.00000000E+00  0.00000000E+00  0.00000000E+00  0.10000000E-01  0.10000000E+01
 0.87002000E-09  0.62416264E-02  0.00000000E+00  0.12851555E+00  0.00000000E+00  0.00000000E+00  0.17549889E+09  0.00000000E+00  0.00000000E+00  0.00000000E+00  0.00000000E+00  0.00000000E+00  0.10000000E-01  0.10000000E+01
 0.88002000E-09  0.62416264E-02  0.00000000E+00  0.13027054E+00  0.00000000E+00  0.00000000E+00  0.17549889E+09  0.00000000E+00  0.00000000E+00  0.00000000E+00  0.00000000E+00  0.00000000E+00  0.10000000E-01  0.10000000E+01
 0.89002000E-09  0.62416264E-02  0.00000000E+00  0.13202552E+00  0.00000000E+00  0.00000000E+00  0.17549889E+09  0.00000000E+00  0.00000000E+00  0.00000000E+00  0.00000000E+00  0.00000000E+00  0.10000000E-01  0.10000000E+01
 0.90002000E-09  0.62416264E-02  0.00000000E+00  0.13378051E+00  0.00000000E+00  0.00000000E+00  0.17549889E+09  0.00000000E+00  0.00000000E+00  0.00000000E+00  0.00000000E+00  0.00000000E+00  0.10000000E-01  0.10000000E+01
 0.91002000E-09  0.62416264E-02  0.00000000E+00  0.13553550E+00  0.00000000E+00  0.00000000E+00  0.17549889E+09  0.00000000E+00  0.00000000E+00  0.00000000E+00  0.00000000E+00  0.00000000E+00  0.10000000E-01  0.10000000E+01
 0.92002000E-09  0.62416264E-02  0.00000000E+00  0.13729049E+00  0.00000000E+00  0.00000000E+00  0.17549889E+09  0.00000000E+00  0.00000000E+00  0.00000000E+00  0.00000000E+00  0.00000000E+00  0.10000000E-01  0.10000000E+01
 0.93002000E-09  0.62416264E-02  0.00000000E+00  0.13904548E+00  0.00000000E+00  0.00000000E+00  0.17549889E+09  0.00000000E+00  0.00000000E+00  0.00000000E+00  0.00000000E+00  0.00000000E+00  0.10000000E-01  0.10000000E+01
 0.94002000E-09  0.62416264E-02  0.00000000E+00  0.14080047E+00  0.00000000E+00  0.00000000E+00  0.17549889E+09  0.00000000E+00  0.00000000E+00  0.00000000E+00  0.00000000E+00  0.00000000E+00  0.10000000E-01  0.10000000E+01
 0.95002000E-09  0.62416264E-02  0.00000000E+00  0.14255546E+00  0.00000000E+00  0.00000000E+00  0.17549889E+09  0.00000000E+00  0.00000000E+00  0.00000000E+00  0.00000000E+00  0.00000000E+00  0.10000000E-01  0.10000000E+01
 0.96002000E-09  0.62416264E-02  0.00000000E+00  0.14431045E+00  0.00000000E+00  0.00000000E+00  0.17549889E+09  0.00000000E+00  0.00000000E+00  0.00000000E+00  0.00000000E+00  0.00000000E+00  0.10000000E-01  0.10000000E+01
 0.97002000E-09  0.62416264E-02  0.00000000E+00  0.14606544E+00  0.00000000E+00  0.00000000E+00  0.17549889E+09  0.00000000E+00  0.00000000E+00  0.00000000E+00  0.00000000E+00  0.00000000E+00  0.10000000E-01  0.10000000E+01
 0.98002000E-09  0.62416264E-02  0.00000000E+00  0.14782042E+00  0.00000000E+00  0.00000000E+00  0.17549889E+09  0.00000000E+00  0.00000000E+00  0.00000000E+00  0.00000000E+00  0.00000000E+00  0.10000000E-01  0.10000000E+01
 0.99002000E-09  0.62416264E-02  0.00000000E+00  0.14957541E+00  0.00000000E+00  0.00000000E+00  0.17549889E+09  0.00000000E+00  0.00000000E+00  0.00000000E+00  0.00000000E+00  0.00000000E+00  0.10000000E-01  0.10000000E+01
 0.10000200E-08  0.62416264E-02  0.00000000E+00  0.15133040E+00  0.00000000E+00  0.00000000E+00  0.17549889E+09  0.00000000E+00  0.00000000E+00  0.00000000E+00  0.00000000E+00  0.00000000E+00  0.10000000E-01  0.10000000E+01
 0.10100200E-08  0.62416264E-02  0.00000000E+00  0.15308539E+00  0.00000000E+00  0.00000000E+00  0.17549889E+09  0.00000000E+00  0.00000000E+00  0.00000000E+00  0.00000000E+00  0.00000000E+00  0.10000000E-01  0.10000000E+01
 0.10200200E-08  0.62416264E-02  0.00000000E+00  0.15484038E+00  0.00000000E+00  0.00000000E+00  0.17549889E+09  0.00000000E+00  0.00000000E+00  0.00000000E+00  0.00000000E+00  0.00000000E+00  0.10000000E-01  0.10000000E+01
 0.10300200E-08  0.62416264E-02  0.00000000E+00  0.15659537E+00  0.00000000E+00  0.00000000E+00  0.17549889E+09  0.00000000E+00  0.00000000E+00  0.00000000E+00  0.00000000E+00  0.00000000E+00  0.10000000E-01  0.10000000E+01
 0.10400200E-08  0.62416264E-02  0.00000000E+00  0.15835036E+00  0.00000000E+00  0.00000000E+00  0.17549889E+09  0.00000000E+00  0.00000000E+00  0.00000000E+00  0.00000000E+00  0.00000000E+00  0.10000000E-01  0.10000000E+01
 0.10500200E-08  0.62416264E-02  0.00000000E+00  0.16010535E+00  0.00000000E+00  0.00000000E+00  0.17549889E+09  0.00000000E+00  0.00000000E+00  0.00000000E+00  0.00000000E+00  0.00000000E+00  0.10000000E-01  0.10000000E+01
 0.10600200E-08  0.62416264E-02  0.00000000E+00  0.16186034E+00  0.00000000E+00  0.00000000E+00  0.17549889E+09  0.00000000E+00  0.00000000E+00  0.00000000E+00  0.00000000E+00  0.00000000E+00  0.10000000E-01  0.10000000E+01
 0.10700200E-08  0.62416264E-02  0.00000000E+00  0.16361532E+00  0.00000000E+00  0.00000000E+00  0.17549889E+09  0.00000000E+00  0.00000000E+00  0.00000000E+00  0.00000000E+00  0.00000000E+00  0.10000000E-01  0.10000000E+01
 0.10800200E-08  0.62416264E-02  0.00000000E+00  0.16537031E+00  0.00000000E+00  0.00000000E+00  0.17549889E+09  0.00000000E+00  0.00000000E+00  0.00000000E+00  0.00000000E+00  0.00000000E+00  0.10000000E-01  0.10000000E+01
 0.10900200E-08  0.62416264E-02  0.00000000E+00  0.16712530E+00  0.00000000E+00  0.00000000E+00  0.17549889E+09  0.00000000E+00  0.00000000E+00  0.00000000E+00  0.00000000E+00  0.00000000E+00  0.10000000E-01  0.10000000E+01
 0.11000200E-08  0.62416264E-02  0.00000000E+00  0.16888029E+00  0.00000000E+00  0.00000000E+00  0.17549889E+09  0.00000000E+00  0.00000000E+00  0.00000000E+00  0.00000000E+00  0.00000000E+00  0.10000000E-01  0.10000000E+01
 0.11100200E-08  0.62416264E-02  0.00000000E+00  0.17063528E+00  0.00000000E+00  0.00000000E+00  0.17549889E+09  0.00000000E+00  0.00000000E+00  0.00000000E+00  0.00000000E+00  0.00000000E+00  0.10000000E-01  0.10000000E+01
 0.11200200E-08  0.62416264E-02  0.00000000E+00  0.17239027E+00  0.00000000E+00  0.00000000E+00  0.17549889E+09  0.00000000E+00  0.00000000E+00  0.00000000E+00  0.00000000E+00  0.00000000E+00  0.10000000E-01  0.10000000E+01
 0.11300200E-08  0.62416264E-02  0.00000000E+00  0.17414526E+00  0.00000000E+00  0.00000000E+00  0.17549889E+09  0.00000000E+00  0.00000000E+00  0.00000000E+00  0.00000000E+00  0.00000000E+00  0.10000000E-01  0.10000000E+01
 0.11400200E-08  0.62416264E-02  0.00000000E+00  0.17590025E+00  0.00000000E+00  0.00000000E+00  0.17549889E+09  0.00000000E+00  0.00000000E+00  0.00000000E+00  0.00000000E+00  0.00000000E+00  0.10000000E-01  0.10000000E+01
 0.11500200E-08  0.62416264E-02  0.00000000E+00  0.17765524E+00  0.00000000E+00  0.00000000E+00  0.17549889E+09  0.00000000E+00  0.00000000E+00  0.00000000E+00  0.00000000E+00  0.00000000E+00  0.10000000E-01  0.10000000E+01
 0.11600200E-08  0.62416264E-02  0.00000000E+00  0.17941022E+00  0.00000000E+00  0.00000000E+00  0.17549889E+09  0.00000000E+00  0.00000000E+00  0.00000000E+00  0.00000000E+00  0.00000000E+00  0.10000000E-01  0.10000000E+01
 0.11700200E-08  0.62416264E-02  0.00000000E+00  0.18116521E+00  0.00000000E+00  0.00000000E+00  0.17549889E+09  0.00000000E+00  0.00000000E+00  0.00000000E+00  0.00000000E+00  0.00000000E+00  0.10000000E-01  0.10000000E+01
 0.11800200E-08  0.62416264E-02  0.00000000E+00  0.18292020E+00  0.00000000E+00  0.00000000E+00  0.17549889E+09  0.00000000E+00  0.00000000E+00  0.00000000E+00  0.00000000E+00  0.00000000E+00  0.10000000E-01  0.10000000E+01
 0.11900200E-08  0.62416264E-02  0.00000000E+00  0.18467519E+00  0.00000000E+00  0.00000000E+00  0.17549889E+09  0.00000000E+00  0.00000000E+00  0.00000000E+00  0.00000000E+00  0.00000000E+00  0.10000000E-01  0.10000000E+01
 0.12000200E-08  0.62416264E-02  0.00000000E+00  0.18643018E+00  0.00000000E+00  0.00000000E+00  0.17549889E+09  0.00000000E+00  0.00000000E+00  0.00000000E+00  0.00000000E+00  0.00000000E+00  0.10000000E-01  0.10000000E+01
 0.12100200E-08  0.62416264E-02  0.00000000E+00  0.18818517E+00  0.00000000E+00  0.00000000E+00  0.17549889E+09  0.00000000E+00  0.00000000E+00  0.00000000E+00  0.00000000E+00  0.00000000E+00  0.10000000E-01  0.10000000E+01
 0.12200200E-08  0.62416264E-02  0.00000000E+00  0.18994016E+00  0.00000000E+00  0.00000000E+00  0.17549889E+09  0.00000000E+00  0.00000000E+00  0.00000000E+00  0.00000000E+00  0.00000000E+00  0.10000000E-01  0.10000000E+01
 0.12300200E-08  0.62416264E-02  0.00000000E+00  0.19169515E+00  0.00000000E+00  0.00000000E+00  0.17549889E+09  0.00000000E+00  0.00000000E+00  0.00000000E+00  0.00000000E+00  0.00000000E+00  0.10000000E-01  0.10000000E+01
 0.12400200E-08  0.62416264E-02  0.00000000E+00  0.19345014E+00  0.00000000E+00  0.00000000E+00  0.17549889E+09  0.00000000E+00  0.00000000E+00  0.00000000E+00  0.00000000E+00  0.00000000E+00  0.10000000E-01  0.10000000E+01
 0.12500200E-08  0.62416264E-02  0.00000000E+00  0.19520512E+00  0.00000000E+00  0.00000000E+00  0.17549889E+09  0.00000000E+00  0.00000000E+00  0.00000000E+00  0.00000000E+00  0.00000000E+00  0.10000000E-01  0.10000000E+01
 0.12600200E-08  0.62416264E-02  0.00000000E+00  0.19696011E+00  0.00000000E+00  0.00000000E+00  0.17549889E+09  0.00000000E+00  0.00000000E+00  0.00000000E+00  0.00000000E+00  0.00000000E+00  0.10000000E-01  0.10000000E+01
 0.12700200E-08  0.62416264E-02  0.00000000E+00  0.19871510E+00  0.00000000E+00  0.00000000E+00  0.17549889E+09  0.00000000E+00  0.00000000E+00  0.00000000E+00  0.00000000E+00  0.00000000E+00  0.10000000E-01  0.10000000E+01
 0.12800200E-08  0.62416264E-02  0.00000000E+00  0.20047009E+00  0.00000000E+00  0.00000000E+00  0.17549889E+09  0.00000000E+00  0.00000000E+00  0.00000000E+00  0.00000000E+00  0.00000000E+00  0.10000000E-01  0.10000000E+01
 0.12900200E-08  0.62416264E-02  0.00000000E+00  0.20222508E+00  0.00000000E+00  0.00000000E+00  0.17549889E+09  0.00000000E+00  0.00000000E+00  0.00000000E+00  0.00000000E+00  0.00000000E+00  0.10000000E-01  0.10000000E+01
 0.13000200E-08  0.62416264E-02  0.00000000E+00  0.20398007E+00  0.00000000E+00  0.00000000E+00  0.17549889E+09  0.00000000E+00  0.00000000E+00  0.00000000E+00  0.00000000E+00  0.00000000E+00  0.10000000E-01  0.10000000E+01
 0.13100200E-08  0.62416264E-02  0.00000000E+00  0.20573506E+00  0.00000000E+00  0.00000000E+00  0.17549889E+09  0.00000000E+00  0.00000000E+00  0.00000000E+00  0.00000000E+00  0.00000000E+00  0.10000000E-01  0.10000000E+01
 0.13200200E-08  0.62416264E-02  0.00000000E+00  0.20749005E+00  0.00000000E+00  0.00000000E+00  0.17549889E+09  0.00000000E+00  0.00000000E+00  0.00000000E+00  0.00000000E+00  0.00000000E+00  0.10000000E-01  0.10000000E+01
 0.13300200E-08  0.62416264E-02  0.00000000E+00  0.20924504E+00  0.00000000E+00  0.00000000E+00  0.17549889E+09  0.00000000E+00  0.00000000E+00  0.00000000E+00  0.00000000E+00  0.00000000E+00  0.10000000E-01  0.10000000E+01
 0.13400200E-08  0.62416264E-02  0.00000000E+00  0.21100002E+00  0.00000000E+00  0.00000000E+00  0.17549889E+09  0.00000000E+00  0.00000000E+00  0.00000000E+00  0.00000000E+00  0.00000000E+00  0.10000000E-01  0.10000000E+01
 0.13500200E-08  0.62416264E-02  0.00000000E+00  0.21275501E+00  0.00000000E+00  0.00000000E+00  0.17549889E+09  0.00000000E+00  0.00000000E+00  0.00000000E+00  0.00000000E+00  0.00000000E+00  0.10000000E-01  0.10000000E+01
 0.13600200E-08  0.62416264E-02  0.00000000E+00  0.21451000E+00  0.00000000E+00  0.00000000E+00  0.17549889E+09  0.00000000E+00  0.00000000E+00  0.00000000E+00  0.00000000E+00  0.00000000E+00  0.10000000E-01  0.10000000E+01
 0.13700200E-08  0.62416264E-02  0.00000000E+00  0.21626499E+00  0.00000000E+00  0.00000000E+00  0.17549889E+09  0.00000000E+00  0.00000000E+00  0.00000000E+00  0.00000000E+00  0.00000000E+00  0.10000000E-01  0.10000000E+01
 0.13800200E-08  0.62416264E-02  0.00000000E+00  0.21801998E+00  0.00000000E+00  0.00000000E+00  0.17549889E+09  0.00000000E+00  0.00000000E+00  0.00000000E+00  0.00000000E+00  0.00000000E+00  0.10000000E-01  0.10000000E+01
 0.13900200E-08  0.62416264E-02  0.00000000E+00  0.21977497E+00  0.00000000E+00  0.00000000E+00  0.17549889E+09  0.00000000E+00  0.00000000E+00  0.00000000E+00  0.00000000E+00  0.00000000E+00  0.10000000E-01  0.10000000E+01
 0.14000200E-08  0.62416264E-02  0.00000000E+00  0.22152996E+00  0.00000000E+00  0.00000000E+00  0.17549889E+09  0.00000000E+00  0.00000000E+00  0.00000000E+00  0.00000000E+00  0.00000000E+00  0.10000000E-01  0.10000000E+01
 0.14100200E-08  0.62416264E-02  0.00000000E+00  0.22328495E+00  0.00000000E+00  0.00000000E+00  0.17549889E+09  0.00000000E+00  0.00000000E+00  0.00000000E+00  0.00000000E+00  0.00000000E+00  0.10000000E-01  0.10000000E+01
 0.14200200E-08  0.62416264E-02  0.00000000E+00  0.22503994E+00  0.00000000E+00  0.00000000E+00  0.17549889E+09  0.00000000E+00  0.00000000E+00  0.00000000E+00  0.00000000E+00  0.00000000E+00  0.10000000E-01  0.10000000E+01
 0.14300200E-08  0.62416264E-02  0.00000000E+00  0.22679492E+00  0.00000000E+00  0.00000000E+00  0.17549889E+09  0.00000000E+00  0.00000000E+00  0.00000000E+00  0.00000000E+00  0.00000000E+00  0.10000000E-01  0.10000000E+01
 0.14400200E-08  0.62416264E-02  0.00000000E+00  0.22854991E+00  0.00000000E+00  0.00000000E+00  0.17549889E+09  0.00000000E+00  0.00000000E+00  0.00000000E+00  0.00000000E+00  0.00000000E+00  0.10000000E-01  0.10000000E+01
 0.14500200E-08  0.62416264E-02  0.00000000E+00  0.23030490E+00  0.00000000E+00  0.00000000E+00  0.17549889E+09  0.00000000E+00  0.00000000E+00  0.00000000E+00  0.00000000E+00  0.00000000E+00  0.10000000E-01  0.10000000E+01
 0.14600200E-08  0.62416264E-02  0.00000000E+00  0.23205989E+00  0.00000000E+00  0.00000000E+00  0.17549889E+09  0.00000000E+00  0.00000000E+00  0.00000000E+00  0.00000000E+00  0.00000000E+00  0.10000000E-01  0.10000000E+01
 0.14700200E-08  0.62416264E-02  0.00000000E+00  0.23381488E+00  0.00000000E+00  0.00000000E+00  0.17549889E+09  0.00000000E+00  0.00000000E+00  0.00000000E+00  0.00000000E+00  0.00000000E+00  0.10000000E-01  0.10000000E+01
 0.14800200E-08  0.62416264E-02  0.00000000E+00  0.23556987E+00  0.00000000E+00  0.00000000E+00  0.17549889E+09  0.00000000E+00  0.00000000E+00  0.00000000E+00  0.00000000E+00  0.00000000E+00  0.10000000E-01  0.10000000E+01
 0.14900200E-08  0.62416264E-02  0.00000000E+00  0.23732486E+00  0.00000000E+00  0.00000000E+00  0.17549889E+09  0.00000000E+00  0.00000000E+00  0.00000000E+00  0.00000000E+00  0.00000000E+00  0.10000000E-01  0.10000000E+01
 0.15000200E-08  0.62416264E-02  0.00000000E+00  0.23907985E+00  0.00000000E+00  0.00000000E+00  0.17549889E+09  0.00000000E+00  0.00000000E+00  0.00000000E+00  0.00000000E+00  0.00000000E+00  0.10000000E-01  0.10000000E+01
 0.15100200E-08  0.62416264E-02  0.00000000E+00  0.24083484E+00  0.00000000E+00  0.00000000E+00  0.17549889E+09  0.00000000E+00  0.00000000E+00  0.00000000E+00  0.00000000E+00  0.00000000E+00  0.10000000E-01  0.10000000E+01
 0.15200200E-08  0.62416264E-02  0.00000000E+00  0.24258982E+00  0.00000000E+00  0.00000000E+00  0.17549889E+09  0.00000000E+00  0.00000000E+00  0.00000000E+00  0.00000000E+00  0.00000000E+00  0.10000000E-01  0.10000000E+01
 0.15300200E-08  0.62416264E-02  0.00000000E+00  0.24434481E+00  0.00000000E+00  0.00000000E+00  0.17549889E+09  0.00000000E+00  0.00000000E+00  0.00000000E+00  0.00000000E+00  0.00000000E+00  0.10000000E-01  0.10000000E+01
 0.15400200E-08  0.62416264E-02  0.00000000E+00  0.24609980E+00  0.00000000E+00  0.00000000E+00  0.17549889E+09  0.00000000E+00  0.00000000E+00  0.00000000E+00  0.00000000E+00  0.00000000E+00  0.10000000E-01  0.10000000E+01
 0.15500200E-08  0.62416264E-02  0.00000000E+00  0.24785479E+00  0.00000000E+00  0.00000000E+00  0.17549889E+09  0.00000000E+00  0.00000000E+00  0.00000000E+00  0.00000000E+00  0.00000000E+00  0.10000000E-01  0.10000000E+01
 0.15600200E-08  0.62416264E-02  0.00000000E+00  0.24960978E+00  0.00000000E+00  0.00000000E+00  0.17549889E+09  0.00000000E+00  0.00000000E+00  0.00000000E+00  0.00000000E+00  0.00000000E+00  0.10000000E-01  0.10000000E+01
 0.15700200E-08  0.62416264E-02  0.00000000E+00  0.25136477E+00  0.00000000E+00  0.00000000E+00  0.17549889E+09  0.00000000E+00  0.00000000E+00  0.00000000E+00  0.00000000E+00  0.00000000E+00  0.10000000E-01  0.10000000E+01
 0.15800200E-08  0.62416264E-02  0.00000000E+00  0.25311976E+00  0.00000000E+00  0.00000000E+00  0.17549889E+09  0.00000000E+00  0.00000000E+00  0.00000000E+00  0.00000000E+00  0.00000000E+00  0.10000000E-01  0.10000000E+01
 0.15900200E-08  0.62416264E-02  0.00000000E+00  0.25487475E+00  0.00000000E+00  0.00000000E+00  0.17549889E+09  0.00000000E+00  0.00000000E+00  0.00000000E+00  0.00000000E+00  0.00000000E+00  0.10000000E-01  0.10000000E+01
 0.16000200E-08  0.62416264E-02  0.00000000E+00  0.25662974E+00  0.00000000E+00  0.00000000E+00  0.17549889E+09  0.00000000E+00  0.00000000E+00  0.00000000E+00  0.00000000E+00  0.00000000E+00  0.10000000E-01  0.10000000E+01
 0.16100200E-08  0.62416264E-02  0.00000000E+00  0.25838472E+00  0.00000000E+00  0.00000000E+00  0.17549889E+09  0.00000000E+00  0.00000000E+00  0.00000000E+00  0.00000000E+00  0.00000000E+00  0.10000000E-01  0.10000000E+01
 0.16200200E-08  0.62416264E-02  0.00000000E+00  0.26013971E+00  0.00000000E+00  0.00000000E+00  0.17549889E+09  0.00000000E+00  0.00000000E+00  0.00000000E+00  0.00000000E+00  0.00000000E+00  0.10000000E-01  0.10000000E+01
 0.16300200E-08  0.62416264E-02  0.00000000E+00  0.26189470E+00  0.00000000E+00  0.00000000E+00  0.17549889E+09  0.00000000E+00  0.00000000E+00  0.00000000E+00  0.00000000E+00  0.00000000E+00  0.10000000E-01  0.10000000E+01
 0.16400200E-08  0.62416264E-02  0.00000000E+00  0.26364969E+00  0.00000000E+00  0.00000000E+00  0.17549889E+09  0.00000000E+00  0.00000000E+00  0.00000000E+00  0.00000000E+00  0.00000000E+00  0.10000000E-01  0.10000000E+01
 0.16500200E-08  0.62416264E-02  0.00000000E+00  0.26540468E+00  0.00000000E+00  0.00000000E+00  0.17549889E+09  0.00000000E+00  0.00000000E+00  0.00000000E+00  0.00000000E+00  0.00000000E+00  0.10000000E-01  0.10000000E+01
 0.16600200E-08  0.62416264E-02  0.00000000E+00  0.26715967E+00  0.00000000E+00  0.00000000E+00  0.17549889E+09  0.00000000E+00  0.00000000E+00  0.00000000E+00  0.00000000E+00  0.00000000E+00  0.10000000E-01  0.10000000E+01
 0.16700200E-08  0.62416264E-02  0.00000000E+00  0.26891466E+00  0.00000000E+00  0.00000000E+00  0.17549889E+09  0.00000000E+00  0.00000000E+00  0.00000000E+00  0.00000000E+00  0.00000000E+00  0.10000000E-01  0.10000000E+01
 0.16800200E-08  0.62416264E-02  0.00000000E+00  0.27066965E+00  0.00000000E+00  0.00000000E+00  0.17549889E+09  0.00000000E+00  0.00000000E+00  0.00000000E+00  0.00000000E+00  0.00000000E+00  0.10000000E-01  0.10000000E+01
 0.16900200E-08  0.62416264E-02  0.00000000E+00  0.27242464E+00  0.00000000E+00  0.00000000E+00  0.17549889E+09  0.00000000E+00  0.00000000E+00  0.00000000E+00  0.00000000E+00  0.00000000E+00  0.10000000E-01  0.10000000E+01
 0.17000200E-08  0.62416264E-02  0.00000000E+00  0.27417962E+00  0.00000000E+00  0.00000000E+00  0.17549889E+09  0.00000000E+00  0.00000000E+00  0.00000000E+00  0.00000000E+00  0.00000000E+00  0.10000000E-01  0.10000000E+01
 0.17100200E-08  0.62416264E-02  0.00000000E+00  0.27593461E+00  0.00000000E+00  0.00000000E+00  0.17549889E+09  0.00000000E+00  0.00000000E+00  0.00000000E+00  0.00000000E+00  0.00000000E+00  0.10000000E-01  0.10000000E+01
 0.17200200E-08  0.62416264E-02  0.00000000E+00  0.27768960E+00  0.00000000E+00  0.00000000E+00  0.17549889E+09  0.00000000E+00  0.00000000E+00  0.00000000E+00  0.00000000E+00  0.00000000E+00  0.10000000E-01  0.10000000E+01
 0.17300200E-08  0.62416264E-02  0.00000000E+00  0.27944459E+00  0.00000000E+00  0.00000000E+00  0.17549889E+09  0.00000000E+00  0.00000000E+00  0.00000000E+00  0.00000000E+00  0.00000000E+00  0.10000000E-01  0.10000000E+01
 0.17400200E-08  0.62416264E-02  0.00000000E+00  0.28119958E+00  0.00000000E+00  0.00000000E+00  0.17549889E+09  0.00000000E+00  0.00000000E+00  0.00000000E+00  0.00000000E+00  0.00000000E+00  0.10000000E-01  0.10000000E+01
 0.17500200E-08  0.62416264E-02  0.00000000E+00  0.28295457E+00  0.00000000E+00  0.00000000E+00  0.17549889E+09  0.00000000E+00  0.00000000E+00  0.00000000E+00  0.00000000E+00  0.00000000E+00  0.10000000E-01  0.10000000E+01
 0.17600200E-08  0.62416264E-02  0.00000000E+00  0.28470956E+00  0.00000000E+00  0.00000000E+00  0.17549889E+09  0.00000000E+00  0.00000000E+00  0.00000000E+00  0.00000000E+00  0.00000000E+00  0.10000000E-01  0.10000000E+01
 0.17700200E-08  0.62416264E-02  0.00000000E+00  0.28646455E+00  0.00000000E+00  0.00000000E+00  0.17549889E+09  0.00000000E+00  0.00000000E+00  0.00000000E+00  0.00000000E+00  0.00000000E+00  0.10000000E-01  0.10000000E+01
 0.17800200E-08  0.62416264E-02  0.00000000E+00  0.28821954E+00  0.00000000E+00  0.00000000E+00  0.17549889E+09  0.00000000E+00  0.00000000E+00  0.00000000E+00  0.00000000E+00  0.00000000E+00  0.10000000E-01  0.10000000E+01
 0.17900200E-08  0.62416264E-02  0.00000000E+00  0.28997452E+00  0.00000000E+00  0.00000000E+00  0.17549889E+09  0.00000000E+00  0.00000000E+00  0.00000000E+00  0.00000000E+00  0.00000000E+00  0.10000000E-01  0.10000000E+01
 0.18000200E-08  0.62416264E-02  0.00000000E+00  0.29172951E+00  0.00000000E+00  0.00000000E+00  0.17549889E+09  0.00000000E+00  0.00000000E+00  0.00000000E+00  0.00000000E+00  0.00000000E+00  0.10000000E-01  0.10000000E+01
 0.18100200E-08  0.62416264E-02  0.00000000E+00  0.29348450E+00  0.00000000E+00  0.00000000E+00  0.17549889E+09  0.00000000E+00  0.00000000E+00  0.00000000E+00  0.00000000E+00  0.00000000E+00  0.10000000E-01  0.10000000E+01
 0.18200200E-08  0.62416264E-02  0.00000000E+00  0.29523949E+00  0.00000000E+00  0.00000000E+00  0.17549889E+09  0.00000000E+00  0.00000000E+00  0.00000000E+00  0.00000000E+00  0.00000000E+00  0.10000000E-01  0.10000000E+01
 0.18300200E-08  0.62416264E-02  0.00000000E+00  0.29699448E+00  0.00000000E+00  0.00000000E+00  0.17549889E+09  0.00000000E+00  0.00000000E+00  0.00000000E+00  0.00000000E+00  0.00000000E+00  0.10000000E-01  0.10000000E+01
 0.18400200E-08  0.62416264E-02  0.00000000E+00  0.29874947E+00  0.00000000E+00  0.00000000E+00  0.17549889E+09  0.00000000E+00  0.00000000E+00  0.00000000E+00  0.00000000E+00  0.00000000E+00  0.10000000E-01  0.10000000E+01
 0.18500200E-08  0.62416264E-02  0.00000000E+00  0.30050446E+00  0.00000000E+00  0.00000000E+00  0.17549889E+09  0.00000000E+00  0.00000000E+00  0.00000000E+00  0.00000000E+00  0.00000000E+00  0.10000000E-01  0.10000000E+01
 0.18600200E-08  0.62416264E-02  0.00000000E+00  0.30225945E+00  0.00000000E+00  0.00000000E+00  0.17549889E+09  0.00000000E+00  0.00000000E+00  0.00000000E+00  0.00000000E+00  0.00000000E+00  0.10000000E-01  0.10000000E+01
 0.18700200E-08  0.62416264E-02  0.00000000E+00  0.30401444E+00  0.00000000E+00  0.00000000E+00  0.17549889E+09  0.00000000E+00  0.00000000E+00  0.00000000E+00  0.00000000E+00  0.00000000E+00  0.10000000E-01  0.10000000E+01
 0.18800200E-08  0.62416264E-02  0.00000000E+00  0.30576942E+00  0.00000000E+00  0.00000000E+00  0.17549889E+09  0.00000000E+00  0.00000000E+00  0.00000000E+00  0.00000000E+00  0.00000000E+00  0.10000000E-01  0.10000000E+01
 0.18900200E-08  0.62416264E-02  0.00000000E+00  0.30752441E+00  0.00000000E+00  0.00000000E+00  0.17549889E+09  0.00000000E+00  0.00000000E+00  0.00000000E+00  0.00000000E+00  0.00000000E+00  0.10000000E-01  0.10000000E+01
 0.19000200E-08  0.62416264E-02  0.00000000E+00  0.30927940E+00  0.00000000E+00  0.00000000E+00  0.17549889E+09  0.00000000E+00  0.00000000E+00  0.00000000E+00  0.00000000E+00  0.00000000E+00  0.10000000E-01  0.10000000E+01
 0.19100200E-08  0.62416264E-02  0.00000000E+00  0.31103439E+00  0.00000000E+00  0.00000000E+00  0.17549889E+09  0.00000000E+00  0.00000000E+00  0.00000000E+00  0.00000000E+00  0.00000000E+00  0.10000000E-01  0.10000000E+01
 0.19200200E-08  0.62416264E-02  0.00000000E+00  0.31278938E+00  0.00000000E+00  0.00000000E+00  0.17549889E+09  0.00000000E+00  0.00000000E+00  0.00000000E+00  0.00000000E+00  0.00000000E+00  0.10000000E-01  0.10000000E+01
 0.19300200E-08  0.62416264E-02  0.00000000E+00  0.31454437E+00  0.00000000E+00  0.00000000E+00  0.17549889E+09  0.00000000E+00  0.00000000E+00  0.00000000E+00  0.00000000E+00  0.00000000E+00  0.10000000E-01  0.10000000E+01
 0.19400200E-08  0.62416264E-02  0.00000000E+00  0.31629936E+00  0.00000000E+00  0.00000000E+00  0.17549889E+09  0.00000000E+00  0.00000000E+00  0.00000000E+00  0.00000000E+00  0.00000000E+00  0.10000000E-01  0.10000000E+01
 0.19500200E-08  0.62416264E-02  0.00000000E+00  0.31805435E+00  0.00000000E+00  0.00000000E+00  0.17549889E+09  0.00000000E+00  0.00000000E+00  0.00000000E+00  0.00000000E+00  0.00000000E+00  0.10000000E-01  0.10000000E+01
 0.19600200E-08  0.62416264E-02  0.00000000E+00  0.31980934E+00  0.00000000E+00  0.00000000E+00  0.17549889E+09  0.00000000E+00  0.00000000E+00  0.00000000E+00  0.00000000E+00  0.00000000E+00  0.10000000E-01  0.10000000E+01
 0.19700200E-08  0.62416264E-02  0.00000000E+00  0.32156432E+00  0.00000000E+00  0.00000000E+00  0.17549889E+09  0.00000000E+00  0.00000000E+00  0.00000000E+00  0.00000000E+00  0.00000000E+00  0.10000000E-01  0.10000000E+01
 0.19800200E-08  0.62416264E-02  0.00000000E+00  0.32331931E+00  0.00000000E+00  0.00000000E+00  0.17549889E+09  0.00000000E+00  0.00000000E+00  0.00000000E+00  0.00000000E+00  0.00000000E+00  0.10000000E-01  0.10000000E+01
 0.19900200E-08  0.62416264E-02  0.00000000E+00  0.32507430E+00  0.00000000E+00  0.00000000E+00  0.17549889E+09  0.00000000E+00  0.00000000E+00  0.00000000E+00  0.00000000E+00  0.00000000E+00  0.10000000E-01  0.10000000E+01
