# ptime xp yp zp vx vy vz ex ey ez bx by bz wt
 0.20000000E-13  0.16663971E-01  0.00000000E+00 -0.25256328E-01  0.00000000E+00  0.00000000E+00  0.19534736E+09  0.00000000E+00  0.00000000E+00  0.00000000E+00  0.00000000E+00  0.00000000E+00  0.10000000E-01  0.10000000E+01
 0.10000000E-10  0.16663971E-01  0.00000000E+00 -0.23306762E-01  0.00000000E+00  0.00000000E+00  0.19534736E+09  0.00000000E+00  0.00000000E+00  0.00000000E+00  0.00000000E+00  0.00000000E+00  0.10000000E-01  0.10000000E+01
 0.20000000E-10  0.16663971E-01  0.00000000E+00 -0.21353288E-01  0.00000000E+00  0.00000000E+00  0.19534736E+09  0.00000000E+00  0.00000000E+00  0.00000000E+00  0.00000000E+00  0.00000000E+00  0.10000000E-01  0.10000000E+01
 0.30000000E-10  0.16663971E-01  0.00000000E+00 -0.19399814E-01  0.00000000E+00  0.00000000E+00  0.19534736E+09  0.00000000E+00  0.00000000E+00  0.00000000E+00  0.00000000E+00  0.00000000E+00  0.10000000E-01  0.10000000E+01
 0.40020000E-10  0.16663971E-01  0.00000000E+00 -0.17442434E-01  0.00000000E+00  0.00000000E+00  0.19534736E+09  0.00000000E+00  0.00000000E+00  0.00000000E+00  0.00000000E+00  0.00000000E+00  0.10000000E-01  0.10000000E+01
 0.50020000E-10  0.16663971E-01  0.00000000E+00 -0.15488960E-01  0.00000000E+00  0.00000000E+00  0.19534736E+09  0.00000000E+00  0.00000000E+00  0.00000000E+00  0.00000000E+00  0.00000000E+00  0.10000000E-01  0.10000000E+01
 0.60020000E-10  0.16663971E-01  0.00000000E+00 -0.13535487E-01  0.00000000E+00  0.00000000E+00  0.19534736E+09  0.00000000E+00  0.00000000E+00  0.00000000E+00  0.00000000E+00  0.00000000E+00  0.10000000E-01  0.10000000E+01
 0.70020000E-10  0.16663971E-01  0.00000000E+00 -0.11582013E-01  0.00000000E+00  0.00000000E+00  0.19534736E+09  0.00000000E+00  0.00000000E+00  0.00000000E+00  0.00000000E+00  0.00000000E+00  0.10000000E-01  0.10000000E+01
 0.80000000E-10  0.16663971E-01  0.00000000E+00 -0.96324463E-02  0.00000000E+00  0.00000000E+00  0.19534736E+09  0.00000000E+00  0.00000000E+00  0.00000000E+00  0.00000000E+00  0.00000000E+00  0.10000000E-01  0.10000000E+01
 0.90000000E-10  0.16663971E-01  0.00000000E+00 -0.76789727E-02  0.00000000E+00  0.00000000E+00  0.19534736E+09  0.00000000E+00  0.00000000E+00  0.00000000E+00  0.00000000E+00  0.00000000E+00  0.10000000E-01  0.10000000E+01
 0.10000000E-09  0.16663971E-01  0.00000000E+00 -0.57254991E-02  0.00000000E+00  0.00000000E+00  0.19534736E+09  0.00000000E+00  0.00000000E+00  0.00000000E+00  0.00000000E+00  0.00000000E+00  0.10000000E-01  0.10000000E+01
 0.11000000E-09  0.16663971E-01  0.00000000E+00 -0.37720255E-02  0.00000000E+00  0.00000000E+00  0.19534736E+09  0.00000000E+00  0.00000000E+00  0.00000000E+00  0.00000000E+00  0.00000000E+00  0.10000000E-01  0.10000000E+01
 0.12000000E-09  0.16663971E-01  0.00000000E+00 -0.18185519E-02  0.00000000E+00  0.00000000E+00  0.19534736E+09  0.00000000E+00  0.00000000E+00  0.00000000E+00  0.00000000E+00  0.00000000E+00  0.10000000E-01  0.10000000E+01
 0.13000000E-09  0.16663971E-01  0.00000000E+00  0.13492176E-03  0.00000000E+00  0.00000000E+00  0.19534736E+09  0.00000000E+00  0.00000000E+00  0.00000000E+00  0.00000000E+00  0.00000000E+00  0.10000000E-01  0.10000000E+01
 0.14002000E-09  0.16663971E-01  0.00000000E+00  0.20923023E-02  0.00000000E+00  0.00000000E+00  0.19534736E+09  0.00000000E+00  0.00000000E+00  0.00000000E+00  0.00000000E+00  0.00000000E+00  0.10000000E-01  0.10000000E+01
 0.15002000E-09  0.16663971E-01  0.00000000E+00  0.40457759E-02  0.00000000E+00  0.00000000E+00  0.19534736E+09  0.00000000E+00  0.00000000E+00  0.00000000E+00  0.00000000E+00  0.00000000E+00  0.10000000E-01  0.10000000E+01
 0.16002000E-09  0.16663971E-01  0.00000000E+00  0.59992496E-02  0.00000000E+00  0.00000000E+00  0.19534736E+09  0.00000000E+00  0.00000000E+00  0.00000000E+00  0.00000000E+00  0.00000000E+00  0.10000000E-01  0.10000000E+01
 0.17002000E-09  0.16663971E-01  0.00000000E+00  0.79527232E-02  0.00000000E+00  0.00000000E+00  0.19534736E+09  0.00000000E+00  0.00000000E+00  0.00000000E+00  0.00000000E+00  0.00000000E+00  0.10000000E-01  0.10000000E+01
 0.18002000E-09  0.16663971E-01  0.00000000E+00  0.99061968E-02  0.00000000E+00  0.00000000E+00  0.19534736E+09  0.00000000E+00  0.00000000E+00  0.00000000E+00  0.00000000E+00  0.00000000E+00  0.10000000E-01  0.10000000E+01
 0.19002000E-09  0.16663971E-01  0.00000000E+00  0.11859670E-01  0.00000000E+00  0.00000000E+00  0.19534736E+09  0.00000000E+00  0.00000000E+00  0.00000000E+00  0.00000000E+00  0.00000000E+00  0.10000000E-01  0.10000000E+01
 0.20002000E-09  0.16663971E-01  0.00000000E+00  0.13813144E-01  0.00000000E+00  0.00000000E+00  0.19534736E+09  0.00000000E+00  0.00000000E+00  0.00000000E+00  0.00000000E+00  0.00000000E+00  0.10000000E-01  0.10000000E+01
 0.21002000E-09  0.16663971E-01  0.00000000E+00  0.15766618E-01  0.00000000E+00  0.00000000E+00  0.19534736E+09  0.00000000E+00  0.00000000E+00  0.00000000E+00  0.00000000E+00  0.00000000E+00  0.10000000E-01  0.10000000E+01
 0.22002000E-09  0.16663971E-01  0.00000000E+00  0.17720091E-01  0.00000000E+00  0.00000000E+00  0.19534736E+09  0.00000000E+00  0.00000000E+00  0.00000000E+00  0.00000000E+00  0.00000000E+00  0.10000000E-01  0.10000000E+01
 0.23002000E-09  0.16663971E-01  0.00000000E+00  0.19673565E-01  0.00000000E+00  0.00000000E+00  0.19534736E+09  0.00000000E+00  0.00000000E+00  0.00000000E+00  0.00000000E+00  0.00000000E+00  0.10000000E-01  0.10000000E+01
 0.24002000E-09  0.16663971E-01  0.00000000E+00  0.21627039E-01  0.00000000E+00  0.00000000E+00  0.19534736E+09  0.00000000E+00  0.00000000E+00  0.00000000E+00  0.00000000E+00  0.00000000E+00  0.10000000E-01  0.10000000E+01
 0.25002000E-09  0.16663971E-01  0.00000000E+00  0.23580512E-01  0.00000000E+00  0.00000000E+00  0.19534736E+09  0.00000000E+00  0.00000000E+00  0.00000000E+00  0.00000000E+00  0.00000000E+00  0.10000000E-01  0.10000000E+01
 0.26002000E-09  0.16663971E-01  0.00000000E+00  0.25533986E-01  0.00000000E+00  0.00000000E+00  0.19534736E+09  0.00000000E+00  0.00000000E+00  0.00000000E+00  0.00000000E+00  0.00000000E+00  0.10000000E-01  0.10000000E+01
 0.27002000E-09  0.16663971E-01  0.00000000E+00  0.27487459E-01  0.00000000E+00  0.00000000E+00  0.19534736E+09  0.00000000E+00  0.00000000E+00  0.00000000E+00  0.00000000E+00  0.00000000E+00  0.10000000E-01  0.10000000E+01
 0.28002000E-09  0.16663971E-01  0.00000000E+00  0.29440933E-01  0.00000000E+00  0.00000000E+00  0.19534736E+09  0.00000000E+00  0.00000000E+00  0.00000000E+00  0.00000000E+00  0.00000000E+00  0.10000000E-01  0.10000000E+01
 0.29002000E-09  0.16663971E-01  0.00000000E+00  0.31394407E-01  0.00000000E+00  0.00000000E+00  0.19534736E+09  0.00000000E+00  0.00000000E+00  0.00000000E+00  0.00000000E+00  0.00000000E+00  0.10000000E-01  0.10000000E+01
 0.30000000E-09  0.16663971E-01  0.00000000E+00  0.33343973E-01  0.00000000E+00  0.00000000E+00  0.19534736E+09  0.00000000E+00  0.00000000E+00  0.00000000E+00  0.00000000E+00  0.00000000E+00  0.10000000E-01  0.10000000E+01
 0.31000000E-09  0.16663971E-01  0.00000000E+00  0.35297447E-01  0.00000000E+00  0.00000000E+00  0.19534736E+09  0.00000000E+00  0.00000000E+00  0.00000000E+00  0.00000000E+00  0.00000000E+00  0.10000000E-01  0.10000000E+01
 0.32000000E-09  0.16663971E-01  0.00000000E+00  0.37250921E-01  0.00000000E+00  0.00000000E+00  0.19534736E+09  0.00000000E+00  0.00000000E+00  0.00000000E+00  0.00000000E+00  0.00000000E+00  0.10000000E-01  0.10000000E+01
 0.33000000E-09  0.16663971E-01  0.00000000E+00  0.39204394E-01  0.00000000E+00  0.00000000E+00  0.19534736E+09  0.00000000E+00  0.00000000E+00  0.00000000E+00  0.00000000E+00  0.00000000E+00  0.10000000E-01  0.10000000E+01
 0.34000000E-09  0.16663971E-01  0.00000000E+00  0.41157868E-01  0.00000000E+00  0.00000000E+00  0.19534736E+09  0.00000000E+00  0.00000000E+00  0.00000000E+00  0.00000000E+00  0.00000000E+00  0.10000000E-01  0.10000000E+01
 0.35000000E-09  0.16663971E-01  0.00000000E+00  0.43111341E-01  0.00000000E+00  0.00000000E+00  0.19534736E+09  0.00000000E+00  0.00000000E+00  0.00000000E+00  0.00000000E+00  0.00000000E+00  0.10000000E-01  0.10000000E+01
 0.36000000E-09  0.16663971E-01  0.00000000E+00  0.45064815E-01  0.00000000E+00  0.00000000E+00  0.19534736E+09  0.00000000E+00  0.00000000E+00  0.00000000E+00  0.00000000E+00  0.00000000E+00  0.10000000E-01  0.10000000E+01
 0.37000000E-09  0.16663971E-01  0.00000000E+00  0.47018289E-01  0.00000000E+00  0.00000000E+00  0.19534736E+09  0.00000000E+00  0.00000000E+00  0.00000000E+00  0.00000000E+00  0.00000000E+00  0.10000000E-01  0.10000000E+01
 0.38000000E-09  0.16663971E-01  0.00000000E+00  0.48971762E-01  0.00000000E+00  0.00000000E+00  0.19534736E+09  0.00000000E+00  0.00000000E+00  0.00000000E+00  0.00000000E+00  0.00000000E+00  0.10000000E-01  0.10000000E+01
 0.39000000E-09  0.16663971E-01  0.00000000E+00  0.50925236E-01  0.00000000E+00  0.00000000E+00  0.19534736E+09  0.00000000E+00  0.00000000E+00  0.00000000E+00  0.00000000E+00  0.00000000E+00  0.10000000E-01  0.10000000E+01
 0.40000000E-09  0.16663971E-01  0.00000000E+00  0.52878709E-01  0.00000000E+00  0.00000000E+00  0.19534736E+09  0.00000000E+00  0.00000000E+00  0.00000000E+00  0.00000000E+00  0.00000000E+00  0.10000000E-01  0.10000000E+01
 0.41000000E-09  0.16663971E-01  0.00000000E+00  0.54832183E-01  0.00000000E+00  0.00000000E+00  0.19534736E+09  0.00000000E+00  0.00000000E+00  0.00000000E+00  0.00000000E+00  0.00000000E+00  0.10000000E-01  0.10000000E+01
 0.42000000E-09  0.16663971E-01  0.00000000E+00  0.56785657E-01  0.00000000E+00  0.00000000E+00  0.19534736E+09  0.00000000E+00  0.00000000E+00  0.00000000E+00  0.00000000E+00  0.00000000E+00  0.10000000E-01  0.10000000E+01
 0.43000000E-09  0.16663971E-01  0.00000000E+00  0.58739130E-01  0.00000000E+00  0.00000000E+00  0.19534736E+09  0.00000000E+00  0.00000000E+00  0.00000000E+00  0.00000000E+00  0.00000000E+00  0.10000000E-01  0.10000000E+01
 0.44000000E-09  0.16663971E-01  0.00000000E+00  0.60692604E-01  0.00000000E+00  0.00000000E+00  0.19534736E+09  0.00000000E+00  0.00000000E+00  0.00000000E+00  0.00000000E+00  0.00000000E+00  0.10000000E-01  0.10000000E+01
 0.45000000E-09  0.16663971E-01  0.00000000E+00  0.62646078E-01  0.00000000E+00  0.00000000E+00  0.19534736E+09  0.00000000E+00  0.00000000E+00  0.00000000E+00  0.00000000E+00  0.00000000E+00  0.10000000E-01  0.10000000E+01
 0.46000000E-09  0.16663971E-01  0.00000000E+00  0.64599551E-01  0.00000000E+00  0.00000000E+00  0.19534736E+09  0.00000000E+00  0.00000000E+00  0.00000000E+00  0.00000000E+00  0.00000000E+00  0.10000000E-01  0.10000000E+01
 0.47000000E-09  0.16663971E-01  0.00000000E+00  0.66553025E-01  0.00000000E+00  0.00000000E+00  0.19534736E+09  0.00000000E+00  0.00000000E+00  0.00000000E+00  0.00000000E+00  0.00000000E+00  0.10000000E-01  0.10000000E+01
 0.48000000E-09  0.16663971E-01  0.00000000E+00  0.68506498E-01  0.00000000E+00  0.00000000E+00  0.19534736E+09  0.00000000E+00  0.00000000E+00  0.00000000E+00  0.00000000E+00  0.00000000E+00  0.10000000E-01  0.10000000E+01
 0.49000000E-09  0.16663971E-01  0.00000000E+00  0.70459972E-01  0.00000000E+00  0.00000000E+00  0.19534736E+09  0.00000000E+00  0.00000000E+00  0.00000000E+00  0.00000000E+00  0.00000000E+00  0.10000000E-01  0.10000000E+01
 0.50000000E-09  0.16663971E-01  0.00000000E+00  0.72413446E-01  0.00000000E+00  0.00000000E+00  0.19534736E+09  0.00000000E+00  0.00000000E+00  0.00000000E+00  0.00000000E+00  0.00000000E+00  0.10000000E-01  0.10000000E+01
 0.51000000E-09  0.16663971E-01  0.00000000E+00  0.74366919E-01  0.00000000E+00  0.00000000E+00  0.19534736E+09  0.00000000E+00  0.00000000E+00  0.00000000E+00  0.00000000E+00  0.00000000E+00  0.10000000E-01  0.10000000E+01
 0.52000000E-09  0.16663971E-01  0.00000000E+00  0.76320393E-01  0.00000000E+00  0.00000000E+00  0.19534736E+09  0.00000000E+00  0.00000000E+00  0.00000000E+00  0.00000000E+00  0.00000000E+00  0.10000000E-01  0.10000000E+01
 0.53000000E-09  0.16663971E-01  0.00000000E+00  0.78273867E-01  0.00000000E+00  0.00000000E+00  0.19534736E+09  0.00000000E+00  0.00000000E+00  0.00000000E+00  0.00000000E+00  0.00000000E+00  0.10000000E-01  0.10000000E+01
 0.54000000E-09  0.16663971E-01  0.00000000E+00  0.80227340E-01  0.00000000E+00  0.00000000E+00  0.19534736E+09  0.00000000E+00  0.00000000E+00  0.00000000E+00  0.00000000E+00  0.00000000E+00  0.10000000E-01  0.10000000E+01
 0.55002000E-09  0.16663971E-01  0.00000000E+00  0.82184721E-01  0.00000000E+00  0.00000000E+00  0.19534736E+09  0.00000000E+00  0.00000000E+00  0.00000000E+00  0.00000000E+00  0.00000000E+00  0.10000000E-01  0.10000000E+01
 0.56002000E-09  0.16663971E-01  0.00000000E+00  0.84138194E-01  0.00000000E+00  0.00000000E+00  0.19534736E+09  0.00000000E+00  0.00000000E+00  0.00000000E+00  0.00000000E+00  0.00000000E+00  0.10000000E-01  0.10000000E+01
 0.57002000E-09  0.16663971E-01  0.00000000E+00  0.86091668E-01  0.00000000E+00  0.00000000E+00  0.19534736E+09  0.00000000E+00  0.00000000E+00  0.00000000E+00  0.00000000E+00  0.00000000E+00  0.10000000E-01  0.10000000E+01
 0.58002000E-09  0.16663971E-01  0.00000000E+00  0.88045142E-01  0.00000000E+00  0.00000000E+00  0.19534736E+09  0.00000000E+00  0.00000000E+00  0.00000000E+00  0.00000000E+00  0.00000000E+00  0.10000000E-01  0.10000000E+01
 0.59002000E-09  0.16663971E-01  0.00000000E+00  0.89998615E-01  0.00000000E+00  0.00000000E+00  0.19534736E+09  0.00000000E+00  0.00000000E+00  0.00000000E+00  0.00000000E+00  0.00000000E+00  0.10000000E-01  0.10000000E+01
 0.60002000E-09  0.16663971E-01  0.00000000E+00  0.91952089E-01  0.00000000E+00  0.00000000E+00  0.19534736E+09  0.00000000E+00  0.00000000E+00  0.00000000E+00  0.00000000E+00  0.00000000E+00  0.10000000E-01  0.10000000E+01
 0.61002000E-09  0.16663971E-01  0.00000000E+00  0.93905562E-01  0.00000000E+00  0.00000000E+00  0.19534736E+09  0.00000000E+00  0.00000000E+00  0.00000000E+00  0.00000000E+00  0.00000000E+00  0.10000000E-01  0.10000000E+01
 0.62002000E-09  0.16663971E-01  0.00000000E+00  0.95859036E-01  0.00000000E+00  0.00000000E+00  0.19534736E+09  0.00000000E+00  0.00000000E+00  0.00000000E+00  0.00000000E+00  0.00000000E+00  0.10000000E-01  0.10000000E+01
 0.63002000E-09  0.16663971E-01  0.00000000E+00  0.97812510E-01  0.00000000E+00  0.00000000E+00  0.19534736E+09  0.00000000E+00  0.00000000E+00  0.00000000E+00  0.00000000E+00  0.00000000E+00  0.10000000E-01  0.10000000E+01
 0.64002000E-09  0.16663971E-01  0.00000000E+00  0.99765983E-01  0.00000000E+00  0.00000000E+00  0.19534736E+09  0.00000000E+00  0.00000000E+00  0.00000000E+00  0.00000000E+00  0.00000000E+00  0.10000000E-01  0.10000000E+01
 0.65002000E-09  0.16663971E-01  0.00000000E+00  0.10171946E+00  0.00000000E+00  0.00000000E+00  0.19534736E+09  0.00000000E+00  0.00000000E+00  0.00000000E+00  0.00000000E+00  0.00000000E+00  0.10000000E-01  0.10000000E+01
 0.66002000E-09  0.16663971E-01  0.00000000E+00  0.10367293E+00  0.00000000E+00  0.00000000E+00  0.19534736E+09  0.00000000E+00  0.00000000E+00  0.00000000E+00  0.00000000E+00  0.00000000E+00  0.10000000E-01  0.10000000E+01
 0.67002000E-09  0.16663971E-01  0.00000000E+00  0.10562640E+00  0.00000000E+00  0.00000000E+00  0.19534736E+09  0.00000000E+00  0.00000000E+00  0.00000000E+00  0.00000000E+00  0.00000000E+00  0.10000000E-01  0.10000000E+01
 0.68002000E-09  0.16663971E-01  0.00000000E+00  0.10757988E+00  0.00000000E+00  0.00000000E+00  0.19534736E+09  0.00000000E+00  0.00000000E+00  0.00000000E+00  0.00000000E+00  0.00000000E+00  0.10000000E-01  0.10000000E+01
 0.69002000E-09  0.16663971E-01  0.00000000E+00  0.10953335E+00  0.00000000E+00  0.00000000E+00  0.19534736E+09  0.00000000E+00  0.00000000E+00  0.00000000E+00  0.00000000E+00  0.00000000E+00  0.10000000E-01  0.10000000E+01
 0.70002000E-09  0.16663971E-01  0.00000000E+00  0.11148683E+00  0.00000000E+00  0.00000000E+00  0.19534736E+09  0.00000000E+00  0.00000000E+00  0.00000000E+00  0.00000000E+00  0.00000000E+00  0.10000000E-01  0.10000000E+01
 0.71002000E-09  0.16663971E-01  0.00000000E+00  0.11344030E+00  0.00000000E+00  0.00000000E+00  0.19534736E+09  0.00000000E+00  0.00000000E+00  0.00000000E+00  0.00000000E+00  0.00000000E+00  0.10000000E-01  0.10000000E+01
 0.72002000E-09  0.16663971E-01  0.00000000E+00  0.11539377E+00  0.00000000E+00  0.00000000E+00  0.19534736E+09  0.00000000E+00  0.00000000E+00  0.00000000E+00  0.00000000E+00  0.00000000E+00  0.10000000E-01  0.10000000E+01
 0.73002000E-09  0.16663971E-01  0.00000000E+00  0.11734725E+00  0.00000000E+00  0.00000000E+00  0.19534736E+09  0.00000000E+00  0.00000000E+00  0.00000000E+00  0.00000000E+00  0.00000000E+00  0.10000000E-01  0.10000000E+01
 0.74002000E-09  0.16663971E-01  0.00000000E+00  0.11930072E+00  0.00000000E+00  0.00000000E+00  0.19534736E+09  0.00000000E+00  0.00000000E+00  0.00000000E+00  0.00000000E+00  0.00000000E+00  0.10000000E-01  0.10000000E+01
 0.75002000E-09  0.16663971E-01  0.00000000E+00  0.12125419E+00  0.00000000E+00  0.00000000E+00  0.19534736E+09  0.00000000E+00  0.00000000E+00  0.00000000E+00  0.00000000E+00  0.00000000E+00  0.10000000E-01  0.10000000E+01
 0.76002000E-09  0.16663971E-01  0.00000000E+00  0.12320767E+00  0.00000000E+00  0.00000000E+00  0.19534736E+09  0.00000000E+00  0.00000000E+00  0.00000000E+00  0.00000000E+00  0.00000000E+00  0.10000000E-01  0.10000000E+01
 0.77002000E-09  0.16663971E-01  0.00000000E+00  0.12516114E+00  0.00000000E+00  0.00000000E+00  0.19534736E+09  0.00000000E+00  0.00000000E+00  0.00000000E+00  0.00000000E+00  0.00000000E+00  0.10000000E-01  0.10000000E+01
 0.78002000E-09  0.16663971E-01  0.00000000E+00  0.12711461E+00  0.00000000E+00  0.00000000E+00  0.19534736E+09  0.00000000E+00  0.00000000E+00  0.00000000E+00  0.00000000E+00  0.00000000E+00  0.10000000E-01  0.10000000E+01
 0.79002000E-09  0.16663971E-01  0.00000000E+00  0.12906809E+00  0.00000000E+00  0.00000000E+00  0.19534736E+09  0.00000000E+00  0.00000000E+00  0.00000000E+00  0.00000000E+00  0.00000000E+00  0.10000000E-01  0.10000000E+01
 0.80002000E-09  0.16663971E-01  0.00000000E+00  0.13102156E+00  0.00000000E+00  0.00000000E+00  0.19534736E+09  0.00000000E+00  0.00000000E+00  0.00000000E+00  0.00000000E+00  0.00000000E+00  0.10000000E-01  0.10000000E+01
 0.81002000E-09  0.16663971E-01  0.00000000E+00  0.13297503E+00  0.00000000E+00  0.00000000E+00  0.19534736E+09  0.00000000E+00  0.00000000E+00  0.00000000E+00  0.00000000E+00  0.00000000E+00  0.10000000E-01  0.10000000E+01
 0.82002000E-09  0.16663971E-01  0.00000000E+00  0.13492851E+00  0.00000000E+00  0.00000000E+00  0.19534736E+09  0.00000000E+00  0.00000000E+00  0.00000000E+00  0.00000000E+00  0.00000000E+00  0.10000000E-01  0.10000000E+01
 0.83002000E-09  0.16663971E-01  0.00000000E+00  0.13688198E+00  0.00000000E+00  0.00000000E+00  0.19534736E+09  0.00000000E+00  0.00000000E+00  0.00000000E+00  0.00000000E+00  0.00000000E+00  0.10000000E-01  0.10000000E+01
 0.84002000E-09  0.16663971E-01  0.00000000E+00  0.13883546E+00  0.00000000E+00  0.00000000E+00  0.19534736E+09  0.00000000E+00  0.00000000E+00  0.00000000E+00  0.00000000E+00  0.00000000E+00  0.10000000E-01  0.10000000E+01
 0.85002000E-09  0.16663971E-01  0.00000000E+00  0.14078893E+00  0.00000000E+00  0.00000000E+00  0.19534736E+09  0.00000000E+00  0.00000000E+00  0.00000000E+00  0.00000000E+00  0.00000000E+00  0.10000000E-01  0.10000000E+01
 0.86002000E-09  0.16663971E-01  0.00000000E+00  0.14274240E+00  0.00000000E+00  0.00000000E+00  0.19534736E+09  0.00000000E+00  0.00000000E+00  0.00000000E+00  0.00000000E+00  0.00000000E+00  0.10000000E-01  0.10000000E+01
 0.87002000E-09  0.16663971E-01  0.00000000E+00  0.14469588E+00  0.00000000E+00  0.00000000E+00  0.19534736E+09  0.00000000E+00  0.00000000E+00  0.00000000E+00  0.00000000E+00  0.00000000E+00  0.10000000E-01  0.10000000E+01
 0.88002000E-09  0.16663971E-01  0.00000000E+00  0.14664935E+00  0.00000000E+00  0.00000000E+00  0.19534736E+09  0.00000000E+00  0.00000000E+00  0.00000000E+00  0.00000000E+00  0.00000000E+00  0.10000000E-01  0.10000000E+01
 0.89002000E-09  0.16663971E-01  0.00000000E+00  0.14860282E+00  0.00000000E+00  0.00000000E+00  0.19534736E+09  0.00000000E+00  0.00000000E+00  0.00000000E+00  0.00000000E+00  0.00000000E+00  0.10000000E-01  0.10000000E+01
 0.90002000E-09  0.16663971E-01  0.00000000E+00  0.15055630E+00  0.00000000E+00  0.00000000E+00  0.19534736E+09  0.00000000E+00  0.00000000E+00  0.00000000E+00  0.00000000E+00  0.00000000E+00  0.10000000E-01  0.10000000E+01
 0.91002000E-09  0.16663971E-01  0.00000000E+00  0.15250977E+00  0.00000000E+00  0.00000000E+00  0.19534736E+09  0.00000000E+00  0.00000000E+00  0.00000000E+00  0.00000000E+00  0.00000000E+00  0.10000000E-01  0.10000000E+01
 0.92002000E-09  0.16663971E-01  0.00000000E+00  0.15446324E+00  0.00000000E+00  0.00000000E+00  0.19534736E+09  0.00000000E+00  0.00000000E+00  0.00000000E+00  0.00000000E+00  0.00000000E+00  0.10000000E-01  0.10000000E+01
 0.93002000E-09  0.16663971E-01  0.00000000E+00  0.15641672E+00  0.00000000E+00  0.00000000E+00  0.19534736E+09  0.00000000E+00  0.00000000E+00  0.00000000E+00  0.00000000E+00  0.00000000E+00  0.10000000E-01  0.10000000E+01
 0.94002000E-09  0.16663971E-01  0.00000000E+00  0.15837019E+00  0.00000000E+00  0.00000000E+00  0.19534736E+09  0.00000000E+00  0.00000000E+00  0.00000000E+00  0.00000000E+00  0.00000000E+00  0.10000000E-01  0.10000000E+01
 0.95002000E-09  0.16663971E-01  0.00000000E+00  0.16032367E+00  0.00000000E+00  0.00000000E+00  0.19534736E+09  0.00000000E+00  0.00000000E+00  0.00000000E+00  0.00000000E+00  0.00000000E+00  0.10000000E-01  0.10000000E+01
 0.96002000E-09  0.16663971E-01  0.00000000E+00  0.16227714E+00  0.00000000E+00  0.00000000E+00  0.19534736E+09  0.00000000E+00  0.00000000E+00  0.00000000E+00  0.00000000E+00  0.00000000E+00  0.10000000E-01  0.10000000E+01
 0.97002000E-09  0.16663971E-01  0.00000000E+00  0.16423061E+00  0.00000000E+00  0.00000000E+00  0.19534736E+09  0.00000000E+00  0.00000000E+00  0.00000000E+00  0.00000000E+00  0.00000000E+00  0.10000000E-01  0.10000000E+01
 0.98002000E-09  0.16663971E-01  0.00000000E+00  0.16618409E+00  0.00000000E+00  0.00000000E+00  0.19534736E+09  0.00000000E+00  0.00000000E+00  0.00000000E+00  0.00000000E+00  0.00000000E+00  0.10000000E-01  0.10000000E+01
 0.99002000E-09  0.16663971E-01  0.00000000E+00  0.16813756E+00  0.00000000E+00  0.00000000E+00  0.19534736E+09  0.00000000E+00  0.00000000E+00  0.00000000E+00  0.00000000E+00  0.00000000E+00  0.10000000E-01  0.10000000E+01
 0.10000200E-08  0.16663971E-01  0.00000000E+00  0.17009103E+00  0.00000000E+00  0.00000000E+00  0.19534736E+09  0.00000000E+00  0.00000000E+00  0.00000000E+00  0.00000000E+00  0.00000000E+00  0.10000000E-01  0.10000000E+01
 0.10100200E-08  0.16663971E-01  0.00000000E+00  0.17204451E+00  0.00000000E+00  0.00000000E+00  0.19534736E+09  0.00000000E+00  0.00000000E+00  0.00000000E+00  0.00000000E+00  0.00000000E+00  0.10000000E-01  0.10000000E+01
 0.10200200E-08  0.16663971E-01  0.00000000E+00  0.17399798E+00  0.00000000E+00  0.00000000E+00  0.19534736E+09  0.00000000E+00  0.00000000E+00  0.00000000E+00  0.00000000E+00  0.00000000E+00  0.10000000E-01  0.10000000E+01
 0.10300200E-08  0.16663971E-01  0.00000000E+00  0.17595145E+00  0.00000000E+00  0.00000000E+00  0.19534736E+09  0.00000000E+00  0.00000000E+00  0.00000000E+00  0.00000000E+00  0.00000000E+00  0.10000000E-01  0.10000000E+01
 0.10400200E-08  0.16663971E-01  0.00000000E+00  0.17790493E+00  0.00000000E+00  0.00000000E+00  0.19534736E+09  0.00000000E+00  0.00000000E+00  0.00000000E+00  0.00000000E+00  0.00000000E+00  0.10000000E-01  0.10000000E+01
 0.10500200E-08  0.16663971E-01  0.00000000E+00  0.17985840E+00  0.00000000E+00  0.00000000E+00  0.19534736E+09  0.00000000E+00  0.00000000E+00  0.00000000E+00  0.00000000E+00  0.00000000E+00  0.10000000E-01  0.10000000E+01
 0.10600200E-08  0.16663971E-01  0.00000000E+00  0.18181188E+00  0.00000000E+00  0.00000000E+00  0.19534736E+09  0.00000000E+00  0.00000000E+00  0.00000000E+00  0.00000000E+00  0.00000000E+00  0.10000000E-01  0.10000000E+01
 0.10700200E-08  0.16663971E-01  0.00000000E+00  0.18376535E+00  0.00000000E+00  0.00000000E+00  0.19534736E+09  0.00000000E+00  0.00000000E+00  0.00000000E+00  0.00000000E+00  0.00000000E+00  0.10000000E-01  0.10000000E+01
 0.10800200E-08  0.16663971E-01  0.00000000E+00  0.18571882E+00  0.00000000E+00  0.00000000E+00  0.19534736E+09  0.00000000E+00  0.00000000E+00  0.00000000E+00  0.00000000E+00  0.00000000E+00  0.10000000E-01  0.10000000E+01
 0.10900200E-08  0.16663971E-01  0.00000000E+00  0.18767230E+00  0.00000000E+00  0.00000000E+00  0.19534736E+09  0.00000000E+00  0.00000000E+00  0.00000000E+00  0.00000000E+00  0.00000000E+00  0.10000000E-01  0.10000000E+01
 0.11000200E-08  0.16663971E-01  0.00000000E+00  0.18962577E+00  0.00000000E+00  0.00000000E+00  0.19534736E+09  0.00000000E+00  0.00000000E+00  0.00000000E+00  0.00000000E+00  0.00000000E+00  0.10000000E-01  0.10000000E+01
 0.11100200E-08  0.16663971E-01  0.00000000E+00  0.19157924E+00  0.00000000E+00  0.00000000E+00  0.19534736E+09  0.00000000E+00  0.00000000E+00  0.00000000E+00  0.00000000E+00  0.00000000E+00  0.10000000E-01  0.10000000E+01
 0.11200200E-08  0.16663971E-01  0.00000000E+00  0.19353272E+00  0.00000000E+00  0.00000000E+00  0.19534736E+09  0.00000000E+00  0.00000000E+00  0.00000000E+00  0.00000000E+00  0.00000000E+00  0.10000000E-01  0.10000000E+01
 0.11300200E-08  0.16663971E-01  0.00000000E+00  0.19548619E+00  0.00000000E+00  0.00000000E+00  0.19534736E+09  0.00000000E+00  0.00000000E+00  0.00000000E+00  0.00000000E+00  0.00000000E+00  0.10000000E-01  0.10000000E+01
 0.11400200E-08  0.16663971E-01  0.00000000E+00  0.19743966E+00  0.00000000E+00  0.00000000E+00  0.19534736E+09  0.00000000E+00  0.00000000E+00  0.00000000E+00  0.00000000E+00  0.00000000E+00  0.10000000E-01  0.10000000E+01
 0.11500200E-08  0.16663971E-01  0.00000000E+00  0.19939314E+00  0.00000000E+00  0.00000000E+00  0.19534736E+09  0.00000000E+00  0.00000000E+00  0.00000000E+00  0.00000000E+00  0.00000000E+00  0.10000000E-01  0.10000000E+01
 0.11600200E-08  0.16663971E-01  0.00000000E+00  0.20134661E+00  0.00000000E+00  0.00000000E+00  0.19534736E+09  0.00000000E+00  0.00000000E+00  0.00000000E+00  0.00000000E+00  0.00000000E+00  0.10000000E-01  0.10000000E+01
 0.11700200E-08  0.16663971E-01  0.00000000E+00  0.20330009E+00  0.00000000E+00  0.00000000E+00  0.19534736E+09  0.00000000E+00  0.00000000E+00  0.00000000E+00  0.00000000E+00  0.00000000E+00  0.10000000E-01  0.10000000E+01
 0.11800200E-08  0.16663971E-01  0.00000000E+00  0.20525356E+00  0.00000000E+00  0.00000000E+00  0.19534736E+09  0.00000000E+00  0.00000000E+00  0.00000000E+00  0.00000000E+00  0.00000000E+00  0.10000000E-01  0.10000000E+01
 0.11900200E-08  0.16663971E-01  0.00000000E+00  0.20720703E+00  0.00000000E+00  0.00000000E+00  0.19534736E+09  0.00000000E+00  0.00000000E+00  0.00000000E+00  0.00000000E+00  0.00000000E+00  0.10000000E-01  0.10000000E+01
 0.12000200E-08  0.16663971E-01  0.00000000E+00  0.20916051E+00  0.00000000E+00  0.00000000E+00  0.19534736E+09  0.00000000E+00  0.00000000E+00  0.00000000E+00  0.00000000E+00  0.00000000E+00  0.10000000E-01  0.10000000E+01
 0.12100200E-08  0.16663971E-01  0.00000000E+00  0.21111398E+00  0.00000000E+00  0.00000000E+00  0.19534736E+09  0.00000000E+00  0.00000000E+00  0.00000000E+00  0.00000000E+00  0.00000000E+00  0.10000000E-01  0.10000000E+01
 0.12200200E-08  0.16663971E-01  0.00000000E+00  0.21306745E+00  0.00000000E+00  0.00000000E+00  0.19534736E+09  0.00000000E+00  0.00000000E+00  0.00000000E+00  0.00000000E+00  0.00000000E+00  0.10000000E-01  0.10000000E+01
 0.12300200E-08  0.16663971E-01  0.00000000E+00  0.21502093E+00  0.00000000E+00  0.00000000E+00  0.19534736E+09  0.00000000E+00  0.00000000E+00  0.00000000E+00  0.00000000E+00  0.00000000E+00  0.10000000E-01  0.10000000E+01
 0.12400200E-08  0.16663971E-01  0.00000000E+00  0.21697440E+00  0.00000000E+00  0.00000000E+00  0.19534736E+09  0.00000000E+00  0.00000000E+00  0.00000000E+00  0.00000000E+00  0.00000000E+00  0.10000000E-01  0.10000000E+01
 0.12500200E-08  0.16663971E-01  0.00000000E+00  0.21892787E+00  0.00000000E+00  0.00000000E+00  0.19534736E+09  0.00000000E+00  0.00000000E+00  0.00000000E+00  0.00000000E+00  0.00000000E+00  0.10000000E-01  0.10000000E+01
 0.12600200E-08  0.16663971E-01  0.00000000E+00  0.22088135E+00  0.00000000E+00  0.00000000E+00  0.19534736E+09  0.00000000E+00  0.00000000E+00  0.00000000E+00  0.00000000E+00  0.00000000E+00  0.10000000E-01  0.10000000E+01
 0.12700200E-08  0.16663971E-01  0.00000000E+00  0.22283482E+00  0.00000000E+00  0.00000000E+00  0.19534736E+09  0.00000000E+00  0.00000000E+00  0.00000000E+00  0.00000000E+00  0.00000000E+00  0.10000000E-01  0.10000000E+01
 0.12800200E-08  0.16663971E-01  0.00000000E+00  0.22478830E+00  0.00000000E+00  0.00000000E+00  0.19534736E+09  0.00000000E+00  0.00000000E+00  0.00000000E+00  0.00000000E+00  0.00000000E+00  0.10000000E-01  0.10000000E+01
 0.12900200E-08  0.16663971E-01  0.00000000E+00  0.22674177E+00  0.00000000E+00  0.00000000E+00  0.19534736E+09  0.00000000E+00  0.00000000E+00  0.00000000E+00  0.00000000E+00  0.00000000E+00  0.10000000E-01  0.10000000E+01
 0.13000200E-08  0.16663971E-01  0.00000000E+00  0.22869524E+00  0.00000000E+00  0.00000000E+00  0.19534736E+09  0.00000000E+00  0.00000000E+00  0.00000000E+00  0.00000000E+00  0.00000000E+00  0.10000000E-01  0.10000000E+01
 0.13100200E-08  0.16663971E-01  0.00000000E+00  0.23064872E+00  0.00000000E+00  0.00000000E+00  0.19534736E+09  0.00000000E+00  0.00000000E+00  0.00000000E+00  0.00000000E+00  0.00000000E+00  0.10000000E-01  0.10000000E+01
 0.13200200E-08  0.16663971E-01  0.00000000E+00  0.23260219E+00  0.00000000E+00  0.00000000E+00  0.19534736E+09  0.00000000E+00  0.00000000E+00  0.00000000E+00  0.00000000E+00  0.00000000E+00  0.10000000E-01  0.10000000E+01
 0.13300200E-08  0.16663971E-01  0.00000000E+00  0.23455566E+00  0.00000000E+00  0.00000000E+00  0.19534736E+09  0.00000000E+00  0.00000000E+00  0.00000000E+00  0.00000000E+00  0.00000000E+00  0.10000000E-01  0.10000000E+01
 0.13400200E-08  0.16663971E-01  0.00000000E+00  0.23650914E+00  0.00000000E+00  0.00000000E+00  0.19534736E+09  0.00000000E+00  0.00000000E+00  0.00000000E+00  0.00000000E+00  0.00000000E+00  0.10000000E-01  0.10000000E+01
 0.13500200E-08  0.16663971E-01  0.00000000E+00  0.23846261E+00  0.00000000E+00  0.00000000E+00  0.19534736E+09  0.00000000E+00  0.00000000E+00  0.00000000E+00  0.00000000E+00  0.00000000E+00  0.10000000E-01  0.10000000E+01
 0.13600200E-08  0.16663971E-01  0.00000000E+00  0.24041608E+00  0.00000000E+00  0.00000000E+00  0.19534736E+09  0.00000000E+00  0.00000000E+00  0.00000000E+00  0.00000000E+00  0.00000000E+00  0.10000000E-01  0.10000000E+01
 0.13700200E-08  0.16663971E-01  0.00000000E+00  0.24236956E+00  0.00000000E+00  0.00000000E+00  0.19534736E+09  0.00000000E+00  0.00000000E+00  0.00000000E+00  0.00000000E+00  0.00000000E+00  0.10000000E-01  0.10000000E+01
 0.13800200E-08  0.16663971E-01  0.00000000E+00  0.24432303E+00  0.00000000E+00  0.00000000E+00  0.19534736E+09  0.00000000E+00  0.00000000E+00  0.00000000E+00  0.00000000E+00  0.00000000E+00  0.10000000E-01  0.10000000E+01
 0.13900200E-08  0.16663971E-01  0.00000000E+00  0.24627650E+00  0.00000000E+00  0.00000000E+00  0.19534736E+09  0.00000000E+00  0.00000000E+00  0.00000000E+00  0.00000000E+00  0.00000000E+00  0.10000000E-01  0.10000000E+01
 0.14000200E-08  0.16663971E-01  0.00000000E+00  0.24822998E+00  0.00000000E+00  0.00000000E+00  0.19534736E+09  0.00000000E+00  0.00000000E+00  0.00000000E+00  0.00000000E+00  0.00000000E+00  0.10000000E-01  0.10000000E+01
 0.14100200E-08  0.16663971E-01  0.00000000E+00  0.25018345E+00  0.00000000E+00  0.00000000E+00  0.19534736E+09  0.00000000E+00  0.00000000E+00  0.00000000E+00  0.00000000E+00  0.00000000E+00  0.10000000E-01  0.10000000E+01
 0.14200200E-08  0.16663971E-01  0.00000000E+00  0.25213693E+00  0.00000000E+00  0.00000000E+00  0.19534736E+09  0.00000000E+00  0.00000000E+00  0.00000000E+00  0.00000000E+00  0.00000000E+00  0.10000000E-01  0.10000000E+01
 0.14300200E-08  0.16663971E-01  0.00000000E+00  0.25409040E+00  0.00000000E+00  0.00000000E+00  0.19534736E+09  0.00000000E+00  0.00000000E+00  0.00000000E+00  0.00000000E+00  0.00000000E+00  0.10000000E-01  0.10000000E+01
 0.14400200E-08  0.16663971E-01  0.00000000E+00  0.25604387E+00  0.00000000E+00  0.00000000E+00  0.19534736E+09  0.00000000E+00  0.00000000E+00  0.00000000E+00  0.00000000E+00  0.00000000E+00  0.10000000E-01  0.10000000E+01
 0.14500200E-08  0.16663971E-01  0.00000000E+00  0.25799735E+00  0.00000000E+00  0.00000000E+00  0.19534736E+09  0.00000000E+00  0.00000000E+00  0.00000000E+00  0.00000000E+00  0.00000000E+00  0.10000000E-01  0.10000000E+01
 0.14600200E-08  0.16663971E-01  0.00000000E+00  0.25995082E+00  0.00000000E+00  0.00000000E+00  0.19534736E+09  0.00000000E+00  0.00000000E+00  0.00000000E+00  0.00000000E+00  0.00000000E+00  0.10000000E-01  0.10000000E+01
 0.14700200E-08  0.16663971E-01  0.00000000E+00  0.26190429E+00  0.00000000E+00  0.00000000E+00  0.19534736E+09  0.00000000E+00  0.00000000E+00  0.00000000E+00  0.00000000E+00  0.00000000E+00  0.10000000E-01  0.10000000E+01
 0.14800200E-08  0.16663971E-01  0.00000000E+00  0.26385777E+00  0.00000000E+00  0.00000000E+00  0.19534736E+09  0.00000000E+00  0.00000000E+00  0.00000000E+00  0.00000000E+00  0.00000000E+00  0.10000000E-01  0.10000000E+01
 0.14900200E-08  0.16663971E-01  0.00000000E+00  0.26581124E+00  0.00000000E+00  0.00000000E+00  0.19534736E+09  0.00000000E+00  0.00000000E+00  0.00000000E+00  0.00000000E+00  0.00000000E+00  0.10000000E-01  0.10000000E+01
 0.15000200E-08  0.16663971E-01  0.00000000E+00  0.26776471E+00  0.00000000E+00  0.00000000E+00  0.19534736E+09  0.00000000E+00  0.00000000E+00  0.00000000E+00  0.00000000E+00  0.00000000E+00  0.10000000E-01  0.10000000E+01
 0.15100200E-08  0.16663971E-01  0.00000000E+00  0.26971819E+00  0.00000000E+00  0.00000000E+00  0.19534736E+09  0.00000000E+00  0.00000000E+00  0.00000000E+00  0.00000000E+00  0.00000000E+00  0.10000000E-01  0.10000000E+01
 0.15200200E-08  0.16663971E-01  0.00000000E+00  0.27167166E+00  0.00000000E+00  0.00000000E+00  0.19534736E+09  0.00000000E+00  0.00000000E+00  0.00000000E+00  0.00000000E+00  0.00000000E+00  0.10000000E-01  0.10000000E+01
 0.15300200E-08  0.16663971E-01  0.00000000E+00  0.27362514E+00  0.00000000E+00  0.00000000E+00  0.19534736E+09  0.00000000E+00  0.00000000E+00  0.00000000E+00  0.00000000E+00  0.00000000E+00  0.10000000E-01  0.10000000E+01
 0.15400200E-08  0.16663971E-01  0.00000000E+00  0.27557861E+00  0.00000000E+00  0.00000000E+00  0.19534736E+09  0.00000000E+00  0.00000000E+00  0.00000000E+00  0.00000000E+00  0.00000000E+00  0.10000000E-01  0.10000000E+01
 0.15500200E-08  0.16663971E-01  0.00000000E+00  0.27753208E+00  0.00000000E+00  0.00000000E+00  0.19534736E+09  0.00000000E+00  0.00000000E+00  0.00000000E+00  0.00000000E+00  0.00000000E+00  0.10000000E-01  0.10000000E+01
 0.15600200E-08  0.16663971E-01  0.00000000E+00  0.27948556E+00  0.00000000E+00  0.00000000E+00  0.19534736E+09  0.00000000E+00  0.00000000E+00  0.00000000E+00  0.00000000E+00  0.00000000E+00  0.10000000E-01  0.10000000E+01
 0.15700200E-08  0.16663971E-01  0.00000000E+00  0.28143903E+00  0.00000000E+00  0.00000000E+00  0.19534736E+09  0.00000000E+00  0.00000000E+00  0.00000000E+00  0.00000000E+00  0.00000000E+00  0.10000000E-01  0.10000000E+01
 0.15800200E-08  0.16663971E-01  0.00000000E+00  0.28339250E+00  0.00000000E+00  0.00000000E+00  0.19534736E+09  0.00000000E+00  0.00000000E+00  0.00000000E+00  0.00000000E+00  0.00000000E+00  0.10000000E-01  0.10000000E+01
 0.15900200E-08  0.16663971E-01  0.00000000E+00  0.28534598E+00  0.00000000E+00  0.00000000E+00  0.19534736E+09  0.00000000E+00  0.00000000E+00  0.00000000E+00  0.00000000E+00  0.00000000E+00  0.10000000E-01  0.10000000E+01
 0.16000200E-08  0.16663971E-01  0.00000000E+00  0.28729945E+00  0.00000000E+00  0.00000000E+00  0.19534736E+09  0.00000000E+00  0.00000000E+00  0.00000000E+00  0.00000000E+00  0.00000000E+00  0.10000000E-01  0.10000000E+01
 0.16100200E-08  0.16663971E-01  0.00000000E+00  0.28925292E+00  0.00000000E+00  0.00000000E+00  0.19534736E+09  0.00000000E+00  0.00000000E+00  0.00000000E+00  0.00000000E+00  0.00000000E+00  0.10000000E-01  0.10000000E+01
 0.16200200E-08  0.16663971E-01  0.00000000E+00  0.29120640E+00  0.00000000E+00  0.00000000E+00  0.19534736E+09  0.00000000E+00  0.00000000E+00  0.00000000E+00  0.00000000E+00  0.00000000E+00  0.10000000E-01  0.10000000E+01
 0.16300200E-08  0.16663971E-01  0.00000000E+00  0.29315987E+00  0.00000000E+00  0.00000000E+00  0.19534736E+09  0.00000000E+00  0.00000000E+00  0.00000000E+00  0.00000000E+00  0.00000000E+00  0.10000000E-01  0.10000000E+01
 0.16400200E-08  0.16663971E-01  0.00000000E+00  0.29511335E+00  0.00000000E+00  0.00000000E+00  0.19534736E+09  0.00000000E+00  0.00000000E+00  0.00000000E+00  0.00000000E+00  0.00000000E+00  0.10000000E-01  0.10000000E+01
 0.16500200E-08  0.16663971E-01  0.00000000E+00  0.29706682E+00  0.00000000E+00  0.00000000E+00  0.19534736E+09  0.00000000E+00  0.00000000E+00  0.00000000E+00  0.00000000E+00  0.00000000E+00  0.10000000E-01  0.10000000E+01
 0.16600200E-08  0.16663971E-01  0.00000000E+00  0.29902029E+00  0.00000000E+00  0.00000000E+00  0.19534736E+09  0.00000000E+00  0.00000000E+00  0.00000000E+00  0.00000000E+00  0.00000000E+00  0.10000000E-01  0.10000000E+01
 0.16700200E-08  0.16663971E-01  0.00000000E+00  0.30097377E+00  0.00000000E+00  0.00000000E+00  0.19534736E+09  0.00000000E+00  0.00000000E+00  0.00000000E+00  0.00000000E+00  0.00000000E+00  0.10000000E-01  0.10000000E+01
 0.16800200E-08  0.16663971E-01  0.00000000E+00  0.30292724E+00  0.00000000E+00  0.00000000E+00  0.19534736E+09  0.00000000E+00  0.00000000E+00  0.00000000E+00  0.00000000E+00  0.00000000E+00  0.10000000E-01  0.10000000E+01
 0.16900200E-08  0.16663971E-01  0.00000000E+00  0.30488071E+00  0.00000000E+00  0.00000000E+00  0.19534736E+09  0.00000000E+00  0.00000000E+00  0.00000000E+00  0.00000000E+00  0.00000000E+00  0.10000000E-01  0.10000000E+01
 0.17000200E-08  0.16663971E-01  0.00000000E+00  0.30683419E+00  0.00000000E+00  0.00000000E+00  0.19534736E+09  0.00000000E+00  0.00000000E+00  0.00000000E+00  0.00000000E+00  0.00000000E+00  0.10000000E-01  0.10000000E+01
 0.17100200E-08  0.16663971E-01  0.00000000E+00  0.30878766E+00  0.00000000E+00  0.00000000E+00  0.19534736E+09  0.00000000E+00  0.00000000E+00  0.00000000E+00  0.00000000E+00  0.00000000E+00  0.10000000E-01  0.10000000E+01
 0.17200200E-08  0.16663971E-01  0.00000000E+00  0.31074113E+00  0.00000000E+00  0.00000000E+00  0.19534736E+09  0.00000000E+00  0.00000000E+00  0.00000000E+00  0.00000000E+00  0.00000000E+00  0.10000000E-01  0.10000000E+01
 0.17300200E-08  0.16663971E-01  0.00000000E+00  0.31269461E+00  0.00000000E+00  0.00000000E+00  0.19534736E+09  0.00000000E+00  0.00000000E+00  0.00000000E+00  0.00000000E+00  0.00000000E+00  0.10000000E-01  0.10000000E+01
 0.17400200E-08  0.16663971E-01  0.00000000E+00  0.31464808E+00  0.00000000E+00  0.00000000E+00  0.19534736E+09  0.00000000E+00  0.00000000E+00  0.00000000E+00  0.00000000E+00  0.00000000E+00  0.10000000E-01  0.10000000E+01
 0.17500200E-08  0.16663971E-01  0.00000000E+00  0.31660156E+00  0.00000000E+00  0.00000000E+00  0.19534736E+09  0.00000000E+00  0.00000000E+00  0.00000000E+00  0.00000000E+00  0.00000000E+00  0.10000000E-01  0.10000000E+01
 0.17600200E-08  0.16663971E-01  0.00000000E+00  0.31855503E+00  0.00000000E+00  0.00000000E+00  0.19534736E+09  0.00000000E+00  0.00000000E+00  0.00000000E+00  0.00000000E+00  0.00000000E+00  0.10000000E-01  0.10000000E+01
 0.17700200E-08  0.16663971E-01  0.00000000E+00  0.32050850E+00  0.00000000E+00  0.00000000E+00  0.19534736E+09  0.00000000E+00  0.00000000E+00  0.00000000E+00  0.00000000E+00  0.00000000E+00  0.10000000E-01  0.10000000E+01
 0.17800200E-08  0.16663971E-01  0.00000000E+00  0.32246198E+00  0.00000000E+00  0.00000000E+00  0.19534736E+09  0.00000000E+00  0.00000000E+00  0.00000000E+00  0.00000000E+00  0.00000000E+00  0.10000000E-01  0.10000000E+01
 0.17900200E-08  0.16663971E-01  0.00000000E+00  0.32441545E+00  0.00000000E+00  0.00000000E+00  0.19534736E+09  0.00000000E+00  0.00000000E+00  0.00000000E+00  0.00000000E+00  0.00000000E+00  0.10000000E-01  0.10000000E+01
 0.18000200E-08  0.16663971E-01  0.00000000E+00  0.32636892E+00  0.00000000E+00  0.00000000E+00  0.19534736E+09  0.00000000E+00  0.00000000E+00  0.00000000E+00  0.00000000E+00  0.00000000E+00  0.10000000E-01  0.10000000E+01
 0.18100200E-08  0.16663971E-01  0.00000000E+00  0.32832240E+00  0.00000000E+00  0.00000000E+00  0.19534736E+09  0.00000000E+00  0.00000000E+00  0.00000000E+00  0.00000000E+00  0.00000000E+00  0.10000000E-01  0.10000000E+01
 0.18200200E-08  0.16663971E-01  0.00000000E+00  0.33027587E+00  0.00000000E+00  0.00000000E+00  0.19534736E+09  0.00000000E+00  0.00000000E+00  0.00000000E+00  0.00000000E+00  0.00000000E+00  0.10000000E-01  0.10000000E+01
 0.18300200E-08  0.16663971E-01  0.00000000E+00  0.33222934E+00  0.00000000E+00  0.00000000E+00  0.19534736E+09  0.00000000E+00  0.00000000E+00  0.00000000E+00  0.00000000E+00  0.00000000E+00  0.10000000E-01  0.10000000E+01
 0.18400200E-08  0.16663971E-01  0.00000000E+00  0.33418282E+00  0.00000000E+00  0.00000000E+00  0.19534736E+09  0.00000000E+00  0.00000000E+00  0.00000000E+00  0.00000000E+00  0.00000000E+00  0.10000000E-01  0.10000000E+01
 0.18500200E-08  0.16663971E-01  0.00000000E+00  0.33613629E+00  0.00000000E+00  0.00000000E+00  0.19534736E+09  0.00000000E+00  0.00000000E+00  0.00000000E+00  0.00000000E+00  0.00000000E+00  0.10000000E-01  0.10000000E+01
 0.18600200E-08  0.16663971E-01  0.00000000E+00  0.33808976E+00  0.00000000E+00  0.00000000E+00  0.19534736E+09  0.00000000E+00  0.00000000E+00  0.00000000E+00  0.00000000E+00  0.00000000E+00  0.10000000E-01  0.10000000E+01
 0.18700200E-08  0.16663971E-01  0.00000000E+00  0.34004324E+00  0.00000000E+00  0.00000000E+00  0.19534736E+09  0.00000000E+00  0.00000000E+00  0.00000000E+00  0.00000000E+00  0.00000000E+00  0.10000000E-01  0.10000000E+01
 0.18800200E-08  0.16663971E-01  0.00000000E+00  0.34199671E+00  0.00000000E+00  0.00000000E+00  0.19534736E+09  0.00000000E+00  0.00000000E+00  0.00000000E+00  0.00000000E+00  0.00000000E+00  0.10000000E-01  0.10000000E+01
 0.18900200E-08  0.16663971E-01  0.00000000E+00  0.34395019E+00  0.00000000E+00  0.00000000E+00  0.19534736E+09  0.00000000E+00  0.00000000E+00  0.00000000E+00  0.00000000E+00  0.00000000E+00  0.10000000E-01  0.10000000E+01
 0.19000200E-08  0.16663971E-01  0.00000000E+00  0.34590366E+00  0.00000000E+00  0.00000000E+00  0.19534736E+09  0.00000000E+00  0.00000000E+00  0.00000000E+00  0.00000000E+00  0.00000000E+00  0.10000000E-01  0.10000000E+01
 0.19100200E-08  0.16663971E-01  0.00000000E+00  0.34785713E+00  0.00000000E+00  0.00000000E+00  0.19534736E+09  0.00000000E+00  0.00000000E+00  0.00000000E+00  0.00000000E+00  0.00000000E+00  0.10000000E-01  0.10000000E+01
 0.19200200E-08  0.16663971E-01  0.00000000E+00  0.34981061E+00  0.00000000E+00  0.00000000E+00  0.19534736E+09  0.00000000E+00  0.00000000E+00  0.00000000E+00  0.00000000E+00  0.00000000E+00  0.10000000E-01  0.10000000E+01
 0.19300200E-08  0.16663971E-01  0.00000000E+00  0.35176408E+00  0.00000000E+00  0.00000000E+00  0.19534736E+09  0.00000000E+00  0.00000000E+00  0.00000000E+00  0.00000000E+00  0.00000000E+00  0.10000000E-01  0.10000000E+01
 0.19400200E-08  0.16663971E-01  0.00000000E+00  0.35371755E+00  0.00000000E+00  0.00000000E+00  0.19534736E+09  0.00000000E+00  0.00000000E+00  0.00000000E+00  0.00000000E+00  0.00000000E+00  0.10000000E-01  0.10000000E+01
 0.19500200E-08  0.16663971E-01  0.00000000E+00  0.35567103E+00  0.00000000E+00  0.00000000E+00  0.19534736E+09  0.00000000E+00  0.00000000E+00  0.00000000E+00  0.00000000E+00  0.00000000E+00  0.10000000E-01  0.10000000E+01
 0.19600200E-08  0.16663971E-01  0.00000000E+00  0.35762450E+00  0.00000000E+00  0.00000000E+00  0.19534736E+09  0.00000000E+00  0.00000000E+00  0.00000000E+00  0.00000000E+00  0.00000000E+00  0.10000000E-01  0.10000000E+01
 0.19700200E-08  0.16663971E-01  0.00000000E+00  0.35957797E+00  0.00000000E+00  0.00000000E+00  0.19534736E+09  0.00000000E+00  0.00000000E+00  0.00000000E+00  0.00000000E+00  0.00000000E+00  0.10000000E-01  0.10000000E+01
 0.19800200E-08  0.16663971E-01  0.00000000E+00  0.36153145E+00  0.00000000E+00  0.00000000E+00  0.19534736E+09  0.00000000E+00  0.00000000E+00  0.00000000E+00  0.00000000E+00  0.00000000E+00  0.10000000E-01  0.10000000E+01
 0.19900200E-08  0.16663971E-01  0.00000000E+00  0.36348492E+00  0.00000000E+00  0.00000000E+00  0.19534736E+09  0.00000000E+00  0.00000000E+00  0.00000000E+00  0.00000000E+00  0.00000000E+00  0.10000000E-01  0.10000000E+01
