# ptime xp yp zp vx vy vz ex ey ez bx by bz wt
 0.20000000E-13  0.17568036E-01  0.00000000E+00 -0.18096806E-01  0.00000000E+00  0.00000000E+00  0.18499822E+09  0.00000000E+00  0.00000000E+00  0.00000000E+00  0.00000000E+00  0.00000000E+00  0.10000000E-01  0.10000000E+01
 0.10000000E-10  0.17568036E-01  0.00000000E+00 -0.16250524E-01  0.00000000E+00  0.00000000E+00  0.18499822E+09  0.00000000E+00  0.00000000E+00  0.00000000E+00  0.00000000E+00  0.00000000E+00  0.10000000E-01  0.10000000E+01
 0.20000000E-10  0.17568036E-01  0.00000000E+00 -0.14400542E-01  0.00000000E+00  0.00000000E+00  0.18499822E+09  0.00000000E+00  0.00000000E+00  0.00000000E+00  0.00000000E+00  0.00000000E+00  0.10000000E-01  0.10000000E+01
 0.30000000E-10  0.17568036E-01  0.00000000E+00 -0.12550559E-01  0.00000000E+00  0.00000000E+00  0.18499822E+09  0.00000000E+00  0.00000000E+00  0.00000000E+00  0.00000000E+00  0.00000000E+00  0.10000000E-01  0.10000000E+01
 0.40020000E-10  0.17568036E-01  0.00000000E+00 -0.10696877E-01  0.00000000E+00  0.00000000E+00  0.18499822E+09  0.00000000E+00  0.00000000E+00  0.00000000E+00  0.00000000E+00  0.00000000E+00  0.10000000E-01  0.10000000E+01
 0.50020000E-10  0.17568036E-01  0.00000000E+00 -0.88468950E-02  0.00000000E+00  0.00000000E+00  0.18499822E+09  0.00000000E+00  0.00000000E+00  0.00000000E+00  0.00000000E+00  0.00000000E+00  0.10000000E-01  0.10000000E+01
 0.60020000E-10  0.17568036E-01  0.00000000E+00 -0.69969128E-02  0.00000000E+00  0.00000000E+00  0.18499822E+09  0.00000000E+00  0.00000000E+00  0.00000000E+00  0.00000000E+00  0.00000000E+00  0.10000000E-01  0.10000000E+01
 0.70020000E-10  0.17568036E-01  0.00000000E+00 -0.51469305E-02  0.00000000E+00  0.00000000E+00  0.18499822E+09  0.00000000E+00  0.00000000E+00  0.00000000E+00  0.00000000E+00  0.00000000E+00  0.10000000E-01  0.10000000E+01
 0.80000000E-10  0.17568036E-01  0.00000000E+00 -0.33006483E-02  0.00000000E+00  0.00000000E+00  0.18499822E+09  0.00000000E+00  0.00000000E+00  0.00000000E+00  0.00000000E+00  0.00000000E+00  0.10000000E-01  0.10000000E+01
 0.90000000E-10  0.17568036E-01  0.00000000E+00 -0.14506660E-02  0.00000000E+00  0.00000000E+00  0.18499822E+09  0.00000000E+00  0.00000000E+00  0.00000000E+00  0.00000000E+00  0.00000000E+00  0.10000000E-01  0.10000000E+01
 0.10000000E-09  0.17568036E-01  0.00000000E+00  0.39931620E-03  0.00000000E+00  0.00000000E+00  0.18499822E+09  0.00000000E+00  0.00000000E+00  0.00000000E+00  0.00000000E+00  0.00000000E+00  0.10000000E-01  0.10000000E+01
 0.11000000E-09  0.17568036E-01  0.00000000E+00  0.22492984E-02  0.00000000E+00  0.00000000E+00  0.18499822E+09  0.00000000E+00  0.00000000E+00  0.00000000E+00  0.00000000E+00  0.00000000E+00  0.10000000E-01  0.10000000E+01
 0.12000000E-09  0.17568036E-01  0.00000000E+00  0.40992807E-02  0.00000000E+00  0.00000000E+00  0.18499822E+09  0.00000000E+00  0.00000000E+00  0.00000000E+00  0.00000000E+00  0.00000000E+00  0.10000000E-01  0.10000000E+01
 0.13000000E-09  0.17568036E-01  0.00000000E+00  0.59492629E-02  0.00000000E+00  0.00000000E+00  0.18499822E+09  0.00000000E+00  0.00000000E+00  0.00000000E+00  0.00000000E+00  0.00000000E+00  0.10000000E-01  0.10000000E+01
 0.14002000E-09  0.17568036E-01  0.00000000E+00  0.78029451E-02  0.00000000E+00  0.00000000E+00  0.18499822E+09  0.00000000E+00  0.00000000E+00  0.00000000E+00  0.00000000E+00  0.00000000E+00  0.10000000E-01  0.10000000E+01
 0.15002000E-09  0.17568036E-01  0.00000000E+00  0.96529273E-02  0.00000000E+00  0.00000000E+00  0.18499822E+09  0.00000000E+00  0.00000000E+00  0.00000000E+00  0.00000000E+00  0.00000000E+00  0.10000000E-01  0.10000000E+01
 0.16002000E-09  0.17568036E-01  0.00000000E+00  0.11502910E-01  0.00000000E+00  0.00000000E+00  0.18499822E+09  0.00000000E+00  0.00000000E+00  0.00000000E+00  0.00000000E+00  0.00000000E+00  0.10000000E-01  0.10000000E+01
 0.17002000E-09  0.17568036E-01  0.00000000E+00  0.13352892E-01  0.00000000E+00  0.00000000E+00  0.18499822E+09  0.00000000E+00  0.00000000E+00  0.00000000E+00  0.00000000E+00  0.00000000E+00  0.10000000E-01  0.10000000E+01
 0.18002000E-09  0.17568036E-01  0.00000000E+00  0.15202874E-01  0.00000000E+00  0.00000000E+00  0.18499822E+09  0.00000000E+00  0.00000000E+00  0.00000000E+00  0.00000000E+00  0.00000000E+00  0.10000000E-01  0.10000000E+01
 0.19002000E-09  0.17568036E-01  0.00000000E+00  0.17052856E-01  0.00000000E+00  0.00000000E+00  0.18499822E+09  0.00000000E+00  0.00000000E+00  0.00000000E+00  0.00000000E+00  0.00000000E+00  0.10000000E-01  0.10000000E+01
 0.20002000E-09  0.17568036E-01  0.00000000E+00  0.18902838E-01  0.00000000E+00  0.00000000E+00  0.18499822E+09  0.00000000E+00  0.00000000E+00  0.00000000E+00  0.00000000E+00  0.00000000E+00  0.10000000E-01  0.10000000E+01
 0.21002000E-09  0.17568036E-01  0.00000000E+00  0.20752821E-01  0.00000000E+00  0.00000000E+00  0.18499822E+09  0.00000000E+00  0.00000000E+00  0.00000000E+00  0.00000000E+00  0.00000000E+00  0.10000000E-01  0.10000000E+01
 0.22002000E-09  0.17568036E-01  0.00000000E+00  0.22602803E-01  0.00000000E+00  0.00000000E+00  0.18499822E+09  0.00000000E+00  0.00000000E+00  0.00000000E+00  0.00000000E+00  0.00000000E+00  0.10000000E-01  0.10000000E+01
 0.23002000E-09  0.17568036E-01  0.00000000E+00  0.24452785E-01  0.00000000E+00  0.00000000E+00  0.18499822E+09  0.00000000E+00  0.00000000E+00  0.00000000E+00  0.00000000E+00  0.00000000E+00  0.10000000E-01  0.10000000E+01
 0.24002000E-09  0.17568036E-01  0.00000000E+00  0.26302767E-01  0.00000000E+00  0.00000000E+00  0.18499822E+09  0.00000000E+00  0.00000000E+00  0.00000000E+00  0.00000000E+00  0.00000000E+00  0.10000000E-01  0.10000000E+01
 0.25002000E-09  0.17568036E-01  0.00000000E+00  0.28152750E-01  0.00000000E+00  0.00000000E+00  0.18499822E+09  0.00000000E+00  0.00000000E+00  0.00000000E+00  0.00000000E+00  0.00000000E+00  0.10000000E-01  0.10000000E+01
 0.26002000E-09  0.17568036E-01  0.00000000E+00  0.30002732E-01  0.00000000E+00  0.00000000E+00  0.18499822E+09  0.00000000E+00  0.00000000E+00  0.00000000E+00  0.00000000E+00  0.00000000E+00  0.10000000E-01  0.10000000E+01
 0.27002000E-09  0.17568036E-01  0.00000000E+00  0.31852714E-01  0.00000000E+00  0.00000000E+00  0.18499822E+09  0.00000000E+00  0.00000000E+00  0.00000000E+00  0.00000000E+00  0.00000000E+00  0.10000000E-01  0.10000000E+01
 0.28002000E-09  0.17568036E-01  0.00000000E+00  0.33702696E-01  0.00000000E+00  0.00000000E+00  0.18499822E+09  0.00000000E+00  0.00000000E+00  0.00000000E+00  0.00000000E+00  0.00000000E+00  0.10000000E-01  0.10000000E+01
 0.29002000E-09  0.17568036E-01  0.00000000E+00  0.35552679E-01  0.00000000E+00  0.00000000E+00  0.18499822E+09  0.00000000E+00  0.00000000E+00  0.00000000E+00  0.00000000E+00  0.00000000E+00  0.10000000E-01  0.10000000E+01
 0.30000000E-09  0.17568036E-01  0.00000000E+00  0.37398961E-01  0.00000000E+00  0.00000000E+00  0.18499822E+09  0.00000000E+00  0.00000000E+00  0.00000000E+00  0.00000000E+00  0.00000000E+00  0.10000000E-01  0.10000000E+01
 0.31000000E-09  0.17568036E-01  0.00000000E+00  0.39248943E-01  0.00000000E+00  0.00000000E+00  0.18499822E+09  0.00000000E+00  0.00000000E+00  0.00000000E+00  0.00000000E+00  0.00000000E+00  0.10000000E-01  0.10000000E+01
 0.32000000E-09  0.17568036E-01  0.00000000E+00  0.41098925E-01  0.00000000E+00  0.00000000E+00  0.18499822E+09  0.00000000E+00  0.00000000E+00  0.00000000E+00  0.00000000E+00  0.00000000E+00  0.10000000E-01  0.10000000E+01
 0.33000000E-09  0.17568036E-01  0.00000000E+00  0.42948907E-01  0.00000000E+00  0.00000000E+00  0.18499822E+09  0.00000000E+00  0.00000000E+00  0.00000000E+00  0.00000000E+00  0.00000000E+00  0.10000000E-01  0.10000000E+01
 0.34000000E-09  0.17568036E-01  0.00000000E+00  0.44798890E-01  0.00000000E+00  0.00000000E+00  0.18499822E+09  0.00000000E+00  0.00000000E+00  0.00000000E+00  0.00000000E+00  0.00000000E+00  0.10000000E-01  0.10000000E+01
 0.35000000E-09  0.17568036E-01  0.00000000E+00  0.46648872E-01  0.00000000E+00  0.00000000E+00  0.18499822E+09  0.00000000E+00  0.00000000E+00  0.00000000E+00  0.00000000E+00  0.00000000E+00  0.10000000E-01  0.10000000E+01
 0.36000000E-09  0.17568036E-01  0.00000000E+00  0.48498854E-01  0.00000000E+00  0.00000000E+00  0.18499822E+09  0.00000000E+00  0.00000000E+00  0.00000000E+00  0.00000000E+00  0.00000000E+00  0.10000000E-01  0.10000000E+01
 0.37000000E-09  0.17568036E-01  0.00000000E+00  0.50348836E-01  0.00000000E+00  0.00000000E+00  0.18499822E+09  0.00000000E+00  0.00000000E+00  0.00000000E+00  0.00000000E+00  0.00000000E+00  0.10000000E-01  0.10000000E+01
 0.38000000E-09  0.17568036E-01  0.00000000E+00  0.52198819E-01  0.00000000E+00  0.00000000E+00  0.18499822E+09  0.00000000E+00  0.00000000E+00  0.00000000E+00  0.00000000E+00  0.00000000E+00  0.10000000E-01  0.10000000E+01
 0.39000000E-09  0.17568036E-01  0.00000000E+00  0.54048801E-01  0.00000000E+00  0.00000000E+00  0.18499822E+09  0.00000000E+00  0.00000000E+00  0.00000000E+00  0.00000000E+00  0.00000000E+00  0.10000000E-01  0.10000000E+01
 0.40000000E-09  0.17568036E-01  0.00000000E+00  0.55898783E-01  0.00000000E+00  0.00000000E+00  0.18499822E+09  0.00000000E+00  0.00000000E+00  0.00000000E+00  0.00000000E+00  0.00000000E+00  0.10000000E-01  0.10000000E+01
 0.41000000E-09  0.17568036E-01  0.00000000E+00  0.57748765E-01  0.00000000E+00  0.00000000E+00  0.18499822E+09  0.00000000E+00  0.00000000E+00  0.00000000E+00  0.00000000E+00  0.00000000E+00  0.10000000E-01  0.10000000E+01
 0.42000000E-09  0.17568036E-01  0.00000000E+00  0.59598748E-01  0.00000000E+00  0.00000000E+00  0.18499822E+09  0.00000000E+00  0.00000000E+00  0.00000000E+00  0.00000000E+00  0.00000000E+00  0.10000000E-01  0.10000000E+01
 0.43000000E-09  0.17568036E-01  0.00000000E+00  0.61448730E-01  0.00000000E+00  0.00000000E+00  0.18499822E+09  0.00000000E+00  0.00000000E+00  0.00000000E+00  0.00000000E+00  0.00000000E+00  0.10000000E-01  0.10000000E+01
 0.44000000E-09  0.17568036E-01  0.00000000E+00  0.63298712E-01  0.00000000E+00  0.00000000E+00  0.18499822E+09  0.00000000E+00  0.00000000E+00  0.00000000E+00  0.00000000E+00  0.00000000E+00  0.10000000E-01  0.10000000E+01
 0.45000000E-09  0.17568036E-01  0.00000000E+00  0.65148694E-01  0.00000000E+00  0.00000000E+00  0.18499822E+09  0.00000000E+00  0.00000000E+00  0.00000000E+00  0.00000000E+00  0.00000000E+00  0.10000000E-01  0.10000000E+01
 0.46000000E-09  0.17568036E-01  0.00000000E+00  0.66998676E-01  0.00000000E+00  0.00000000E+00  0.18499822E+09  0.00000000E+00  0.00000000E+00  0.00000000E+00  0.00000000E+00  0.00000000E+00  0.10000000E-01  0.10000000E+01
 0.47000000E-09  0.17568036E-01  0.00000000E+00  0.68848659E-01  0.00000000E+00  0.00000000E+00  0.18499822E+09  0.00000000E+00  0.00000000E+00  0.00000000E+00  0.00000000E+00  0.00000000E+00  0.10000000E-01  0.10000000E+01
 0.48000000E-09  0.17568036E-01  0.00000000E+00  0.70698641E-01  0.00000000E+00  0.00000000E+00  0.18499822E+09  0.00000000E+00  0.00000000E+00  0.00000000E+00  0.00000000E+00  0.00000000E+00  0.10000000E-01  0.10000000E+01
 0.49000000E-09  0.17568036E-01  0.00000000E+00  0.72548623E-01  0.00000000E+00  0.00000000E+00  0.18499822E+09  0.00000000E+00  0.00000000E+00  0.00000000E+00  0.00000000E+00  0.00000000E+00  0.10000000E-01  0.10000000E+01
 0.50000000E-09  0.17568036E-01  0.00000000E+00  0.74398605E-01  0.00000000E+00  0.00000000E+00  0.18499822E+09  0.00000000E+00  0.00000000E+00  0.00000000E+00  0.00000000E+00  0.00000000E+00  0.10000000E-01  0.10000000E+01
 0.51000000E-09  0.17568036E-01  0.00000000E+00  0.76248588E-01  0.00000000E+00  0.00000000E+00  0.18499822E+09  0.00000000E+00  0.00000000E+00  0.00000000E+00  0.00000000E+00  0.00000000E+00  0.10000000E-01  0.10000000E+01
 0.52000000E-09  0.17568036E-01  0.00000000E+00  0.78098570E-01  0.00000000E+00  0.00000000E+00  0.18499822E+09  0.00000000E+00  0.00000000E+00  0.00000000E+00  0.00000000E+00  0.00000000E+00  0.10000000E-01  0.10000000E+01
 0.53000000E-09  0.17568036E-01  0.00000000E+00  0.79948552E-01  0.00000000E+00  0.00000000E+00  0.18499822E+09  0.00000000E+00  0.00000000E+00  0.00000000E+00  0.00000000E+00  0.00000000E+00  0.10000000E-01  0.10000000E+01
 0.54000000E-09  0.17568036E-01  0.00000000E+00  0.81798534E-01  0.00000000E+00  0.00000000E+00  0.18499822E+09  0.00000000E+00  0.00000000E+00  0.00000000E+00  0.00000000E+00  0.00000000E+00  0.10000000E-01  0.10000000E+01
 0.55002000E-09  0.17568036E-01  0.00000000E+00  0.83652217E-01  0.00000000E+00  0.00000000E+00  0.18499822E+09  0.00000000E+00  0.00000000E+00  0.00000000E+00  0.00000000E+00  0.00000000E+00  0.10000000E-01  0.10000000E+01
 0.56002000E-09  0.17568036E-01  0.00000000E+00  0.85502199E-01  0.00000000E+00  0.00000000E+00  0.18499822E+09  0.00000000E+00  0.00000000E+00  0.00000000E+00  0.00000000E+00  0.00000000E+00  0.10000000E-01  0.10000000E+01
 0.57002000E-09  0.17568036E-01  0.00000000E+00  0.87352181E-01  0.00000000E+00  0.00000000E+00  0.18499822E+09  0.00000000E+00  0.00000000E+00  0.00000000E+00  0.00000000E+00  0.00000000E+00  0.10000000E-01  0.10000000E+01
 0.58002000E-09  0.17568036E-01  0.00000000E+00  0.89202163E-01  0.00000000E+00  0.00000000E+00  0.18499822E+09  0.00000000E+00  0.00000000E+00  0.00000000E+00  0.00000000E+00  0.00000000E+00  0.10000000E-01  0.10000000E+01
 0.59002000E-09  0.17568036E-01  0.00000000E+00  0.91052145E-01  0.00000000E+00  0.00000000E+00  0.18499822E+09  0.00000000E+00  0.00000000E+00  0.00000000E+00  0.00000000E+00  0.00000000E+00  0.10000000E-01  0.10000000E+01
 0.60002000E-09  0.17568036E-01  0.00000000E+00  0.92902128E-01  0.00000000E+00  0.00000000E+00  0.18499822E+09  0.00000000E+00  0.00000000E+00  0.00000000E+00  0.00000000E+00  0.00000000E+00  0.10000000E-01  0.10000000E+01
 0.61002000E-09  0.17568036E-01  0.00000000E+00  0.94752110E-01  0.00000000E+00  0.00000000E+00  0.18499822E+09  0.00000000E+00  0.00000000E+00  0.00000000E+00  0.00000000E+00  0.00000000E+00  0.10000000E-01  0.10000000E+01
 0.62002000E-09  0.17568036E-01  0.00000000E+00  0.96602092E-01  0.00000000E+00  0.00000000E+00  0.18499822E+09  0.00000000E+00  0.00000000E+00  0.00000000E+00  0.00000000E+00  0.00000000E+00  0.10000000E-01  0.10000000E+01
 0.63002000E-09  0.17568036E-01  0.00000000E+00  0.98452074E-01  0.00000000E+00  0.00000000E+00  0.18499822E+09  0.00000000E+00  0.00000000E+00  0.00000000E+00  0.00000000E+00  0.00000000E+00  0.10000000E-01  0.10000000E+01
 0.64002000E-09  0.17568036E-01  0.00000000E+00  0.10030206E+00  0.00000000E+00  0.00000000E+00  0.18499822E+09  0.00000000E+00  0.00000000E+00  0.00000000E+00  0.00000000E+00  0.00000000E+00  0.10000000E-01  0.10000000E+01
 0.65002000E-09  0.17568036E-01  0.00000000E+00  0.10215204E+00  0.00000000E+00  0.00000000E+00  0.18499822E+09  0.00000000E+00  0.00000000E+00  0.00000000E+00  0.00000000E+00  0.00000000E+00  0.10000000E-01  0.10000000E+01
 0.66002000E-09  0.17568036E-01  0.00000000E+00  0.10400202E+00  0.00000000E+00  0.00000000E+00  0.18499822E+09  0.00000000E+00  0.00000000E+00  0.00000000E+00  0.00000000E+00  0.00000000E+00  0.10000000E-01  0.10000000E+01
 0.67002000E-09  0.17568036E-01  0.00000000E+00  0.10585200E+00  0.00000000E+00  0.00000000E+00  0.18499822E+09  0.00000000E+00  0.00000000E+00  0.00000000E+00  0.00000000E+00  0.00000000E+00  0.10000000E-01  0.10000000E+01
 0.68002000E-09  0.17568036E-01  0.00000000E+00  0.10770199E+00  0.00000000E+00  0.00000000E+00  0.18499822E+09  0.00000000E+00  0.00000000E+00  0.00000000E+00  0.00000000E+00  0.00000000E+00  0.10000000E-01  0.10000000E+01
 0.69002000E-09  0.17568036E-01  0.00000000E+00  0.10955197E+00  0.00000000E+00  0.00000000E+00  0.18499822E+09  0.00000000E+00  0.00000000E+00  0.00000000E+00  0.00000000E+00  0.00000000E+00  0.10000000E-01  0.10000000E+01
 0.70002000E-09  0.17568036E-01  0.00000000E+00  0.11140195E+00  0.00000000E+00  0.00000000E+00  0.18499822E+09  0.00000000E+00  0.00000000E+00  0.00000000E+00  0.00000000E+00  0.00000000E+00  0.10000000E-01  0.10000000E+01
 0.71002000E-09  0.17568036E-01  0.00000000E+00  0.11325193E+00  0.00000000E+00  0.00000000E+00  0.18499822E+09  0.00000000E+00  0.00000000E+00  0.00000000E+00  0.00000000E+00  0.00000000E+00  0.10000000E-01  0.10000000E+01
 0.72002000E-09  0.17568036E-01  0.00000000E+00  0.11510191E+00  0.00000000E+00  0.00000000E+00  0.18499822E+09  0.00000000E+00  0.00000000E+00  0.00000000E+00  0.00000000E+00  0.00000000E+00  0.10000000E-01  0.10000000E+01
 0.73002000E-09  0.17568036E-01  0.00000000E+00  0.11695190E+00  0.00000000E+00  0.00000000E+00  0.18499822E+09  0.00000000E+00  0.00000000E+00  0.00000000E+00  0.00000000E+00  0.00000000E+00  0.10000000E-01  0.10000000E+01
 0.74002000E-09  0.17568036E-01  0.00000000E+00  0.11880188E+00  0.00000000E+00  0.00000000E+00  0.18499822E+09  0.00000000E+00  0.00000000E+00  0.00000000E+00  0.00000000E+00  0.00000000E+00  0.10000000E-01  0.10000000E+01
 0.75002000E-09  0.17568036E-01  0.00000000E+00  0.12065186E+00  0.00000000E+00  0.00000000E+00  0.18499822E+09  0.00000000E+00  0.00000000E+00  0.00000000E+00  0.00000000E+00  0.00000000E+00  0.10000000E-01  0.10000000E+01
 0.76002000E-09  0.17568036E-01  0.00000000E+00  0.12250184E+00  0.00000000E+00  0.00000000E+00  0.18499822E+09  0.00000000E+00  0.00000000E+00  0.00000000E+00  0.00000000E+00  0.00000000E+00  0.10000000E-01  0.10000000E+01
 0.77002000E-09  0.17568036E-01  0.00000000E+00  0.12435183E+00  0.00000000E+00  0.00000000E+00  0.18499822E+09  0.00000000E+00  0.00000000E+00  0.00000000E+00  0.00000000E+00  0.00000000E+00  0.10000000E-01  0.10000000E+01
 0.78002000E-09  0.17568036E-01  0.00000000E+00  0.12620181E+00  0.00000000E+00  0.00000000E+00  0.18499822E+09  0.00000000E+00  0.00000000E+00  0.00000000E+00  0.00000000E+00  0.00000000E+00  0.10000000E-01  0.10000000E+01
 0.79002000E-09  0.17568036E-01  0.00000000E+00  0.12805179E+00  0.00000000E+00  0.00000000E+00  0.18499822E+09  0.00000000E+00  0.00000000E+00  0.00000000E+00  0.00000000E+00  0.00000000E+00  0.10000000E-01  0.10000000E+01
 0.80002000E-09  0.17568036E-01  0.00000000E+00  0.12990177E+00  0.00000000E+00  0.00000000E+00  0.18499822E+09  0.00000000E+00  0.00000000E+00  0.00000000E+00  0.00000000E+00  0.00000000E+00  0.10000000E-01  0.10000000E+01
 0.81002000E-09  0.17568036E-01  0.00000000E+00  0.13175175E+00  0.00000000E+00  0.00000000E+00  0.18499822E+09  0.00000000E+00  0.00000000E+00  0.00000000E+00  0.00000000E+00  0.00000000E+00  0.10000000E-01  0.10000000E+01
 0.82002000E-09  0.17568036E-01  0.00000000E+00  0.13360174E+00  0.00000000E+00  0.00000000E+00  0.18499822E+09  0.00000000E+00  0.00000000E+00  0.00000000E+00  0.00000000E+00  0.00000000E+00  0.10000000E-01  0.10000000E+01
 0.83002000E-09  0.17568036E-01  0.00000000E+00  0.13545172E+00  0.00000000E+00  0.00000000E+00  0.18499822E+09  0.00000000E+00  0.00000000E+00  0.00000000E+00  0.00000000E+00  0.00000000E+00  0.10000000E-01  0.10000000E+01
 0.84002000E-09  0.17568036E-01  0.00000000E+00  0.13730170E+00  0.00000000E+00  0.00000000E+00  0.18499822E+09  0.00000000E+00  0.00000000E+00  0.00000000E+00  0.00000000E+00  0.00000000E+00  0.10000000E-01  0.10000000E+01
 0.85002000E-09  0.17568036E-01  0.00000000E+00  0.13915168E+00  0.00000000E+00  0.00000000E+00  0.18499822E+09  0.00000000E+00  0.00000000E+00  0.00000000E+00  0.00000000E+00  0.00000000E+00  0.10000000E-01  0.10000000E+01
 0.86002000E-09  0.17568036E-01  0.00000000E+00  0.14100167E+00  0.00000000E+00  0.00000000E+00  0.18499822E+09  0.00000000E+00  0.00000000E+00  0.00000000E+00  0.00000000E+00  0.00000000E+00  0.10000000E-01  0.10000000E+01
 0.87002000E-09  0.17568036E-01  0.00000000E+00  0.14285165E+00  0.00000000E+00  0.00000000E+00  0.18499822E+09  0.00000000E+00  0.00000000E+00  0.00000000E+00  0.00000000E+00  0.00000000E+00  0.10000000E-01  0.10000000E+01
 0.88002000E-09  0.17568036E-01  0.00000000E+00  0.14470163E+00  0.00000000E+00  0.00000000E+00  0.18499822E+09  0.00000000E+00  0.00000000E+00  0.00000000E+00  0.00000000E+00  0.00000000E+00  0.10000000E-01  0.10000000E+01
 0.89002000E-09  0.17568036E-01  0.00000000E+00  0.14655161E+00  0.00000000E+00  0.00000000E+00  0.18499822E+09  0.00000000E+00  0.00000000E+00  0.00000000E+00  0.00000000E+00  0.00000000E+00  0.10000000E-01  0.10000000E+01
 0.90002000E-09  0.17568036E-01  0.00000000E+00  0.14840159E+00  0.00000000E+00  0.00000000E+00  0.18499822E+09  0.00000000E+00  0.00000000E+00  0.00000000E+00  0.00000000E+00  0.00000000E+00  0.10000000E-01  0.10000000E+01
 0.91002000E-09  0.17568036E-01  0.00000000E+00  0.15025158E+00  0.00000000E+00  0.00000000E+00  0.18499822E+09  0.00000000E+00  0.00000000E+00  0.00000000E+00  0.00000000E+00  0.00000000E+00  0.10000000E-01  0.10000000E+01
 0.92002000E-09  0.17568036E-01  0.00000000E+00  0.15210156E+00  0.00000000E+00  0.00000000E+00  0.18499822E+09  0.00000000E+00  0.00000000E+00  0.00000000E+00  0.00000000E+00  0.00000000E+00  0.10000000E-01  0.10000000E+01
 0.93002000E-09  0.17568036E-01  0.00000000E+00  0.15395154E+00  0.00000000E+00  0.00000000E+00  0.18499822E+09  0.00000000E+00  0.00000000E+00  0.00000000E+00  0.00000000E+00  0.00000000E+00  0.10000000E-01  0.10000000E+01
 0.94002000E-09  0.17568036E-01  0.00000000E+00  0.15580152E+00  0.00000000E+00  0.00000000E+00  0.18499822E+09  0.00000000E+00  0.00000000E+00  0.00000000E+00  0.00000000E+00  0.00000000E+00  0.10000000E-01  0.10000000E+01
 0.95002000E-09  0.17568036E-01  0.00000000E+00  0.15765151E+00  0.00000000E+00  0.00000000E+00  0.18499822E+09  0.00000000E+00  0.00000000E+00  0.00000000E+00  0.00000000E+00  0.00000000E+00  0.10000000E-01  0.10000000E+01
 0.96002000E-09  0.17568036E-01  0.00000000E+00  0.15950149E+00  0.00000000E+00  0.00000000E+00  0.18499822E+09  0.00000000E+00  0.00000000E+00  0.00000000E+00  0.00000000E+00  0.00000000E+00  0.10000000E-01  0.10000000E+01
 0.97002000E-09  0.17568036E-01  0.00000000E+00  0.16135147E+00  0.00000000E+00  0.00000000E+00  0.18499822E+09  0.00000000E+00  0.00000000E+00  0.00000000E+00  0.00000000E+00  0.00000000E+00  0.10000000E-01  0.10000000E+01
 0.98002000E-09  0.17568036E-01  0.00000000E+00  0.16320145E+00  0.00000000E+00  0.00000000E+00  0.18499822E+09  0.00000000E+00  0.00000000E+00  0.00000000E+00  0.00000000E+00  0.00000000E+00  0.10000000E-01  0.10000000E+01
 0.99002000E-09  0.17568036E-01  0.00000000E+00  0.16505143E+00  0.00000000E+00  0.00000000E+00  0.18499822E+09  0.00000000E+00  0.00000000E+00  0.00000000E+00  0.00000000E+00  0.00000000E+00  0.10000000E-01  0.10000000E+01
 0.10000200E-08  0.17568036E-01  0.00000000E+00  0.16690142E+00  0.00000000E+00  0.00000000E+00  0.18499822E+09  0.00000000E+00  0.00000000E+00  0.00000000E+00  0.00000000E+00  0.00000000E+00  0.10000000E-01  0.10000000E+01
 0.10100200E-08  0.17568036E-01  0.00000000E+00  0.16875140E+00  0.00000000E+00  0.00000000E+00  0.18499822E+09  0.00000000E+00  0.00000000E+00  0.00000000E+00  0.00000000E+00  0.00000000E+00  0.10000000E-01  0.10000000E+01
 0.10200200E-08  0.17568036E-01  0.00000000E+00  0.17060138E+00  0.00000000E+00  0.00000000E+00  0.18499822E+09  0.00000000E+00  0.00000000E+00  0.00000000E+00  0.00000000E+00  0.00000000E+00  0.10000000E-01  0.10000000E+01
 0.10300200E-08  0.17568036E-01  0.00000000E+00  0.17245136E+00  0.00000000E+00  0.00000000E+00  0.18499822E+09  0.00000000E+00  0.00000000E+00  0.00000000E+00  0.00000000E+00  0.00000000E+00  0.10000000E-01  0.10000000E+01
 0.10400200E-08  0.17568036E-01  0.00000000E+00  0.17430135E+00  0.00000000E+00  0.00000000E+00  0.18499822E+09  0.00000000E+00  0.00000000E+00  0.00000000E+00  0.00000000E+00  0.00000000E+00  0.10000000E-01  0.10000000E+01
 0.10500200E-08  0.17568036E-01  0.00000000E+00  0.17615133E+00  0.00000000E+00  0.00000000E+00  0.18499822E+09  0.00000000E+00  0.00000000E+00  0.00000000E+00  0.00000000E+00  0.00000000E+00  0.10000000E-01  0.10000000E+01
 0.10600200E-08  0.17568036E-01  0.00000000E+00  0.17800131E+00  0.00000000E+00  0.00000000E+00  0.18499822E+09  0.00000000E+00  0.00000000E+00  0.00000000E+00  0.00000000E+00  0.00000000E+00  0.10000000E-01  0.10000000E+01
 0.10700200E-08  0.17568036E-01  0.00000000E+00  0.17985129E+00  0.00000000E+00  0.00000000E+00  0.18499822E+09  0.00000000E+00  0.00000000E+00  0.00000000E+00  0.00000000E+00  0.00000000E+00  0.10000000E-01  0.10000000E+01
 0.10800200E-08  0.17568036E-01  0.00000000E+00  0.18170127E+00  0.00000000E+00  0.00000000E+00  0.18499822E+09  0.00000000E+00  0.00000000E+00  0.00000000E+00  0.00000000E+00  0.00000000E+00  0.10000000E-01  0.10000000E+01
 0.10900200E-08  0.17568036E-01  0.00000000E+00  0.18355126E+00  0.00000000E+00  0.00000000E+00  0.18499822E+09  0.00000000E+00  0.00000000E+00  0.00000000E+00  0.00000000E+00  0.00000000E+00  0.10000000E-01  0.10000000E+01
 0.11000200E-08  0.17568036E-01  0.00000000E+00  0.18540124E+00  0.00000000E+00  0.00000000E+00  0.18499822E+09  0.00000000E+00  0.00000000E+00  0.00000000E+00  0.00000000E+00  0.00000000E+00  0.10000000E-01  0.10000000E+01
 0.11100200E-08  0.17568036E-01  0.00000000E+00  0.18725122E+00  0.00000000E+00  0.00000000E+00  0.18499822E+09  0.00000000E+00  0.00000000E+00  0.00000000E+00  0.00000000E+00  0.00000000E+00  0.10000000E-01  0.10000000E+01
 0.11200200E-08  0.17568036E-01  0.00000000E+00  0.18910120E+00  0.00000000E+00  0.00000000E+00  0.18499822E+09  0.00000000E+00  0.00000000E+00  0.00000000E+00  0.00000000E+00  0.00000000E+00  0.10000000E-01  0.10000000E+01
 0.11300200E-08  0.17568036E-01  0.00000000E+00  0.19095119E+00  0.00000000E+00  0.00000000E+00  0.18499822E+09  0.00000000E+00  0.00000000E+00  0.00000000E+00  0.00000000E+00  0.00000000E+00  0.10000000E-01  0.10000000E+01
 0.11400200E-08  0.17568036E-01  0.00000000E+00  0.19280117E+00  0.00000000E+00  0.00000000E+00  0.18499822E+09  0.00000000E+00  0.00000000E+00  0.00000000E+00  0.00000000E+00  0.00000000E+00  0.10000000E-01  0.10000000E+01
 0.11500200E-08  0.17568036E-01  0.00000000E+00  0.19465115E+00  0.00000000E+00  0.00000000E+00  0.18499822E+09  0.00000000E+00  0.00000000E+00  0.00000000E+00  0.00000000E+00  0.00000000E+00  0.10000000E-01  0.10000000E+01
 0.11600200E-08  0.17568036E-01  0.00000000E+00  0.19650113E+00  0.00000000E+00  0.00000000E+00  0.18499822E+09  0.00000000E+00  0.00000000E+00  0.00000000E+00  0.00000000E+00  0.00000000E+00  0.10000000E-01  0.10000000E+01
 0.11700200E-08  0.17568036E-01  0.00000000E+00  0.19835111E+00  0.00000000E+00  0.00000000E+00  0.18499822E+09  0.00000000E+00  0.00000000E+00  0.00000000E+00  0.00000000E+00  0.00000000E+00  0.10000000E-01  0.10000000E+01
 0.11800200E-08  0.17568036E-01  0.00000000E+00  0.20020110E+00  0.00000000E+00  0.00000000E+00  0.18499822E+09  0.00000000E+00  0.00000000E+00  0.00000000E+00  0.00000000E+00  0.00000000E+00  0.10000000E-01  0.10000000E+01
 0.11900200E-08  0.17568036E-01  0.00000000E+00  0.20205108E+00  0.00000000E+00  0.00000000E+00  0.18499822E+09  0.00000000E+00  0.00000000E+00  0.00000000E+00  0.00000000E+00  0.00000000E+00  0.10000000E-01  0.10000000E+01
 0.12000200E-08  0.17568036E-01  0.00000000E+00  0.20390106E+00  0.00000000E+00  0.00000000E+00  0.18499822E+09  0.00000000E+00  0.00000000E+00  0.00000000E+00  0.00000000E+00  0.00000000E+00  0.10000000E-01  0.10000000E+01
 0.12100200E-08  0.17568036E-01  0.00000000E+00  0.20575104E+00  0.00000000E+00  0.00000000E+00  0.18499822E+09  0.00000000E+00  0.00000000E+00  0.00000000E+00  0.00000000E+00  0.00000000E+00  0.10000000E-01  0.10000000E+01
 0.12200200E-08  0.17568036E-01  0.00000000E+00  0.20760103E+00  0.00000000E+00  0.00000000E+00  0.18499822E+09  0.00000000E+00  0.00000000E+00  0.00000000E+00  0.00000000E+00  0.00000000E+00  0.10000000E-01  0.10000000E+01
 0.12300200E-08  0.17568036E-01  0.00000000E+00  0.20945101E+00  0.00000000E+00  0.00000000E+00  0.18499822E+09  0.00000000E+00  0.00000000E+00  0.00000000E+00  0.00000000E+00  0.00000000E+00  0.10000000E-01  0.10000000E+01
 0.12400200E-08  0.17568036E-01  0.00000000E+00  0.21130099E+00  0.00000000E+00  0.00000000E+00  0.18499822E+09  0.00000000E+00  0.00000000E+00  0.00000000E+00  0.00000000E+00  0.00000000E+00  0.10000000E-01  0.10000000E+01
 0.12500200E-08  0.17568036E-01  0.00000000E+00  0.21315097E+00  0.00000000E+00  0.00000000E+00  0.18499822E+09  0.00000000E+00  0.00000000E+00  0.00000000E+00  0.00000000E+00  0.00000000E+00  0.10000000E-01  0.10000000E+01
 0.12600200E-08  0.17568036E-01  0.00000000E+00  0.21500095E+00  0.00000000E+00  0.00000000E+00  0.18499822E+09  0.00000000E+00  0.00000000E+00  0.00000000E+00  0.00000000E+00  0.00000000E+00  0.10000000E-01  0.10000000E+01
 0.12700200E-08  0.17568036E-01  0.00000000E+00  0.21685094E+00  0.00000000E+00  0.00000000E+00  0.18499822E+09  0.00000000E+00  0.00000000E+00  0.00000000E+00  0.00000000E+00  0.00000000E+00  0.10000000E-01  0.10000000E+01
 0.12800200E-08  0.17568036E-01  0.00000000E+00  0.21870092E+00  0.00000000E+00  0.00000000E+00  0.18499822E+09  0.00000000E+00  0.00000000E+00  0.00000000E+00  0.00000000E+00  0.00000000E+00  0.10000000E-01  0.10000000E+01
 0.12900200E-08  0.17568036E-01  0.00000000E+00  0.22055090E+00  0.00000000E+00  0.00000000E+00  0.18499822E+09  0.00000000E+00  0.00000000E+00  0.00000000E+00  0.00000000E+00  0.00000000E+00  0.10000000E-01  0.10000000E+01
 0.13000200E-08  0.17568036E-01  0.00000000E+00  0.22240088E+00  0.00000000E+00  0.00000000E+00  0.18499822E+09  0.00000000E+00  0.00000000E+00  0.00000000E+00  0.00000000E+00  0.00000000E+00  0.10000000E-01  0.10000000E+01
 0.13100200E-08  0.17568036E-01  0.00000000E+00  0.22425087E+00  0.00000000E+00  0.00000000E+00  0.18499822E+09  0.00000000E+00  0.00000000E+00  0.00000000E+00  0.00000000E+00  0.00000000E+00  0.10000000E-01  0.10000000E+01
 0.13200200E-08  0.17568036E-01  0.00000000E+00  0.22610085E+00  0.00000000E+00  0.00000000E+00  0.18499822E+09  0.00000000E+00  0.00000000E+00  0.00000000E+00  0.00000000E+00  0.00000000E+00  0.10000000E-01  0.10000000E+01
 0.13300200E-08  0.17568036E-01  0.00000000E+00  0.22795083E+00  0.00000000E+00  0.00000000E+00  0.18499822E+09  0.00000000E+00  0.00000000E+00  0.00000000E+00  0.00000000E+00  0.00000000E+00  0.10000000E-01  0.10000000E+01
 0.13400200E-08  0.17568036E-01  0.00000000E+00  0.22980081E+00  0.00000000E+00  0.00000000E+00  0.18499822E+09  0.00000000E+00  0.00000000E+00  0.00000000E+00  0.00000000E+00  0.00000000E+00  0.10000000E-01  0.10000000E+01
 0.13500200E-08  0.17568036E-01  0.00000000E+00  0.23165079E+00  0.00000000E+00  0.00000000E+00  0.18499822E+09  0.00000000E+00  0.00000000E+00  0.00000000E+00  0.00000000E+00  0.00000000E+00  0.10000000E-01  0.10000000E+01
 0.13600200E-08  0.17568036E-01  0.00000000E+00  0.23350078E+00  0.00000000E+00  0.00000000E+00  0.18499822E+09  0.00000000E+00  0.00000000E+00  0.00000000E+00  0.00000000E+00  0.00000000E+00  0.10000000E-01  0.10000000E+01
 0.13700200E-08  0.17568036E-01  0.00000000E+00  0.23535076E+00  0.00000000E+00  0.00000000E+00  0.18499822E+09  0.00000000E+00  0.00000000E+00  0.00000000E+00  0.00000000E+00  0.00000000E+00  0.10000000E-01  0.10000000E+01
 0.13800200E-08  0.17568036E-01  0.00000000E+00  0.23720074E+00  0.00000000E+00  0.00000000E+00  0.18499822E+09  0.00000000E+00  0.00000000E+00  0.00000000E+00  0.00000000E+00  0.00000000E+00  0.10000000E-01  0.10000000E+01
 0.13900200E-08  0.17568036E-01  0.00000000E+00  0.23905072E+00  0.00000000E+00  0.00000000E+00  0.18499822E+09  0.00000000E+00  0.00000000E+00  0.00000000E+00  0.00000000E+00  0.00000000E+00  0.10000000E-01  0.10000000E+01
 0.14000200E-08  0.17568036E-01  0.00000000E+00  0.24090071E+00  0.00000000E+00  0.00000000E+00  0.18499822E+09  0.00000000E+00  0.00000000E+00  0.00000000E+00  0.00000000E+00  0.00000000E+00  0.10000000E-01  0.10000000E+01
 0.14100200E-08  0.17568036E-01  0.00000000E+00  0.24275069E+00  0.00000000E+00  0.00000000E+00  0.18499822E+09  0.00000000E+00  0.00000000E+00  0.00000000E+00  0.00000000E+00  0.00000000E+00  0.10000000E-01  0.10000000E+01
 0.14200200E-08  0.17568036E-01  0.00000000E+00  0.24460067E+00  0.00000000E+00  0.00000000E+00  0.18499822E+09  0.00000000E+00  0.00000000E+00  0.00000000E+00  0.00000000E+00  0.00000000E+00  0.10000000E-01  0.10000000E+01
 0.14300200E-08  0.17568036E-01  0.00000000E+00  0.24645065E+00  0.00000000E+00  0.00000000E+00  0.18499822E+09  0.00000000E+00  0.00000000E+00  0.00000000E+00  0.00000000E+00  0.00000000E+00  0.10000000E-01  0.10000000E+01
 0.14400200E-08  0.17568036E-01  0.00000000E+00  0.24830063E+00  0.00000000E+00  0.00000000E+00  0.18499822E+09  0.00000000E+00  0.00000000E+00  0.00000000E+00  0.00000000E+00  0.00000000E+00  0.10000000E-01  0.10000000E+01
 0.14500200E-08  0.17568036E-01  0.00000000E+00  0.25015062E+00  0.00000000E+00  0.00000000E+00  0.18499822E+09  0.00000000E+00  0.00000000E+00  0.00000000E+00  0.00000000E+00  0.00000000E+00  0.10000000E-01  0.10000000E+01
 0.14600200E-08  0.17568036E-01  0.00000000E+00  0.25200060E+00  0.00000000E+00  0.00000000E+00  0.18499822E+09  0.00000000E+00  0.00000000E+00  0.00000000E+00  0.00000000E+00  0.00000000E+00  0.10000000E-01  0.10000000E+01
 0.14700200E-08  0.17568036E-01  0.00000000E+00  0.25385058E+00  0.00000000E+00  0.00000000E+00  0.18499822E+09  0.00000000E+00  0.00000000E+00  0.00000000E+00  0.00000000E+00  0.00000000E+00  0.10000000E-01  0.10000000E+01
 0.14800200E-08  0.17568036E-01  0.00000000E+00  0.25570056E+00  0.00000000E+00  0.00000000E+00  0.18499822E+09  0.00000000E+00  0.00000000E+00  0.00000000E+00  0.00000000E+00  0.00000000E+00  0.10000000E-01  0.10000000E+01
 0.14900200E-08  0.17568036E-01  0.00000000E+00  0.25755055E+00  0.00000000E+00  0.00000000E+00  0.18499822E+09  0.00000000E+00  0.00000000E+00  0.00000000E+00  0.00000000E+00  0.00000000E+00  0.10000000E-01  0.10000000E+01
 0.15000200E-08  0.17568036E-01  0.00000000E+00  0.25940053E+00  0.00000000E+00  0.00000000E+00  0.18499822E+09  0.00000000E+00  0.00000000E+00  0.00000000E+00  0.00000000E+00  0.00000000E+00  0.10000000E-01  0.10000000E+01
 0.15100200E-08  0.17568036E-01  0.00000000E+00  0.26125051E+00  0.00000000E+00  0.00000000E+00  0.18499822E+09  0.00000000E+00  0.00000000E+00  0.00000000E+00  0.00000000E+00  0.00000000E+00  0.10000000E-01  0.10000000E+01
 0.15200200E-08  0.17568036E-01  0.00000000E+00  0.26310049E+00  0.00000000E+00  0.00000000E+00  0.18499822E+09  0.00000000E+00  0.00000000E+00  0.00000000E+00  0.00000000E+00  0.00000000E+00  0.10000000E-01  0.10000000E+01
 0.15300200E-08  0.17568036E-01  0.00000000E+00  0.26495048E+00  0.00000000E+00  0.00000000E+00  0.18499822E+09  0.00000000E+00  0.00000000E+00  0.00000000E+00  0.00000000E+00  0.00000000E+00  0.10000000E-01  0.10000000E+01
 0.15400200E-08  0.17568036E-01  0.00000000E+00  0.26680046E+00  0.00000000E+00  0.00000000E+00  0.18499822E+09  0.00000000E+00  0.00000000E+00  0.00000000E+00  0.00000000E+00  0.00000000E+00  0.10000000E-01  0.10000000E+01
 0.15500200E-08  0.17568036E-01  0.00000000E+00  0.26865044E+00  0.00000000E+00  0.00000000E+00  0.18499822E+09  0.00000000E+00  0.00000000E+00  0.00000000E+00  0.00000000E+00  0.00000000E+00  0.10000000E-01  0.10000000E+01
 0.15600200E-08  0.17568036E-01  0.00000000E+00  0.27050042E+00  0.00000000E+00  0.00000000E+00  0.18499822E+09  0.00000000E+00  0.00000000E+00  0.00000000E+00  0.00000000E+00  0.00000000E+00  0.10000000E-01  0.10000000E+01
 0.15700200E-08  0.17568036E-01  0.00000000E+00  0.27235040E+00  0.00000000E+00  0.00000000E+00  0.18499822E+09  0.00000000E+00  0.00000000E+00  0.00000000E+00  0.00000000E+00  0.00000000E+00  0.10000000E-01  0.10000000E+01
 0.15800200E-08  0.17568036E-01  0.00000000E+00  0.27420039E+00  0.00000000E+00  0.00000000E+00  0.18499822E+09  0.00000000E+00  0.00000000E+00  0.00000000E+00  0.00000000E+00  0.00000000E+00  0.10000000E-01  0.10000000E+01
 0.15900200E-08  0.17568036E-01  0.00000000E+00  0.27605037E+00  0.00000000E+00  0.00000000E+00  0.18499822E+09  0.00000000E+00  0.00000000E+00  0.00000000E+00  0.00000000E+00  0.00000000E+00  0.10000000E-01  0.10000000E+01
 0.16000200E-08  0.17568036E-01  0.00000000E+00  0.27790035E+00  0.00000000E+00  0.00000000E+00  0.18499822E+09  0.00000000E+00  0.00000000E+00  0.00000000E+00  0.00000000E+00  0.00000000E+00  0.10000000E-01  0.10000000E+01
 0.16100200E-08  0.17568036E-01  0.00000000E+00  0.27975033E+00  0.00000000E+00  0.00000000E+00  0.18499822E+09  0.00000000E+00  0.00000000E+00  0.00000000E+00  0.00000000E+00  0.00000000E+00  0.10000000E-01  0.10000000E+01
 0.16200200E-08  0.17568036E-01  0.00000000E+00  0.28160032E+00  0.00000000E+00  0.00000000E+00  0.18499822E+09  0.00000000E+00  0.00000000E+00  0.00000000E+00  0.00000000E+00  0.00000000E+00  0.10000000E-01  0.10000000E+01
 0.16300200E-08  0.17568036E-01  0.00000000E+00  0.28345030E+00  0.00000000E+00  0.00000000E+00  0.18499822E+09  0.00000000E+00  0.00000000E+00  0.00000000E+00  0.00000000E+00  0.00000000E+00  0.10000000E-01  0.10000000E+01
 0.16400200E-08  0.17568036E-01  0.00000000E+00  0.28530028E+00  0.00000000E+00  0.00000000E+00  0.18499822E+09  0.00000000E+00  0.00000000E+00  0.00000000E+00  0.00000000E+00  0.00000000E+00  0.10000000E-01  0.10000000E+01
 0.16500200E-08  0.17568036E-01  0.00000000E+00  0.28715026E+00  0.00000000E+00  0.00000000E+00  0.18499822E+09  0.00000000E+00  0.00000000E+00  0.00000000E+00  0.00000000E+00  0.00000000E+00  0.10000000E-01  0.10000000E+01
 0.16600200E-08  0.17568036E-01  0.00000000E+00  0.28900024E+00  0.00000000E+00  0.00000000E+00  0.18499822E+09  0.00000000E+00  0.00000000E+00  0.00000000E+00  0.00000000E+00  0.00000000E+00  0.10000000E-01  0.10000000E+01
 0.16700200E-08  0.17568036E-01  0.00000000E+00  0.29085023E+00  0.00000000E+00  0.00000000E+00  0.18499822E+09  0.00000000E+00  0.00000000E+00  0.00000000E+00  0.00000000E+00  0.00000000E+00  0.10000000E-01  0.10000000E+01
 0.16800200E-08  0.17568036E-01  0.00000000E+00  0.29270021E+00  0.00000000E+00  0.00000000E+00  0.18499822E+09  0.00000000E+00  0.00000000E+00  0.00000000E+00  0.00000000E+00  0.00000000E+00  0.10000000E-01  0.10000000E+01
 0.16900200E-08  0.17568036E-01  0.00000000E+00  0.29455019E+00  0.00000000E+00  0.00000000E+00  0.18499822E+09  0.00000000E+00  0.00000000E+00  0.00000000E+00  0.00000000E+00  0.00000000E+00  0.10000000E-01  0.10000000E+01
 0.17000200E-08  0.17568036E-01  0.00000000E+00  0.29640017E+00  0.00000000E+00  0.00000000E+00  0.18499822E+09  0.00000000E+00  0.00000000E+00  0.00000000E+00  0.00000000E+00  0.00000000E+00  0.10000000E-01  0.10000000E+01
 0.17100200E-08  0.17568036E-01  0.00000000E+00  0.29825016E+00  0.00000000E+00  0.00000000E+00  0.18499822E+09  0.00000000E+00  0.00000000E+00  0.00000000E+00  0.00000000E+00  0.00000000E+00  0.10000000E-01  0.10000000E+01
 0.17200200E-08  0.17568036E-01  0.00000000E+00  0.30010014E+00  0.00000000E+00  0.00000000E+00  0.18499822E+09  0.00000000E+00  0.00000000E+00  0.00000000E+00  0.00000000E+00  0.00000000E+00  0.10000000E-01  0.10000000E+01
 0.17300200E-08  0.17568036E-01  0.00000000E+00  0.30195012E+00  0.00000000E+00  0.00000000E+00  0.18499822E+09  0.00000000E+00  0.00000000E+00  0.00000000E+00  0.00000000E+00  0.00000000E+00  0.10000000E-01  0.10000000E+01
 0.17400200E-08  0.17568036E-01  0.00000000E+00  0.30380010E+00  0.00000000E+00  0.00000000E+00  0.18499822E+09  0.00000000E+00  0.00000000E+00  0.00000000E+00  0.00000000E+00  0.00000000E+00  0.10000000E-01  0.10000000E+01
 0.17500200E-08  0.17568036E-01  0.00000000E+00  0.30565008E+00  0.00000000E+00  0.00000000E+00  0.18499822E+09  0.00000000E+00  0.00000000E+00  0.00000000E+00  0.00000000E+00  0.00000000E+00  0.10000000E-01  0.10000000E+01
 0.17600200E-08  0.17568036E-01  0.00000000E+00  0.30750007E+00  0.00000000E+00  0.00000000E+00  0.18499822E+09  0.00000000E+00  0.00000000E+00  0.00000000E+00  0.00000000E+00  0.00000000E+00  0.10000000E-01  0.10000000E+01
 0.17700200E-08  0.17568036E-01  0.00000000E+00  0.30935005E+00  0.00000000E+00  0.00000000E+00  0.18499822E+09  0.00000000E+00  0.00000000E+00  0.00000000E+00  0.00000000E+00  0.00000000E+00  0.10000000E-01  0.10000000E+01
 0.17800200E-08  0.17568036E-01  0.00000000E+00  0.31120003E+00  0.00000000E+00  0.00000000E+00  0.18499822E+09  0.00000000E+00  0.00000000E+00  0.00000000E+00  0.00000000E+00  0.00000000E+00  0.10000000E-01  0.10000000E+01
 0.17900200E-08  0.17568036E-01  0.00000000E+00  0.31305001E+00  0.00000000E+00  0.00000000E+00  0.18499822E+09  0.00000000E+00  0.00000000E+00  0.00000000E+00  0.00000000E+00  0.00000000E+00  0.10000000E-01  0.10000000E+01
 0.18000200E-08  0.17568036E-01  0.00000000E+00  0.31490000E+00  0.00000000E+00  0.00000000E+00  0.18499822E+09  0.00000000E+00  0.00000000E+00  0.00000000E+00  0.00000000E+00  0.00000000E+00  0.10000000E-01  0.10000000E+01
 0.18100200E-08  0.17568036E-01  0.00000000E+00  0.31674998E+00  0.00000000E+00  0.00000000E+00  0.18499822E+09  0.00000000E+00  0.00000000E+00  0.00000000E+00  0.00000000E+00  0.00000000E+00  0.10000000E-01  0.10000000E+01
 0.18200200E-08  0.17568036E-01  0.00000000E+00  0.31859996E+00  0.00000000E+00  0.00000000E+00  0.18499822E+09  0.00000000E+00  0.00000000E+00  0.00000000E+00  0.00000000E+00  0.00000000E+00  0.10000000E-01  0.10000000E+01
 0.18300200E-08  0.17568036E-01  0.00000000E+00  0.32044994E+00  0.00000000E+00  0.00000000E+00  0.18499822E+09  0.00000000E+00  0.00000000E+00  0.00000000E+00  0.00000000E+00  0.00000000E+00  0.10000000E-01  0.10000000E+01
 0.18400200E-08  0.17568036E-01  0.00000000E+00  0.32229992E+00  0.00000000E+00  0.00000000E+00  0.18499822E+09  0.00000000E+00  0.00000000E+00  0.00000000E+00  0.00000000E+00  0.00000000E+00  0.10000000E-01  0.10000000E+01
 0.18500200E-08  0.17568036E-01  0.00000000E+00  0.32414991E+00  0.00000000E+00  0.00000000E+00  0.18499822E+09  0.00000000E+00  0.00000000E+00  0.00000000E+00  0.00000000E+00  0.00000000E+00  0.10000000E-01  0.10000000E+01
 0.18600200E-08  0.17568036E-01  0.00000000E+00  0.32599989E+00  0.00000000E+00  0.00000000E+00  0.18499822E+09  0.00000000E+00  0.00000000E+00  0.00000000E+00  0.00000000E+00  0.00000000E+00  0.10000000E-01  0.10000000E+01
 0.18700200E-08  0.17568036E-01  0.00000000E+00  0.32784987E+00  0.00000000E+00  0.00000000E+00  0.18499822E+09  0.00000000E+00  0.00000000E+00  0.00000000E+00  0.00000000E+00  0.00000000E+00  0.10000000E-01  0.10000000E+01
 0.18800200E-08  0.17568036E-01  0.00000000E+00  0.32969985E+00  0.00000000E+00  0.00000000E+00  0.18499822E+09  0.00000000E+00  0.00000000E+00  0.00000000E+00  0.00000000E+00  0.00000000E+00  0.10000000E-01  0.10000000E+01
 0.18900200E-08  0.17568036E-01  0.00000000E+00  0.33154984E+00  0.00000000E+00  0.00000000E+00  0.18499822E+09  0.00000000E+00  0.00000000E+00  0.00000000E+00  0.00000000E+00  0.00000000E+00  0.10000000E-01  0.10000000E+01
 0.19000200E-08  0.17568036E-01  0.00000000E+00  0.33339982E+00  0.00000000E+00  0.00000000E+00  0.18499822E+09  0.00000000E+00  0.00000000E+00  0.00000000E+00  0.00000000E+00  0.00000000E+00  0.10000000E-01  0.10000000E+01
 0.19100200E-08  0.17568036E-01  0.00000000E+00  0.33524980E+00  0.00000000E+00  0.00000000E+00  0.18499822E+09  0.00000000E+00  0.00000000E+00  0.00000000E+00  0.00000000E+00  0.00000000E+00  0.10000000E-01  0.10000000E+01
 0.19200200E-08  0.17568036E-01  0.00000000E+00  0.33709978E+00  0.00000000E+00  0.00000000E+00  0.18499822E+09  0.00000000E+00  0.00000000E+00  0.00000000E+00  0.00000000E+00  0.00000000E+00  0.10000000E-01  0.10000000E+01
 0.19300200E-08  0.17568036E-01  0.00000000E+00  0.33894976E+00  0.00000000E+00  0.00000000E+00  0.18499822E+09  0.00000000E+00  0.00000000E+00  0.00000000E+00  0.00000000E+00  0.00000000E+00  0.10000000E-01  0.10000000E+01
 0.19400200E-08  0.17568036E-01  0.00000000E+00  0.34079975E+00  0.00000000E+00  0.00000000E+00  0.18499822E+09  0.00000000E+00  0.00000000E+00  0.00000000E+00  0.00000000E+00  0.00000000E+00  0.10000000E-01  0.10000000E+01
 0.19500200E-08  0.17568036E-01  0.00000000E+00  0.34264973E+00  0.00000000E+00  0.00000000E+00  0.18499822E+09  0.00000000E+00  0.00000000E+00  0.00000000E+00  0.00000000E+00  0.00000000E+00  0.10000000E-01  0.10000000E+01
 0.19600200E-08  0.17568036E-01  0.00000000E+00  0.34449971E+00  0.00000000E+00  0.00000000E+00  0.18499822E+09  0.00000000E+00  0.00000000E+00  0.00000000E+00  0.00000000E+00  0.00000000E+00  0.10000000E-01  0.10000000E+01
 0.19700200E-08  0.17568036E-01  0.00000000E+00  0.34634969E+00  0.00000000E+00  0.00000000E+00  0.18499822E+09  0.00000000E+00  0.00000000E+00  0.00000000E+00  0.00000000E+00  0.00000000E+00  0.10000000E-01  0.10000000E+01
 0.19800200E-08  0.17568036E-01  0.00000000E+00  0.34819968E+00  0.00000000E+00  0.00000000E+00  0.18499822E+09  0.00000000E+00  0.00000000E+00  0.00000000E+00  0.00000000E+00  0.00000000E+00  0.10000000E-01  0.10000000E+01
 0.19900200E-08  0.17568036E-01  0.00000000E+00  0.35004966E+00  0.00000000E+00  0.00000000E+00  0.18499822E+09  0.00000000E+00  0.00000000E+00  0.00000000E+00  0.00000000E+00  0.00000000E+00  0.10000000E-01  0.10000000E+01
