# ptime xp yp zp vx vy vz ex ey ez bx by bz wt
 0.20000000E-13  0.28802593E-02  0.00000000E+00 -0.22242639E-01  0.00000000E+00  0.00000000E+00  0.19689484E+09  0.00000000E+00  0.00000000E+00  0.00000000E+00  0.00000000E+00  0.00000000E+00  0.10000000E-01  0.10000000E+01
 0.10000000E-10  0.28802593E-02  0.00000000E+00 -0.20277629E-01  0.00000000E+00  0.00000000E+00  0.19689484E+09  0.00000000E+00  0.00000000E+00  0.00000000E+00  0.00000000E+00  0.00000000E+00  0.10000000E-01  0.10000000E+01
 0.20000000E-10  0.28802593E-02  0.00000000E+00 -0.18308680E-01  0.00000000E+00  0.00000000E+00  0.19689484E+09  0.00000000E+00  0.00000000E+00  0.00000000E+00  0.00000000E+00  0.00000000E+00  0.10000000E-01  0.10000000E+01
 0.30000000E-10  0.28802593E-02  0.00000000E+00 -0.16339732E-01  0.00000000E+00  0.00000000E+00  0.19689484E+09  0.00000000E+00  0.00000000E+00  0.00000000E+00  0.00000000E+00  0.00000000E+00  0.10000000E-01  0.10000000E+01
 0.40020000E-10  0.28802593E-02  0.00000000E+00 -0.14366845E-01  0.00000000E+00  0.00000000E+00  0.19689484E+09  0.00000000E+00  0.00000000E+00  0.00000000E+00  0.00000000E+00  0.00000000E+00  0.10000000E-01  0.10000000E+01
 0.50020000E-10  0.28802593E-02  0.00000000E+00 -0.12397897E-01  0.00000000E+00  0.00000000E+00  0.19689484E+09  0.00000000E+00  0.00000000E+00  0.00000000E+00  0.00000000E+00  0.00000000E+00  0.10000000E-01  0.10000000E+01
 0.60020000E-10  0.28802593E-02  0.00000000E+00 -0.10428949E-01  0.00000000E+00  0.00000000E+00  0.19689484E+09  0.00000000E+00  0.00000000E+00  0.00000000E+00  0.00000000E+00  0.00000000E+00  0.10000000E-01  0.10000000E+01
 0.70020000E-10  0.28802593E-02  0.00000000E+00 -0.84600001E-02  0.00000000E+00  0.00000000E+00  0.19689484E+09  0.00000000E+00  0.00000000E+00  0.00000000E+00  0.00000000E+00  0.00000000E+00  0.10000000E-01  0.10000000E+01
 0.80000000E-10  0.28802593E-02  0.00000000E+00 -0.64949896E-02  0.00000000E+00  0.00000000E+00  0.19689484E+09  0.00000000E+00  0.00000000E+00  0.00000000E+00  0.00000000E+00  0.00000000E+00  0.10000000E-01  0.10000000E+01
 0.90000000E-10  0.28802593E-02  0.00000000E+00 -0.45260411E-02  0.00000000E+00  0.00000000E+00  0.19689484E+09  0.00000000E+00  0.00000000E+00  0.00000000E+00  0.00000000E+00  0.00000000E+00  0.10000000E-01  0.10000000E+01
 0.10000000E-09  0.28802593E-02  0.00000000E+00 -0.25570927E-02  0.00000000E+00  0.00000000E+00  0.19689484E+09  0.00000000E+00  0.00000000E+00  0.00000000E+00  0.00000000E+00  0.00000000E+00  0.10000000E-01  0.10000000E+01
 0.11000000E-09  0.28802593E-02  0.00000000E+00 -0.58814427E-03  0.00000000E+00  0.00000000E+00  0.19689484E+09  0.00000000E+00  0.00000000E+00  0.00000000E+00  0.00000000E+00  0.00000000E+00  0.10000000E-01  0.10000000E+01
 0.12000000E-09  0.28802593E-02  0.00000000E+00  0.13808042E-02  0.00000000E+00  0.00000000E+00  0.19689484E+09  0.00000000E+00  0.00000000E+00  0.00000000E+00  0.00000000E+00  0.00000000E+00  0.10000000E-01  0.10000000E+01
 0.13000000E-09  0.28802593E-02  0.00000000E+00  0.33497526E-02  0.00000000E+00  0.00000000E+00  0.19689484E+09  0.00000000E+00  0.00000000E+00  0.00000000E+00  0.00000000E+00  0.00000000E+00  0.10000000E-01  0.10000000E+01
 0.14002000E-09  0.28802593E-02  0.00000000E+00  0.53226389E-02  0.00000000E+00  0.00000000E+00  0.19689484E+09  0.00000000E+00  0.00000000E+00  0.00000000E+00  0.00000000E+00  0.00000000E+00  0.10000000E-01  0.10000000E+01
 0.15002000E-09  0.28802593E-02  0.00000000E+00  0.72915873E-02  0.00000000E+00  0.00000000E+00  0.19689484E+09  0.00000000E+00  0.00000000E+00  0.00000000E+00  0.00000000E+00  0.00000000E+00  0.10000000E-01  0.10000000E+01
 0.16002000E-09  0.28802593E-02  0.00000000E+00  0.92605358E-02  0.00000000E+00  0.00000000E+00  0.19689484E+09  0.00000000E+00  0.00000000E+00  0.00000000E+00  0.00000000E+00  0.00000000E+00  0.10000000E-01  0.10000000E+01
 0.17002000E-09  0.28802593E-02  0.00000000E+00  0.11229484E-01  0.00000000E+00  0.00000000E+00  0.19689484E+09  0.00000000E+00  0.00000000E+00  0.00000000E+00  0.00000000E+00  0.00000000E+00  0.10000000E-01  0.10000000E+01
 0.18002000E-09  0.28802593E-02  0.00000000E+00  0.13198433E-01  0.00000000E+00  0.00000000E+00  0.19689484E+09  0.00000000E+00  0.00000000E+00  0.00000000E+00  0.00000000E+00  0.00000000E+00  0.10000000E-01  0.10000000E+01
 0.19002000E-09  0.28802593E-02  0.00000000E+00  0.15167381E-01  0.00000000E+00  0.00000000E+00  0.19689484E+09  0.00000000E+00  0.00000000E+00  0.00000000E+00  0.00000000E+00  0.00000000E+00  0.10000000E-01  0.10000000E+01
 0.20002000E-09  0.28802593E-02  0.00000000E+00  0.17136329E-01  0.00000000E+00  0.00000000E+00  0.19689484E+09  0.00000000E+00  0.00000000E+00  0.00000000E+00  0.00000000E+00  0.00000000E+00  0.10000000E-01  0.10000000E+01
 0.21002000E-09  0.28802593E-02  0.00000000E+00  0.19105278E-01  0.00000000E+00  0.00000000E+00  0.19689484E+09  0.00000000E+00  0.00000000E+00  0.00000000E+00  0.00000000E+00  0.00000000E+00  0.10000000E-01  0.10000000E+01
 0.22002000E-09  0.28802593E-02  0.00000000E+00  0.21074226E-01  0.00000000E+00  0.00000000E+00  0.19689484E+09  0.00000000E+00  0.00000000E+00  0.00000000E+00  0.00000000E+00  0.00000000E+00  0.10000000E-01  0.10000000E+01
 0.23002000E-09  0.28802593E-02  0.00000000E+00  0.23043175E-01  0.00000000E+00  0.00000000E+00  0.19689484E+09  0.00000000E+00  0.00000000E+00  0.00000000E+00  0.00000000E+00  0.00000000E+00  0.10000000E-01  0.10000000E+01
 0.24002000E-09  0.28802593E-02  0.00000000E+00  0.25012123E-01  0.00000000E+00  0.00000000E+00  0.19689484E+09  0.00000000E+00  0.00000000E+00  0.00000000E+00  0.00000000E+00  0.00000000E+00  0.10000000E-01  0.10000000E+01
 0.25002000E-09  0.28802593E-02  0.00000000E+00  0.26981072E-01  0.00000000E+00  0.00000000E+00  0.19689484E+09  0.00000000E+00  0.00000000E+00  0.00000000E+00  0.00000000E+00  0.00000000E+00  0.10000000E-01  0.10000000E+01
 0.26002000E-09  0.28802593E-02  0.00000000E+00  0.28950020E-01  0.00000000E+00  0.00000000E+00  0.19689484E+09  0.00000000E+00  0.00000000E+00  0.00000000E+00  0.00000000E+00  0.00000000E+00  0.10000000E-01  0.10000000E+01
 0.27002000E-09  0.28802593E-02  0.00000000E+00  0.30918969E-01  0.00000000E+00  0.00000000E+00  0.19689484E+09  0.00000000E+00  0.00000000E+00  0.00000000E+00  0.00000000E+00  0.00000000E+00  0.10000000E-01  0.10000000E+01
 0.28002000E-09  0.28802593E-02  0.00000000E+00  0.32887917E-01  0.00000000E+00  0.00000000E+00  0.19689484E+09  0.00000000E+00  0.00000000E+00  0.00000000E+00  0.00000000E+00  0.00000000E+00  0.10000000E-01  0.10000000E+01
 0.29002000E-09  0.28802593E-02  0.00000000E+00  0.34856865E-01  0.00000000E+00  0.00000000E+00  0.19689484E+09  0.00000000E+00  0.00000000E+00  0.00000000E+00  0.00000000E+00  0.00000000E+00  0.10000000E-01  0.10000000E+01
 0.30000000E-09  0.28802593E-02  0.00000000E+00  0.36821876E-01  0.00000000E+00  0.00000000E+00  0.19689484E+09  0.00000000E+00  0.00000000E+00  0.00000000E+00  0.00000000E+00  0.00000000E+00  0.10000000E-01  0.10000000E+01
 0.31000000E-09  0.28802593E-02  0.00000000E+00  0.38790824E-01  0.00000000E+00  0.00000000E+00  0.19689484E+09  0.00000000E+00  0.00000000E+00  0.00000000E+00  0.00000000E+00  0.00000000E+00  0.10000000E-01  0.10000000E+01
 0.32000000E-09  0.28802593E-02  0.00000000E+00  0.40759773E-01  0.00000000E+00  0.00000000E+00  0.19689484E+09  0.00000000E+00  0.00000000E+00  0.00000000E+00  0.00000000E+00  0.00000000E+00  0.10000000E-01  0.10000000E+01
 0.33000000E-09  0.28802593E-02  0.00000000E+00  0.42728721E-01  0.00000000E+00  0.00000000E+00  0.19689484E+09  0.00000000E+00  0.00000000E+00  0.00000000E+00  0.00000000E+00  0.00000000E+00  0.10000000E-01  0.10000000E+01
 0.34000000E-09  0.28802593E-02  0.00000000E+00  0.44697670E-01  0.00000000E+00  0.00000000E+00  0.19689484E+09  0.00000000E+00  0.00000000E+00  0.00000000E+00  0.00000000E+00  0.00000000E+00  0.10000000E-01  0.10000000E+01
 0.35000000E-09  0.28802593E-02  0.00000000E+00  0.46666618E-01  0.00000000E+00  0.00000000E+00  0.19689484E+09  0.00000000E+00  0.00000000E+00  0.00000000E+00  0.00000000E+00  0.00000000E+00  0.10000000E-01  0.10000000E+01
 0.36000000E-09  0.28802593E-02  0.00000000E+00  0.48635566E-01  0.00000000E+00  0.00000000E+00  0.19689484E+09  0.00000000E+00  0.00000000E+00  0.00000000E+00  0.00000000E+00  0.00000000E+00  0.10000000E-01  0.10000000E+01
 0.37000000E-09  0.28802593E-02  0.00000000E+00  0.50604515E-01  0.00000000E+00  0.00000000E+00  0.19689484E+09  0.00000000E+00  0.00000000E+00  0.00000000E+00  0.00000000E+00  0.00000000E+00  0.10000000E-01  0.10000000E+01
 0.38000000E-09  0.28802593E-02  0.00000000E+00  0.52573463E-01  0.00000000E+00  0.00000000E+00  0.19689484E+09  0.00000000E+00  0.00000000E+00  0.00000000E+00  0.00000000E+00  0.00000000E+00  0.10000000E-01  0.10000000E+01
 0.39000000E-09  0.28802593E-02  0.00000000E+00  0.54542412E-01  0.00000000E+00  0.00000000E+00  0.19689484E+09  0.00000000E+00  0.00000000E+00  0.00000000E+00  0.00000000E+00  0.00000000E+00  0.10000000E-01  0.10000000E+01
 0.40000000E-09  0.28802593E-02  0.00000000E+00  0.56511360E-01  0.00000000E+00  0.00000000E+00  0.19689484E+09  0.00000000E+00  0.00000000E+00  0.00000000E+00  0.00000000E+00  0.00000000E+00  0.10000000E-01  0.10000000E+01
 0.41000000E-09  0.28802593E-02  0.00000000E+00  0.58480309E-01  0.00000000E+00  0.00000000E+00  0.19689484E+09  0.00000000E+00  0.00000000E+00  0.00000000E+00  0.00000000E+00  0.00000000E+00  0.10000000E-01  0.10000000E+01
 0.42000000E-09  0.28802593E-02  0.00000000E+00  0.60449257E-01  0.00000000E+00  0.00000000E+00  0.19689484E+09  0.00000000E+00  0.00000000E+00  0.00000000E+00  0.00000000E+00  0.00000000E+00  0.10000000E-01  0.10000000E+01
 0.43000000E-09  0.28802593E-02  0.00000000E+00  0.62418205E-01  0.00000000E+00  0.00000000E+00  0.19689484E+09  0.00000000E+00  0.00000000E+00  0.00000000E+00  0.00000000E+00  0.00000000E+00  0.10000000E-01  0.10000000E+01
 0.44000000E-09  0.28802593E-02  0.00000000E+00  0.64387154E-01  0.00000000E+00  0.00000000E+00  0.19689484E+09  0.00000000E+00  0.00000000E+00  0.00000000E+00  0.00000000E+00  0.00000000E+00  0.10000000E-01  0.10000000E+01
 0.45000000E-09  0.28802593E-02  0.00000000E+00  0.66356102E-01  0.00000000E+00  0.00000000E+00  0.19689484E+09  0.00000000E+00  0.00000000E+00  0.00000000E+00  0.00000000E+00  0.00000000E+00  0.10000000E-01  0.10000000E+01
 0.46000000E-09  0.28802593E-02  0.00000000E+00  0.68325051E-01  0.00000000E+00  0.00000000E+00  0.19689484E+09  0.00000000E+00  0.00000000E+00  0.00000000E+00  0.00000000E+00  0.00000000E+00  0.10000000E-01  0.10000000E+01
 0.47000000E-09  0.28802593E-02  0.00000000E+00  0.70293999E-01  0.00000000E+00  0.00000000E+00  0.19689484E+09  0.00000000E+00  0.00000000E+00  0.00000000E+00  0.00000000E+00  0.00000000E+00  0.10000000E-01  0.10000000E+01
 0.48000000E-09  0.28802593E-02  0.00000000E+00  0.72262948E-01  0.00000000E+00  0.00000000E+00  0.19689484E+09  0.00000000E+00  0.00000000E+00  0.00000000E+00  0.00000000E+00  0.00000000E+00  0.10000000E-01  0.10000000E+01
 0.49000000E-09  0.28802593E-02  0.00000000E+00  0.74231896E-01  0.00000000E+00  0.00000000E+00  0.19689484E+09  0.00000000E+00  0.00000000E+00  0.00000000E+00  0.00000000E+00  0.00000000E+00  0.10000000E-01  0.10000000E+01
 0.50000000E-09  0.28802593E-02  0.00000000E+00  0.76200844E-01  0.00000000E+00  0.00000000E+00  0.19689484E+09  0.00000000E+00  0.00000000E+00  0.00000000E+00  0.00000000E+00  0.00000000E+00  0.10000000E-01  0.10000000E+01
 0.51000000E-09  0.28802593E-02  0.00000000E+00  0.78169793E-01  0.00000000E+00  0.00000000E+00  0.19689484E+09  0.00000000E+00  0.00000000E+00  0.00000000E+00  0.00000000E+00  0.00000000E+00  0.10000000E-01  0.10000000E+01
 0.52000000E-09  0.28802593E-02  0.00000000E+00  0.80138741E-01  0.00000000E+00  0.00000000E+00  0.19689484E+09  0.00000000E+00  0.00000000E+00  0.00000000E+00  0.00000000E+00  0.00000000E+00  0.10000000E-01  0.10000000E+01
 0.53000000E-09  0.28802593E-02  0.00000000E+00  0.82107690E-01  0.00000000E+00  0.00000000E+00  0.19689484E+09  0.00000000E+00  0.00000000E+00  0.00000000E+00  0.00000000E+00  0.00000000E+00  0.10000000E-01  0.10000000E+01
 0.54000000E-09  0.28802593E-02  0.00000000E+00  0.84076638E-01  0.00000000E+00  0.00000000E+00  0.19689484E+09  0.00000000E+00  0.00000000E+00  0.00000000E+00  0.00000000E+00  0.00000000E+00  0.10000000E-01  0.10000000E+01
 0.55002000E-09  0.28802593E-02  0.00000000E+00  0.86049525E-01  0.00000000E+00  0.00000000E+00  0.19689484E+09  0.00000000E+00  0.00000000E+00  0.00000000E+00  0.00000000E+00  0.00000000E+00  0.10000000E-01  0.10000000E+01
 0.56002000E-09  0.28802593E-02  0.00000000E+00  0.88018473E-01  0.00000000E+00  0.00000000E+00  0.19689484E+09  0.00000000E+00  0.00000000E+00  0.00000000E+00  0.00000000E+00  0.00000000E+00  0.10000000E-01  0.10000000E+01
 0.57002000E-09  0.28802593E-02  0.00000000E+00  0.89987421E-01  0.00000000E+00  0.00000000E+00  0.19689484E+09  0.00000000E+00  0.00000000E+00  0.00000000E+00  0.00000000E+00  0.00000000E+00  0.10000000E-01  0.10000000E+01
 0.58002000E-09  0.28802593E-02  0.00000000E+00  0.91956370E-01  0.00000000E+00  0.00000000E+00  0.19689484E+09  0.00000000E+00  0.00000000E+00  0.00000000E+00  0.00000000E+00  0.00000000E+00  0.10000000E-01  0.10000000E+01
 0.59002000E-09  0.28802593E-02  0.00000000E+00  0.93925318E-01  0.00000000E+00  0.00000000E+00  0.19689484E+09  0.00000000E+00  0.00000000E+00  0.00000000E+00  0.00000000E+00  0.00000000E+00  0.10000000E-01  0.10000000E+01
 0.60002000E-09  0.28802593E-02  0.00000000E+00  0.95894267E-01  0.00000000E+00  0.00000000E+00  0.19689484E+09  0.00000000E+00  0.00000000E+00  0.00000000E+00  0.00000000E+00  0.00000000E+00  0.10000000E-01  0.10000000E+01
 0.61002000E-09  0.28802593E-02  0.00000000E+00  0.97863215E-01  0.00000000E+00  0.00000000E+00  0.19689484E+09  0.00000000E+00  0.00000000E+00  0.00000000E+00  0.00000000E+00  0.00000000E+00  0.10000000E-01  0.10000000E+01
 0.62002000E-09  0.28802593E-02  0.00000000E+00  0.99832164E-01  0.00000000E+00  0.00000000E+00  0.19689484E+09  0.00000000E+00  0.00000000E+00  0.00000000E+00  0.00000000E+00  0.00000000E+00  0.10000000E-01  0.10000000E+01
 0.63002000E-09  0.28802593E-02  0.00000000E+00  0.10180111E+00  0.00000000E+00  0.00000000E+00  0.19689484E+09  0.00000000E+00  0.00000000E+00  0.00000000E+00  0.00000000E+00  0.00000000E+00  0.10000000E-01  0.10000000E+01
 0.64002000E-09  0.28802593E-02  0.00000000E+00  0.10377006E+00  0.00000000E+00  0.00000000E+00  0.19689484E+09  0.00000000E+00  0.00000000E+00  0.00000000E+00  0.00000000E+00  0.00000000E+00  0.10000000E-01  0.10000000E+01
 0.65002000E-09  0.28802593E-02  0.00000000E+00  0.10573901E+00  0.00000000E+00  0.00000000E+00  0.19689484E+09  0.00000000E+00  0.00000000E+00  0.00000000E+00  0.00000000E+00  0.00000000E+00  0.10000000E-01  0.10000000E+01
 0.66002000E-09  0.28802593E-02  0.00000000E+00  0.10770796E+00  0.00000000E+00  0.00000000E+00  0.19689484E+09  0.00000000E+00  0.00000000E+00  0.00000000E+00  0.00000000E+00  0.00000000E+00  0.10000000E-01  0.10000000E+01
 0.67002000E-09  0.28802593E-02  0.00000000E+00  0.10967691E+00  0.00000000E+00  0.00000000E+00  0.19689484E+09  0.00000000E+00  0.00000000E+00  0.00000000E+00  0.00000000E+00  0.00000000E+00  0.10000000E-01  0.10000000E+01
 0.68002000E-09  0.28802593E-02  0.00000000E+00  0.11164585E+00  0.00000000E+00  0.00000000E+00  0.19689484E+09  0.00000000E+00  0.00000000E+00  0.00000000E+00  0.00000000E+00  0.00000000E+00  0.10000000E-01  0.10000000E+01
 0.69002000E-09  0.28802593E-02  0.00000000E+00  0.11361480E+00  0.00000000E+00  0.00000000E+00  0.19689484E+09  0.00000000E+00  0.00000000E+00  0.00000000E+00  0.00000000E+00  0.00000000E+00  0.10000000E-01  0.10000000E+01
 0.70002000E-09  0.28802593E-02  0.00000000E+00  0.11558375E+00  0.00000000E+00  0.00000000E+00  0.19689484E+09  0.00000000E+00  0.00000000E+00  0.00000000E+00  0.00000000E+00  0.00000000E+00  0.10000000E-01  0.10000000E+01
 0.71002000E-09  0.28802593E-02  0.00000000E+00  0.11755270E+00  0.00000000E+00  0.00000000E+00  0.19689484E+09  0.00000000E+00  0.00000000E+00  0.00000000E+00  0.00000000E+00  0.00000000E+00  0.10000000E-01  0.10000000E+01
 0.72002000E-09  0.28802593E-02  0.00000000E+00  0.11952165E+00  0.00000000E+00  0.00000000E+00  0.19689484E+09  0.00000000E+00  0.00000000E+00  0.00000000E+00  0.00000000E+00  0.00000000E+00  0.10000000E-01  0.10000000E+01
 0.73002000E-09  0.28802593E-02  0.00000000E+00  0.12149060E+00  0.00000000E+00  0.00000000E+00  0.19689484E+09  0.00000000E+00  0.00000000E+00  0.00000000E+00  0.00000000E+00  0.00000000E+00  0.10000000E-01  0.10000000E+01
 0.74002000E-09  0.28802593E-02  0.00000000E+00  0.12345954E+00  0.00000000E+00  0.00000000E+00  0.19689484E+09  0.00000000E+00  0.00000000E+00  0.00000000E+00  0.00000000E+00  0.00000000E+00  0.10000000E-01  0.10000000E+01
 0.75002000E-09  0.28802593E-02  0.00000000E+00  0.12542849E+00  0.00000000E+00  0.00000000E+00  0.19689484E+09  0.00000000E+00  0.00000000E+00  0.00000000E+00  0.00000000E+00  0.00000000E+00  0.10000000E-01  0.10000000E+01
 0.76002000E-09  0.28802593E-02  0.00000000E+00  0.12739744E+00  0.00000000E+00  0.00000000E+00  0.19689484E+09  0.00000000E+00  0.00000000E+00  0.00000000E+00  0.00000000E+00  0.00000000E+00  0.10000000E-01  0.10000000E+01
 0.77002000E-09  0.28802593E-02  0.00000000E+00  0.12936639E+00  0.00000000E+00  0.00000000E+00  0.19689484E+09  0.00000000E+00  0.00000000E+00  0.00000000E+00  0.00000000E+00  0.00000000E+00  0.10000000E-01  0.10000000E+01
 0.78002000E-09  0.28802593E-02  0.00000000E+00  0.13133534E+00  0.00000000E+00  0.00000000E+00  0.19689484E+09  0.00000000E+00  0.00000000E+00  0.00000000E+00  0.00000000E+00  0.00000000E+00  0.10000000E-01  0.10000000E+01
 0.79002000E-09  0.28802593E-02  0.00000000E+00  0.13330429E+00  0.00000000E+00  0.00000000E+00  0.19689484E+09  0.00000000E+00  0.00000000E+00  0.00000000E+00  0.00000000E+00  0.00000000E+00  0.10000000E-01  0.10000000E+01
 0.80002000E-09  0.28802593E-02  0.00000000E+00  0.13527324E+00  0.00000000E+00  0.00000000E+00  0.19689484E+09  0.00000000E+00  0.00000000E+00  0.00000000E+00  0.00000000E+00  0.00000000E+00  0.10000000E-01  0.10000000E+01
 0.81002000E-09  0.28802593E-02  0.00000000E+00  0.13724218E+00  0.00000000E+00  0.00000000E+00  0.19689484E+09  0.00000000E+00  0.00000000E+00  0.00000000E+00  0.00000000E+00  0.00000000E+00  0.10000000E-01  0.10000000E+01
 0.82002000E-09  0.28802593E-02  0.00000000E+00  0.13921113E+00  0.00000000E+00  0.00000000E+00  0.19689484E+09  0.00000000E+00  0.00000000E+00  0.00000000E+00  0.00000000E+00  0.00000000E+00  0.10000000E-01  0.10000000E+01
 0.83002000E-09  0.28802593E-02  0.00000000E+00  0.14118008E+00  0.00000000E+00  0.00000000E+00  0.19689484E+09  0.00000000E+00  0.00000000E+00  0.00000000E+00  0.00000000E+00  0.00000000E+00  0.10000000E-01  0.10000000E+01
 0.84002000E-09  0.28802593E-02  0.00000000E+00  0.14314903E+00  0.00000000E+00  0.00000000E+00  0.19689484E+09  0.00000000E+00  0.00000000E+00  0.00000000E+00  0.00000000E+00  0.00000000E+00  0.10000000E-01  0.10000000E+01
 0.85002000E-09  0.28802593E-02  0.00000000E+00  0.14511798E+00  0.00000000E+00  0.00000000E+00  0.19689484E+09  0.00000000E+00  0.00000000E+00  0.00000000E+00  0.00000000E+00  0.00000000E+00  0.10000000E-01  0.10000000E+01
 0.86002000E-09  0.28802593E-02  0.00000000E+00  0.14708693E+00  0.00000000E+00  0.00000000E+00  0.19689484E+09  0.00000000E+00  0.00000000E+00  0.00000000E+00  0.00000000E+00  0.00000000E+00  0.10000000E-01  0.10000000E+01
 0.87002000E-09  0.28802593E-02  0.00000000E+00  0.14905587E+00  0.00000000E+00  0.00000000E+00  0.19689484E+09  0.00000000E+00  0.00000000E+00  0.00000000E+00  0.00000000E+00  0.00000000E+00  0.10000000E-01  0.10000000E+01
 0.88002000E-09  0.28802593E-02  0.00000000E+00  0.15102482E+00  0.00000000E+00  0.00000000E+00  0.19689484E+09  0.00000000E+00  0.00000000E+00  0.00000000E+00  0.00000000E+00  0.00000000E+00  0.10000000E-01  0.10000000E+01
 0.89002000E-09  0.28802593E-02  0.00000000E+00  0.15299377E+00  0.00000000E+00  0.00000000E+00  0.19689484E+09  0.00000000E+00  0.00000000E+00  0.00000000E+00  0.00000000E+00  0.00000000E+00  0.10000000E-01  0.10000000E+01
 0.90002000E-09  0.28802593E-02  0.00000000E+00  0.15496272E+00  0.00000000E+00  0.00000000E+00  0.19689484E+09  0.00000000E+00  0.00000000E+00  0.00000000E+00  0.00000000E+00  0.00000000E+00  0.10000000E-01  0.10000000E+01
 0.91002000E-09  0.28802593E-02  0.00000000E+00  0.15693167E+00  0.00000000E+00  0.00000000E+00  0.19689484E+09  0.00000000E+00  0.00000000E+00  0.00000000E+00  0.00000000E+00  0.00000000E+00  0.10000000E-01  0.10000000E+01
 0.92002000E-09  0.28802593E-02  0.00000000E+00  0.15890062E+00  0.00000000E+00  0.00000000E+00  0.19689484E+09  0.00000000E+00  0.00000000E+00  0.00000000E+00  0.00000000E+00  0.00000000E+00  0.10000000E-01  0.10000000E+01
 0.93002000E-09  0.28802593E-02  0.00000000E+00  0.16086956E+00  0.00000000E+00  0.00000000E+00  0.19689484E+09  0.00000000E+00  0.00000000E+00  0.00000000E+00  0.00000000E+00  0.00000000E+00  0.10000000E-01  0.10000000E+01
 0.94002000E-09  0.28802593E-02  0.00000000E+00  0.16283851E+00  0.00000000E+00  0.00000000E+00  0.19689484E+09  0.00000000E+00  0.00000000E+00  0.00000000E+00  0.00000000E+00  0.00000000E+00  0.10000000E-01  0.10000000E+01
 0.95002000E-09  0.28802593E-02  0.00000000E+00  0.16480746E+00  0.00000000E+00  0.00000000E+00  0.19689484E+09  0.00000000E+00  0.00000000E+00  0.00000000E+00  0.00000000E+00  0.00000000E+00  0.10000000E-01  0.10000000E+01
 0.96002000E-09  0.28802593E-02  0.00000000E+00  0.16677641E+00  0.00000000E+00  0.00000000E+00  0.19689484E+09  0.00000000E+00  0.00000000E+00  0.00000000E+00  0.00000000E+00  0.00000000E+00  0.10000000E-01  0.10000000E+01
 0.97002000E-09  0.28802593E-02  0.00000000E+00  0.16874536E+00  0.00000000E+00  0.00000000E+00  0.19689484E+09  0.00000000E+00  0.00000000E+00  0.00000000E+00  0.00000000E+00  0.00000000E+00  0.10000000E-01  0.10000000E+01
 0.98002000E-09  0.28802593E-02  0.00000000E+00  0.17071431E+00  0.00000000E+00  0.00000000E+00  0.19689484E+09  0.00000000E+00  0.00000000E+00  0.00000000E+00  0.00000000E+00  0.00000000E+00  0.10000000E-01  0.10000000E+01
 0.99002000E-09  0.28802593E-02  0.00000000E+00  0.17268326E+00  0.00000000E+00  0.00000000E+00  0.19689484E+09  0.00000000E+00  0.00000000E+00  0.00000000E+00  0.00000000E+00  0.00000000E+00  0.10000000E-01  0.10000000E+01
 0.10000200E-08  0.28802593E-02  0.00000000E+00  0.17465220E+00  0.00000000E+00  0.00000000E+00  0.19689484E+09  0.00000000E+00  0.00000000E+00  0.00000000E+00  0.00000000E+00  0.00000000E+00  0.10000000E-01  0.10000000E+01
 0.10100200E-08  0.28802593E-02  0.00000000E+00  0.17662115E+00  0.00000000E+00  0.00000000E+00  0.19689484E+09  0.00000000E+00  0.00000000E+00  0.00000000E+00  0.00000000E+00  0.00000000E+00  0.10000000E-01  0.10000000E+01
 0.10200200E-08  0.28802593E-02  0.00000000E+00  0.17859010E+00  0.00000000E+00  0.00000000E+00  0.19689484E+09  0.00000000E+00  0.00000000E+00  0.00000000E+00  0.00000000E+00  0.00000000E+00  0.10000000E-01  0.10000000E+01
 0.10300200E-08  0.28802593E-02  0.00000000E+00  0.18055905E+00  0.00000000E+00  0.00000000E+00  0.19689484E+09  0.00000000E+00  0.00000000E+00  0.00000000E+00  0.00000000E+00  0.00000000E+00  0.10000000E-01  0.10000000E+01
 0.10400200E-08  0.28802593E-02  0.00000000E+00  0.18252800E+00  0.00000000E+00  0.00000000E+00  0.19689484E+09  0.00000000E+00  0.00000000E+00  0.00000000E+00  0.00000000E+00  0.00000000E+00  0.10000000E-01  0.10000000E+01
 0.10500200E-08  0.28802593E-02  0.00000000E+00  0.18449695E+00  0.00000000E+00  0.00000000E+00  0.19689484E+09  0.00000000E+00  0.00000000E+00  0.00000000E+00  0.00000000E+00  0.00000000E+00  0.10000000E-01  0.10000000E+01
 0.10600200E-08  0.28802593E-02  0.00000000E+00  0.18646589E+00  0.00000000E+00  0.00000000E+00  0.19689484E+09  0.00000000E+00  0.00000000E+00  0.00000000E+00  0.00000000E+00  0.00000000E+00  0.10000000E-01  0.10000000E+01
 0.10700200E-08  0.28802593E-02  0.00000000E+00  0.18843484E+00  0.00000000E+00  0.00000000E+00  0.19689484E+09  0.00000000E+00  0.00000000E+00  0.00000000E+00  0.00000000E+00  0.00000000E+00  0.10000000E-01  0.10000000E+01
 0.10800200E-08  0.28802593E-02  0.00000000E+00  0.19040379E+00  0.00000000E+00  0.00000000E+00  0.19689484E+09  0.00000000E+00  0.00000000E+00  0.00000000E+00  0.00000000E+00  0.00000000E+00  0.10000000E-01  0.10000000E+01
 0.10900200E-08  0.28802593E-02  0.00000000E+00  0.19237274E+00  0.00000000E+00  0.00000000E+00  0.19689484E+09  0.00000000E+00  0.00000000E+00  0.00000000E+00  0.00000000E+00  0.00000000E+00  0.10000000E-01  0.10000000E+01
 0.11000200E-08  0.28802593E-02  0.00000000E+00  0.19434169E+00  0.00000000E+00  0.00000000E+00  0.19689484E+09  0.00000000E+00  0.00000000E+00  0.00000000E+00  0.00000000E+00  0.00000000E+00  0.10000000E-01  0.10000000E+01
 0.11100200E-08  0.28802593E-02  0.00000000E+00  0.19631064E+00  0.00000000E+00  0.00000000E+00  0.19689484E+09  0.00000000E+00  0.00000000E+00  0.00000000E+00  0.00000000E+00  0.00000000E+00  0.10000000E-01  0.10000000E+01
 0.11200200E-08  0.28802593E-02  0.00000000E+00  0.19827959E+00  0.00000000E+00  0.00000000E+00  0.19689484E+09  0.00000000E+00  0.00000000E+00  0.00000000E+00  0.00000000E+00  0.00000000E+00  0.10000000E-01  0.10000000E+01
 0.11300200E-08  0.28802593E-02  0.00000000E+00  0.20024853E+00  0.00000000E+00  0.00000000E+00  0.19689484E+09  0.00000000E+00  0.00000000E+00  0.00000000E+00  0.00000000E+00  0.00000000E+00  0.10000000E-01  0.10000000E+01
 0.11400200E-08  0.28802593E-02  0.00000000E+00  0.20221748E+00  0.00000000E+00  0.00000000E+00  0.19689484E+09  0.00000000E+00  0.00000000E+00  0.00000000E+00  0.00000000E+00  0.00000000E+00  0.10000000E-01  0.10000000E+01
 0.11500200E-08  0.28802593E-02  0.00000000E+00  0.20418643E+00  0.00000000E+00  0.00000000E+00  0.19689484E+09  0.00000000E+00  0.00000000E+00  0.00000000E+00  0.00000000E+00  0.00000000E+00  0.10000000E-01  0.10000000E+01
 0.11600200E-08  0.28802593E-02  0.00000000E+00  0.20615538E+00  0.00000000E+00  0.00000000E+00  0.19689484E+09  0.00000000E+00  0.00000000E+00  0.00000000E+00  0.00000000E+00  0.00000000E+00  0.10000000E-01  0.10000000E+01
 0.11700200E-08  0.28802593E-02  0.00000000E+00  0.20812433E+00  0.00000000E+00  0.00000000E+00  0.19689484E+09  0.00000000E+00  0.00000000E+00  0.00000000E+00  0.00000000E+00  0.00000000E+00  0.10000000E-01  0.10000000E+01
 0.11800200E-08  0.28802593E-02  0.00000000E+00  0.21009328E+00  0.00000000E+00  0.00000000E+00  0.19689484E+09  0.00000000E+00  0.00000000E+00  0.00000000E+00  0.00000000E+00  0.00000000E+00  0.10000000E-01  0.10000000E+01
 0.11900200E-08  0.28802593E-02  0.00000000E+00  0.21206222E+00  0.00000000E+00  0.00000000E+00  0.19689484E+09  0.00000000E+00  0.00000000E+00  0.00000000E+00  0.00000000E+00  0.00000000E+00  0.10000000E-01  0.10000000E+01
 0.12000200E-08  0.28802593E-02  0.00000000E+00  0.21403117E+00  0.00000000E+00  0.00000000E+00  0.19689484E+09  0.00000000E+00  0.00000000E+00  0.00000000E+00  0.00000000E+00  0.00000000E+00  0.10000000E-01  0.10000000E+01
 0.12100200E-08  0.28802593E-02  0.00000000E+00  0.21600012E+00  0.00000000E+00  0.00000000E+00  0.19689484E+09  0.00000000E+00  0.00000000E+00  0.00000000E+00  0.00000000E+00  0.00000000E+00  0.10000000E-01  0.10000000E+01
 0.12200200E-08  0.28802593E-02  0.00000000E+00  0.21796907E+00  0.00000000E+00  0.00000000E+00  0.19689484E+09  0.00000000E+00  0.00000000E+00  0.00000000E+00  0.00000000E+00  0.00000000E+00  0.10000000E-01  0.10000000E+01
 0.12300200E-08  0.28802593E-02  0.00000000E+00  0.21993802E+00  0.00000000E+00  0.00000000E+00  0.19689484E+09  0.00000000E+00  0.00000000E+00  0.00000000E+00  0.00000000E+00  0.00000000E+00  0.10000000E-01  0.10000000E+01
 0.12400200E-08  0.28802593E-02  0.00000000E+00  0.22190697E+00  0.00000000E+00  0.00000000E+00  0.19689484E+09  0.00000000E+00  0.00000000E+00  0.00000000E+00  0.00000000E+00  0.00000000E+00  0.10000000E-01  0.10000000E+01
 0.12500200E-08  0.28802593E-02  0.00000000E+00  0.22387591E+00  0.00000000E+00  0.00000000E+00  0.19689484E+09  0.00000000E+00  0.00000000E+00  0.00000000E+00  0.00000000E+00  0.00000000E+00  0.10000000E-01  0.10000000E+01
 0.12600200E-08  0.28802593E-02  0.00000000E+00  0.22584486E+00  0.00000000E+00  0.00000000E+00  0.19689484E+09  0.00000000E+00  0.00000000E+00  0.00000000E+00  0.00000000E+00  0.00000000E+00  0.10000000E-01  0.10000000E+01
 0.12700200E-08  0.28802593E-02  0.00000000E+00  0.22781381E+00  0.00000000E+00  0.00000000E+00  0.19689484E+09  0.00000000E+00  0.00000000E+00  0.00000000E+00  0.00000000E+00  0.00000000E+00  0.10000000E-01  0.10000000E+01
 0.12800200E-08  0.28802593E-02  0.00000000E+00  0.22978276E+00  0.00000000E+00  0.00000000E+00  0.19689484E+09  0.00000000E+00  0.00000000E+00  0.00000000E+00  0.00000000E+00  0.00000000E+00  0.10000000E-01  0.10000000E+01
 0.12900200E-08  0.28802593E-02  0.00000000E+00  0.23175171E+00  0.00000000E+00  0.00000000E+00  0.19689484E+09  0.00000000E+00  0.00000000E+00  0.00000000E+00  0.00000000E+00  0.00000000E+00  0.10000000E-01  0.10000000E+01
 0.13000200E-08  0.28802593E-02  0.00000000E+00  0.23372066E+00  0.00000000E+00  0.00000000E+00  0.19689484E+09  0.00000000E+00  0.00000000E+00  0.00000000E+00  0.00000000E+00  0.00000000E+00  0.10000000E-01  0.10000000E+01
 0.13100200E-08  0.28802593E-02  0.00000000E+00  0.23568961E+00  0.00000000E+00  0.00000000E+00  0.19689484E+09  0.00000000E+00  0.00000000E+00  0.00000000E+00  0.00000000E+00  0.00000000E+00  0.10000000E-01  0.10000000E+01
 0.13200200E-08  0.28802593E-02  0.00000000E+00  0.23765855E+00  0.00000000E+00  0.00000000E+00  0.19689484E+09  0.00000000E+00  0.00000000E+00  0.00000000E+00  0.00000000E+00  0.00000000E+00  0.10000000E-01  0.10000000E+01
 0.13300200E-08  0.28802593E-02  0.00000000E+00  0.23962750E+00  0.00000000E+00  0.00000000E+00  0.19689484E+09  0.00000000E+00  0.00000000E+00  0.00000000E+00  0.00000000E+00  0.00000000E+00  0.10000000E-01  0.10000000E+01
 0.13400200E-08  0.28802593E-02  0.00000000E+00  0.24159645E+00  0.00000000E+00  0.00000000E+00  0.19689484E+09  0.00000000E+00  0.00000000E+00  0.00000000E+00  0.00000000E+00  0.00000000E+00  0.10000000E-01  0.10000000E+01
 0.13500200E-08  0.28802593E-02  0.00000000E+00  0.24356540E+00  0.00000000E+00  0.00000000E+00  0.19689484E+09  0.00000000E+00  0.00000000E+00  0.00000000E+00  0.00000000E+00  0.00000000E+00  0.10000000E-01  0.10000000E+01
 0.13600200E-08  0.28802593E-02  0.00000000E+00  0.24553435E+00  0.00000000E+00  0.00000000E+00  0.19689484E+09  0.00000000E+00  0.00000000E+00  0.00000000E+00  0.00000000E+00  0.00000000E+00  0.10000000E-01  0.10000000E+01
 0.13700200E-08  0.28802593E-02  0.00000000E+00  0.24750330E+00  0.00000000E+00  0.00000000E+00  0.19689484E+09  0.00000000E+00  0.00000000E+00  0.00000000E+00  0.00000000E+00  0.00000000E+00  0.10000000E-01  0.10000000E+01
 0.13800200E-08  0.28802593E-02  0.00000000E+00  0.24947224E+00  0.00000000E+00  0.00000000E+00  0.19689484E+09  0.00000000E+00  0.00000000E+00  0.00000000E+00  0.00000000E+00  0.00000000E+00  0.10000000E-01  0.10000000E+01
 0.13900200E-08  0.28802593E-02  0.00000000E+00  0.25144119E+00  0.00000000E+00  0.00000000E+00  0.19689484E+09  0.00000000E+00  0.00000000E+00  0.00000000E+00  0.00000000E+00  0.00000000E+00  0.10000000E-01  0.10000000E+01
 0.14000200E-08  0.28802593E-02  0.00000000E+00  0.25341014E+00  0.00000000E+00  0.00000000E+00  0.19689484E+09  0.00000000E+00  0.00000000E+00  0.00000000E+00  0.00000000E+00  0.00000000E+00  0.10000000E-01  0.10000000E+01
 0.14100200E-08  0.28802593E-02  0.00000000E+00  0.25537909E+00  0.00000000E+00  0.00000000E+00  0.19689484E+09  0.00000000E+00  0.00000000E+00  0.00000000E+00  0.00000000E+00  0.00000000E+00  0.10000000E-01  0.10000000E+01
 0.14200200E-08  0.28802593E-02  0.00000000E+00  0.25734804E+00  0.00000000E+00  0.00000000E+00  0.19689484E+09  0.00000000E+00  0.00000000E+00  0.00000000E+00  0.00000000E+00  0.00000000E+00  0.10000000E-01  0.10000000E+01
 0.14300200E-08  0.28802593E-02  0.00000000E+00  0.25931699E+00  0.00000000E+00  0.00000000E+00  0.19689484E+09  0.00000000E+00  0.00000000E+00  0.00000000E+00  0.00000000E+00  0.00000000E+00  0.10000000E-01  0.10000000E+01
 0.14400200E-08  0.28802593E-02  0.00000000E+00  0.26128593E+00  0.00000000E+00  0.00000000E+00  0.19689484E+09  0.00000000E+00  0.00000000E+00  0.00000000E+00  0.00000000E+00  0.00000000E+00  0.10000000E-01  0.10000000E+01
 0.14500200E-08  0.28802593E-02  0.00000000E+00  0.26325488E+00  0.00000000E+00  0.00000000E+00  0.19689484E+09  0.00000000E+00  0.00000000E+00  0.00000000E+00  0.00000000E+00  0.00000000E+00  0.10000000E-01  0.10000000E+01
 0.14600200E-08  0.28802593E-02  0.00000000E+00  0.26522383E+00  0.00000000E+00  0.00000000E+00  0.19689484E+09  0.00000000E+00  0.00000000E+00  0.00000000E+00  0.00000000E+00  0.00000000E+00  0.10000000E-01  0.10000000E+01
 0.14700200E-08  0.28802593E-02  0.00000000E+00  0.26719278E+00  0.00000000E+00  0.00000000E+00  0.19689484E+09  0.00000000E+00  0.00000000E+00  0.00000000E+00  0.00000000E+00  0.00000000E+00  0.10000000E-01  0.10000000E+01
 0.14800200E-08  0.28802593E-02  0.00000000E+00  0.26916173E+00  0.00000000E+00  0.00000000E+00  0.19689484E+09  0.00000000E+00  0.00000000E+00  0.00000000E+00  0.00000000E+00  0.00000000E+00  0.10000000E-01  0.10000000E+01
 0.14900200E-08  0.28802593E-02  0.00000000E+00  0.27113068E+00  0.00000000E+00  0.00000000E+00  0.19689484E+09  0.00000000E+00  0.00000000E+00  0.00000000E+00  0.00000000E+00  0.00000000E+00  0.10000000E-01  0.10000000E+01
 0.15000200E-08  0.28802593E-02  0.00000000E+00  0.27309963E+00  0.00000000E+00  0.00000000E+00  0.19689484E+09  0.00000000E+00  0.00000000E+00  0.00000000E+00  0.00000000E+00  0.00000000E+00  0.10000000E-01  0.10000000E+01
 0.15100200E-08  0.28802593E-02  0.00000000E+00  0.27506857E+00  0.00000000E+00  0.00000000E+00  0.19689484E+09  0.00000000E+00  0.00000000E+00  0.00000000E+00  0.00000000E+00  0.00000000E+00  0.10000000E-01  0.10000000E+01
 0.15200200E-08  0.28802593E-02  0.00000000E+00  0.27703752E+00  0.00000000E+00  0.00000000E+00  0.19689484E+09  0.00000000E+00  0.00000000E+00  0.00000000E+00  0.00000000E+00  0.00000000E+00  0.10000000E-01  0.10000000E+01
 0.15300200E-08  0.28802593E-02  0.00000000E+00  0.27900647E+00  0.00000000E+00  0.00000000E+00  0.19689484E+09  0.00000000E+00  0.00000000E+00  0.00000000E+00  0.00000000E+00  0.00000000E+00  0.10000000E-01  0.10000000E+01
 0.15400200E-08  0.28802593E-02  0.00000000E+00  0.28097542E+00  0.00000000E+00  0.00000000E+00  0.19689484E+09  0.00000000E+00  0.00000000E+00  0.00000000E+00  0.00000000E+00  0.00000000E+00  0.10000000E-01  0.10000000E+01
 0.15500200E-08  0.28802593E-02  0.00000000E+00  0.28294437E+00  0.00000000E+00  0.00000000E+00  0.19689484E+09  0.00000000E+00  0.00000000E+00  0.00000000E+00  0.00000000E+00  0.00000000E+00  0.10000000E-01  0.10000000E+01
 0.15600200E-08  0.28802593E-02  0.00000000E+00  0.28491332E+00  0.00000000E+00  0.00000000E+00  0.19689484E+09  0.00000000E+00  0.00000000E+00  0.00000000E+00  0.00000000E+00  0.00000000E+00  0.10000000E-01  0.10000000E+01
 0.15700200E-08  0.28802593E-02  0.00000000E+00  0.28688226E+00  0.00000000E+00  0.00000000E+00  0.19689484E+09  0.00000000E+00  0.00000000E+00  0.00000000E+00  0.00000000E+00  0.00000000E+00  0.10000000E-01  0.10000000E+01
 0.15800200E-08  0.28802593E-02  0.00000000E+00  0.28885121E+00  0.00000000E+00  0.00000000E+00  0.19689484E+09  0.00000000E+00  0.00000000E+00  0.00000000E+00  0.00000000E+00  0.00000000E+00  0.10000000E-01  0.10000000E+01
 0.15900200E-08  0.28802593E-02  0.00000000E+00  0.29082016E+00  0.00000000E+00  0.00000000E+00  0.19689484E+09  0.00000000E+00  0.00000000E+00  0.00000000E+00  0.00000000E+00  0.00000000E+00  0.10000000E-01  0.10000000E+01
 0.16000200E-08  0.28802593E-02  0.00000000E+00  0.29278911E+00  0.00000000E+00  0.00000000E+00  0.19689484E+09  0.00000000E+00  0.00000000E+00  0.00000000E+00  0.00000000E+00  0.00000000E+00  0.10000000E-01  0.10000000E+01
 0.16100200E-08  0.28802593E-02  0.00000000E+00  0.29475806E+00  0.00000000E+00  0.00000000E+00  0.19689484E+09  0.00000000E+00  0.00000000E+00  0.00000000E+00  0.00000000E+00  0.00000000E+00  0.10000000E-01  0.10000000E+01
 0.16200200E-08  0.28802593E-02  0.00000000E+00  0.29672701E+00  0.00000000E+00  0.00000000E+00  0.19689484E+09  0.00000000E+00  0.00000000E+00  0.00000000E+00  0.00000000E+00  0.00000000E+00  0.10000000E-01  0.10000000E+01
 0.16300200E-08  0.28802593E-02  0.00000000E+00  0.29869595E+00  0.00000000E+00  0.00000000E+00  0.19689484E+09  0.00000000E+00  0.00000000E+00  0.00000000E+00  0.00000000E+00  0.00000000E+00  0.10000000E-01  0.10000000E+01
 0.16400200E-08  0.28802593E-02  0.00000000E+00  0.30066490E+00  0.00000000E+00  0.00000000E+00  0.19689484E+09  0.00000000E+00  0.00000000E+00  0.00000000E+00  0.00000000E+00  0.00000000E+00  0.10000000E-01  0.10000000E+01
 0.16500200E-08  0.28802593E-02  0.00000000E+00  0.30263385E+00  0.00000000E+00  0.00000000E+00  0.19689484E+09  0.00000000E+00  0.00000000E+00  0.00000000E+00  0.00000000E+00  0.00000000E+00  0.10000000E-01  0.10000000E+01
 0.16600200E-08  0.28802593E-02  0.00000000E+00  0.30460280E+00  0.00000000E+00  0.00000000E+00  0.19689484E+09  0.00000000E+00  0.00000000E+00  0.00000000E+00  0.00000000E+00  0.00000000E+00  0.10000000E-01  0.10000000E+01
 0.16700200E-08  0.28802593E-02  0.00000000E+00  0.30657175E+00  0.00000000E+00  0.00000000E+00  0.19689484E+09  0.00000000E+00  0.00000000E+00  0.00000000E+00  0.00000000E+00  0.00000000E+00  0.10000000E-01  0.10000000E+01
 0.16800200E-08  0.28802593E-02  0.00000000E+00  0.30854070E+00  0.00000000E+00  0.00000000E+00  0.19689484E+09  0.00000000E+00  0.00000000E+00  0.00000000E+00  0.00000000E+00  0.00000000E+00  0.10000000E-01  0.10000000E+01
 0.16900200E-08  0.28802593E-02  0.00000000E+00  0.31050965E+00  0.00000000E+00  0.00000000E+00  0.19689484E+09  0.00000000E+00  0.00000000E+00  0.00000000E+00  0.00000000E+00  0.00000000E+00  0.10000000E-01  0.10000000E+01
 0.17000200E-08  0.28802593E-02  0.00000000E+00  0.31247859E+00  0.00000000E+00  0.00000000E+00  0.19689484E+09  0.00000000E+00  0.00000000E+00  0.00000000E+00  0.00000000E+00  0.00000000E+00  0.10000000E-01  0.10000000E+01
 0.17100200E-08  0.28802593E-02  0.00000000E+00  0.31444754E+00  0.00000000E+00  0.00000000E+00  0.19689484E+09  0.00000000E+00  0.00000000E+00  0.00000000E+00  0.00000000E+00  0.00000000E+00  0.10000000E-01  0.10000000E+01
 0.17200200E-08  0.28802593E-02  0.00000000E+00  0.31641649E+00  0.00000000E+00  0.00000000E+00  0.19689484E+09  0.00000000E+00  0.00000000E+00  0.00000000E+00  0.00000000E+00  0.00000000E+00  0.10000000E-01  0.10000000E+01
 0.17300200E-08  0.28802593E-02  0.00000000E+00  0.31838544E+00  0.00000000E+00  0.00000000E+00  0.19689484E+09  0.00000000E+00  0.00000000E+00  0.00000000E+00  0.00000000E+00  0.00000000E+00  0.10000000E-01  0.10000000E+01
 0.17400200E-08  0.28802593E-02  0.00000000E+00  0.32035439E+00  0.00000000E+00  0.00000000E+00  0.19689484E+09  0.00000000E+00  0.00000000E+00  0.00000000E+00  0.00000000E+00  0.00000000E+00  0.10000000E-01  0.10000000E+01
 0.17500200E-08  0.28802593E-02  0.00000000E+00  0.32232334E+00  0.00000000E+00  0.00000000E+00  0.19689484E+09  0.00000000E+00  0.00000000E+00  0.00000000E+00  0.00000000E+00  0.00000000E+00  0.10000000E-01  0.10000000E+01
 0.17600200E-08  0.28802593E-02  0.00000000E+00  0.32429228E+00  0.00000000E+00  0.00000000E+00  0.19689484E+09  0.00000000E+00  0.00000000E+00  0.00000000E+00  0.00000000E+00  0.00000000E+00  0.10000000E-01  0.10000000E+01
 0.17700200E-08  0.28802593E-02  0.00000000E+00  0.32626123E+00  0.00000000E+00  0.00000000E+00  0.19689484E+09  0.00000000E+00  0.00000000E+00  0.00000000E+00  0.00000000E+00  0.00000000E+00  0.10000000E-01  0.10000000E+01
 0.17800200E-08  0.28802593E-02  0.00000000E+00  0.32823018E+00  0.00000000E+00  0.00000000E+00  0.19689484E+09  0.00000000E+00  0.00000000E+00  0.00000000E+00  0.00000000E+00  0.00000000E+00  0.10000000E-01  0.10000000E+01
 0.17900200E-08  0.28802593E-02  0.00000000E+00  0.33019913E+00  0.00000000E+00  0.00000000E+00  0.19689484E+09  0.00000000E+00  0.00000000E+00  0.00000000E+00  0.00000000E+00  0.00000000E+00  0.10000000E-01  0.10000000E+01
 0.18000200E-08  0.28802593E-02  0.00000000E+00  0.33216808E+00  0.00000000E+00  0.00000000E+00  0.19689484E+09  0.00000000E+00  0.00000000E+00  0.00000000E+00  0.00000000E+00  0.00000000E+00  0.10000000E-01  0.10000000E+01
 0.18100200E-08  0.28802593E-02  0.00000000E+00  0.33413703E+00  0.00000000E+00  0.00000000E+00  0.19689484E+09  0.00000000E+00  0.00000000E+00  0.00000000E+00  0.00000000E+00  0.00000000E+00  0.10000000E-01  0.10000000E+01
 0.18200200E-08  0.28802593E-02  0.00000000E+00  0.33610598E+00  0.00000000E+00  0.00000000E+00  0.19689484E+09  0.00000000E+00  0.00000000E+00  0.00000000E+00  0.00000000E+00  0.00000000E+00  0.10000000E-01  0.10000000E+01
 0.18300200E-08  0.28802593E-02  0.00000000E+00  0.33807492E+00  0.00000000E+00  0.00000000E+00  0.19689484E+09  0.00000000E+00  0.00000000E+00  0.00000000E+00  0.00000000E+00  0.00000000E+00  0.10000000E-01  0.10000000E+01
 0.18400200E-08  0.28802593E-02  0.00000000E+00  0.34004387E+00  0.00000000E+00  0.00000000E+00  0.19689484E+09  0.00000000E+00  0.00000000E+00  0.00000000E+00  0.00000000E+00  0.00000000E+00  0.10000000E-01  0.10000000E+01
 0.18500200E-08  0.28802593E-02  0.00000000E+00  0.34201282E+00  0.00000000E+00  0.00000000E+00  0.19689484E+09  0.00000000E+00  0.00000000E+00  0.00000000E+00  0.00000000E+00  0.00000000E+00  0.10000000E-01  0.10000000E+01
 0.18600200E-08  0.28802593E-02  0.00000000E+00  0.34398177E+00  0.00000000E+00  0.00000000E+00  0.19689484E+09  0.00000000E+00  0.00000000E+00  0.00000000E+00  0.00000000E+00  0.00000000E+00  0.10000000E-01  0.10000000E+01
 0.18700200E-08  0.28802593E-02  0.00000000E+00  0.34595072E+00  0.00000000E+00  0.00000000E+00  0.19689484E+09  0.00000000E+00  0.00000000E+00  0.00000000E+00  0.00000000E+00  0.00000000E+00  0.10000000E-01  0.10000000E+01
 0.18800200E-08  0.28802593E-02  0.00000000E+00  0.34791967E+00  0.00000000E+00  0.00000000E+00  0.19689484E+09  0.00000000E+00  0.00000000E+00  0.00000000E+00  0.00000000E+00  0.00000000E+00  0.10000000E-01  0.10000000E+01
 0.18900200E-08  0.28802593E-02  0.00000000E+00  0.34988861E+00  0.00000000E+00  0.00000000E+00  0.19689484E+09  0.00000000E+00  0.00000000E+00  0.00000000E+00  0.00000000E+00  0.00000000E+00  0.10000000E-01  0.10000000E+01
 0.19000200E-08  0.28802593E-02  0.00000000E+00  0.35185756E+00  0.00000000E+00  0.00000000E+00  0.19689484E+09  0.00000000E+00  0.00000000E+00  0.00000000E+00  0.00000000E+00  0.00000000E+00  0.10000000E-01  0.10000000E+01
 0.19100200E-08  0.28802593E-02  0.00000000E+00  0.35382651E+00  0.00000000E+00  0.00000000E+00  0.19689484E+09  0.00000000E+00  0.00000000E+00  0.00000000E+00  0.00000000E+00  0.00000000E+00  0.10000000E-01  0.10000000E+01
 0.19200200E-08  0.28802593E-02  0.00000000E+00  0.35579546E+00  0.00000000E+00  0.00000000E+00  0.19689484E+09  0.00000000E+00  0.00000000E+00  0.00000000E+00  0.00000000E+00  0.00000000E+00  0.10000000E-01  0.10000000E+01
 0.19300200E-08  0.28802593E-02  0.00000000E+00  0.35776441E+00  0.00000000E+00  0.00000000E+00  0.19689484E+09  0.00000000E+00  0.00000000E+00  0.00000000E+00  0.00000000E+00  0.00000000E+00  0.10000000E-01  0.10000000E+01
 0.19400200E-08  0.28802593E-02  0.00000000E+00  0.35973336E+00  0.00000000E+00  0.00000000E+00  0.19689484E+09  0.00000000E+00  0.00000000E+00  0.00000000E+00  0.00000000E+00  0.00000000E+00  0.10000000E-01  0.10000000E+01
 0.19500200E-08  0.28802593E-02  0.00000000E+00  0.36170230E+00  0.00000000E+00  0.00000000E+00  0.19689484E+09  0.00000000E+00  0.00000000E+00  0.00000000E+00  0.00000000E+00  0.00000000E+00  0.10000000E-01  0.10000000E+01
 0.19600200E-08  0.28802593E-02  0.00000000E+00  0.36367125E+00  0.00000000E+00  0.00000000E+00  0.19689484E+09  0.00000000E+00  0.00000000E+00  0.00000000E+00  0.00000000E+00  0.00000000E+00  0.10000000E-01  0.10000000E+01
 0.19700200E-08  0.28802593E-02  0.00000000E+00  0.36564020E+00  0.00000000E+00  0.00000000E+00  0.19689484E+09  0.00000000E+00  0.00000000E+00  0.00000000E+00  0.00000000E+00  0.00000000E+00  0.10000000E-01  0.10000000E+01
 0.19800200E-08  0.28802593E-02  0.00000000E+00  0.36760915E+00  0.00000000E+00  0.00000000E+00  0.19689484E+09  0.00000000E+00  0.00000000E+00  0.00000000E+00  0.00000000E+00  0.00000000E+00  0.10000000E-01  0.10000000E+01
 0.19900200E-08  0.28802593E-02  0.00000000E+00  0.36957810E+00  0.00000000E+00  0.00000000E+00  0.19689484E+09  0.00000000E+00  0.00000000E+00  0.00000000E+00  0.00000000E+00  0.00000000E+00  0.10000000E-01  0.10000000E+01
