# ptime xp yp zp vx vy vz ex ey ez bx by bz wt
 0.20000000E-13  0.87002862E-02  0.00000000E+00 -0.25560734E-01  0.00000000E+00  0.00000000E+00  0.18982067E+09  0.00000000E+00  0.00000000E+00  0.00000000E+00  0.00000000E+00  0.00000000E+00  0.10000000E-01  0.10000000E+01
 0.10000000E-10  0.87002862E-02  0.00000000E+00 -0.23666323E-01  0.00000000E+00  0.00000000E+00  0.18982067E+09  0.00000000E+00  0.00000000E+00  0.00000000E+00  0.00000000E+00  0.00000000E+00  0.10000000E-01  0.10000000E+01
 0.20000000E-10  0.87002862E-02  0.00000000E+00 -0.21768117E-01  0.00000000E+00  0.00000000E+00  0.18982067E+09  0.00000000E+00  0.00000000E+00  0.00000000E+00  0.00000000E+00  0.00000000E+00  0.10000000E-01  0.10000000E+01
 0.30000000E-10  0.87002862E-02  0.00000000E+00 -0.19869910E-01  0.00000000E+00  0.00000000E+00  0.18982067E+09  0.00000000E+00  0.00000000E+00  0.00000000E+00  0.00000000E+00  0.00000000E+00  0.10000000E-01  0.10000000E+01
 0.40020000E-10  0.87002862E-02  0.00000000E+00 -0.17967907E-01  0.00000000E+00  0.00000000E+00  0.18982067E+09  0.00000000E+00  0.00000000E+00  0.00000000E+00  0.00000000E+00  0.00000000E+00  0.10000000E-01  0.10000000E+01
 0.50020000E-10  0.87002862E-02  0.00000000E+00 -0.16069700E-01  0.00000000E+00  0.00000000E+00  0.18982067E+09  0.00000000E+00  0.00000000E+00  0.00000000E+00  0.00000000E+00  0.00000000E+00  0.10000000E-01  0.10000000E+01
 0.60020000E-10  0.87002862E-02  0.00000000E+00 -0.14171494E-01  0.00000000E+00  0.00000000E+00  0.18982067E+09  0.00000000E+00  0.00000000E+00  0.00000000E+00  0.00000000E+00  0.00000000E+00  0.10000000E-01  0.10000000E+01
 0.70020000E-10  0.87002862E-02  0.00000000E+00 -0.12273287E-01  0.00000000E+00  0.00000000E+00  0.18982067E+09  0.00000000E+00  0.00000000E+00  0.00000000E+00  0.00000000E+00  0.00000000E+00  0.10000000E-01  0.10000000E+01
 0.80000000E-10  0.87002862E-02  0.00000000E+00 -0.10378877E-01  0.00000000E+00  0.00000000E+00  0.18982067E+09  0.00000000E+00  0.00000000E+00  0.00000000E+00  0.00000000E+00  0.00000000E+00  0.10000000E-01  0.10000000E+01
 0.90000000E-10  0.87002862E-02  0.00000000E+00 -0.84806698E-02  0.00000000E+00  0.00000000E+00  0.18982067E+09  0.00000000E+00  0.00000000E+00  0.00000000E+00  0.00000000E+00  0.00000000E+00  0.10000000E-01  0.10000000E+01
 0.10000000E-09  0.87002862E-02  0.00000000E+00 -0.65824631E-02  0.00000000E+00  0.00000000E+00  0.18982067E+09  0.00000000E+00  0.00000000E+00  0.00000000E+00  0.00000000E+00  0.00000000E+00  0.10000000E-01  0.10000000E+01
 0.11000000E-09  0.87002862E-02  0.00000000E+00 -0.46842564E-02  0.00000000E+00  0.00000000E+00  0.18982067E+09  0.00000000E+00  0.00000000E+00  0.00000000E+00  0.00000000E+00  0.00000000E+00  0.10000000E-01  0.10000000E+01
 0.12000000E-09  0.87002862E-02  0.00000000E+00 -0.27860497E-02  0.00000000E+00  0.00000000E+00  0.18982067E+09  0.00000000E+00  0.00000000E+00  0.00000000E+00  0.00000000E+00  0.00000000E+00  0.10000000E-01  0.10000000E+01
 0.13000000E-09  0.87002862E-02  0.00000000E+00 -0.88784297E-03  0.00000000E+00  0.00000000E+00  0.18982067E+09  0.00000000E+00  0.00000000E+00  0.00000000E+00  0.00000000E+00  0.00000000E+00  0.10000000E-01  0.10000000E+01
 0.14002000E-09  0.87002862E-02  0.00000000E+00  0.10141602E-02  0.00000000E+00  0.00000000E+00  0.18982067E+09  0.00000000E+00  0.00000000E+00  0.00000000E+00  0.00000000E+00  0.00000000E+00  0.10000000E-01  0.10000000E+01
 0.15002000E-09  0.87002862E-02  0.00000000E+00  0.29123669E-02  0.00000000E+00  0.00000000E+00  0.18982067E+09  0.00000000E+00  0.00000000E+00  0.00000000E+00  0.00000000E+00  0.00000000E+00  0.10000000E-01  0.10000000E+01
 0.16002000E-09  0.87002862E-02  0.00000000E+00  0.48105736E-02  0.00000000E+00  0.00000000E+00  0.18982067E+09  0.00000000E+00  0.00000000E+00  0.00000000E+00  0.00000000E+00  0.00000000E+00  0.10000000E-01  0.10000000E+01
 0.17002000E-09  0.87002862E-02  0.00000000E+00  0.67087803E-02  0.00000000E+00  0.00000000E+00  0.18982067E+09  0.00000000E+00  0.00000000E+00  0.00000000E+00  0.00000000E+00  0.00000000E+00  0.10000000E-01  0.10000000E+01
 0.18002000E-09  0.87002862E-02  0.00000000E+00  0.86069870E-02  0.00000000E+00  0.00000000E+00  0.18982067E+09  0.00000000E+00  0.00000000E+00  0.00000000E+00  0.00000000E+00  0.00000000E+00  0.10000000E-01  0.10000000E+01
 0.19002000E-09  0.87002862E-02  0.00000000E+00  0.10505194E-01  0.00000000E+00  0.00000000E+00  0.18982067E+09  0.00000000E+00  0.00000000E+00  0.00000000E+00  0.00000000E+00  0.00000000E+00  0.10000000E-01  0.10000000E+01
 0.20002000E-09  0.87002862E-02  0.00000000E+00  0.12403400E-01  0.00000000E+00  0.00000000E+00  0.18982067E+09  0.00000000E+00  0.00000000E+00  0.00000000E+00  0.00000000E+00  0.00000000E+00  0.10000000E-01  0.10000000E+01
 0.21002000E-09  0.87002862E-02  0.00000000E+00  0.14301607E-01  0.00000000E+00  0.00000000E+00  0.18982067E+09  0.00000000E+00  0.00000000E+00  0.00000000E+00  0.00000000E+00  0.00000000E+00  0.10000000E-01  0.10000000E+01
 0.22002000E-09  0.87002862E-02  0.00000000E+00  0.16199814E-01  0.00000000E+00  0.00000000E+00  0.18982067E+09  0.00000000E+00  0.00000000E+00  0.00000000E+00  0.00000000E+00  0.00000000E+00  0.10000000E-01  0.10000000E+01
 0.23002000E-09  0.87002862E-02  0.00000000E+00  0.18098021E-01  0.00000000E+00  0.00000000E+00  0.18982067E+09  0.00000000E+00  0.00000000E+00  0.00000000E+00  0.00000000E+00  0.00000000E+00  0.10000000E-01  0.10000000E+01
 0.24002000E-09  0.87002862E-02  0.00000000E+00  0.19996227E-01  0.00000000E+00  0.00000000E+00  0.18982067E+09  0.00000000E+00  0.00000000E+00  0.00000000E+00  0.00000000E+00  0.00000000E+00  0.10000000E-01  0.10000000E+01
 0.25002000E-09  0.87002862E-02  0.00000000E+00  0.21894434E-01  0.00000000E+00  0.00000000E+00  0.18982067E+09  0.00000000E+00  0.00000000E+00  0.00000000E+00  0.00000000E+00  0.00000000E+00  0.10000000E-01  0.10000000E+01
 0.26002000E-09  0.87002862E-02  0.00000000E+00  0.23792641E-01  0.00000000E+00  0.00000000E+00  0.18982067E+09  0.00000000E+00  0.00000000E+00  0.00000000E+00  0.00000000E+00  0.00000000E+00  0.10000000E-01  0.10000000E+01
 0.27002000E-09  0.87002862E-02  0.00000000E+00  0.25690847E-01  0.00000000E+00  0.00000000E+00  0.18982067E+09  0.00000000E+00  0.00000000E+00  0.00000000E+00  0.00000000E+00  0.00000000E+00  0.10000000E-01  0.10000000E+01
 0.28002000E-09  0.87002862E-02  0.00000000E+00  0.27589054E-01  0.00000000E+00  0.00000000E+00  0.18982067E+09  0.00000000E+00  0.00000000E+00  0.00000000E+00  0.00000000E+00  0.00000000E+00  0.10000000E-01  0.10000000E+01
 0.29002000E-09  0.87002862E-02  0.00000000E+00  0.29487261E-01  0.00000000E+00  0.00000000E+00  0.18982067E+09  0.00000000E+00  0.00000000E+00  0.00000000E+00  0.00000000E+00  0.00000000E+00  0.10000000E-01  0.10000000E+01
 0.30000000E-09  0.87002862E-02  0.00000000E+00  0.31381671E-01  0.00000000E+00  0.00000000E+00  0.18982067E+09  0.00000000E+00  0.00000000E+00  0.00000000E+00  0.00000000E+00  0.00000000E+00  0.10000000E-01  0.10000000E+01
 0.31000000E-09  0.87002862E-02  0.00000000E+00  0.33279878E-01  0.00000000E+00  0.00000000E+00  0.18982067E+09  0.00000000E+00  0.00000000E+00  0.00000000E+00  0.00000000E+00  0.00000000E+00  0.10000000E-01  0.10000000E+01
 0.32000000E-09  0.87002862E-02  0.00000000E+00  0.35178085E-01  0.00000000E+00  0.00000000E+00  0.18982067E+09  0.00000000E+00  0.00000000E+00  0.00000000E+00  0.00000000E+00  0.00000000E+00  0.10000000E-01  0.10000000E+01
 0.33000000E-09  0.87002862E-02  0.00000000E+00  0.37076291E-01  0.00000000E+00  0.00000000E+00  0.18982067E+09  0.00000000E+00  0.00000000E+00  0.00000000E+00  0.00000000E+00  0.00000000E+00  0.10000000E-01  0.10000000E+01
 0.34000000E-09  0.87002862E-02  0.00000000E+00  0.38974498E-01  0.00000000E+00  0.00000000E+00  0.18982067E+09  0.00000000E+00  0.00000000E+00  0.00000000E+00  0.00000000E+00  0.00000000E+00  0.10000000E-01  0.10000000E+01
 0.35000000E-09  0.87002862E-02  0.00000000E+00  0.40872705E-01  0.00000000E+00  0.00000000E+00  0.18982067E+09  0.00000000E+00  0.00000000E+00  0.00000000E+00  0.00000000E+00  0.00000000E+00  0.10000000E-01  0.10000000E+01
 0.36000000E-09  0.87002862E-02  0.00000000E+00  0.42770911E-01  0.00000000E+00  0.00000000E+00  0.18982067E+09  0.00000000E+00  0.00000000E+00  0.00000000E+00  0.00000000E+00  0.00000000E+00  0.10000000E-01  0.10000000E+01
 0.37000000E-09  0.87002862E-02  0.00000000E+00  0.44669118E-01  0.00000000E+00  0.00000000E+00  0.18982067E+09  0.00000000E+00  0.00000000E+00  0.00000000E+00  0.00000000E+00  0.00000000E+00  0.10000000E-01  0.10000000E+01
 0.38000000E-09  0.87002862E-02  0.00000000E+00  0.46567325E-01  0.00000000E+00  0.00000000E+00  0.18982067E+09  0.00000000E+00  0.00000000E+00  0.00000000E+00  0.00000000E+00  0.00000000E+00  0.10000000E-01  0.10000000E+01
 0.39000000E-09  0.87002862E-02  0.00000000E+00  0.48465531E-01  0.00000000E+00  0.00000000E+00  0.18982067E+09  0.00000000E+00  0.00000000E+00  0.00000000E+00  0.00000000E+00  0.00000000E+00  0.10000000E-01  0.10000000E+01
 0.40000000E-09  0.87002862E-02  0.00000000E+00  0.50363738E-01  0.00000000E+00  0.00000000E+00  0.18982067E+09  0.00000000E+00  0.00000000E+00  0.00000000E+00  0.00000000E+00  0.00000000E+00  0.10000000E-01  0.10000000E+01
 0.41000000E-09  0.87002862E-02  0.00000000E+00  0.52261945E-01  0.00000000E+00  0.00000000E+00  0.18982067E+09  0.00000000E+00  0.00000000E+00  0.00000000E+00  0.00000000E+00  0.00000000E+00  0.10000000E-01  0.10000000E+01
 0.42000000E-09  0.87002862E-02  0.00000000E+00  0.54160152E-01  0.00000000E+00  0.00000000E+00  0.18982067E+09  0.00000000E+00  0.00000000E+00  0.00000000E+00  0.00000000E+00  0.00000000E+00  0.10000000E-01  0.10000000E+01
 0.43000000E-09  0.87002862E-02  0.00000000E+00  0.56058358E-01  0.00000000E+00  0.00000000E+00  0.18982067E+09  0.00000000E+00  0.00000000E+00  0.00000000E+00  0.00000000E+00  0.00000000E+00  0.10000000E-01  0.10000000E+01
 0.44000000E-09  0.87002862E-02  0.00000000E+00  0.57956565E-01  0.00000000E+00  0.00000000E+00  0.18982067E+09  0.00000000E+00  0.00000000E+00  0.00000000E+00  0.00000000E+00  0.00000000E+00  0.10000000E-01  0.10000000E+01
 0.45000000E-09  0.87002862E-02  0.00000000E+00  0.59854772E-01  0.00000000E+00  0.00000000E+00  0.18982067E+09  0.00000000E+00  0.00000000E+00  0.00000000E+00  0.00000000E+00  0.00000000E+00  0.10000000E-01  0.10000000E+01
 0.46000000E-09  0.87002862E-02  0.00000000E+00  0.61752978E-01  0.00000000E+00  0.00000000E+00  0.18982067E+09  0.00000000E+00  0.00000000E+00  0.00000000E+00  0.00000000E+00  0.00000000E+00  0.10000000E-01  0.10000000E+01
 0.47000000E-09  0.87002862E-02  0.00000000E+00  0.63651185E-01  0.00000000E+00  0.00000000E+00  0.18982067E+09  0.00000000E+00  0.00000000E+00  0.00000000E+00  0.00000000E+00  0.00000000E+00  0.10000000E-01  0.10000000E+01
 0.48000000E-09  0.87002862E-02  0.00000000E+00  0.65549392E-01  0.00000000E+00  0.00000000E+00  0.18982067E+09  0.00000000E+00  0.00000000E+00  0.00000000E+00  0.00000000E+00  0.00000000E+00  0.10000000E-01  0.10000000E+01
 0.49000000E-09  0.87002862E-02  0.00000000E+00  0.67447599E-01  0.00000000E+00  0.00000000E+00  0.18982067E+09  0.00000000E+00  0.00000000E+00  0.00000000E+00  0.00000000E+00  0.00000000E+00  0.10000000E-01  0.10000000E+01
 0.50000000E-09  0.87002862E-02  0.00000000E+00  0.69345805E-01  0.00000000E+00  0.00000000E+00  0.18982067E+09  0.00000000E+00  0.00000000E+00  0.00000000E+00  0.00000000E+00  0.00000000E+00  0.10000000E-01  0.10000000E+01
 0.51000000E-09  0.87002862E-02  0.00000000E+00  0.71244012E-01  0.00000000E+00  0.00000000E+00  0.18982067E+09  0.00000000E+00  0.00000000E+00  0.00000000E+00  0.00000000E+00  0.00000000E+00  0.10000000E-01  0.10000000E+01
 0.52000000E-09  0.87002862E-02  0.00000000E+00  0.73142219E-01  0.00000000E+00  0.00000000E+00  0.18982067E+09  0.00000000E+00  0.00000000E+00  0.00000000E+00  0.00000000E+00  0.00000000E+00  0.10000000E-01  0.10000000E+01
 0.53000000E-09  0.87002862E-02  0.00000000E+00  0.75040425E-01  0.00000000E+00  0.00000000E+00  0.18982067E+09  0.00000000E+00  0.00000000E+00  0.00000000E+00  0.00000000E+00  0.00000000E+00  0.10000000E-01  0.10000000E+01
 0.54000000E-09  0.87002862E-02  0.00000000E+00  0.76938632E-01  0.00000000E+00  0.00000000E+00  0.18982067E+09  0.00000000E+00  0.00000000E+00  0.00000000E+00  0.00000000E+00  0.00000000E+00  0.10000000E-01  0.10000000E+01
 0.55002000E-09  0.87002862E-02  0.00000000E+00  0.78840635E-01  0.00000000E+00  0.00000000E+00  0.18982067E+09  0.00000000E+00  0.00000000E+00  0.00000000E+00  0.00000000E+00  0.00000000E+00  0.10000000E-01  0.10000000E+01
 0.56002000E-09  0.87002862E-02  0.00000000E+00  0.80738842E-01  0.00000000E+00  0.00000000E+00  0.18982067E+09  0.00000000E+00  0.00000000E+00  0.00000000E+00  0.00000000E+00  0.00000000E+00  0.10000000E-01  0.10000000E+01
 0.57002000E-09  0.87002862E-02  0.00000000E+00  0.82637049E-01  0.00000000E+00  0.00000000E+00  0.18982067E+09  0.00000000E+00  0.00000000E+00  0.00000000E+00  0.00000000E+00  0.00000000E+00  0.10000000E-01  0.10000000E+01
 0.58002000E-09  0.87002862E-02  0.00000000E+00  0.84535255E-01  0.00000000E+00  0.00000000E+00  0.18982067E+09  0.00000000E+00  0.00000000E+00  0.00000000E+00  0.00000000E+00  0.00000000E+00  0.10000000E-01  0.10000000E+01
 0.59002000E-09  0.87002862E-02  0.00000000E+00  0.86433462E-01  0.00000000E+00  0.00000000E+00  0.18982067E+09  0.00000000E+00  0.00000000E+00  0.00000000E+00  0.00000000E+00  0.00000000E+00  0.10000000E-01  0.10000000E+01
 0.60002000E-09  0.87002862E-02  0.00000000E+00  0.88331669E-01  0.00000000E+00  0.00000000E+00  0.18982067E+09  0.00000000E+00  0.00000000E+00  0.00000000E+00  0.00000000E+00  0.00000000E+00  0.10000000E-01  0.10000000E+01
 0.61002000E-09  0.87002862E-02  0.00000000E+00  0.90229876E-01  0.00000000E+00  0.00000000E+00  0.18982067E+09  0.00000000E+00  0.00000000E+00  0.00000000E+00  0.00000000E+00  0.00000000E+00  0.10000000E-01  0.10000000E+01
 0.62002000E-09  0.87002862E-02  0.00000000E+00  0.92128082E-01  0.00000000E+00  0.00000000E+00  0.18982067E+09  0.00000000E+00  0.00000000E+00  0.00000000E+00  0.00000000E+00  0.00000000E+00  0.10000000E-01  0.10000000E+01
 0.63002000E-09  0.87002862E-02  0.00000000E+00  0.94026289E-01  0.00000000E+00  0.00000000E+00  0.18982067E+09  0.00000000E+00  0.00000000E+00  0.00000000E+00  0.00000000E+00  0.00000000E+00  0.10000000E-01  0.10000000E+01
 0.64002000E-09  0.87002862E-02  0.00000000E+00  0.95924496E-01  0.00000000E+00  0.00000000E+00  0.18982067E+09  0.00000000E+00  0.00000000E+00  0.00000000E+00  0.00000000E+00  0.00000000E+00  0.10000000E-01  0.10000000E+01
 0.65002000E-09  0.87002862E-02  0.00000000E+00  0.97822702E-01  0.00000000E+00  0.00000000E+00  0.18982067E+09  0.00000000E+00  0.00000000E+00  0.00000000E+00  0.00000000E+00  0.00000000E+00  0.10000000E-01  0.10000000E+01
 0.66002000E-09  0.87002862E-02  0.00000000E+00  0.99720909E-01  0.00000000E+00  0.00000000E+00  0.18982067E+09  0.00000000E+00  0.00000000E+00  0.00000000E+00  0.00000000E+00  0.00000000E+00  0.10000000E-01  0.10000000E+01
 0.67002000E-09  0.87002862E-02  0.00000000E+00  0.10161912E+00  0.00000000E+00  0.00000000E+00  0.18982067E+09  0.00000000E+00  0.00000000E+00  0.00000000E+00  0.00000000E+00  0.00000000E+00  0.10000000E-01  0.10000000E+01
 0.68002000E-09  0.87002862E-02  0.00000000E+00  0.10351732E+00  0.00000000E+00  0.00000000E+00  0.18982067E+09  0.00000000E+00  0.00000000E+00  0.00000000E+00  0.00000000E+00  0.00000000E+00  0.10000000E-01  0.10000000E+01
 0.69002000E-09  0.87002862E-02  0.00000000E+00  0.10541553E+00  0.00000000E+00  0.00000000E+00  0.18982067E+09  0.00000000E+00  0.00000000E+00  0.00000000E+00  0.00000000E+00  0.00000000E+00  0.10000000E-01  0.10000000E+01
 0.70002000E-09  0.87002862E-02  0.00000000E+00  0.10731374E+00  0.00000000E+00  0.00000000E+00  0.18982067E+09  0.00000000E+00  0.00000000E+00  0.00000000E+00  0.00000000E+00  0.00000000E+00  0.10000000E-01  0.10000000E+01
 0.71002000E-09  0.87002862E-02  0.00000000E+00  0.10921194E+00  0.00000000E+00  0.00000000E+00  0.18982067E+09  0.00000000E+00  0.00000000E+00  0.00000000E+00  0.00000000E+00  0.00000000E+00  0.10000000E-01  0.10000000E+01
 0.72002000E-09  0.87002862E-02  0.00000000E+00  0.11111015E+00  0.00000000E+00  0.00000000E+00  0.18982067E+09  0.00000000E+00  0.00000000E+00  0.00000000E+00  0.00000000E+00  0.00000000E+00  0.10000000E-01  0.10000000E+01
 0.73002000E-09  0.87002862E-02  0.00000000E+00  0.11300836E+00  0.00000000E+00  0.00000000E+00  0.18982067E+09  0.00000000E+00  0.00000000E+00  0.00000000E+00  0.00000000E+00  0.00000000E+00  0.10000000E-01  0.10000000E+01
 0.74002000E-09  0.87002862E-02  0.00000000E+00  0.11490656E+00  0.00000000E+00  0.00000000E+00  0.18982067E+09  0.00000000E+00  0.00000000E+00  0.00000000E+00  0.00000000E+00  0.00000000E+00  0.10000000E-01  0.10000000E+01
 0.75002000E-09  0.87002862E-02  0.00000000E+00  0.11680477E+00  0.00000000E+00  0.00000000E+00  0.18982067E+09  0.00000000E+00  0.00000000E+00  0.00000000E+00  0.00000000E+00  0.00000000E+00  0.10000000E-01  0.10000000E+01
 0.76002000E-09  0.87002862E-02  0.00000000E+00  0.11870298E+00  0.00000000E+00  0.00000000E+00  0.18982067E+09  0.00000000E+00  0.00000000E+00  0.00000000E+00  0.00000000E+00  0.00000000E+00  0.10000000E-01  0.10000000E+01
 0.77002000E-09  0.87002862E-02  0.00000000E+00  0.12060118E+00  0.00000000E+00  0.00000000E+00  0.18982067E+09  0.00000000E+00  0.00000000E+00  0.00000000E+00  0.00000000E+00  0.00000000E+00  0.10000000E-01  0.10000000E+01
 0.78002000E-09  0.87002862E-02  0.00000000E+00  0.12249939E+00  0.00000000E+00  0.00000000E+00  0.18982067E+09  0.00000000E+00  0.00000000E+00  0.00000000E+00  0.00000000E+00  0.00000000E+00  0.10000000E-01  0.10000000E+01
 0.79002000E-09  0.87002862E-02  0.00000000E+00  0.12439760E+00  0.00000000E+00  0.00000000E+00  0.18982067E+09  0.00000000E+00  0.00000000E+00  0.00000000E+00  0.00000000E+00  0.00000000E+00  0.10000000E-01  0.10000000E+01
 0.80002000E-09  0.87002862E-02  0.00000000E+00  0.12629580E+00  0.00000000E+00  0.00000000E+00  0.18982067E+09  0.00000000E+00  0.00000000E+00  0.00000000E+00  0.00000000E+00  0.00000000E+00  0.10000000E-01  0.10000000E+01
 0.81002000E-09  0.87002862E-02  0.00000000E+00  0.12819401E+00  0.00000000E+00  0.00000000E+00  0.18982067E+09  0.00000000E+00  0.00000000E+00  0.00000000E+00  0.00000000E+00  0.00000000E+00  0.10000000E-01  0.10000000E+01
 0.82002000E-09  0.87002862E-02  0.00000000E+00  0.13009222E+00  0.00000000E+00  0.00000000E+00  0.18982067E+09  0.00000000E+00  0.00000000E+00  0.00000000E+00  0.00000000E+00  0.00000000E+00  0.10000000E-01  0.10000000E+01
 0.83002000E-09  0.87002862E-02  0.00000000E+00  0.13199042E+00  0.00000000E+00  0.00000000E+00  0.18982067E+09  0.00000000E+00  0.00000000E+00  0.00000000E+00  0.00000000E+00  0.00000000E+00  0.10000000E-01  0.10000000E+01
 0.84002000E-09  0.87002862E-02  0.00000000E+00  0.13388863E+00  0.00000000E+00  0.00000000E+00  0.18982067E+09  0.00000000E+00  0.00000000E+00  0.00000000E+00  0.00000000E+00  0.00000000E+00  0.10000000E-01  0.10000000E+01
 0.85002000E-09  0.87002862E-02  0.00000000E+00  0.13578684E+00  0.00000000E+00  0.00000000E+00  0.18982067E+09  0.00000000E+00  0.00000000E+00  0.00000000E+00  0.00000000E+00  0.00000000E+00  0.10000000E-01  0.10000000E+01
 0.86002000E-09  0.87002862E-02  0.00000000E+00  0.13768504E+00  0.00000000E+00  0.00000000E+00  0.18982067E+09  0.00000000E+00  0.00000000E+00  0.00000000E+00  0.00000000E+00  0.00000000E+00  0.10000000E-01  0.10000000E+01
 0.87002000E-09  0.87002862E-02  0.00000000E+00  0.13958325E+00  0.00000000E+00  0.00000000E+00  0.18982067E+09  0.00000000E+00  0.00000000E+00  0.00000000E+00  0.00000000E+00  0.00000000E+00  0.10000000E-01  0.10000000E+01
 0.88002000E-09  0.87002862E-02  0.00000000E+00  0.14148146E+00  0.00000000E+00  0.00000000E+00  0.18982067E+09  0.00000000E+00  0.00000000E+00  0.00000000E+00  0.00000000E+00  0.00000000E+00  0.10000000E-01  0.10000000E+01
 0.89002000E-09  0.87002862E-02  0.00000000E+00  0.14337966E+00  0.00000000E+00  0.00000000E+00  0.18982067E+09  0.00000000E+00  0.00000000E+00  0.00000000E+00  0.00000000E+00  0.00000000E+00  0.10000000E-01  0.10000000E+01
 0.90002000E-09  0.87002862E-02  0.00000000E+00  0.14527787E+00  0.00000000E+00  0.00000000E+00  0.18982067E+09  0.00000000E+00  0.00000000E+00  0.00000000E+00  0.00000000E+00  0.00000000E+00  0.10000000E-01  0.10000000E+01
 0.91002000E-09  0.87002862E-02  0.00000000E+00  0.14717608E+00  0.00000000E+00  0.00000000E+00  0.18982067E+09  0.00000000E+00  0.00000000E+00  0.00000000E+00  0.00000000E+00  0.00000000E+00  0.10000000E-01  0.10000000E+01
 0.92002000E-09  0.87002862E-02  0.00000000E+00  0.14907428E+00  0.00000000E+00  0.00000000E+00  0.18982067E+09  0.00000000E+00  0.00000000E+00  0.00000000E+00  0.00000000E+00  0.00000000E+00  0.10000000E-01  0.10000000E+01
 0.93002000E-09  0.87002862E-02  0.00000000E+00  0.15097249E+00  0.00000000E+00  0.00000000E+00  0.18982067E+09  0.00000000E+00  0.00000000E+00  0.00000000E+00  0.00000000E+00  0.00000000E+00  0.10000000E-01  0.10000000E+01
 0.94002000E-09  0.87002862E-02  0.00000000E+00  0.15287070E+00  0.00000000E+00  0.00000000E+00  0.18982067E+09  0.00000000E+00  0.00000000E+00  0.00000000E+00  0.00000000E+00  0.00000000E+00  0.10000000E-01  0.10000000E+01
 0.95002000E-09  0.87002862E-02  0.00000000E+00  0.15476890E+00  0.00000000E+00  0.00000000E+00  0.18982067E+09  0.00000000E+00  0.00000000E+00  0.00000000E+00  0.00000000E+00  0.00000000E+00  0.10000000E-01  0.10000000E+01
 0.96002000E-09  0.87002862E-02  0.00000000E+00  0.15666711E+00  0.00000000E+00  0.00000000E+00  0.18982067E+09  0.00000000E+00  0.00000000E+00  0.00000000E+00  0.00000000E+00  0.00000000E+00  0.10000000E-01  0.10000000E+01
 0.97002000E-09  0.87002862E-02  0.00000000E+00  0.15856532E+00  0.00000000E+00  0.00000000E+00  0.18982067E+09  0.00000000E+00  0.00000000E+00  0.00000000E+00  0.00000000E+00  0.00000000E+00  0.10000000E-01  0.10000000E+01
 0.98002000E-09  0.87002862E-02  0.00000000E+00  0.16046352E+00  0.00000000E+00  0.00000000E+00  0.18982067E+09  0.00000000E+00  0.00000000E+00  0.00000000E+00  0.00000000E+00  0.00000000E+00  0.10000000E-01  0.10000000E+01
 0.99002000E-09  0.87002862E-02  0.00000000E+00  0.16236173E+00  0.00000000E+00  0.00000000E+00  0.18982067E+09  0.00000000E+00  0.00000000E+00  0.00000000E+00  0.00000000E+00  0.00000000E+00  0.10000000E-01  0.10000000E+01
 0.10000200E-08  0.87002862E-02  0.00000000E+00  0.16425994E+00  0.00000000E+00  0.00000000E+00  0.18982067E+09  0.00000000E+00  0.00000000E+00  0.00000000E+00  0.00000000E+00  0.00000000E+00  0.10000000E-01  0.10000000E+01
 0.10100200E-08  0.87002862E-02  0.00000000E+00  0.16615814E+00  0.00000000E+00  0.00000000E+00  0.18982067E+09  0.00000000E+00  0.00000000E+00  0.00000000E+00  0.00000000E+00  0.00000000E+00  0.10000000E-01  0.10000000E+01
 0.10200200E-08  0.87002862E-02  0.00000000E+00  0.16805635E+00  0.00000000E+00  0.00000000E+00  0.18982067E+09  0.00000000E+00  0.00000000E+00  0.00000000E+00  0.00000000E+00  0.00000000E+00  0.10000000E-01  0.10000000E+01
 0.10300200E-08  0.87002862E-02  0.00000000E+00  0.16995456E+00  0.00000000E+00  0.00000000E+00  0.18982067E+09  0.00000000E+00  0.00000000E+00  0.00000000E+00  0.00000000E+00  0.00000000E+00  0.10000000E-01  0.10000000E+01
 0.10400200E-08  0.87002862E-02  0.00000000E+00  0.17185276E+00  0.00000000E+00  0.00000000E+00  0.18982067E+09  0.00000000E+00  0.00000000E+00  0.00000000E+00  0.00000000E+00  0.00000000E+00  0.10000000E-01  0.10000000E+01
 0.10500200E-08  0.87002862E-02  0.00000000E+00  0.17375097E+00  0.00000000E+00  0.00000000E+00  0.18982067E+09  0.00000000E+00  0.00000000E+00  0.00000000E+00  0.00000000E+00  0.00000000E+00  0.10000000E-01  0.10000000E+01
 0.10600200E-08  0.87002862E-02  0.00000000E+00  0.17564918E+00  0.00000000E+00  0.00000000E+00  0.18982067E+09  0.00000000E+00  0.00000000E+00  0.00000000E+00  0.00000000E+00  0.00000000E+00  0.10000000E-01  0.10000000E+01
 0.10700200E-08  0.87002862E-02  0.00000000E+00  0.17754738E+00  0.00000000E+00  0.00000000E+00  0.18982067E+09  0.00000000E+00  0.00000000E+00  0.00000000E+00  0.00000000E+00  0.00000000E+00  0.10000000E-01  0.10000000E+01
 0.10800200E-08  0.87002862E-02  0.00000000E+00  0.17944559E+00  0.00000000E+00  0.00000000E+00  0.18982067E+09  0.00000000E+00  0.00000000E+00  0.00000000E+00  0.00000000E+00  0.00000000E+00  0.10000000E-01  0.10000000E+01
 0.10900200E-08  0.87002862E-02  0.00000000E+00  0.18134380E+00  0.00000000E+00  0.00000000E+00  0.18982067E+09  0.00000000E+00  0.00000000E+00  0.00000000E+00  0.00000000E+00  0.00000000E+00  0.10000000E-01  0.10000000E+01
 0.11000200E-08  0.87002862E-02  0.00000000E+00  0.18324200E+00  0.00000000E+00  0.00000000E+00  0.18982067E+09  0.00000000E+00  0.00000000E+00  0.00000000E+00  0.00000000E+00  0.00000000E+00  0.10000000E-01  0.10000000E+01
 0.11100200E-08  0.87002862E-02  0.00000000E+00  0.18514021E+00  0.00000000E+00  0.00000000E+00  0.18982067E+09  0.00000000E+00  0.00000000E+00  0.00000000E+00  0.00000000E+00  0.00000000E+00  0.10000000E-01  0.10000000E+01
 0.11200200E-08  0.87002862E-02  0.00000000E+00  0.18703842E+00  0.00000000E+00  0.00000000E+00  0.18982067E+09  0.00000000E+00  0.00000000E+00  0.00000000E+00  0.00000000E+00  0.00000000E+00  0.10000000E-01  0.10000000E+01
 0.11300200E-08  0.87002862E-02  0.00000000E+00  0.18893662E+00  0.00000000E+00  0.00000000E+00  0.18982067E+09  0.00000000E+00  0.00000000E+00  0.00000000E+00  0.00000000E+00  0.00000000E+00  0.10000000E-01  0.10000000E+01
 0.11400200E-08  0.87002862E-02  0.00000000E+00  0.19083483E+00  0.00000000E+00  0.00000000E+00  0.18982067E+09  0.00000000E+00  0.00000000E+00  0.00000000E+00  0.00000000E+00  0.00000000E+00  0.10000000E-01  0.10000000E+01
 0.11500200E-08  0.87002862E-02  0.00000000E+00  0.19273304E+00  0.00000000E+00  0.00000000E+00  0.18982067E+09  0.00000000E+00  0.00000000E+00  0.00000000E+00  0.00000000E+00  0.00000000E+00  0.10000000E-01  0.10000000E+01
 0.11600200E-08  0.87002862E-02  0.00000000E+00  0.19463124E+00  0.00000000E+00  0.00000000E+00  0.18982067E+09  0.00000000E+00  0.00000000E+00  0.00000000E+00  0.00000000E+00  0.00000000E+00  0.10000000E-01  0.10000000E+01
 0.11700200E-08  0.87002862E-02  0.00000000E+00  0.19652945E+00  0.00000000E+00  0.00000000E+00  0.18982067E+09  0.00000000E+00  0.00000000E+00  0.00000000E+00  0.00000000E+00  0.00000000E+00  0.10000000E-01  0.10000000E+01
 0.11800200E-08  0.87002862E-02  0.00000000E+00  0.19842766E+00  0.00000000E+00  0.00000000E+00  0.18982067E+09  0.00000000E+00  0.00000000E+00  0.00000000E+00  0.00000000E+00  0.00000000E+00  0.10000000E-01  0.10000000E+01
 0.11900200E-08  0.87002862E-02  0.00000000E+00  0.20032586E+00  0.00000000E+00  0.00000000E+00  0.18982067E+09  0.00000000E+00  0.00000000E+00  0.00000000E+00  0.00000000E+00  0.00000000E+00  0.10000000E-01  0.10000000E+01
 0.12000200E-08  0.87002862E-02  0.00000000E+00  0.20222407E+00  0.00000000E+00  0.00000000E+00  0.18982067E+09  0.00000000E+00  0.00000000E+00  0.00000000E+00  0.00000000E+00  0.00000000E+00  0.10000000E-01  0.10000000E+01
 0.12100200E-08  0.87002862E-02  0.00000000E+00  0.20412228E+00  0.00000000E+00  0.00000000E+00  0.18982067E+09  0.00000000E+00  0.00000000E+00  0.00000000E+00  0.00000000E+00  0.00000000E+00  0.10000000E-01  0.10000000E+01
 0.12200200E-08  0.87002862E-02  0.00000000E+00  0.20602048E+00  0.00000000E+00  0.00000000E+00  0.18982067E+09  0.00000000E+00  0.00000000E+00  0.00000000E+00  0.00000000E+00  0.00000000E+00  0.10000000E-01  0.10000000E+01
 0.12300200E-08  0.87002862E-02  0.00000000E+00  0.20791869E+00  0.00000000E+00  0.00000000E+00  0.18982067E+09  0.00000000E+00  0.00000000E+00  0.00000000E+00  0.00000000E+00  0.00000000E+00  0.10000000E-01  0.10000000E+01
 0.12400200E-08  0.87002862E-02  0.00000000E+00  0.20981690E+00  0.00000000E+00  0.00000000E+00  0.18982067E+09  0.00000000E+00  0.00000000E+00  0.00000000E+00  0.00000000E+00  0.00000000E+00  0.10000000E-01  0.10000000E+01
 0.12500200E-08  0.87002862E-02  0.00000000E+00  0.21171510E+00  0.00000000E+00  0.00000000E+00  0.18982067E+09  0.00000000E+00  0.00000000E+00  0.00000000E+00  0.00000000E+00  0.00000000E+00  0.10000000E-01  0.10000000E+01
 0.12600200E-08  0.87002862E-02  0.00000000E+00  0.21361331E+00  0.00000000E+00  0.00000000E+00  0.18982067E+09  0.00000000E+00  0.00000000E+00  0.00000000E+00  0.00000000E+00  0.00000000E+00  0.10000000E-01  0.10000000E+01
 0.12700200E-08  0.87002862E-02  0.00000000E+00  0.21551152E+00  0.00000000E+00  0.00000000E+00  0.18982067E+09  0.00000000E+00  0.00000000E+00  0.00000000E+00  0.00000000E+00  0.00000000E+00  0.10000000E-01  0.10000000E+01
 0.12800200E-08  0.87002862E-02  0.00000000E+00  0.21740973E+00  0.00000000E+00  0.00000000E+00  0.18982067E+09  0.00000000E+00  0.00000000E+00  0.00000000E+00  0.00000000E+00  0.00000000E+00  0.10000000E-01  0.10000000E+01
 0.12900200E-08  0.87002862E-02  0.00000000E+00  0.21930793E+00  0.00000000E+00  0.00000000E+00  0.18982067E+09  0.00000000E+00  0.00000000E+00  0.00000000E+00  0.00000000E+00  0.00000000E+00  0.10000000E-01  0.10000000E+01
 0.13000200E-08  0.87002862E-02  0.00000000E+00  0.22120614E+00  0.00000000E+00  0.00000000E+00  0.18982067E+09  0.00000000E+00  0.00000000E+00  0.00000000E+00  0.00000000E+00  0.00000000E+00  0.10000000E-01  0.10000000E+01
 0.13100200E-08  0.87002862E-02  0.00000000E+00  0.22310435E+00  0.00000000E+00  0.00000000E+00  0.18982067E+09  0.00000000E+00  0.00000000E+00  0.00000000E+00  0.00000000E+00  0.00000000E+00  0.10000000E-01  0.10000000E+01
 0.13200200E-08  0.87002862E-02  0.00000000E+00  0.22500255E+00  0.00000000E+00  0.00000000E+00  0.18982067E+09  0.00000000E+00  0.00000000E+00  0.00000000E+00  0.00000000E+00  0.00000000E+00  0.10000000E-01  0.10000000E+01
 0.13300200E-08  0.87002862E-02  0.00000000E+00  0.22690076E+00  0.00000000E+00  0.00000000E+00  0.18982067E+09  0.00000000E+00  0.00000000E+00  0.00000000E+00  0.00000000E+00  0.00000000E+00  0.10000000E-01  0.10000000E+01
 0.13400200E-08  0.87002862E-02  0.00000000E+00  0.22879897E+00  0.00000000E+00  0.00000000E+00  0.18982067E+09  0.00000000E+00  0.00000000E+00  0.00000000E+00  0.00000000E+00  0.00000000E+00  0.10000000E-01  0.10000000E+01
 0.13500200E-08  0.87002862E-02  0.00000000E+00  0.23069717E+00  0.00000000E+00  0.00000000E+00  0.18982067E+09  0.00000000E+00  0.00000000E+00  0.00000000E+00  0.00000000E+00  0.00000000E+00  0.10000000E-01  0.10000000E+01
 0.13600200E-08  0.87002862E-02  0.00000000E+00  0.23259538E+00  0.00000000E+00  0.00000000E+00  0.18982067E+09  0.00000000E+00  0.00000000E+00  0.00000000E+00  0.00000000E+00  0.00000000E+00  0.10000000E-01  0.10000000E+01
 0.13700200E-08  0.87002862E-02  0.00000000E+00  0.23449359E+00  0.00000000E+00  0.00000000E+00  0.18982067E+09  0.00000000E+00  0.00000000E+00  0.00000000E+00  0.00000000E+00  0.00000000E+00  0.10000000E-01  0.10000000E+01
 0.13800200E-08  0.87002862E-02  0.00000000E+00  0.23639179E+00  0.00000000E+00  0.00000000E+00  0.18982067E+09  0.00000000E+00  0.00000000E+00  0.00000000E+00  0.00000000E+00  0.00000000E+00  0.10000000E-01  0.10000000E+01
 0.13900200E-08  0.87002862E-02  0.00000000E+00  0.23829000E+00  0.00000000E+00  0.00000000E+00  0.18982067E+09  0.00000000E+00  0.00000000E+00  0.00000000E+00  0.00000000E+00  0.00000000E+00  0.10000000E-01  0.10000000E+01
 0.14000200E-08  0.87002862E-02  0.00000000E+00  0.24018821E+00  0.00000000E+00  0.00000000E+00  0.18982067E+09  0.00000000E+00  0.00000000E+00  0.00000000E+00  0.00000000E+00  0.00000000E+00  0.10000000E-01  0.10000000E+01
 0.14100200E-08  0.87002862E-02  0.00000000E+00  0.24208641E+00  0.00000000E+00  0.00000000E+00  0.18982067E+09  0.00000000E+00  0.00000000E+00  0.00000000E+00  0.00000000E+00  0.00000000E+00  0.10000000E-01  0.10000000E+01
 0.14200200E-08  0.87002862E-02  0.00000000E+00  0.24398462E+00  0.00000000E+00  0.00000000E+00  0.18982067E+09  0.00000000E+00  0.00000000E+00  0.00000000E+00  0.00000000E+00  0.00000000E+00  0.10000000E-01  0.10000000E+01
 0.14300200E-08  0.87002862E-02  0.00000000E+00  0.24588283E+00  0.00000000E+00  0.00000000E+00  0.18982067E+09  0.00000000E+00  0.00000000E+00  0.00000000E+00  0.00000000E+00  0.00000000E+00  0.10000000E-01  0.10000000E+01
 0.14400200E-08  0.87002862E-02  0.00000000E+00  0.24778103E+00  0.00000000E+00  0.00000000E+00  0.18982067E+09  0.00000000E+00  0.00000000E+00  0.00000000E+00  0.00000000E+00  0.00000000E+00  0.10000000E-01  0.10000000E+01
 0.14500200E-08  0.87002862E-02  0.00000000E+00  0.24967924E+00  0.00000000E+00  0.00000000E+00  0.18982067E+09  0.00000000E+00  0.00000000E+00  0.00000000E+00  0.00000000E+00  0.00000000E+00  0.10000000E-01  0.10000000E+01
 0.14600200E-08  0.87002862E-02  0.00000000E+00  0.25157745E+00  0.00000000E+00  0.00000000E+00  0.18982067E+09  0.00000000E+00  0.00000000E+00  0.00000000E+00  0.00000000E+00  0.00000000E+00  0.10000000E-01  0.10000000E+01
 0.14700200E-08  0.87002862E-02  0.00000000E+00  0.25347565E+00  0.00000000E+00  0.00000000E+00  0.18982067E+09  0.00000000E+00  0.00000000E+00  0.00000000E+00  0.00000000E+00  0.00000000E+00  0.10000000E-01  0.10000000E+01
 0.14800200E-08  0.87002862E-02  0.00000000E+00  0.25537386E+00  0.00000000E+00  0.00000000E+00  0.18982067E+09  0.00000000E+00  0.00000000E+00  0.00000000E+00  0.00000000E+00  0.00000000E+00  0.10000000E-01  0.10000000E+01
 0.14900200E-08  0.87002862E-02  0.00000000E+00  0.25727207E+00  0.00000000E+00  0.00000000E+00  0.18982067E+09  0.00000000E+00  0.00000000E+00  0.00000000E+00  0.00000000E+00  0.00000000E+00  0.10000000E-01  0.10000000E+01
 0.15000200E-08  0.87002862E-02  0.00000000E+00  0.25917027E+00  0.00000000E+00  0.00000000E+00  0.18982067E+09  0.00000000E+00  0.00000000E+00  0.00000000E+00  0.00000000E+00  0.00000000E+00  0.10000000E-01  0.10000000E+01
 0.15100200E-08  0.87002862E-02  0.00000000E+00  0.26106848E+00  0.00000000E+00  0.00000000E+00  0.18982067E+09  0.00000000E+00  0.00000000E+00  0.00000000E+00  0.00000000E+00  0.00000000E+00  0.10000000E-01  0.10000000E+01
 0.15200200E-08  0.87002862E-02  0.00000000E+00  0.26296669E+00  0.00000000E+00  0.00000000E+00  0.18982067E+09  0.00000000E+00  0.00000000E+00  0.00000000E+00  0.00000000E+00  0.00000000E+00  0.10000000E-01  0.10000000E+01
 0.15300200E-08  0.87002862E-02  0.00000000E+00  0.26486489E+00  0.00000000E+00  0.00000000E+00  0.18982067E+09  0.00000000E+00  0.00000000E+00  0.00000000E+00  0.00000000E+00  0.00000000E+00  0.10000000E-01  0.10000000E+01
 0.15400200E-08  0.87002862E-02  0.00000000E+00  0.26676310E+00  0.00000000E+00  0.00000000E+00  0.18982067E+09  0.00000000E+00  0.00000000E+00  0.00000000E+00  0.00000000E+00  0.00000000E+00  0.10000000E-01  0.10000000E+01
 0.15500200E-08  0.87002862E-02  0.00000000E+00  0.26866131E+00  0.00000000E+00  0.00000000E+00  0.18982067E+09  0.00000000E+00  0.00000000E+00  0.00000000E+00  0.00000000E+00  0.00000000E+00  0.10000000E-01  0.10000000E+01
 0.15600200E-08  0.87002862E-02  0.00000000E+00  0.27055951E+00  0.00000000E+00  0.00000000E+00  0.18982067E+09  0.00000000E+00  0.00000000E+00  0.00000000E+00  0.00000000E+00  0.00000000E+00  0.10000000E-01  0.10000000E+01
 0.15700200E-08  0.87002862E-02  0.00000000E+00  0.27245772E+00  0.00000000E+00  0.00000000E+00  0.18982067E+09  0.00000000E+00  0.00000000E+00  0.00000000E+00  0.00000000E+00  0.00000000E+00  0.10000000E-01  0.10000000E+01
 0.15800200E-08  0.87002862E-02  0.00000000E+00  0.27435593E+00  0.00000000E+00  0.00000000E+00  0.18982067E+09  0.00000000E+00  0.00000000E+00  0.00000000E+00  0.00000000E+00  0.00000000E+00  0.10000000E-01  0.10000000E+01
 0.15900200E-08  0.87002862E-02  0.00000000E+00  0.27625413E+00  0.00000000E+00  0.00000000E+00  0.18982067E+09  0.00000000E+00  0.00000000E+00  0.00000000E+00  0.00000000E+00  0.00000000E+00  0.10000000E-01  0.10000000E+01
 0.16000200E-08  0.87002862E-02  0.00000000E+00  0.27815234E+00  0.00000000E+00  0.00000000E+00  0.18982067E+09  0.00000000E+00  0.00000000E+00  0.00000000E+00  0.00000000E+00  0.00000000E+00  0.10000000E-01  0.10000000E+01
 0.16100200E-08  0.87002862E-02  0.00000000E+00  0.28005055E+00  0.00000000E+00  0.00000000E+00  0.18982067E+09  0.00000000E+00  0.00000000E+00  0.00000000E+00  0.00000000E+00  0.00000000E+00  0.10000000E-01  0.10000000E+01
 0.16200200E-08  0.87002862E-02  0.00000000E+00  0.28194875E+00  0.00000000E+00  0.00000000E+00  0.18982067E+09  0.00000000E+00  0.00000000E+00  0.00000000E+00  0.00000000E+00  0.00000000E+00  0.10000000E-01  0.10000000E+01
 0.16300200E-08  0.87002862E-02  0.00000000E+00  0.28384696E+00  0.00000000E+00  0.00000000E+00  0.18982067E+09  0.00000000E+00  0.00000000E+00  0.00000000E+00  0.00000000E+00  0.00000000E+00  0.10000000E-01  0.10000000E+01
 0.16400200E-08  0.87002862E-02  0.00000000E+00  0.28574517E+00  0.00000000E+00  0.00000000E+00  0.18982067E+09  0.00000000E+00  0.00000000E+00  0.00000000E+00  0.00000000E+00  0.00000000E+00  0.10000000E-01  0.10000000E+01
 0.16500200E-08  0.87002862E-02  0.00000000E+00  0.28764337E+00  0.00000000E+00  0.00000000E+00  0.18982067E+09  0.00000000E+00  0.00000000E+00  0.00000000E+00  0.00000000E+00  0.00000000E+00  0.10000000E-01  0.10000000E+01
 0.16600200E-08  0.87002862E-02  0.00000000E+00  0.28954158E+00  0.00000000E+00  0.00000000E+00  0.18982067E+09  0.00000000E+00  0.00000000E+00  0.00000000E+00  0.00000000E+00  0.00000000E+00  0.10000000E-01  0.10000000E+01
 0.16700200E-08  0.87002862E-02  0.00000000E+00  0.29143979E+00  0.00000000E+00  0.00000000E+00  0.18982067E+09  0.00000000E+00  0.00000000E+00  0.00000000E+00  0.00000000E+00  0.00000000E+00  0.10000000E-01  0.10000000E+01
 0.16800200E-08  0.87002862E-02  0.00000000E+00  0.29333799E+00  0.00000000E+00  0.00000000E+00  0.18982067E+09  0.00000000E+00  0.00000000E+00  0.00000000E+00  0.00000000E+00  0.00000000E+00  0.10000000E-01  0.10000000E+01
 0.16900200E-08  0.87002862E-02  0.00000000E+00  0.29523620E+00  0.00000000E+00  0.00000000E+00  0.18982067E+09  0.00000000E+00  0.00000000E+00  0.00000000E+00  0.00000000E+00  0.00000000E+00  0.10000000E-01  0.10000000E+01
 0.17000200E-08  0.87002862E-02  0.00000000E+00  0.29713441E+00  0.00000000E+00  0.00000000E+00  0.18982067E+09  0.00000000E+00  0.00000000E+00  0.00000000E+00  0.00000000E+00  0.00000000E+00  0.10000000E-01  0.10000000E+01
 0.17100200E-08  0.87002862E-02  0.00000000E+00  0.29903261E+00  0.00000000E+00  0.00000000E+00  0.18982067E+09  0.00000000E+00  0.00000000E+00  0.00000000E+00  0.00000000E+00  0.00000000E+00  0.10000000E-01  0.10000000E+01
 0.17200200E-08  0.87002862E-02  0.00000000E+00  0.30093082E+00  0.00000000E+00  0.00000000E+00  0.18982067E+09  0.00000000E+00  0.00000000E+00  0.00000000E+00  0.00000000E+00  0.00000000E+00  0.10000000E-01  0.10000000E+01
 0.17300200E-08  0.87002862E-02  0.00000000E+00  0.30282903E+00  0.00000000E+00  0.00000000E+00  0.18982067E+09  0.00000000E+00  0.00000000E+00  0.00000000E+00  0.00000000E+00  0.00000000E+00  0.10000000E-01  0.10000000E+01
 0.17400200E-08  0.87002862E-02  0.00000000E+00  0.30472723E+00  0.00000000E+00  0.00000000E+00  0.18982067E+09  0.00000000E+00  0.00000000E+00  0.00000000E+00  0.00000000E+00  0.00000000E+00  0.10000000E-01  0.10000000E+01
 0.17500200E-08  0.87002862E-02  0.00000000E+00  0.30662544E+00  0.00000000E+00  0.00000000E+00  0.18982067E+09  0.00000000E+00  0.00000000E+00  0.00000000E+00  0.00000000E+00  0.00000000E+00  0.10000000E-01  0.10000000E+01
 0.17600200E-08  0.87002862E-02  0.00000000E+00  0.30852365E+00  0.00000000E+00  0.00000000E+00  0.18982067E+09  0.00000000E+00  0.00000000E+00  0.00000000E+00  0.00000000E+00  0.00000000E+00  0.10000000E-01  0.10000000E+01
 0.17700200E-08  0.87002862E-02  0.00000000E+00  0.31042185E+00  0.00000000E+00  0.00000000E+00  0.18982067E+09  0.00000000E+00  0.00000000E+00  0.00000000E+00  0.00000000E+00  0.00000000E+00  0.10000000E-01  0.10000000E+01
 0.17800200E-08  0.87002862E-02  0.00000000E+00  0.31232006E+00  0.00000000E+00  0.00000000E+00  0.18982067E+09  0.00000000E+00  0.00000000E+00  0.00000000E+00  0.00000000E+00  0.00000000E+00  0.10000000E-01  0.10000000E+01
 0.17900200E-08  0.87002862E-02  0.00000000E+00  0.31421827E+00  0.00000000E+00  0.00000000E+00  0.18982067E+09  0.00000000E+00  0.00000000E+00  0.00000000E+00  0.00000000E+00  0.00000000E+00  0.10000000E-01  0.10000000E+01
 0.18000200E-08  0.87002862E-02  0.00000000E+00  0.31611647E+00  0.00000000E+00  0.00000000E+00  0.18982067E+09  0.00000000E+00  0.00000000E+00  0.00000000E+00  0.00000000E+00  0.00000000E+00  0.10000000E-01  0.10000000E+01
 0.18100200E-08  0.87002862E-02  0.00000000E+00  0.31801468E+00  0.00000000E+00  0.00000000E+00  0.18982067E+09  0.00000000E+00  0.00000000E+00  0.00000000E+00  0.00000000E+00  0.00000000E+00  0.10000000E-01  0.10000000E+01
 0.18200200E-08  0.87002862E-02  0.00000000E+00  0.31991289E+00  0.00000000E+00  0.00000000E+00  0.18982067E+09  0.00000000E+00  0.00000000E+00  0.00000000E+00  0.00000000E+00  0.00000000E+00  0.10000000E-01  0.10000000E+01
 0.18300200E-08  0.87002862E-02  0.00000000E+00  0.32181109E+00  0.00000000E+00  0.00000000E+00  0.18982067E+09  0.00000000E+00  0.00000000E+00  0.00000000E+00  0.00000000E+00  0.00000000E+00  0.10000000E-01  0.10000000E+01
 0.18400200E-08  0.87002862E-02  0.00000000E+00  0.32370930E+00  0.00000000E+00  0.00000000E+00  0.18982067E+09  0.00000000E+00  0.00000000E+00  0.00000000E+00  0.00000000E+00  0.00000000E+00  0.10000000E-01  0.10000000E+01
 0.18500200E-08  0.87002862E-02  0.00000000E+00  0.32560751E+00  0.00000000E+00  0.00000000E+00  0.18982067E+09  0.00000000E+00  0.00000000E+00  0.00000000E+00  0.00000000E+00  0.00000000E+00  0.10000000E-01  0.10000000E+01
 0.18600200E-08  0.87002862E-02  0.00000000E+00  0.32750571E+00  0.00000000E+00  0.00000000E+00  0.18982067E+09  0.00000000E+00  0.00000000E+00  0.00000000E+00  0.00000000E+00  0.00000000E+00  0.10000000E-01  0.10000000E+01
 0.18700200E-08  0.87002862E-02  0.00000000E+00  0.32940392E+00  0.00000000E+00  0.00000000E+00  0.18982067E+09  0.00000000E+00  0.00000000E+00  0.00000000E+00  0.00000000E+00  0.00000000E+00  0.10000000E-01  0.10000000E+01
 0.18800200E-08  0.87002862E-02  0.00000000E+00  0.33130213E+00  0.00000000E+00  0.00000000E+00  0.18982067E+09  0.00000000E+00  0.00000000E+00  0.00000000E+00  0.00000000E+00  0.00000000E+00  0.10000000E-01  0.10000000E+01
 0.18900200E-08  0.87002862E-02  0.00000000E+00  0.33320033E+00  0.00000000E+00  0.00000000E+00  0.18982067E+09  0.00000000E+00  0.00000000E+00  0.00000000E+00  0.00000000E+00  0.00000000E+00  0.10000000E-01  0.10000000E+01
 0.19000200E-08  0.87002862E-02  0.00000000E+00  0.33509854E+00  0.00000000E+00  0.00000000E+00  0.18982067E+09  0.00000000E+00  0.00000000E+00  0.00000000E+00  0.00000000E+00  0.00000000E+00  0.10000000E-01  0.10000000E+01
 0.19100200E-08  0.87002862E-02  0.00000000E+00  0.33699675E+00  0.00000000E+00  0.00000000E+00  0.18982067E+09  0.00000000E+00  0.00000000E+00  0.00000000E+00  0.00000000E+00  0.00000000E+00  0.10000000E-01  0.10000000E+01
 0.19200200E-08  0.87002862E-02  0.00000000E+00  0.33889495E+00  0.00000000E+00  0.00000000E+00  0.18982067E+09  0.00000000E+00  0.00000000E+00  0.00000000E+00  0.00000000E+00  0.00000000E+00  0.10000000E-01  0.10000000E+01
 0.19300200E-08  0.87002862E-02  0.00000000E+00  0.34079316E+00  0.00000000E+00  0.00000000E+00  0.18982067E+09  0.00000000E+00  0.00000000E+00  0.00000000E+00  0.00000000E+00  0.00000000E+00  0.10000000E-01  0.10000000E+01
 0.19400200E-08  0.87002862E-02  0.00000000E+00  0.34269137E+00  0.00000000E+00  0.00000000E+00  0.18982067E+09  0.00000000E+00  0.00000000E+00  0.00000000E+00  0.00000000E+00  0.00000000E+00  0.10000000E-01  0.10000000E+01
 0.19500200E-08  0.87002862E-02  0.00000000E+00  0.34458957E+00  0.00000000E+00  0.00000000E+00  0.18982067E+09  0.00000000E+00  0.00000000E+00  0.00000000E+00  0.00000000E+00  0.00000000E+00  0.10000000E-01  0.10000000E+01
 0.19600200E-08  0.87002862E-02  0.00000000E+00  0.34648778E+00  0.00000000E+00  0.00000000E+00  0.18982067E+09  0.00000000E+00  0.00000000E+00  0.00000000E+00  0.00000000E+00  0.00000000E+00  0.10000000E-01  0.10000000E+01
 0.19700200E-08  0.87002862E-02  0.00000000E+00  0.34838599E+00  0.00000000E+00  0.00000000E+00  0.18982067E+09  0.00000000E+00  0.00000000E+00  0.00000000E+00  0.00000000E+00  0.00000000E+00  0.10000000E-01  0.10000000E+01
 0.19800200E-08  0.87002862E-02  0.00000000E+00  0.35028419E+00  0.00000000E+00  0.00000000E+00  0.18982067E+09  0.00000000E+00  0.00000000E+00  0.00000000E+00  0.00000000E+00  0.00000000E+00  0.10000000E-01  0.10000000E+01
 0.19900200E-08  0.87002862E-02  0.00000000E+00  0.35218240E+00  0.00000000E+00  0.00000000E+00  0.18982067E+09  0.00000000E+00  0.00000000E+00  0.00000000E+00  0.00000000E+00  0.00000000E+00  0.10000000E-01  0.10000000E+01
