# ptime xp yp zp vx vy vz ex ey ez bx by bz wt
 0.20000000E-13  0.56684493E-02  0.00000000E+00 -0.93607920E-02  0.00000000E+00  0.00000000E+00  0.18774306E+09  0.00000000E+00  0.00000000E+00  0.00000000E+00  0.00000000E+00  0.00000000E+00  0.10000000E-01  0.10000000E+01
 0.10000000E-10  0.56684493E-02  0.00000000E+00 -0.74871163E-02  0.00000000E+00  0.00000000E+00  0.18774306E+09  0.00000000E+00  0.00000000E+00  0.00000000E+00  0.00000000E+00  0.00000000E+00  0.10000000E-01  0.10000000E+01
 0.20000000E-10  0.56684493E-02  0.00000000E+00 -0.56096857E-02  0.00000000E+00  0.00000000E+00  0.18774306E+09  0.00000000E+00  0.00000000E+00  0.00000000E+00  0.00000000E+00  0.00000000E+00  0.10000000E-01  0.10000000E+01
 0.30000000E-10  0.56684493E-02  0.00000000E+00 -0.37322551E-02  0.00000000E+00  0.00000000E+00  0.18774306E+09  0.00000000E+00  0.00000000E+00  0.00000000E+00  0.00000000E+00  0.00000000E+00  0.10000000E-01  0.10000000E+01
 0.40020000E-10  0.56684493E-02  0.00000000E+00 -0.18510697E-02  0.00000000E+00  0.00000000E+00  0.18774306E+09  0.00000000E+00  0.00000000E+00  0.00000000E+00  0.00000000E+00  0.00000000E+00  0.10000000E-01  0.10000000E+01
 0.50020000E-10  0.56684493E-02  0.00000000E+00  0.26360921E-04  0.00000000E+00  0.00000000E+00  0.18774306E+09  0.00000000E+00  0.00000000E+00  0.00000000E+00  0.00000000E+00  0.00000000E+00  0.10000000E-01  0.10000000E+01
 0.60020000E-10  0.56684493E-02  0.00000000E+00  0.19037915E-02  0.00000000E+00  0.00000000E+00  0.18774306E+09  0.00000000E+00  0.00000000E+00  0.00000000E+00  0.00000000E+00  0.00000000E+00  0.10000000E-01  0.10000000E+01
 0.70020000E-10  0.56684493E-02  0.00000000E+00  0.37812221E-02  0.00000000E+00  0.00000000E+00  0.18774306E+09  0.00000000E+00  0.00000000E+00  0.00000000E+00  0.00000000E+00  0.00000000E+00  0.10000000E-01  0.10000000E+01
 0.80000000E-10  0.56684493E-02  0.00000000E+00  0.56548978E-02  0.00000000E+00  0.00000000E+00  0.18774306E+09  0.00000000E+00  0.00000000E+00  0.00000000E+00  0.00000000E+00  0.00000000E+00  0.10000000E-01  0.10000000E+01
 0.90000000E-10  0.56684493E-02  0.00000000E+00  0.75323284E-02  0.00000000E+00  0.00000000E+00  0.18774306E+09  0.00000000E+00  0.00000000E+00  0.00000000E+00  0.00000000E+00  0.00000000E+00  0.10000000E-01  0.10000000E+01
 0.10000000E-09  0.56684493E-02  0.00000000E+00  0.94097590E-02  0.00000000E+00  0.00000000E+00  0.18774306E+09  0.00000000E+00  0.00000000E+00  0.00000000E+00  0.00000000E+00  0.00000000E+00  0.10000000E-01  0.10000000E+01
 0.11000000E-09  0.56684493E-02  0.00000000E+00  0.11287190E-01  0.00000000E+00  0.00000000E+00  0.18774306E+09  0.00000000E+00  0.00000000E+00  0.00000000E+00  0.00000000E+00  0.00000000E+00  0.10000000E-01  0.10000000E+01
 0.12000000E-09  0.56684493E-02  0.00000000E+00  0.13164620E-01  0.00000000E+00  0.00000000E+00  0.18774306E+09  0.00000000E+00  0.00000000E+00  0.00000000E+00  0.00000000E+00  0.00000000E+00  0.10000000E-01  0.10000000E+01
 0.13000000E-09  0.56684493E-02  0.00000000E+00  0.15042051E-01  0.00000000E+00  0.00000000E+00  0.18774306E+09  0.00000000E+00  0.00000000E+00  0.00000000E+00  0.00000000E+00  0.00000000E+00  0.10000000E-01  0.10000000E+01
 0.14002000E-09  0.56684493E-02  0.00000000E+00  0.16923236E-01  0.00000000E+00  0.00000000E+00  0.18774306E+09  0.00000000E+00  0.00000000E+00  0.00000000E+00  0.00000000E+00  0.00000000E+00  0.10000000E-01  0.10000000E+01
 0.15002000E-09  0.56684493E-02  0.00000000E+00  0.18800667E-01  0.00000000E+00  0.00000000E+00  0.18774306E+09  0.00000000E+00  0.00000000E+00  0.00000000E+00  0.00000000E+00  0.00000000E+00  0.10000000E-01  0.10000000E+01
 0.16002000E-09  0.56684493E-02  0.00000000E+00  0.20678097E-01  0.00000000E+00  0.00000000E+00  0.18774306E+09  0.00000000E+00  0.00000000E+00  0.00000000E+00  0.00000000E+00  0.00000000E+00  0.10000000E-01  0.10000000E+01
 0.17002000E-09  0.56684493E-02  0.00000000E+00  0.22555528E-01  0.00000000E+00  0.00000000E+00  0.18774306E+09  0.00000000E+00  0.00000000E+00  0.00000000E+00  0.00000000E+00  0.00000000E+00  0.10000000E-01  0.10000000E+01
 0.18002000E-09  0.56684493E-02  0.00000000E+00  0.24432958E-01  0.00000000E+00  0.00000000E+00  0.18774306E+09  0.00000000E+00  0.00000000E+00  0.00000000E+00  0.00000000E+00  0.00000000E+00  0.10000000E-01  0.10000000E+01
 0.19002000E-09  0.56684493E-02  0.00000000E+00  0.26310389E-01  0.00000000E+00  0.00000000E+00  0.18774306E+09  0.00000000E+00  0.00000000E+00  0.00000000E+00  0.00000000E+00  0.00000000E+00  0.10000000E-01  0.10000000E+01
 0.20002000E-09  0.56684493E-02  0.00000000E+00  0.28187820E-01  0.00000000E+00  0.00000000E+00  0.18774306E+09  0.00000000E+00  0.00000000E+00  0.00000000E+00  0.00000000E+00  0.00000000E+00  0.10000000E-01  0.10000000E+01
 0.21002000E-09  0.56684493E-02  0.00000000E+00  0.30065250E-01  0.00000000E+00  0.00000000E+00  0.18774306E+09  0.00000000E+00  0.00000000E+00  0.00000000E+00  0.00000000E+00  0.00000000E+00  0.10000000E-01  0.10000000E+01
 0.22002000E-09  0.56684493E-02  0.00000000E+00  0.31942681E-01  0.00000000E+00  0.00000000E+00  0.18774306E+09  0.00000000E+00  0.00000000E+00  0.00000000E+00  0.00000000E+00  0.00000000E+00  0.10000000E-01  0.10000000E+01
 0.23002000E-09  0.56684493E-02  0.00000000E+00  0.33820111E-01  0.00000000E+00  0.00000000E+00  0.18774306E+09  0.00000000E+00  0.00000000E+00  0.00000000E+00  0.00000000E+00  0.00000000E+00  0.10000000E-01  0.10000000E+01
 0.24002000E-09  0.56684493E-02  0.00000000E+00  0.35697542E-01  0.00000000E+00  0.00000000E+00  0.18774306E+09  0.00000000E+00  0.00000000E+00  0.00000000E+00  0.00000000E+00  0.00000000E+00  0.10000000E-01  0.10000000E+01
 0.25002000E-09  0.56684493E-02  0.00000000E+00  0.37574973E-01  0.00000000E+00  0.00000000E+00  0.18774306E+09  0.00000000E+00  0.00000000E+00  0.00000000E+00  0.00000000E+00  0.00000000E+00  0.10000000E-01  0.10000000E+01
 0.26002000E-09  0.56684493E-02  0.00000000E+00  0.39452403E-01  0.00000000E+00  0.00000000E+00  0.18774306E+09  0.00000000E+00  0.00000000E+00  0.00000000E+00  0.00000000E+00  0.00000000E+00  0.10000000E-01  0.10000000E+01
 0.27002000E-09  0.56684493E-02  0.00000000E+00  0.41329834E-01  0.00000000E+00  0.00000000E+00  0.18774306E+09  0.00000000E+00  0.00000000E+00  0.00000000E+00  0.00000000E+00  0.00000000E+00  0.10000000E-01  0.10000000E+01
 0.28002000E-09  0.56684493E-02  0.00000000E+00  0.43207264E-01  0.00000000E+00  0.00000000E+00  0.18774306E+09  0.00000000E+00  0.00000000E+00  0.00000000E+00  0.00000000E+00  0.00000000E+00  0.10000000E-01  0.10000000E+01
 0.29002000E-09  0.56684493E-02  0.00000000E+00  0.45084695E-01  0.00000000E+00  0.00000000E+00  0.18774306E+09  0.00000000E+00  0.00000000E+00  0.00000000E+00  0.00000000E+00  0.00000000E+00  0.10000000E-01  0.10000000E+01
 0.30000000E-09  0.56684493E-02  0.00000000E+00  0.46958371E-01  0.00000000E+00  0.00000000E+00  0.18774306E+09  0.00000000E+00  0.00000000E+00  0.00000000E+00  0.00000000E+00  0.00000000E+00  0.10000000E-01  0.10000000E+01
 0.31000000E-09  0.56684493E-02  0.00000000E+00  0.48835801E-01  0.00000000E+00  0.00000000E+00  0.18774306E+09  0.00000000E+00  0.00000000E+00  0.00000000E+00  0.00000000E+00  0.00000000E+00  0.10000000E-01  0.10000000E+01
 0.32000000E-09  0.56684493E-02  0.00000000E+00  0.50713232E-01  0.00000000E+00  0.00000000E+00  0.18774306E+09  0.00000000E+00  0.00000000E+00  0.00000000E+00  0.00000000E+00  0.00000000E+00  0.10000000E-01  0.10000000E+01
 0.33000000E-09  0.56684493E-02  0.00000000E+00  0.52590662E-01  0.00000000E+00  0.00000000E+00  0.18774306E+09  0.00000000E+00  0.00000000E+00  0.00000000E+00  0.00000000E+00  0.00000000E+00  0.10000000E-01  0.10000000E+01
 0.34000000E-09  0.56684493E-02  0.00000000E+00  0.54468093E-01  0.00000000E+00  0.00000000E+00  0.18774306E+09  0.00000000E+00  0.00000000E+00  0.00000000E+00  0.00000000E+00  0.00000000E+00  0.10000000E-01  0.10000000E+01
 0.35000000E-09  0.56684493E-02  0.00000000E+00  0.56345523E-01  0.00000000E+00  0.00000000E+00  0.18774306E+09  0.00000000E+00  0.00000000E+00  0.00000000E+00  0.00000000E+00  0.00000000E+00  0.10000000E-01  0.10000000E+01
 0.36000000E-09  0.56684493E-02  0.00000000E+00  0.58222954E-01  0.00000000E+00  0.00000000E+00  0.18774306E+09  0.00000000E+00  0.00000000E+00  0.00000000E+00  0.00000000E+00  0.00000000E+00  0.10000000E-01  0.10000000E+01
 0.37000000E-09  0.56684493E-02  0.00000000E+00  0.60100385E-01  0.00000000E+00  0.00000000E+00  0.18774306E+09  0.00000000E+00  0.00000000E+00  0.00000000E+00  0.00000000E+00  0.00000000E+00  0.10000000E-01  0.10000000E+01
 0.38000000E-09  0.56684493E-02  0.00000000E+00  0.61977815E-01  0.00000000E+00  0.00000000E+00  0.18774306E+09  0.00000000E+00  0.00000000E+00  0.00000000E+00  0.00000000E+00  0.00000000E+00  0.10000000E-01  0.10000000E+01
 0.39000000E-09  0.56684493E-02  0.00000000E+00  0.63855246E-01  0.00000000E+00  0.00000000E+00  0.18774306E+09  0.00000000E+00  0.00000000E+00  0.00000000E+00  0.00000000E+00  0.00000000E+00  0.10000000E-01  0.10000000E+01
 0.40000000E-09  0.56684493E-02  0.00000000E+00  0.65732676E-01  0.00000000E+00  0.00000000E+00  0.18774306E+09  0.00000000E+00  0.00000000E+00  0.00000000E+00  0.00000000E+00  0.00000000E+00  0.10000000E-01  0.10000000E+01
 0.41000000E-09  0.56684493E-02  0.00000000E+00  0.67610107E-01  0.00000000E+00  0.00000000E+00  0.18774306E+09  0.00000000E+00  0.00000000E+00  0.00000000E+00  0.00000000E+00  0.00000000E+00  0.10000000E-01  0.10000000E+01
 0.42000000E-09  0.56684493E-02  0.00000000E+00  0.69487538E-01  0.00000000E+00  0.00000000E+00  0.18774306E+09  0.00000000E+00  0.00000000E+00  0.00000000E+00  0.00000000E+00  0.00000000E+00  0.10000000E-01  0.10000000E+01
 0.43000000E-09  0.56684493E-02  0.00000000E+00  0.71364968E-01  0.00000000E+00  0.00000000E+00  0.18774306E+09  0.00000000E+00  0.00000000E+00  0.00000000E+00  0.00000000E+00  0.00000000E+00  0.10000000E-01  0.10000000E+01
 0.44000000E-09  0.56684493E-02  0.00000000E+00  0.73242399E-01  0.00000000E+00  0.00000000E+00  0.18774306E+09  0.00000000E+00  0.00000000E+00  0.00000000E+00  0.00000000E+00  0.00000000E+00  0.10000000E-01  0.10000000E+01
 0.45000000E-09  0.56684493E-02  0.00000000E+00  0.75119829E-01  0.00000000E+00  0.00000000E+00  0.18774306E+09  0.00000000E+00  0.00000000E+00  0.00000000E+00  0.00000000E+00  0.00000000E+00  0.10000000E-01  0.10000000E+01
 0.46000000E-09  0.56684493E-02  0.00000000E+00  0.76997260E-01  0.00000000E+00  0.00000000E+00  0.18774306E+09  0.00000000E+00  0.00000000E+00  0.00000000E+00  0.00000000E+00  0.00000000E+00  0.10000000E-01  0.10000000E+01
 0.47000000E-09  0.56684493E-02  0.00000000E+00  0.78874690E-01  0.00000000E+00  0.00000000E+00  0.18774306E+09  0.00000000E+00  0.00000000E+00  0.00000000E+00  0.00000000E+00  0.00000000E+00  0.10000000E-01  0.10000000E+01
 0.48000000E-09  0.56684493E-02  0.00000000E+00  0.80752121E-01  0.00000000E+00  0.00000000E+00  0.18774306E+09  0.00000000E+00  0.00000000E+00  0.00000000E+00  0.00000000E+00  0.00000000E+00  0.10000000E-01  0.10000000E+01
 0.49000000E-09  0.56684493E-02  0.00000000E+00  0.82629552E-01  0.00000000E+00  0.00000000E+00  0.18774306E+09  0.00000000E+00  0.00000000E+00  0.00000000E+00  0.00000000E+00  0.00000000E+00  0.10000000E-01  0.10000000E+01
 0.50000000E-09  0.56684493E-02  0.00000000E+00  0.84506982E-01  0.00000000E+00  0.00000000E+00  0.18774306E+09  0.00000000E+00  0.00000000E+00  0.00000000E+00  0.00000000E+00  0.00000000E+00  0.10000000E-01  0.10000000E+01
 0.51000000E-09  0.56684493E-02  0.00000000E+00  0.86384413E-01  0.00000000E+00  0.00000000E+00  0.18774306E+09  0.00000000E+00  0.00000000E+00  0.00000000E+00  0.00000000E+00  0.00000000E+00  0.10000000E-01  0.10000000E+01
 0.52000000E-09  0.56684493E-02  0.00000000E+00  0.88261843E-01  0.00000000E+00  0.00000000E+00  0.18774306E+09  0.00000000E+00  0.00000000E+00  0.00000000E+00  0.00000000E+00  0.00000000E+00  0.10000000E-01  0.10000000E+01
 0.53000000E-09  0.56684493E-02  0.00000000E+00  0.90139274E-01  0.00000000E+00  0.00000000E+00  0.18774306E+09  0.00000000E+00  0.00000000E+00  0.00000000E+00  0.00000000E+00  0.00000000E+00  0.10000000E-01  0.10000000E+01
 0.54000000E-09  0.56684493E-02  0.00000000E+00  0.92016704E-01  0.00000000E+00  0.00000000E+00  0.18774306E+09  0.00000000E+00  0.00000000E+00  0.00000000E+00  0.00000000E+00  0.00000000E+00  0.10000000E-01  0.10000000E+01
 0.55002000E-09  0.56684493E-02  0.00000000E+00  0.93897890E-01  0.00000000E+00  0.00000000E+00  0.18774306E+09  0.00000000E+00  0.00000000E+00  0.00000000E+00  0.00000000E+00  0.00000000E+00  0.10000000E-01  0.10000000E+01
 0.56002000E-09  0.56684493E-02  0.00000000E+00  0.95775321E-01  0.00000000E+00  0.00000000E+00  0.18774306E+09  0.00000000E+00  0.00000000E+00  0.00000000E+00  0.00000000E+00  0.00000000E+00  0.10000000E-01  0.10000000E+01
 0.57002000E-09  0.56684493E-02  0.00000000E+00  0.97652751E-01  0.00000000E+00  0.00000000E+00  0.18774306E+09  0.00000000E+00  0.00000000E+00  0.00000000E+00  0.00000000E+00  0.00000000E+00  0.10000000E-01  0.10000000E+01
 0.58002000E-09  0.56684493E-02  0.00000000E+00  0.99530182E-01  0.00000000E+00  0.00000000E+00  0.18774306E+09  0.00000000E+00  0.00000000E+00  0.00000000E+00  0.00000000E+00  0.00000000E+00  0.10000000E-01  0.10000000E+01
 0.59002000E-09  0.56684493E-02  0.00000000E+00  0.10140761E+00  0.00000000E+00  0.00000000E+00  0.18774306E+09  0.00000000E+00  0.00000000E+00  0.00000000E+00  0.00000000E+00  0.00000000E+00  0.10000000E-01  0.10000000E+01
 0.60002000E-09  0.56684493E-02  0.00000000E+00  0.10328504E+00  0.00000000E+00  0.00000000E+00  0.18774306E+09  0.00000000E+00  0.00000000E+00  0.00000000E+00  0.00000000E+00  0.00000000E+00  0.10000000E-01  0.10000000E+01
 0.61002000E-09  0.56684493E-02  0.00000000E+00  0.10516247E+00  0.00000000E+00  0.00000000E+00  0.18774306E+09  0.00000000E+00  0.00000000E+00  0.00000000E+00  0.00000000E+00  0.00000000E+00  0.10000000E-01  0.10000000E+01
 0.62002000E-09  0.56684493E-02  0.00000000E+00  0.10703990E+00  0.00000000E+00  0.00000000E+00  0.18774306E+09  0.00000000E+00  0.00000000E+00  0.00000000E+00  0.00000000E+00  0.00000000E+00  0.10000000E-01  0.10000000E+01
 0.63002000E-09  0.56684493E-02  0.00000000E+00  0.10891733E+00  0.00000000E+00  0.00000000E+00  0.18774306E+09  0.00000000E+00  0.00000000E+00  0.00000000E+00  0.00000000E+00  0.00000000E+00  0.10000000E-01  0.10000000E+01
 0.64002000E-09  0.56684493E-02  0.00000000E+00  0.11079477E+00  0.00000000E+00  0.00000000E+00  0.18774306E+09  0.00000000E+00  0.00000000E+00  0.00000000E+00  0.00000000E+00  0.00000000E+00  0.10000000E-01  0.10000000E+01
 0.65002000E-09  0.56684493E-02  0.00000000E+00  0.11267220E+00  0.00000000E+00  0.00000000E+00  0.18774306E+09  0.00000000E+00  0.00000000E+00  0.00000000E+00  0.00000000E+00  0.00000000E+00  0.10000000E-01  0.10000000E+01
 0.66002000E-09  0.56684493E-02  0.00000000E+00  0.11454963E+00  0.00000000E+00  0.00000000E+00  0.18774306E+09  0.00000000E+00  0.00000000E+00  0.00000000E+00  0.00000000E+00  0.00000000E+00  0.10000000E-01  0.10000000E+01
 0.67002000E-09  0.56684493E-02  0.00000000E+00  0.11642706E+00  0.00000000E+00  0.00000000E+00  0.18774306E+09  0.00000000E+00  0.00000000E+00  0.00000000E+00  0.00000000E+00  0.00000000E+00  0.10000000E-01  0.10000000E+01
 0.68002000E-09  0.56684493E-02  0.00000000E+00  0.11830449E+00  0.00000000E+00  0.00000000E+00  0.18774306E+09  0.00000000E+00  0.00000000E+00  0.00000000E+00  0.00000000E+00  0.00000000E+00  0.10000000E-01  0.10000000E+01
 0.69002000E-09  0.56684493E-02  0.00000000E+00  0.12018192E+00  0.00000000E+00  0.00000000E+00  0.18774306E+09  0.00000000E+00  0.00000000E+00  0.00000000E+00  0.00000000E+00  0.00000000E+00  0.10000000E-01  0.10000000E+01
 0.70002000E-09  0.56684493E-02  0.00000000E+00  0.12205935E+00  0.00000000E+00  0.00000000E+00  0.18774306E+09  0.00000000E+00  0.00000000E+00  0.00000000E+00  0.00000000E+00  0.00000000E+00  0.10000000E-01  0.10000000E+01
 0.71002000E-09  0.56684493E-02  0.00000000E+00  0.12393678E+00  0.00000000E+00  0.00000000E+00  0.18774306E+09  0.00000000E+00  0.00000000E+00  0.00000000E+00  0.00000000E+00  0.00000000E+00  0.10000000E-01  0.10000000E+01
 0.72002000E-09  0.56684493E-02  0.00000000E+00  0.12581421E+00  0.00000000E+00  0.00000000E+00  0.18774306E+09  0.00000000E+00  0.00000000E+00  0.00000000E+00  0.00000000E+00  0.00000000E+00  0.10000000E-01  0.10000000E+01
 0.73002000E-09  0.56684493E-02  0.00000000E+00  0.12769164E+00  0.00000000E+00  0.00000000E+00  0.18774306E+09  0.00000000E+00  0.00000000E+00  0.00000000E+00  0.00000000E+00  0.00000000E+00  0.10000000E-01  0.10000000E+01
 0.74002000E-09  0.56684493E-02  0.00000000E+00  0.12956907E+00  0.00000000E+00  0.00000000E+00  0.18774306E+09  0.00000000E+00  0.00000000E+00  0.00000000E+00  0.00000000E+00  0.00000000E+00  0.10000000E-01  0.10000000E+01
 0.75002000E-09  0.56684493E-02  0.00000000E+00  0.13144650E+00  0.00000000E+00  0.00000000E+00  0.18774306E+09  0.00000000E+00  0.00000000E+00  0.00000000E+00  0.00000000E+00  0.00000000E+00  0.10000000E-01  0.10000000E+01
 0.76002000E-09  0.56684493E-02  0.00000000E+00  0.13332393E+00  0.00000000E+00  0.00000000E+00  0.18774306E+09  0.00000000E+00  0.00000000E+00  0.00000000E+00  0.00000000E+00  0.00000000E+00  0.10000000E-01  0.10000000E+01
 0.77002000E-09  0.56684493E-02  0.00000000E+00  0.13520136E+00  0.00000000E+00  0.00000000E+00  0.18774306E+09  0.00000000E+00  0.00000000E+00  0.00000000E+00  0.00000000E+00  0.00000000E+00  0.10000000E-01  0.10000000E+01
 0.78002000E-09  0.56684493E-02  0.00000000E+00  0.13707879E+00  0.00000000E+00  0.00000000E+00  0.18774306E+09  0.00000000E+00  0.00000000E+00  0.00000000E+00  0.00000000E+00  0.00000000E+00  0.10000000E-01  0.10000000E+01
 0.79002000E-09  0.56684493E-02  0.00000000E+00  0.13895622E+00  0.00000000E+00  0.00000000E+00  0.18774306E+09  0.00000000E+00  0.00000000E+00  0.00000000E+00  0.00000000E+00  0.00000000E+00  0.10000000E-01  0.10000000E+01
 0.80002000E-09  0.56684493E-02  0.00000000E+00  0.14083365E+00  0.00000000E+00  0.00000000E+00  0.18774306E+09  0.00000000E+00  0.00000000E+00  0.00000000E+00  0.00000000E+00  0.00000000E+00  0.10000000E-01  0.10000000E+01
 0.81002000E-09  0.56684493E-02  0.00000000E+00  0.14271109E+00  0.00000000E+00  0.00000000E+00  0.18774306E+09  0.00000000E+00  0.00000000E+00  0.00000000E+00  0.00000000E+00  0.00000000E+00  0.10000000E-01  0.10000000E+01
 0.82002000E-09  0.56684493E-02  0.00000000E+00  0.14458852E+00  0.00000000E+00  0.00000000E+00  0.18774306E+09  0.00000000E+00  0.00000000E+00  0.00000000E+00  0.00000000E+00  0.00000000E+00  0.10000000E-01  0.10000000E+01
 0.83002000E-09  0.56684493E-02  0.00000000E+00  0.14646595E+00  0.00000000E+00  0.00000000E+00  0.18774306E+09  0.00000000E+00  0.00000000E+00  0.00000000E+00  0.00000000E+00  0.00000000E+00  0.10000000E-01  0.10000000E+01
 0.84002000E-09  0.56684493E-02  0.00000000E+00  0.14834338E+00  0.00000000E+00  0.00000000E+00  0.18774306E+09  0.00000000E+00  0.00000000E+00  0.00000000E+00  0.00000000E+00  0.00000000E+00  0.10000000E-01  0.10000000E+01
 0.85002000E-09  0.56684493E-02  0.00000000E+00  0.15022081E+00  0.00000000E+00  0.00000000E+00  0.18774306E+09  0.00000000E+00  0.00000000E+00  0.00000000E+00  0.00000000E+00  0.00000000E+00  0.10000000E-01  0.10000000E+01
 0.86002000E-09  0.56684493E-02  0.00000000E+00  0.15209824E+00  0.00000000E+00  0.00000000E+00  0.18774306E+09  0.00000000E+00  0.00000000E+00  0.00000000E+00  0.00000000E+00  0.00000000E+00  0.10000000E-01  0.10000000E+01
 0.87002000E-09  0.56684493E-02  0.00000000E+00  0.15397567E+00  0.00000000E+00  0.00000000E+00  0.18774306E+09  0.00000000E+00  0.00000000E+00  0.00000000E+00  0.00000000E+00  0.00000000E+00  0.10000000E-01  0.10000000E+01
 0.88002000E-09  0.56684493E-02  0.00000000E+00  0.15585310E+00  0.00000000E+00  0.00000000E+00  0.18774306E+09  0.00000000E+00  0.00000000E+00  0.00000000E+00  0.00000000E+00  0.00000000E+00  0.10000000E-01  0.10000000E+01
 0.89002000E-09  0.56684493E-02  0.00000000E+00  0.15773053E+00  0.00000000E+00  0.00000000E+00  0.18774306E+09  0.00000000E+00  0.00000000E+00  0.00000000E+00  0.00000000E+00  0.00000000E+00  0.10000000E-01  0.10000000E+01
 0.90002000E-09  0.56684493E-02  0.00000000E+00  0.15960796E+00  0.00000000E+00  0.00000000E+00  0.18774306E+09  0.00000000E+00  0.00000000E+00  0.00000000E+00  0.00000000E+00  0.00000000E+00  0.10000000E-01  0.10000000E+01
 0.91002000E-09  0.56684493E-02  0.00000000E+00  0.16148539E+00  0.00000000E+00  0.00000000E+00  0.18774306E+09  0.00000000E+00  0.00000000E+00  0.00000000E+00  0.00000000E+00  0.00000000E+00  0.10000000E-01  0.10000000E+01
 0.92002000E-09  0.56684493E-02  0.00000000E+00  0.16336282E+00  0.00000000E+00  0.00000000E+00  0.18774306E+09  0.00000000E+00  0.00000000E+00  0.00000000E+00  0.00000000E+00  0.00000000E+00  0.10000000E-01  0.10000000E+01
 0.93002000E-09  0.56684493E-02  0.00000000E+00  0.16524025E+00  0.00000000E+00  0.00000000E+00  0.18774306E+09  0.00000000E+00  0.00000000E+00  0.00000000E+00  0.00000000E+00  0.00000000E+00  0.10000000E-01  0.10000000E+01
 0.94002000E-09  0.56684493E-02  0.00000000E+00  0.16711768E+00  0.00000000E+00  0.00000000E+00  0.18774306E+09  0.00000000E+00  0.00000000E+00  0.00000000E+00  0.00000000E+00  0.00000000E+00  0.10000000E-01  0.10000000E+01
 0.95002000E-09  0.56684493E-02  0.00000000E+00  0.16899511E+00  0.00000000E+00  0.00000000E+00  0.18774306E+09  0.00000000E+00  0.00000000E+00  0.00000000E+00  0.00000000E+00  0.00000000E+00  0.10000000E-01  0.10000000E+01
 0.96002000E-09  0.56684493E-02  0.00000000E+00  0.17087254E+00  0.00000000E+00  0.00000000E+00  0.18774306E+09  0.00000000E+00  0.00000000E+00  0.00000000E+00  0.00000000E+00  0.00000000E+00  0.10000000E-01  0.10000000E+01
 0.97002000E-09  0.56684493E-02  0.00000000E+00  0.17274997E+00  0.00000000E+00  0.00000000E+00  0.18774306E+09  0.00000000E+00  0.00000000E+00  0.00000000E+00  0.00000000E+00  0.00000000E+00  0.10000000E-01  0.10000000E+01
 0.98002000E-09  0.56684493E-02  0.00000000E+00  0.17462740E+00  0.00000000E+00  0.00000000E+00  0.18774306E+09  0.00000000E+00  0.00000000E+00  0.00000000E+00  0.00000000E+00  0.00000000E+00  0.10000000E-01  0.10000000E+01
 0.99002000E-09  0.56684493E-02  0.00000000E+00  0.17650484E+00  0.00000000E+00  0.00000000E+00  0.18774306E+09  0.00000000E+00  0.00000000E+00  0.00000000E+00  0.00000000E+00  0.00000000E+00  0.10000000E-01  0.10000000E+01
 0.10000200E-08  0.56684493E-02  0.00000000E+00  0.17838227E+00  0.00000000E+00  0.00000000E+00  0.18774306E+09  0.00000000E+00  0.00000000E+00  0.00000000E+00  0.00000000E+00  0.00000000E+00  0.10000000E-01  0.10000000E+01
 0.10100200E-08  0.56684493E-02  0.00000000E+00  0.18025970E+00  0.00000000E+00  0.00000000E+00  0.18774306E+09  0.00000000E+00  0.00000000E+00  0.00000000E+00  0.00000000E+00  0.00000000E+00  0.10000000E-01  0.10000000E+01
 0.10200200E-08  0.56684493E-02  0.00000000E+00  0.18213713E+00  0.00000000E+00  0.00000000E+00  0.18774306E+09  0.00000000E+00  0.00000000E+00  0.00000000E+00  0.00000000E+00  0.00000000E+00  0.10000000E-01  0.10000000E+01
 0.10300200E-08  0.56684493E-02  0.00000000E+00  0.18401456E+00  0.00000000E+00  0.00000000E+00  0.18774306E+09  0.00000000E+00  0.00000000E+00  0.00000000E+00  0.00000000E+00  0.00000000E+00  0.10000000E-01  0.10000000E+01
 0.10400200E-08  0.56684493E-02  0.00000000E+00  0.18589199E+00  0.00000000E+00  0.00000000E+00  0.18774306E+09  0.00000000E+00  0.00000000E+00  0.00000000E+00  0.00000000E+00  0.00000000E+00  0.10000000E-01  0.10000000E+01
 0.10500200E-08  0.56684493E-02  0.00000000E+00  0.18776942E+00  0.00000000E+00  0.00000000E+00  0.18774306E+09  0.00000000E+00  0.00000000E+00  0.00000000E+00  0.00000000E+00  0.00000000E+00  0.10000000E-01  0.10000000E+01
 0.10600200E-08  0.56684493E-02  0.00000000E+00  0.18964685E+00  0.00000000E+00  0.00000000E+00  0.18774306E+09  0.00000000E+00  0.00000000E+00  0.00000000E+00  0.00000000E+00  0.00000000E+00  0.10000000E-01  0.10000000E+01
 0.10700200E-08  0.56684493E-02  0.00000000E+00  0.19152428E+00  0.00000000E+00  0.00000000E+00  0.18774306E+09  0.00000000E+00  0.00000000E+00  0.00000000E+00  0.00000000E+00  0.00000000E+00  0.10000000E-01  0.10000000E+01
 0.10800200E-08  0.56684493E-02  0.00000000E+00  0.19340171E+00  0.00000000E+00  0.00000000E+00  0.18774306E+09  0.00000000E+00  0.00000000E+00  0.00000000E+00  0.00000000E+00  0.00000000E+00  0.10000000E-01  0.10000000E+01
 0.10900200E-08  0.56684493E-02  0.00000000E+00  0.19527914E+00  0.00000000E+00  0.00000000E+00  0.18774306E+09  0.00000000E+00  0.00000000E+00  0.00000000E+00  0.00000000E+00  0.00000000E+00  0.10000000E-01  0.10000000E+01
 0.11000200E-08  0.56684493E-02  0.00000000E+00  0.19715657E+00  0.00000000E+00  0.00000000E+00  0.18774306E+09  0.00000000E+00  0.00000000E+00  0.00000000E+00  0.00000000E+00  0.00000000E+00  0.10000000E-01  0.10000000E+01
 0.11100200E-08  0.56684493E-02  0.00000000E+00  0.19903400E+00  0.00000000E+00  0.00000000E+00  0.18774306E+09  0.00000000E+00  0.00000000E+00  0.00000000E+00  0.00000000E+00  0.00000000E+00  0.10000000E-01  0.10000000E+01
 0.11200200E-08  0.56684493E-02  0.00000000E+00  0.20091143E+00  0.00000000E+00  0.00000000E+00  0.18774306E+09  0.00000000E+00  0.00000000E+00  0.00000000E+00  0.00000000E+00  0.00000000E+00  0.10000000E-01  0.10000000E+01
 0.11300200E-08  0.56684493E-02  0.00000000E+00  0.20278886E+00  0.00000000E+00  0.00000000E+00  0.18774306E+09  0.00000000E+00  0.00000000E+00  0.00000000E+00  0.00000000E+00  0.00000000E+00  0.10000000E-01  0.10000000E+01
 0.11400200E-08  0.56684493E-02  0.00000000E+00  0.20466629E+00  0.00000000E+00  0.00000000E+00  0.18774306E+09  0.00000000E+00  0.00000000E+00  0.00000000E+00  0.00000000E+00  0.00000000E+00  0.10000000E-01  0.10000000E+01
 0.11500200E-08  0.56684493E-02  0.00000000E+00  0.20654372E+00  0.00000000E+00  0.00000000E+00  0.18774306E+09  0.00000000E+00  0.00000000E+00  0.00000000E+00  0.00000000E+00  0.00000000E+00  0.10000000E-01  0.10000000E+01
 0.11600200E-08  0.56684493E-02  0.00000000E+00  0.20842116E+00  0.00000000E+00  0.00000000E+00  0.18774306E+09  0.00000000E+00  0.00000000E+00  0.00000000E+00  0.00000000E+00  0.00000000E+00  0.10000000E-01  0.10000000E+01
 0.11700200E-08  0.56684493E-02  0.00000000E+00  0.21029859E+00  0.00000000E+00  0.00000000E+00  0.18774306E+09  0.00000000E+00  0.00000000E+00  0.00000000E+00  0.00000000E+00  0.00000000E+00  0.10000000E-01  0.10000000E+01
 0.11800200E-08  0.56684493E-02  0.00000000E+00  0.21217602E+00  0.00000000E+00  0.00000000E+00  0.18774306E+09  0.00000000E+00  0.00000000E+00  0.00000000E+00  0.00000000E+00  0.00000000E+00  0.10000000E-01  0.10000000E+01
 0.11900200E-08  0.56684493E-02  0.00000000E+00  0.21405345E+00  0.00000000E+00  0.00000000E+00  0.18774306E+09  0.00000000E+00  0.00000000E+00  0.00000000E+00  0.00000000E+00  0.00000000E+00  0.10000000E-01  0.10000000E+01
 0.12000200E-08  0.56684493E-02  0.00000000E+00  0.21593088E+00  0.00000000E+00  0.00000000E+00  0.18774306E+09  0.00000000E+00  0.00000000E+00  0.00000000E+00  0.00000000E+00  0.00000000E+00  0.10000000E-01  0.10000000E+01
 0.12100200E-08  0.56684493E-02  0.00000000E+00  0.21780831E+00  0.00000000E+00  0.00000000E+00  0.18774306E+09  0.00000000E+00  0.00000000E+00  0.00000000E+00  0.00000000E+00  0.00000000E+00  0.10000000E-01  0.10000000E+01
 0.12200200E-08  0.56684493E-02  0.00000000E+00  0.21968574E+00  0.00000000E+00  0.00000000E+00  0.18774306E+09  0.00000000E+00  0.00000000E+00  0.00000000E+00  0.00000000E+00  0.00000000E+00  0.10000000E-01  0.10000000E+01
 0.12300200E-08  0.56684493E-02  0.00000000E+00  0.22156317E+00  0.00000000E+00  0.00000000E+00  0.18774306E+09  0.00000000E+00  0.00000000E+00  0.00000000E+00  0.00000000E+00  0.00000000E+00  0.10000000E-01  0.10000000E+01
 0.12400200E-08  0.56684493E-02  0.00000000E+00  0.22344060E+00  0.00000000E+00  0.00000000E+00  0.18774306E+09  0.00000000E+00  0.00000000E+00  0.00000000E+00  0.00000000E+00  0.00000000E+00  0.10000000E-01  0.10000000E+01
 0.12500200E-08  0.56684493E-02  0.00000000E+00  0.22531803E+00  0.00000000E+00  0.00000000E+00  0.18774306E+09  0.00000000E+00  0.00000000E+00  0.00000000E+00  0.00000000E+00  0.00000000E+00  0.10000000E-01  0.10000000E+01
 0.12600200E-08  0.56684493E-02  0.00000000E+00  0.22719546E+00  0.00000000E+00  0.00000000E+00  0.18774306E+09  0.00000000E+00  0.00000000E+00  0.00000000E+00  0.00000000E+00  0.00000000E+00  0.10000000E-01  0.10000000E+01
 0.12700200E-08  0.56684493E-02  0.00000000E+00  0.22907289E+00  0.00000000E+00  0.00000000E+00  0.18774306E+09  0.00000000E+00  0.00000000E+00  0.00000000E+00  0.00000000E+00  0.00000000E+00  0.10000000E-01  0.10000000E+01
 0.12800200E-08  0.56684493E-02  0.00000000E+00  0.23095032E+00  0.00000000E+00  0.00000000E+00  0.18774306E+09  0.00000000E+00  0.00000000E+00  0.00000000E+00  0.00000000E+00  0.00000000E+00  0.10000000E-01  0.10000000E+01
 0.12900200E-08  0.56684493E-02  0.00000000E+00  0.23282775E+00  0.00000000E+00  0.00000000E+00  0.18774306E+09  0.00000000E+00  0.00000000E+00  0.00000000E+00  0.00000000E+00  0.00000000E+00  0.10000000E-01  0.10000000E+01
 0.13000200E-08  0.56684493E-02  0.00000000E+00  0.23470518E+00  0.00000000E+00  0.00000000E+00  0.18774306E+09  0.00000000E+00  0.00000000E+00  0.00000000E+00  0.00000000E+00  0.00000000E+00  0.10000000E-01  0.10000000E+01
 0.13100200E-08  0.56684493E-02  0.00000000E+00  0.23658261E+00  0.00000000E+00  0.00000000E+00  0.18774306E+09  0.00000000E+00  0.00000000E+00  0.00000000E+00  0.00000000E+00  0.00000000E+00  0.10000000E-01  0.10000000E+01
 0.13200200E-08  0.56684493E-02  0.00000000E+00  0.23846004E+00  0.00000000E+00  0.00000000E+00  0.18774306E+09  0.00000000E+00  0.00000000E+00  0.00000000E+00  0.00000000E+00  0.00000000E+00  0.10000000E-01  0.10000000E+01
 0.13300200E-08  0.56684493E-02  0.00000000E+00  0.24033748E+00  0.00000000E+00  0.00000000E+00  0.18774306E+09  0.00000000E+00  0.00000000E+00  0.00000000E+00  0.00000000E+00  0.00000000E+00  0.10000000E-01  0.10000000E+01
 0.13400200E-08  0.56684493E-02  0.00000000E+00  0.24221491E+00  0.00000000E+00  0.00000000E+00  0.18774306E+09  0.00000000E+00  0.00000000E+00  0.00000000E+00  0.00000000E+00  0.00000000E+00  0.10000000E-01  0.10000000E+01
 0.13500200E-08  0.56684493E-02  0.00000000E+00  0.24409234E+00  0.00000000E+00  0.00000000E+00  0.18774306E+09  0.00000000E+00  0.00000000E+00  0.00000000E+00  0.00000000E+00  0.00000000E+00  0.10000000E-01  0.10000000E+01
 0.13600200E-08  0.56684493E-02  0.00000000E+00  0.24596977E+00  0.00000000E+00  0.00000000E+00  0.18774306E+09  0.00000000E+00  0.00000000E+00  0.00000000E+00  0.00000000E+00  0.00000000E+00  0.10000000E-01  0.10000000E+01
 0.13700200E-08  0.56684493E-02  0.00000000E+00  0.24784720E+00  0.00000000E+00  0.00000000E+00  0.18774306E+09  0.00000000E+00  0.00000000E+00  0.00000000E+00  0.00000000E+00  0.00000000E+00  0.10000000E-01  0.10000000E+01
 0.13800200E-08  0.56684493E-02  0.00000000E+00  0.24972463E+00  0.00000000E+00  0.00000000E+00  0.18774306E+09  0.00000000E+00  0.00000000E+00  0.00000000E+00  0.00000000E+00  0.00000000E+00  0.10000000E-01  0.10000000E+01
 0.13900200E-08  0.56684493E-02  0.00000000E+00  0.25160206E+00  0.00000000E+00  0.00000000E+00  0.18774306E+09  0.00000000E+00  0.00000000E+00  0.00000000E+00  0.00000000E+00  0.00000000E+00  0.10000000E-01  0.10000000E+01
 0.14000200E-08  0.56684493E-02  0.00000000E+00  0.25347949E+00  0.00000000E+00  0.00000000E+00  0.18774306E+09  0.00000000E+00  0.00000000E+00  0.00000000E+00  0.00000000E+00  0.00000000E+00  0.10000000E-01  0.10000000E+01
 0.14100200E-08  0.56684493E-02  0.00000000E+00  0.25535692E+00  0.00000000E+00  0.00000000E+00  0.18774306E+09  0.00000000E+00  0.00000000E+00  0.00000000E+00  0.00000000E+00  0.00000000E+00  0.10000000E-01  0.10000000E+01
 0.14200200E-08  0.56684493E-02  0.00000000E+00  0.25723435E+00  0.00000000E+00  0.00000000E+00  0.18774306E+09  0.00000000E+00  0.00000000E+00  0.00000000E+00  0.00000000E+00  0.00000000E+00  0.10000000E-01  0.10000000E+01
 0.14300200E-08  0.56684493E-02  0.00000000E+00  0.25911178E+00  0.00000000E+00  0.00000000E+00  0.18774306E+09  0.00000000E+00  0.00000000E+00  0.00000000E+00  0.00000000E+00  0.00000000E+00  0.10000000E-01  0.10000000E+01
 0.14400200E-08  0.56684493E-02  0.00000000E+00  0.26098921E+00  0.00000000E+00  0.00000000E+00  0.18774306E+09  0.00000000E+00  0.00000000E+00  0.00000000E+00  0.00000000E+00  0.00000000E+00  0.10000000E-01  0.10000000E+01
 0.14500200E-08  0.56684493E-02  0.00000000E+00  0.26286664E+00  0.00000000E+00  0.00000000E+00  0.18774306E+09  0.00000000E+00  0.00000000E+00  0.00000000E+00  0.00000000E+00  0.00000000E+00  0.10000000E-01  0.10000000E+01
 0.14600200E-08  0.56684493E-02  0.00000000E+00  0.26474407E+00  0.00000000E+00  0.00000000E+00  0.18774306E+09  0.00000000E+00  0.00000000E+00  0.00000000E+00  0.00000000E+00  0.00000000E+00  0.10000000E-01  0.10000000E+01
 0.14700200E-08  0.56684493E-02  0.00000000E+00  0.26662150E+00  0.00000000E+00  0.00000000E+00  0.18774306E+09  0.00000000E+00  0.00000000E+00  0.00000000E+00  0.00000000E+00  0.00000000E+00  0.10000000E-01  0.10000000E+01
 0.14800200E-08  0.56684493E-02  0.00000000E+00  0.26849893E+00  0.00000000E+00  0.00000000E+00  0.18774306E+09  0.00000000E+00  0.00000000E+00  0.00000000E+00  0.00000000E+00  0.00000000E+00  0.10000000E-01  0.10000000E+01
 0.14900200E-08  0.56684493E-02  0.00000000E+00  0.27037636E+00  0.00000000E+00  0.00000000E+00  0.18774306E+09  0.00000000E+00  0.00000000E+00  0.00000000E+00  0.00000000E+00  0.00000000E+00  0.10000000E-01  0.10000000E+01
 0.15000200E-08  0.56684493E-02  0.00000000E+00  0.27225380E+00  0.00000000E+00  0.00000000E+00  0.18774306E+09  0.00000000E+00  0.00000000E+00  0.00000000E+00  0.00000000E+00  0.00000000E+00  0.10000000E-01  0.10000000E+01
 0.15100200E-08  0.56684493E-02  0.00000000E+00  0.27413123E+00  0.00000000E+00  0.00000000E+00  0.18774306E+09  0.00000000E+00  0.00000000E+00  0.00000000E+00  0.00000000E+00  0.00000000E+00  0.10000000E-01  0.10000000E+01
 0.15200200E-08  0.56684493E-02  0.00000000E+00  0.27600866E+00  0.00000000E+00  0.00000000E+00  0.18774306E+09  0.00000000E+00  0.00000000E+00  0.00000000E+00  0.00000000E+00  0.00000000E+00  0.10000000E-01  0.10000000E+01
 0.15300200E-08  0.56684493E-02  0.00000000E+00  0.27788609E+00  0.00000000E+00  0.00000000E+00  0.18774306E+09  0.00000000E+00  0.00000000E+00  0.00000000E+00  0.00000000E+00  0.00000000E+00  0.10000000E-01  0.10000000E+01
 0.15400200E-08  0.56684493E-02  0.00000000E+00  0.27976352E+00  0.00000000E+00  0.00000000E+00  0.18774306E+09  0.00000000E+00  0.00000000E+00  0.00000000E+00  0.00000000E+00  0.00000000E+00  0.10000000E-01  0.10000000E+01
 0.15500200E-08  0.56684493E-02  0.00000000E+00  0.28164095E+00  0.00000000E+00  0.00000000E+00  0.18774306E+09  0.00000000E+00  0.00000000E+00  0.00000000E+00  0.00000000E+00  0.00000000E+00  0.10000000E-01  0.10000000E+01
 0.15600200E-08  0.56684493E-02  0.00000000E+00  0.28351838E+00  0.00000000E+00  0.00000000E+00  0.18774306E+09  0.00000000E+00  0.00000000E+00  0.00000000E+00  0.00000000E+00  0.00000000E+00  0.10000000E-01  0.10000000E+01
 0.15700200E-08  0.56684493E-02  0.00000000E+00  0.28539581E+00  0.00000000E+00  0.00000000E+00  0.18774306E+09  0.00000000E+00  0.00000000E+00  0.00000000E+00  0.00000000E+00  0.00000000E+00  0.10000000E-01  0.10000000E+01
 0.15800200E-08  0.56684493E-02  0.00000000E+00  0.28727324E+00  0.00000000E+00  0.00000000E+00  0.18774306E+09  0.00000000E+00  0.00000000E+00  0.00000000E+00  0.00000000E+00  0.00000000E+00  0.10000000E-01  0.10000000E+01
 0.15900200E-08  0.56684493E-02  0.00000000E+00  0.28915067E+00  0.00000000E+00  0.00000000E+00  0.18774306E+09  0.00000000E+00  0.00000000E+00  0.00000000E+00  0.00000000E+00  0.00000000E+00  0.10000000E-01  0.10000000E+01
 0.16000200E-08  0.56684493E-02  0.00000000E+00  0.29102810E+00  0.00000000E+00  0.00000000E+00  0.18774306E+09  0.00000000E+00  0.00000000E+00  0.00000000E+00  0.00000000E+00  0.00000000E+00  0.10000000E-01  0.10000000E+01
 0.16100200E-08  0.56684493E-02  0.00000000E+00  0.29290553E+00  0.00000000E+00  0.00000000E+00  0.18774306E+09  0.00000000E+00  0.00000000E+00  0.00000000E+00  0.00000000E+00  0.00000000E+00  0.10000000E-01  0.10000000E+01
 0.16200200E-08  0.56684493E-02  0.00000000E+00  0.29478296E+00  0.00000000E+00  0.00000000E+00  0.18774306E+09  0.00000000E+00  0.00000000E+00  0.00000000E+00  0.00000000E+00  0.00000000E+00  0.10000000E-01  0.10000000E+01
 0.16300200E-08  0.56684493E-02  0.00000000E+00  0.29666039E+00  0.00000000E+00  0.00000000E+00  0.18774306E+09  0.00000000E+00  0.00000000E+00  0.00000000E+00  0.00000000E+00  0.00000000E+00  0.10000000E-01  0.10000000E+01
 0.16400200E-08  0.56684493E-02  0.00000000E+00  0.29853782E+00  0.00000000E+00  0.00000000E+00  0.18774306E+09  0.00000000E+00  0.00000000E+00  0.00000000E+00  0.00000000E+00  0.00000000E+00  0.10000000E-01  0.10000000E+01
 0.16500200E-08  0.56684493E-02  0.00000000E+00  0.30041525E+00  0.00000000E+00  0.00000000E+00  0.18774306E+09  0.00000000E+00  0.00000000E+00  0.00000000E+00  0.00000000E+00  0.00000000E+00  0.10000000E-01  0.10000000E+01
 0.16600200E-08  0.56684493E-02  0.00000000E+00  0.30229268E+00  0.00000000E+00  0.00000000E+00  0.18774306E+09  0.00000000E+00  0.00000000E+00  0.00000000E+00  0.00000000E+00  0.00000000E+00  0.10000000E-01  0.10000000E+01
 0.16700200E-08  0.56684493E-02  0.00000000E+00  0.30417011E+00  0.00000000E+00  0.00000000E+00  0.18774306E+09  0.00000000E+00  0.00000000E+00  0.00000000E+00  0.00000000E+00  0.00000000E+00  0.10000000E-01  0.10000000E+01
 0.16800200E-08  0.56684493E-02  0.00000000E+00  0.30604755E+00  0.00000000E+00  0.00000000E+00  0.18774306E+09  0.00000000E+00  0.00000000E+00  0.00000000E+00  0.00000000E+00  0.00000000E+00  0.10000000E-01  0.10000000E+01
 0.16900200E-08  0.56684493E-02  0.00000000E+00  0.30792498E+00  0.00000000E+00  0.00000000E+00  0.18774306E+09  0.00000000E+00  0.00000000E+00  0.00000000E+00  0.00000000E+00  0.00000000E+00  0.10000000E-01  0.10000000E+01
 0.17000200E-08  0.56684493E-02  0.00000000E+00  0.30980241E+00  0.00000000E+00  0.00000000E+00  0.18774306E+09  0.00000000E+00  0.00000000E+00  0.00000000E+00  0.00000000E+00  0.00000000E+00  0.10000000E-01  0.10000000E+01
 0.17100200E-08  0.56684493E-02  0.00000000E+00  0.31167984E+00  0.00000000E+00  0.00000000E+00  0.18774306E+09  0.00000000E+00  0.00000000E+00  0.00000000E+00  0.00000000E+00  0.00000000E+00  0.10000000E-01  0.10000000E+01
 0.17200200E-08  0.56684493E-02  0.00000000E+00  0.31355727E+00  0.00000000E+00  0.00000000E+00  0.18774306E+09  0.00000000E+00  0.00000000E+00  0.00000000E+00  0.00000000E+00  0.00000000E+00  0.10000000E-01  0.10000000E+01
 0.17300200E-08  0.56684493E-02  0.00000000E+00  0.31543470E+00  0.00000000E+00  0.00000000E+00  0.18774306E+09  0.00000000E+00  0.00000000E+00  0.00000000E+00  0.00000000E+00  0.00000000E+00  0.10000000E-01  0.10000000E+01
 0.17400200E-08  0.56684493E-02  0.00000000E+00  0.31731213E+00  0.00000000E+00  0.00000000E+00  0.18774306E+09  0.00000000E+00  0.00000000E+00  0.00000000E+00  0.00000000E+00  0.00000000E+00  0.10000000E-01  0.10000000E+01
 0.17500200E-08  0.56684493E-02  0.00000000E+00  0.31918956E+00  0.00000000E+00  0.00000000E+00  0.18774306E+09  0.00000000E+00  0.00000000E+00  0.00000000E+00  0.00000000E+00  0.00000000E+00  0.10000000E-01  0.10000000E+01
 0.17600200E-08  0.56684493E-02  0.00000000E+00  0.32106699E+00  0.00000000E+00  0.00000000E+00  0.18774306E+09  0.00000000E+00  0.00000000E+00  0.00000000E+00  0.00000000E+00  0.00000000E+00  0.10000000E-01  0.10000000E+01
 0.17700200E-08  0.56684493E-02  0.00000000E+00  0.32294442E+00  0.00000000E+00  0.00000000E+00  0.18774306E+09  0.00000000E+00  0.00000000E+00  0.00000000E+00  0.00000000E+00  0.00000000E+00  0.10000000E-01  0.10000000E+01
 0.17800200E-08  0.56684493E-02  0.00000000E+00  0.32482185E+00  0.00000000E+00  0.00000000E+00  0.18774306E+09  0.00000000E+00  0.00000000E+00  0.00000000E+00  0.00000000E+00  0.00000000E+00  0.10000000E-01  0.10000000E+01
 0.17900200E-08  0.56684493E-02  0.00000000E+00  0.32669928E+00  0.00000000E+00  0.00000000E+00  0.18774306E+09  0.00000000E+00  0.00000000E+00  0.00000000E+00  0.00000000E+00  0.00000000E+00  0.10000000E-01  0.10000000E+01
 0.18000200E-08  0.56684493E-02  0.00000000E+00  0.32857671E+00  0.00000000E+00  0.00000000E+00  0.18774306E+09  0.00000000E+00  0.00000000E+00  0.00000000E+00  0.00000000E+00  0.00000000E+00  0.10000000E-01  0.10000000E+01
 0.18100200E-08  0.56684493E-02  0.00000000E+00  0.33045414E+00  0.00000000E+00  0.00000000E+00  0.18774306E+09  0.00000000E+00  0.00000000E+00  0.00000000E+00  0.00000000E+00  0.00000000E+00  0.10000000E-01  0.10000000E+01
 0.18200200E-08  0.56684493E-02  0.00000000E+00  0.33233157E+00  0.00000000E+00  0.00000000E+00  0.18774306E+09  0.00000000E+00  0.00000000E+00  0.00000000E+00  0.00000000E+00  0.00000000E+00  0.10000000E-01  0.10000000E+01
 0.18300200E-08  0.56684493E-02  0.00000000E+00  0.33420900E+00  0.00000000E+00  0.00000000E+00  0.18774306E+09  0.00000000E+00  0.00000000E+00  0.00000000E+00  0.00000000E+00  0.00000000E+00  0.10000000E-01  0.10000000E+01
 0.18400200E-08  0.56684493E-02  0.00000000E+00  0.33608643E+00  0.00000000E+00  0.00000000E+00  0.18774306E+09  0.00000000E+00  0.00000000E+00  0.00000000E+00  0.00000000E+00  0.00000000E+00  0.10000000E-01  0.10000000E+01
 0.18500200E-08  0.56684493E-02  0.00000000E+00  0.33796387E+00  0.00000000E+00  0.00000000E+00  0.18774306E+09  0.00000000E+00  0.00000000E+00  0.00000000E+00  0.00000000E+00  0.00000000E+00  0.10000000E-01  0.10000000E+01
 0.18600200E-08  0.56684493E-02  0.00000000E+00  0.33984130E+00  0.00000000E+00  0.00000000E+00  0.18774306E+09  0.00000000E+00  0.00000000E+00  0.00000000E+00  0.00000000E+00  0.00000000E+00  0.10000000E-01  0.10000000E+01
 0.18700200E-08  0.56684493E-02  0.00000000E+00  0.34171873E+00  0.00000000E+00  0.00000000E+00  0.18774306E+09  0.00000000E+00  0.00000000E+00  0.00000000E+00  0.00000000E+00  0.00000000E+00  0.10000000E-01  0.10000000E+01
 0.18800200E-08  0.56684493E-02  0.00000000E+00  0.34359616E+00  0.00000000E+00  0.00000000E+00  0.18774306E+09  0.00000000E+00  0.00000000E+00  0.00000000E+00  0.00000000E+00  0.00000000E+00  0.10000000E-01  0.10000000E+01
 0.18900200E-08  0.56684493E-02  0.00000000E+00  0.34547359E+00  0.00000000E+00  0.00000000E+00  0.18774306E+09  0.00000000E+00  0.00000000E+00  0.00000000E+00  0.00000000E+00  0.00000000E+00  0.10000000E-01  0.10000000E+01
 0.19000200E-08  0.56684493E-02  0.00000000E+00  0.34735102E+00  0.00000000E+00  0.00000000E+00  0.18774306E+09  0.00000000E+00  0.00000000E+00  0.00000000E+00  0.00000000E+00  0.00000000E+00  0.10000000E-01  0.10000000E+01
 0.19100200E-08  0.56684493E-02  0.00000000E+00  0.34922845E+00  0.00000000E+00  0.00000000E+00  0.18774306E+09  0.00000000E+00  0.00000000E+00  0.00000000E+00  0.00000000E+00  0.00000000E+00  0.10000000E-01  0.10000000E+01
 0.19200200E-08  0.56684493E-02  0.00000000E+00  0.35110588E+00  0.00000000E+00  0.00000000E+00  0.18774306E+09  0.00000000E+00  0.00000000E+00  0.00000000E+00  0.00000000E+00  0.00000000E+00  0.10000000E-01  0.10000000E+01
 0.19300200E-08  0.56684493E-02  0.00000000E+00  0.35298331E+00  0.00000000E+00  0.00000000E+00  0.18774306E+09  0.00000000E+00  0.00000000E+00  0.00000000E+00  0.00000000E+00  0.00000000E+00  0.10000000E-01  0.10000000E+01
 0.19400200E-08  0.56684493E-02  0.00000000E+00  0.35486074E+00  0.00000000E+00  0.00000000E+00  0.18774306E+09  0.00000000E+00  0.00000000E+00  0.00000000E+00  0.00000000E+00  0.00000000E+00  0.10000000E-01  0.10000000E+01
 0.19500200E-08  0.56684493E-02  0.00000000E+00  0.35673817E+00  0.00000000E+00  0.00000000E+00  0.18774306E+09  0.00000000E+00  0.00000000E+00  0.00000000E+00  0.00000000E+00  0.00000000E+00  0.10000000E-01  0.10000000E+01
 0.19600200E-08  0.56684493E-02  0.00000000E+00  0.35861560E+00  0.00000000E+00  0.00000000E+00  0.18774306E+09  0.00000000E+00  0.00000000E+00  0.00000000E+00  0.00000000E+00  0.00000000E+00  0.10000000E-01  0.10000000E+01
 0.19700200E-08  0.56684493E-02  0.00000000E+00  0.36049303E+00  0.00000000E+00  0.00000000E+00  0.18774306E+09  0.00000000E+00  0.00000000E+00  0.00000000E+00  0.00000000E+00  0.00000000E+00  0.10000000E-01  0.10000000E+01
 0.19800200E-08  0.56684493E-02  0.00000000E+00  0.36237046E+00  0.00000000E+00  0.00000000E+00  0.18774306E+09  0.00000000E+00  0.00000000E+00  0.00000000E+00  0.00000000E+00  0.00000000E+00  0.10000000E-01  0.10000000E+01
 0.19900200E-08  0.56684493E-02  0.00000000E+00  0.36424789E+00  0.00000000E+00  0.00000000E+00  0.18774306E+09  0.00000000E+00  0.00000000E+00  0.00000000E+00  0.00000000E+00  0.00000000E+00  0.10000000E-01  0.10000000E+01
