# ptime xp yp zp vx vy vz ex ey ez bx by bz wt
 0.20000000E-13  0.12547790E-01  0.00000000E+00 -0.12106361E-01  0.00000000E+00  0.00000000E+00  0.18596080E+09  0.00000000E+00  0.00000000E+00  0.00000000E+00  0.00000000E+00  0.00000000E+00  0.10000000E-01  0.10000000E+01
 0.10000000E-10  0.12547790E-01  0.00000000E+00 -0.10250472E-01  0.00000000E+00  0.00000000E+00  0.18596080E+09  0.00000000E+00  0.00000000E+00  0.00000000E+00  0.00000000E+00  0.00000000E+00  0.10000000E-01  0.10000000E+01
 0.20000000E-10  0.12547790E-01  0.00000000E+00 -0.83908644E-02  0.00000000E+00  0.00000000E+00  0.18596080E+09  0.00000000E+00  0.00000000E+00  0.00000000E+00  0.00000000E+00  0.00000000E+00  0.10000000E-01  0.10000000E+01
 0.30000000E-10  0.12547790E-01  0.00000000E+00 -0.65312564E-02  0.00000000E+00  0.00000000E+00  0.18596080E+09  0.00000000E+00  0.00000000E+00  0.00000000E+00  0.00000000E+00  0.00000000E+00  0.10000000E-01  0.10000000E+01
 0.40020000E-10  0.12547790E-01  0.00000000E+00 -0.46679292E-02  0.00000000E+00  0.00000000E+00  0.18596080E+09  0.00000000E+00  0.00000000E+00  0.00000000E+00  0.00000000E+00  0.00000000E+00  0.10000000E-01  0.10000000E+01
 0.50020000E-10  0.12547790E-01  0.00000000E+00 -0.28083211E-02  0.00000000E+00  0.00000000E+00  0.18596080E+09  0.00000000E+00  0.00000000E+00  0.00000000E+00  0.00000000E+00  0.00000000E+00  0.10000000E-01  0.10000000E+01
 0.60020000E-10  0.12547790E-01  0.00000000E+00 -0.94871310E-03  0.00000000E+00  0.00000000E+00  0.18596080E+09  0.00000000E+00  0.00000000E+00  0.00000000E+00  0.00000000E+00  0.00000000E+00  0.10000000E-01  0.10000000E+01
 0.70020000E-10  0.12547790E-01  0.00000000E+00  0.91089493E-03  0.00000000E+00  0.00000000E+00  0.18596080E+09  0.00000000E+00  0.00000000E+00  0.00000000E+00  0.00000000E+00  0.00000000E+00  0.10000000E-01  0.10000000E+01
 0.80000000E-10  0.12547790E-01  0.00000000E+00  0.27667837E-02  0.00000000E+00  0.00000000E+00  0.18596080E+09  0.00000000E+00  0.00000000E+00  0.00000000E+00  0.00000000E+00  0.00000000E+00  0.10000000E-01  0.10000000E+01
 0.90000000E-10  0.12547790E-01  0.00000000E+00  0.46263918E-02  0.00000000E+00  0.00000000E+00  0.18596080E+09  0.00000000E+00  0.00000000E+00  0.00000000E+00  0.00000000E+00  0.00000000E+00  0.10000000E-01  0.10000000E+01
 0.10000000E-09  0.12547790E-01  0.00000000E+00  0.64859998E-02  0.00000000E+00  0.00000000E+00  0.18596080E+09  0.00000000E+00  0.00000000E+00  0.00000000E+00  0.00000000E+00  0.00000000E+00  0.10000000E-01  0.10000000E+01
 0.11000000E-09  0.12547790E-01  0.00000000E+00  0.83456078E-02  0.00000000E+00  0.00000000E+00  0.18596080E+09  0.00000000E+00  0.00000000E+00  0.00000000E+00  0.00000000E+00  0.00000000E+00  0.10000000E-01  0.10000000E+01
 0.12000000E-09  0.12547790E-01  0.00000000E+00  0.10205216E-01  0.00000000E+00  0.00000000E+00  0.18596080E+09  0.00000000E+00  0.00000000E+00  0.00000000E+00  0.00000000E+00  0.00000000E+00  0.10000000E-01  0.10000000E+01
 0.13000000E-09  0.12547790E-01  0.00000000E+00  0.12064824E-01  0.00000000E+00  0.00000000E+00  0.18596080E+09  0.00000000E+00  0.00000000E+00  0.00000000E+00  0.00000000E+00  0.00000000E+00  0.10000000E-01  0.10000000E+01
 0.14002000E-09  0.12547790E-01  0.00000000E+00  0.13928151E-01  0.00000000E+00  0.00000000E+00  0.18596080E+09  0.00000000E+00  0.00000000E+00  0.00000000E+00  0.00000000E+00  0.00000000E+00  0.10000000E-01  0.10000000E+01
 0.15002000E-09  0.12547790E-01  0.00000000E+00  0.15787759E-01  0.00000000E+00  0.00000000E+00  0.18596080E+09  0.00000000E+00  0.00000000E+00  0.00000000E+00  0.00000000E+00  0.00000000E+00  0.10000000E-01  0.10000000E+01
 0.16002000E-09  0.12547790E-01  0.00000000E+00  0.17647367E-01  0.00000000E+00  0.00000000E+00  0.18596080E+09  0.00000000E+00  0.00000000E+00  0.00000000E+00  0.00000000E+00  0.00000000E+00  0.10000000E-01  0.10000000E+01
 0.17002000E-09  0.12547790E-01  0.00000000E+00  0.19506975E-01  0.00000000E+00  0.00000000E+00  0.18596080E+09  0.00000000E+00  0.00000000E+00  0.00000000E+00  0.00000000E+00  0.00000000E+00  0.10000000E-01  0.10000000E+01
 0.18002000E-09  0.12547790E-01  0.00000000E+00  0.21366583E-01  0.00000000E+00  0.00000000E+00  0.18596080E+09  0.00000000E+00  0.00000000E+00  0.00000000E+00  0.00000000E+00  0.00000000E+00  0.10000000E-01  0.10000000E+01
 0.19002000E-09  0.12547790E-01  0.00000000E+00  0.23226191E-01  0.00000000E+00  0.00000000E+00  0.18596080E+09  0.00000000E+00  0.00000000E+00  0.00000000E+00  0.00000000E+00  0.00000000E+00  0.10000000E-01  0.10000000E+01
 0.20002000E-09  0.12547790E-01  0.00000000E+00  0.25085799E-01  0.00000000E+00  0.00000000E+00  0.18596080E+09  0.00000000E+00  0.00000000E+00  0.00000000E+00  0.00000000E+00  0.00000000E+00  0.10000000E-01  0.10000000E+01
 0.21002000E-09  0.12547790E-01  0.00000000E+00  0.26945407E-01  0.00000000E+00  0.00000000E+00  0.18596080E+09  0.00000000E+00  0.00000000E+00  0.00000000E+00  0.00000000E+00  0.00000000E+00  0.10000000E-01  0.10000000E+01
 0.22002000E-09  0.12547790E-01  0.00000000E+00  0.28805015E-01  0.00000000E+00  0.00000000E+00  0.18596080E+09  0.00000000E+00  0.00000000E+00  0.00000000E+00  0.00000000E+00  0.00000000E+00  0.10000000E-01  0.10000000E+01
 0.23002000E-09  0.12547790E-01  0.00000000E+00  0.30664623E-01  0.00000000E+00  0.00000000E+00  0.18596080E+09  0.00000000E+00  0.00000000E+00  0.00000000E+00  0.00000000E+00  0.00000000E+00  0.10000000E-01  0.10000000E+01
 0.24002000E-09  0.12547790E-01  0.00000000E+00  0.32524231E-01  0.00000000E+00  0.00000000E+00  0.18596080E+09  0.00000000E+00  0.00000000E+00  0.00000000E+00  0.00000000E+00  0.00000000E+00  0.10000000E-01  0.10000000E+01
 0.25002000E-09  0.12547790E-01  0.00000000E+00  0.34383839E-01  0.00000000E+00  0.00000000E+00  0.18596080E+09  0.00000000E+00  0.00000000E+00  0.00000000E+00  0.00000000E+00  0.00000000E+00  0.10000000E-01  0.10000000E+01
 0.26002000E-09  0.12547790E-01  0.00000000E+00  0.36243447E-01  0.00000000E+00  0.00000000E+00  0.18596080E+09  0.00000000E+00  0.00000000E+00  0.00000000E+00  0.00000000E+00  0.00000000E+00  0.10000000E-01  0.10000000E+01
 0.27002000E-09  0.12547790E-01  0.00000000E+00  0.38103056E-01  0.00000000E+00  0.00000000E+00  0.18596080E+09  0.00000000E+00  0.00000000E+00  0.00000000E+00  0.00000000E+00  0.00000000E+00  0.10000000E-01  0.10000000E+01
 0.28002000E-09  0.12547790E-01  0.00000000E+00  0.39962664E-01  0.00000000E+00  0.00000000E+00  0.18596080E+09  0.00000000E+00  0.00000000E+00  0.00000000E+00  0.00000000E+00  0.00000000E+00  0.10000000E-01  0.10000000E+01
 0.29002000E-09  0.12547790E-01  0.00000000E+00  0.41822272E-01  0.00000000E+00  0.00000000E+00  0.18596080E+09  0.00000000E+00  0.00000000E+00  0.00000000E+00  0.00000000E+00  0.00000000E+00  0.10000000E-01  0.10000000E+01
 0.30000000E-09  0.12547790E-01  0.00000000E+00  0.43678160E-01  0.00000000E+00  0.00000000E+00  0.18596080E+09  0.00000000E+00  0.00000000E+00  0.00000000E+00  0.00000000E+00  0.00000000E+00  0.10000000E-01  0.10000000E+01
 0.31000000E-09  0.12547790E-01  0.00000000E+00  0.45537768E-01  0.00000000E+00  0.00000000E+00  0.18596080E+09  0.00000000E+00  0.00000000E+00  0.00000000E+00  0.00000000E+00  0.00000000E+00  0.10000000E-01  0.10000000E+01
 0.32000000E-09  0.12547790E-01  0.00000000E+00  0.47397376E-01  0.00000000E+00  0.00000000E+00  0.18596080E+09  0.00000000E+00  0.00000000E+00  0.00000000E+00  0.00000000E+00  0.00000000E+00  0.10000000E-01  0.10000000E+01
 0.33000000E-09  0.12547790E-01  0.00000000E+00  0.49256984E-01  0.00000000E+00  0.00000000E+00  0.18596080E+09  0.00000000E+00  0.00000000E+00  0.00000000E+00  0.00000000E+00  0.00000000E+00  0.10000000E-01  0.10000000E+01
 0.34000000E-09  0.12547790E-01  0.00000000E+00  0.51116593E-01  0.00000000E+00  0.00000000E+00  0.18596080E+09  0.00000000E+00  0.00000000E+00  0.00000000E+00  0.00000000E+00  0.00000000E+00  0.10000000E-01  0.10000000E+01
 0.35000000E-09  0.12547790E-01  0.00000000E+00  0.52976201E-01  0.00000000E+00  0.00000000E+00  0.18596080E+09  0.00000000E+00  0.00000000E+00  0.00000000E+00  0.00000000E+00  0.00000000E+00  0.10000000E-01  0.10000000E+01
 0.36000000E-09  0.12547790E-01  0.00000000E+00  0.54835809E-01  0.00000000E+00  0.00000000E+00  0.18596080E+09  0.00000000E+00  0.00000000E+00  0.00000000E+00  0.00000000E+00  0.00000000E+00  0.10000000E-01  0.10000000E+01
 0.37000000E-09  0.12547790E-01  0.00000000E+00  0.56695417E-01  0.00000000E+00  0.00000000E+00  0.18596080E+09  0.00000000E+00  0.00000000E+00  0.00000000E+00  0.00000000E+00  0.00000000E+00  0.10000000E-01  0.10000000E+01
 0.38000000E-09  0.12547790E-01  0.00000000E+00  0.58555025E-01  0.00000000E+00  0.00000000E+00  0.18596080E+09  0.00000000E+00  0.00000000E+00  0.00000000E+00  0.00000000E+00  0.00000000E+00  0.10000000E-01  0.10000000E+01
 0.39000000E-09  0.12547790E-01  0.00000000E+00  0.60414633E-01  0.00000000E+00  0.00000000E+00  0.18596080E+09  0.00000000E+00  0.00000000E+00  0.00000000E+00  0.00000000E+00  0.00000000E+00  0.10000000E-01  0.10000000E+01
 0.40000000E-09  0.12547790E-01  0.00000000E+00  0.62274241E-01  0.00000000E+00  0.00000000E+00  0.18596080E+09  0.00000000E+00  0.00000000E+00  0.00000000E+00  0.00000000E+00  0.00000000E+00  0.10000000E-01  0.10000000E+01
 0.41000000E-09  0.12547790E-01  0.00000000E+00  0.64133849E-01  0.00000000E+00  0.00000000E+00  0.18596080E+09  0.00000000E+00  0.00000000E+00  0.00000000E+00  0.00000000E+00  0.00000000E+00  0.10000000E-01  0.10000000E+01
 0.42000000E-09  0.12547790E-01  0.00000000E+00  0.65993457E-01  0.00000000E+00  0.00000000E+00  0.18596080E+09  0.00000000E+00  0.00000000E+00  0.00000000E+00  0.00000000E+00  0.00000000E+00  0.10000000E-01  0.10000000E+01
 0.43000000E-09  0.12547790E-01  0.00000000E+00  0.67853065E-01  0.00000000E+00  0.00000000E+00  0.18596080E+09  0.00000000E+00  0.00000000E+00  0.00000000E+00  0.00000000E+00  0.00000000E+00  0.10000000E-01  0.10000000E+01
 0.44000000E-09  0.12547790E-01  0.00000000E+00  0.69712673E-01  0.00000000E+00  0.00000000E+00  0.18596080E+09  0.00000000E+00  0.00000000E+00  0.00000000E+00  0.00000000E+00  0.00000000E+00  0.10000000E-01  0.10000000E+01
 0.45000000E-09  0.12547790E-01  0.00000000E+00  0.71572281E-01  0.00000000E+00  0.00000000E+00  0.18596080E+09  0.00000000E+00  0.00000000E+00  0.00000000E+00  0.00000000E+00  0.00000000E+00  0.10000000E-01  0.10000000E+01
 0.46000000E-09  0.12547790E-01  0.00000000E+00  0.73431889E-01  0.00000000E+00  0.00000000E+00  0.18596080E+09  0.00000000E+00  0.00000000E+00  0.00000000E+00  0.00000000E+00  0.00000000E+00  0.10000000E-01  0.10000000E+01
 0.47000000E-09  0.12547790E-01  0.00000000E+00  0.75291497E-01  0.00000000E+00  0.00000000E+00  0.18596080E+09  0.00000000E+00  0.00000000E+00  0.00000000E+00  0.00000000E+00  0.00000000E+00  0.10000000E-01  0.10000000E+01
 0.48000000E-09  0.12547790E-01  0.00000000E+00  0.77151105E-01  0.00000000E+00  0.00000000E+00  0.18596080E+09  0.00000000E+00  0.00000000E+00  0.00000000E+00  0.00000000E+00  0.00000000E+00  0.10000000E-01  0.10000000E+01
 0.49000000E-09  0.12547790E-01  0.00000000E+00  0.79010713E-01  0.00000000E+00  0.00000000E+00  0.18596080E+09  0.00000000E+00  0.00000000E+00  0.00000000E+00  0.00000000E+00  0.00000000E+00  0.10000000E-01  0.10000000E+01
 0.50000000E-09  0.12547790E-01  0.00000000E+00  0.80870321E-01  0.00000000E+00  0.00000000E+00  0.18596080E+09  0.00000000E+00  0.00000000E+00  0.00000000E+00  0.00000000E+00  0.00000000E+00  0.10000000E-01  0.10000000E+01
 0.51000000E-09  0.12547790E-01  0.00000000E+00  0.82729929E-01  0.00000000E+00  0.00000000E+00  0.18596080E+09  0.00000000E+00  0.00000000E+00  0.00000000E+00  0.00000000E+00  0.00000000E+00  0.10000000E-01  0.10000000E+01
 0.52000000E-09  0.12547790E-01  0.00000000E+00  0.84589537E-01  0.00000000E+00  0.00000000E+00  0.18596080E+09  0.00000000E+00  0.00000000E+00  0.00000000E+00  0.00000000E+00  0.00000000E+00  0.10000000E-01  0.10000000E+01
 0.53000000E-09  0.12547790E-01  0.00000000E+00  0.86449145E-01  0.00000000E+00  0.00000000E+00  0.18596080E+09  0.00000000E+00  0.00000000E+00  0.00000000E+00  0.00000000E+00  0.00000000E+00  0.10000000E-01  0.10000000E+01
 0.54000000E-09  0.12547790E-01  0.00000000E+00  0.88308753E-01  0.00000000E+00  0.00000000E+00  0.18596080E+09  0.00000000E+00  0.00000000E+00  0.00000000E+00  0.00000000E+00  0.00000000E+00  0.10000000E-01  0.10000000E+01
 0.55002000E-09  0.12547790E-01  0.00000000E+00  0.90172080E-01  0.00000000E+00  0.00000000E+00  0.18596080E+09  0.00000000E+00  0.00000000E+00  0.00000000E+00  0.00000000E+00  0.00000000E+00  0.10000000E-01  0.10000000E+01
 0.56002000E-09  0.12547790E-01  0.00000000E+00  0.92031688E-01  0.00000000E+00  0.00000000E+00  0.18596080E+09  0.00000000E+00  0.00000000E+00  0.00000000E+00  0.00000000E+00  0.00000000E+00  0.10000000E-01  0.10000000E+01
 0.57002000E-09  0.12547790E-01  0.00000000E+00  0.93891296E-01  0.00000000E+00  0.00000000E+00  0.18596080E+09  0.00000000E+00  0.00000000E+00  0.00000000E+00  0.00000000E+00  0.00000000E+00  0.10000000E-01  0.10000000E+01
 0.58002000E-09  0.12547790E-01  0.00000000E+00  0.95750904E-01  0.00000000E+00  0.00000000E+00  0.18596080E+09  0.00000000E+00  0.00000000E+00  0.00000000E+00  0.00000000E+00  0.00000000E+00  0.10000000E-01  0.10000000E+01
 0.59002000E-09  0.12547790E-01  0.00000000E+00  0.97610512E-01  0.00000000E+00  0.00000000E+00  0.18596080E+09  0.00000000E+00  0.00000000E+00  0.00000000E+00  0.00000000E+00  0.00000000E+00  0.10000000E-01  0.10000000E+01
 0.60002000E-09  0.12547790E-01  0.00000000E+00  0.99470121E-01  0.00000000E+00  0.00000000E+00  0.18596080E+09  0.00000000E+00  0.00000000E+00  0.00000000E+00  0.00000000E+00  0.00000000E+00  0.10000000E-01  0.10000000E+01
 0.61002000E-09  0.12547790E-01  0.00000000E+00  0.10132973E+00  0.00000000E+00  0.00000000E+00  0.18596080E+09  0.00000000E+00  0.00000000E+00  0.00000000E+00  0.00000000E+00  0.00000000E+00  0.10000000E-01  0.10000000E+01
 0.62002000E-09  0.12547790E-01  0.00000000E+00  0.10318934E+00  0.00000000E+00  0.00000000E+00  0.18596080E+09  0.00000000E+00  0.00000000E+00  0.00000000E+00  0.00000000E+00  0.00000000E+00  0.10000000E-01  0.10000000E+01
 0.63002000E-09  0.12547790E-01  0.00000000E+00  0.10504894E+00  0.00000000E+00  0.00000000E+00  0.18596080E+09  0.00000000E+00  0.00000000E+00  0.00000000E+00  0.00000000E+00  0.00000000E+00  0.10000000E-01  0.10000000E+01
 0.64002000E-09  0.12547790E-01  0.00000000E+00  0.10690855E+00  0.00000000E+00  0.00000000E+00  0.18596080E+09  0.00000000E+00  0.00000000E+00  0.00000000E+00  0.00000000E+00  0.00000000E+00  0.10000000E-01  0.10000000E+01
 0.65002000E-09  0.12547790E-01  0.00000000E+00  0.10876816E+00  0.00000000E+00  0.00000000E+00  0.18596080E+09  0.00000000E+00  0.00000000E+00  0.00000000E+00  0.00000000E+00  0.00000000E+00  0.10000000E-01  0.10000000E+01
 0.66002000E-09  0.12547790E-01  0.00000000E+00  0.11062777E+00  0.00000000E+00  0.00000000E+00  0.18596080E+09  0.00000000E+00  0.00000000E+00  0.00000000E+00  0.00000000E+00  0.00000000E+00  0.10000000E-01  0.10000000E+01
 0.67002000E-09  0.12547790E-01  0.00000000E+00  0.11248738E+00  0.00000000E+00  0.00000000E+00  0.18596080E+09  0.00000000E+00  0.00000000E+00  0.00000000E+00  0.00000000E+00  0.00000000E+00  0.10000000E-01  0.10000000E+01
 0.68002000E-09  0.12547790E-01  0.00000000E+00  0.11434698E+00  0.00000000E+00  0.00000000E+00  0.18596080E+09  0.00000000E+00  0.00000000E+00  0.00000000E+00  0.00000000E+00  0.00000000E+00  0.10000000E-01  0.10000000E+01
 0.69002000E-09  0.12547790E-01  0.00000000E+00  0.11620659E+00  0.00000000E+00  0.00000000E+00  0.18596080E+09  0.00000000E+00  0.00000000E+00  0.00000000E+00  0.00000000E+00  0.00000000E+00  0.10000000E-01  0.10000000E+01
 0.70002000E-09  0.12547790E-01  0.00000000E+00  0.11806620E+00  0.00000000E+00  0.00000000E+00  0.18596080E+09  0.00000000E+00  0.00000000E+00  0.00000000E+00  0.00000000E+00  0.00000000E+00  0.10000000E-01  0.10000000E+01
 0.71002000E-09  0.12547790E-01  0.00000000E+00  0.11992581E+00  0.00000000E+00  0.00000000E+00  0.18596080E+09  0.00000000E+00  0.00000000E+00  0.00000000E+00  0.00000000E+00  0.00000000E+00  0.10000000E-01  0.10000000E+01
 0.72002000E-09  0.12547790E-01  0.00000000E+00  0.12178542E+00  0.00000000E+00  0.00000000E+00  0.18596080E+09  0.00000000E+00  0.00000000E+00  0.00000000E+00  0.00000000E+00  0.00000000E+00  0.10000000E-01  0.10000000E+01
 0.73002000E-09  0.12547790E-01  0.00000000E+00  0.12364502E+00  0.00000000E+00  0.00000000E+00  0.18596080E+09  0.00000000E+00  0.00000000E+00  0.00000000E+00  0.00000000E+00  0.00000000E+00  0.10000000E-01  0.10000000E+01
 0.74002000E-09  0.12547790E-01  0.00000000E+00  0.12550463E+00  0.00000000E+00  0.00000000E+00  0.18596080E+09  0.00000000E+00  0.00000000E+00  0.00000000E+00  0.00000000E+00  0.00000000E+00  0.10000000E-01  0.10000000E+01
 0.75002000E-09  0.12547790E-01  0.00000000E+00  0.12736424E+00  0.00000000E+00  0.00000000E+00  0.18596080E+09  0.00000000E+00  0.00000000E+00  0.00000000E+00  0.00000000E+00  0.00000000E+00  0.10000000E-01  0.10000000E+01
 0.76002000E-09  0.12547790E-01  0.00000000E+00  0.12922385E+00  0.00000000E+00  0.00000000E+00  0.18596080E+09  0.00000000E+00  0.00000000E+00  0.00000000E+00  0.00000000E+00  0.00000000E+00  0.10000000E-01  0.10000000E+01
 0.77002000E-09  0.12547790E-01  0.00000000E+00  0.13108346E+00  0.00000000E+00  0.00000000E+00  0.18596080E+09  0.00000000E+00  0.00000000E+00  0.00000000E+00  0.00000000E+00  0.00000000E+00  0.10000000E-01  0.10000000E+01
 0.78002000E-09  0.12547790E-01  0.00000000E+00  0.13294307E+00  0.00000000E+00  0.00000000E+00  0.18596080E+09  0.00000000E+00  0.00000000E+00  0.00000000E+00  0.00000000E+00  0.00000000E+00  0.10000000E-01  0.10000000E+01
 0.79002000E-09  0.12547790E-01  0.00000000E+00  0.13480267E+00  0.00000000E+00  0.00000000E+00  0.18596080E+09  0.00000000E+00  0.00000000E+00  0.00000000E+00  0.00000000E+00  0.00000000E+00  0.10000000E-01  0.10000000E+01
 0.80002000E-09  0.12547790E-01  0.00000000E+00  0.13666228E+00  0.00000000E+00  0.00000000E+00  0.18596080E+09  0.00000000E+00  0.00000000E+00  0.00000000E+00  0.00000000E+00  0.00000000E+00  0.10000000E-01  0.10000000E+01
 0.81002000E-09  0.12547790E-01  0.00000000E+00  0.13852189E+00  0.00000000E+00  0.00000000E+00  0.18596080E+09  0.00000000E+00  0.00000000E+00  0.00000000E+00  0.00000000E+00  0.00000000E+00  0.10000000E-01  0.10000000E+01
 0.82002000E-09  0.12547790E-01  0.00000000E+00  0.14038150E+00  0.00000000E+00  0.00000000E+00  0.18596080E+09  0.00000000E+00  0.00000000E+00  0.00000000E+00  0.00000000E+00  0.00000000E+00  0.10000000E-01  0.10000000E+01
 0.83002000E-09  0.12547790E-01  0.00000000E+00  0.14224111E+00  0.00000000E+00  0.00000000E+00  0.18596080E+09  0.00000000E+00  0.00000000E+00  0.00000000E+00  0.00000000E+00  0.00000000E+00  0.10000000E-01  0.10000000E+01
 0.84002000E-09  0.12547790E-01  0.00000000E+00  0.14410071E+00  0.00000000E+00  0.00000000E+00  0.18596080E+09  0.00000000E+00  0.00000000E+00  0.00000000E+00  0.00000000E+00  0.00000000E+00  0.10000000E-01  0.10000000E+01
 0.85002000E-09  0.12547790E-01  0.00000000E+00  0.14596032E+00  0.00000000E+00  0.00000000E+00  0.18596080E+09  0.00000000E+00  0.00000000E+00  0.00000000E+00  0.00000000E+00  0.00000000E+00  0.10000000E-01  0.10000000E+01
 0.86002000E-09  0.12547790E-01  0.00000000E+00  0.14781993E+00  0.00000000E+00  0.00000000E+00  0.18596080E+09  0.00000000E+00  0.00000000E+00  0.00000000E+00  0.00000000E+00  0.00000000E+00  0.10000000E-01  0.10000000E+01
 0.87002000E-09  0.12547790E-01  0.00000000E+00  0.14967954E+00  0.00000000E+00  0.00000000E+00  0.18596080E+09  0.00000000E+00  0.00000000E+00  0.00000000E+00  0.00000000E+00  0.00000000E+00  0.10000000E-01  0.10000000E+01
 0.88002000E-09  0.12547790E-01  0.00000000E+00  0.15153915E+00  0.00000000E+00  0.00000000E+00  0.18596080E+09  0.00000000E+00  0.00000000E+00  0.00000000E+00  0.00000000E+00  0.00000000E+00  0.10000000E-01  0.10000000E+01
 0.89002000E-09  0.12547790E-01  0.00000000E+00  0.15339875E+00  0.00000000E+00  0.00000000E+00  0.18596080E+09  0.00000000E+00  0.00000000E+00  0.00000000E+00  0.00000000E+00  0.00000000E+00  0.10000000E-01  0.10000000E+01
 0.90002000E-09  0.12547790E-01  0.00000000E+00  0.15525836E+00  0.00000000E+00  0.00000000E+00  0.18596080E+09  0.00000000E+00  0.00000000E+00  0.00000000E+00  0.00000000E+00  0.00000000E+00  0.10000000E-01  0.10000000E+01
 0.91002000E-09  0.12547790E-01  0.00000000E+00  0.15711797E+00  0.00000000E+00  0.00000000E+00  0.18596080E+09  0.00000000E+00  0.00000000E+00  0.00000000E+00  0.00000000E+00  0.00000000E+00  0.10000000E-01  0.10000000E+01
 0.92002000E-09  0.12547790E-01  0.00000000E+00  0.15897758E+00  0.00000000E+00  0.00000000E+00  0.18596080E+09  0.00000000E+00  0.00000000E+00  0.00000000E+00  0.00000000E+00  0.00000000E+00  0.10000000E-01  0.10000000E+01
 0.93002000E-09  0.12547790E-01  0.00000000E+00  0.16083719E+00  0.00000000E+00  0.00000000E+00  0.18596080E+09  0.00000000E+00  0.00000000E+00  0.00000000E+00  0.00000000E+00  0.00000000E+00  0.10000000E-01  0.10000000E+01
 0.94002000E-09  0.12547790E-01  0.00000000E+00  0.16269679E+00  0.00000000E+00  0.00000000E+00  0.18596080E+09  0.00000000E+00  0.00000000E+00  0.00000000E+00  0.00000000E+00  0.00000000E+00  0.10000000E-01  0.10000000E+01
 0.95002000E-09  0.12547790E-01  0.00000000E+00  0.16455640E+00  0.00000000E+00  0.00000000E+00  0.18596080E+09  0.00000000E+00  0.00000000E+00  0.00000000E+00  0.00000000E+00  0.00000000E+00  0.10000000E-01  0.10000000E+01
 0.96002000E-09  0.12547790E-01  0.00000000E+00  0.16641601E+00  0.00000000E+00  0.00000000E+00  0.18596080E+09  0.00000000E+00  0.00000000E+00  0.00000000E+00  0.00000000E+00  0.00000000E+00  0.10000000E-01  0.10000000E+01
 0.97002000E-09  0.12547790E-01  0.00000000E+00  0.16827562E+00  0.00000000E+00  0.00000000E+00  0.18596080E+09  0.00000000E+00  0.00000000E+00  0.00000000E+00  0.00000000E+00  0.00000000E+00  0.10000000E-01  0.10000000E+01
 0.98002000E-09  0.12547790E-01  0.00000000E+00  0.17013523E+00  0.00000000E+00  0.00000000E+00  0.18596080E+09  0.00000000E+00  0.00000000E+00  0.00000000E+00  0.00000000E+00  0.00000000E+00  0.10000000E-01  0.10000000E+01
 0.99002000E-09  0.12547790E-01  0.00000000E+00  0.17199483E+00  0.00000000E+00  0.00000000E+00  0.18596080E+09  0.00000000E+00  0.00000000E+00  0.00000000E+00  0.00000000E+00  0.00000000E+00  0.10000000E-01  0.10000000E+01
 0.10000200E-08  0.12547790E-01  0.00000000E+00  0.17385444E+00  0.00000000E+00  0.00000000E+00  0.18596080E+09  0.00000000E+00  0.00000000E+00  0.00000000E+00  0.00000000E+00  0.00000000E+00  0.10000000E-01  0.10000000E+01
 0.10100200E-08  0.12547790E-01  0.00000000E+00  0.17571405E+00  0.00000000E+00  0.00000000E+00  0.18596080E+09  0.00000000E+00  0.00000000E+00  0.00000000E+00  0.00000000E+00  0.00000000E+00  0.10000000E-01  0.10000000E+01
 0.10200200E-08  0.12547790E-01  0.00000000E+00  0.17757366E+00  0.00000000E+00  0.00000000E+00  0.18596080E+09  0.00000000E+00  0.00000000E+00  0.00000000E+00  0.00000000E+00  0.00000000E+00  0.10000000E-01  0.10000000E+01
 0.10300200E-08  0.12547790E-01  0.00000000E+00  0.17943327E+00  0.00000000E+00  0.00000000E+00  0.18596080E+09  0.00000000E+00  0.00000000E+00  0.00000000E+00  0.00000000E+00  0.00000000E+00  0.10000000E-01  0.10000000E+01
 0.10400200E-08  0.12547790E-01  0.00000000E+00  0.18129287E+00  0.00000000E+00  0.00000000E+00  0.18596080E+09  0.00000000E+00  0.00000000E+00  0.00000000E+00  0.00000000E+00  0.00000000E+00  0.10000000E-01  0.10000000E+01
 0.10500200E-08  0.12547790E-01  0.00000000E+00  0.18315248E+00  0.00000000E+00  0.00000000E+00  0.18596080E+09  0.00000000E+00  0.00000000E+00  0.00000000E+00  0.00000000E+00  0.00000000E+00  0.10000000E-01  0.10000000E+01
 0.10600200E-08  0.12547790E-01  0.00000000E+00  0.18501209E+00  0.00000000E+00  0.00000000E+00  0.18596080E+09  0.00000000E+00  0.00000000E+00  0.00000000E+00  0.00000000E+00  0.00000000E+00  0.10000000E-01  0.10000000E+01
 0.10700200E-08  0.12547790E-01  0.00000000E+00  0.18687170E+00  0.00000000E+00  0.00000000E+00  0.18596080E+09  0.00000000E+00  0.00000000E+00  0.00000000E+00  0.00000000E+00  0.00000000E+00  0.10000000E-01  0.10000000E+01
 0.10800200E-08  0.12547790E-01  0.00000000E+00  0.18873131E+00  0.00000000E+00  0.00000000E+00  0.18596080E+09  0.00000000E+00  0.00000000E+00  0.00000000E+00  0.00000000E+00  0.00000000E+00  0.10000000E-01  0.10000000E+01
 0.10900200E-08  0.12547790E-01  0.00000000E+00  0.19059091E+00  0.00000000E+00  0.00000000E+00  0.18596080E+09  0.00000000E+00  0.00000000E+00  0.00000000E+00  0.00000000E+00  0.00000000E+00  0.10000000E-01  0.10000000E+01
 0.11000200E-08  0.12547790E-01  0.00000000E+00  0.19245052E+00  0.00000000E+00  0.00000000E+00  0.18596080E+09  0.00000000E+00  0.00000000E+00  0.00000000E+00  0.00000000E+00  0.00000000E+00  0.10000000E-01  0.10000000E+01
 0.11100200E-08  0.12547790E-01  0.00000000E+00  0.19431013E+00  0.00000000E+00  0.00000000E+00  0.18596080E+09  0.00000000E+00  0.00000000E+00  0.00000000E+00  0.00000000E+00  0.00000000E+00  0.10000000E-01  0.10000000E+01
 0.11200200E-08  0.12547790E-01  0.00000000E+00  0.19616974E+00  0.00000000E+00  0.00000000E+00  0.18596080E+09  0.00000000E+00  0.00000000E+00  0.00000000E+00  0.00000000E+00  0.00000000E+00  0.10000000E-01  0.10000000E+01
 0.11300200E-08  0.12547790E-01  0.00000000E+00  0.19802935E+00  0.00000000E+00  0.00000000E+00  0.18596080E+09  0.00000000E+00  0.00000000E+00  0.00000000E+00  0.00000000E+00  0.00000000E+00  0.10000000E-01  0.10000000E+01
 0.11400200E-08  0.12547790E-01  0.00000000E+00  0.19988895E+00  0.00000000E+00  0.00000000E+00  0.18596080E+09  0.00000000E+00  0.00000000E+00  0.00000000E+00  0.00000000E+00  0.00000000E+00  0.10000000E-01  0.10000000E+01
 0.11500200E-08  0.12547790E-01  0.00000000E+00  0.20174856E+00  0.00000000E+00  0.00000000E+00  0.18596080E+09  0.00000000E+00  0.00000000E+00  0.00000000E+00  0.00000000E+00  0.00000000E+00  0.10000000E-01  0.10000000E+01
 0.11600200E-08  0.12547790E-01  0.00000000E+00  0.20360817E+00  0.00000000E+00  0.00000000E+00  0.18596080E+09  0.00000000E+00  0.00000000E+00  0.00000000E+00  0.00000000E+00  0.00000000E+00  0.10000000E-01  0.10000000E+01
 0.11700200E-08  0.12547790E-01  0.00000000E+00  0.20546778E+00  0.00000000E+00  0.00000000E+00  0.18596080E+09  0.00000000E+00  0.00000000E+00  0.00000000E+00  0.00000000E+00  0.00000000E+00  0.10000000E-01  0.10000000E+01
 0.11800200E-08  0.12547790E-01  0.00000000E+00  0.20732739E+00  0.00000000E+00  0.00000000E+00  0.18596080E+09  0.00000000E+00  0.00000000E+00  0.00000000E+00  0.00000000E+00  0.00000000E+00  0.10000000E-01  0.10000000E+01
 0.11900200E-08  0.12547790E-01  0.00000000E+00  0.20918699E+00  0.00000000E+00  0.00000000E+00  0.18596080E+09  0.00000000E+00  0.00000000E+00  0.00000000E+00  0.00000000E+00  0.00000000E+00  0.10000000E-01  0.10000000E+01
 0.12000200E-08  0.12547790E-01  0.00000000E+00  0.21104660E+00  0.00000000E+00  0.00000000E+00  0.18596080E+09  0.00000000E+00  0.00000000E+00  0.00000000E+00  0.00000000E+00  0.00000000E+00  0.10000000E-01  0.10000000E+01
 0.12100200E-08  0.12547790E-01  0.00000000E+00  0.21290621E+00  0.00000000E+00  0.00000000E+00  0.18596080E+09  0.00000000E+00  0.00000000E+00  0.00000000E+00  0.00000000E+00  0.00000000E+00  0.10000000E-01  0.10000000E+01
 0.12200200E-08  0.12547790E-01  0.00000000E+00  0.21476582E+00  0.00000000E+00  0.00000000E+00  0.18596080E+09  0.00000000E+00  0.00000000E+00  0.00000000E+00  0.00000000E+00  0.00000000E+00  0.10000000E-01  0.10000000E+01
 0.12300200E-08  0.12547790E-01  0.00000000E+00  0.21662543E+00  0.00000000E+00  0.00000000E+00  0.18596080E+09  0.00000000E+00  0.00000000E+00  0.00000000E+00  0.00000000E+00  0.00000000E+00  0.10000000E-01  0.10000000E+01
 0.12400200E-08  0.12547790E-01  0.00000000E+00  0.21848503E+00  0.00000000E+00  0.00000000E+00  0.18596080E+09  0.00000000E+00  0.00000000E+00  0.00000000E+00  0.00000000E+00  0.00000000E+00  0.10000000E-01  0.10000000E+01
 0.12500200E-08  0.12547790E-01  0.00000000E+00  0.22034464E+00  0.00000000E+00  0.00000000E+00  0.18596080E+09  0.00000000E+00  0.00000000E+00  0.00000000E+00  0.00000000E+00  0.00000000E+00  0.10000000E-01  0.10000000E+01
 0.12600200E-08  0.12547790E-01  0.00000000E+00  0.22220425E+00  0.00000000E+00  0.00000000E+00  0.18596080E+09  0.00000000E+00  0.00000000E+00  0.00000000E+00  0.00000000E+00  0.00000000E+00  0.10000000E-01  0.10000000E+01
 0.12700200E-08  0.12547790E-01  0.00000000E+00  0.22406386E+00  0.00000000E+00  0.00000000E+00  0.18596080E+09  0.00000000E+00  0.00000000E+00  0.00000000E+00  0.00000000E+00  0.00000000E+00  0.10000000E-01  0.10000000E+01
 0.12800200E-08  0.12547790E-01  0.00000000E+00  0.22592347E+00  0.00000000E+00  0.00000000E+00  0.18596080E+09  0.00000000E+00  0.00000000E+00  0.00000000E+00  0.00000000E+00  0.00000000E+00  0.10000000E-01  0.10000000E+01
 0.12900200E-08  0.12547790E-01  0.00000000E+00  0.22778307E+00  0.00000000E+00  0.00000000E+00  0.18596080E+09  0.00000000E+00  0.00000000E+00  0.00000000E+00  0.00000000E+00  0.00000000E+00  0.10000000E-01  0.10000000E+01
 0.13000200E-08  0.12547790E-01  0.00000000E+00  0.22964268E+00  0.00000000E+00  0.00000000E+00  0.18596080E+09  0.00000000E+00  0.00000000E+00  0.00000000E+00  0.00000000E+00  0.00000000E+00  0.10000000E-01  0.10000000E+01
 0.13100200E-08  0.12547790E-01  0.00000000E+00  0.23150229E+00  0.00000000E+00  0.00000000E+00  0.18596080E+09  0.00000000E+00  0.00000000E+00  0.00000000E+00  0.00000000E+00  0.00000000E+00  0.10000000E-01  0.10000000E+01
 0.13200200E-08  0.12547790E-01  0.00000000E+00  0.23336190E+00  0.00000000E+00  0.00000000E+00  0.18596080E+09  0.00000000E+00  0.00000000E+00  0.00000000E+00  0.00000000E+00  0.00000000E+00  0.10000000E-01  0.10000000E+01
 0.13300200E-08  0.12547790E-01  0.00000000E+00  0.23522151E+00  0.00000000E+00  0.00000000E+00  0.18596080E+09  0.00000000E+00  0.00000000E+00  0.00000000E+00  0.00000000E+00  0.00000000E+00  0.10000000E-01  0.10000000E+01
 0.13400200E-08  0.12547790E-01  0.00000000E+00  0.23708111E+00  0.00000000E+00  0.00000000E+00  0.18596080E+09  0.00000000E+00  0.00000000E+00  0.00000000E+00  0.00000000E+00  0.00000000E+00  0.10000000E-01  0.10000000E+01
 0.13500200E-08  0.12547790E-01  0.00000000E+00  0.23894072E+00  0.00000000E+00  0.00000000E+00  0.18596080E+09  0.00000000E+00  0.00000000E+00  0.00000000E+00  0.00000000E+00  0.00000000E+00  0.10000000E-01  0.10000000E+01
 0.13600200E-08  0.12547790E-01  0.00000000E+00  0.24080033E+00  0.00000000E+00  0.00000000E+00  0.18596080E+09  0.00000000E+00  0.00000000E+00  0.00000000E+00  0.00000000E+00  0.00000000E+00  0.10000000E-01  0.10000000E+01
 0.13700200E-08  0.12547790E-01  0.00000000E+00  0.24265994E+00  0.00000000E+00  0.00000000E+00  0.18596080E+09  0.00000000E+00  0.00000000E+00  0.00000000E+00  0.00000000E+00  0.00000000E+00  0.10000000E-01  0.10000000E+01
 0.13800200E-08  0.12547790E-01  0.00000000E+00  0.24451955E+00  0.00000000E+00  0.00000000E+00  0.18596080E+09  0.00000000E+00  0.00000000E+00  0.00000000E+00  0.00000000E+00  0.00000000E+00  0.10000000E-01  0.10000000E+01
 0.13900200E-08  0.12547790E-01  0.00000000E+00  0.24637915E+00  0.00000000E+00  0.00000000E+00  0.18596080E+09  0.00000000E+00  0.00000000E+00  0.00000000E+00  0.00000000E+00  0.00000000E+00  0.10000000E-01  0.10000000E+01
 0.14000200E-08  0.12547790E-01  0.00000000E+00  0.24823876E+00  0.00000000E+00  0.00000000E+00  0.18596080E+09  0.00000000E+00  0.00000000E+00  0.00000000E+00  0.00000000E+00  0.00000000E+00  0.10000000E-01  0.10000000E+01
 0.14100200E-08  0.12547790E-01  0.00000000E+00  0.25009837E+00  0.00000000E+00  0.00000000E+00  0.18596080E+09  0.00000000E+00  0.00000000E+00  0.00000000E+00  0.00000000E+00  0.00000000E+00  0.10000000E-01  0.10000000E+01
 0.14200200E-08  0.12547790E-01  0.00000000E+00  0.25195798E+00  0.00000000E+00  0.00000000E+00  0.18596080E+09  0.00000000E+00  0.00000000E+00  0.00000000E+00  0.00000000E+00  0.00000000E+00  0.10000000E-01  0.10000000E+01
 0.14300200E-08  0.12547790E-01  0.00000000E+00  0.25381759E+00  0.00000000E+00  0.00000000E+00  0.18596080E+09  0.00000000E+00  0.00000000E+00  0.00000000E+00  0.00000000E+00  0.00000000E+00  0.10000000E-01  0.10000000E+01
 0.14400200E-08  0.12547790E-01  0.00000000E+00  0.25567720E+00  0.00000000E+00  0.00000000E+00  0.18596080E+09  0.00000000E+00  0.00000000E+00  0.00000000E+00  0.00000000E+00  0.00000000E+00  0.10000000E-01  0.10000000E+01
 0.14500200E-08  0.12547790E-01  0.00000000E+00  0.25753680E+00  0.00000000E+00  0.00000000E+00  0.18596080E+09  0.00000000E+00  0.00000000E+00  0.00000000E+00  0.00000000E+00  0.00000000E+00  0.10000000E-01  0.10000000E+01
 0.14600200E-08  0.12547790E-01  0.00000000E+00  0.25939641E+00  0.00000000E+00  0.00000000E+00  0.18596080E+09  0.00000000E+00  0.00000000E+00  0.00000000E+00  0.00000000E+00  0.00000000E+00  0.10000000E-01  0.10000000E+01
 0.14700200E-08  0.12547790E-01  0.00000000E+00  0.26125602E+00  0.00000000E+00  0.00000000E+00  0.18596080E+09  0.00000000E+00  0.00000000E+00  0.00000000E+00  0.00000000E+00  0.00000000E+00  0.10000000E-01  0.10000000E+01
 0.14800200E-08  0.12547790E-01  0.00000000E+00  0.26311563E+00  0.00000000E+00  0.00000000E+00  0.18596080E+09  0.00000000E+00  0.00000000E+00  0.00000000E+00  0.00000000E+00  0.00000000E+00  0.10000000E-01  0.10000000E+01
 0.14900200E-08  0.12547790E-01  0.00000000E+00  0.26497524E+00  0.00000000E+00  0.00000000E+00  0.18596080E+09  0.00000000E+00  0.00000000E+00  0.00000000E+00  0.00000000E+00  0.00000000E+00  0.10000000E-01  0.10000000E+01
 0.15000200E-08  0.12547790E-01  0.00000000E+00  0.26683484E+00  0.00000000E+00  0.00000000E+00  0.18596080E+09  0.00000000E+00  0.00000000E+00  0.00000000E+00  0.00000000E+00  0.00000000E+00  0.10000000E-01  0.10000000E+01
 0.15100200E-08  0.12547790E-01  0.00000000E+00  0.26869445E+00  0.00000000E+00  0.00000000E+00  0.18596080E+09  0.00000000E+00  0.00000000E+00  0.00000000E+00  0.00000000E+00  0.00000000E+00  0.10000000E-01  0.10000000E+01
 0.15200200E-08  0.12547790E-01  0.00000000E+00  0.27055406E+00  0.00000000E+00  0.00000000E+00  0.18596080E+09  0.00000000E+00  0.00000000E+00  0.00000000E+00  0.00000000E+00  0.00000000E+00  0.10000000E-01  0.10000000E+01
 0.15300200E-08  0.12547790E-01  0.00000000E+00  0.27241367E+00  0.00000000E+00  0.00000000E+00  0.18596080E+09  0.00000000E+00  0.00000000E+00  0.00000000E+00  0.00000000E+00  0.00000000E+00  0.10000000E-01  0.10000000E+01
 0.15400200E-08  0.12547790E-01  0.00000000E+00  0.27427328E+00  0.00000000E+00  0.00000000E+00  0.18596080E+09  0.00000000E+00  0.00000000E+00  0.00000000E+00  0.00000000E+00  0.00000000E+00  0.10000000E-01  0.10000000E+01
 0.15500200E-08  0.12547790E-01  0.00000000E+00  0.27613288E+00  0.00000000E+00  0.00000000E+00  0.18596080E+09  0.00000000E+00  0.00000000E+00  0.00000000E+00  0.00000000E+00  0.00000000E+00  0.10000000E-01  0.10000000E+01
 0.15600200E-08  0.12547790E-01  0.00000000E+00  0.27799249E+00  0.00000000E+00  0.00000000E+00  0.18596080E+09  0.00000000E+00  0.00000000E+00  0.00000000E+00  0.00000000E+00  0.00000000E+00  0.10000000E-01  0.10000000E+01
 0.15700200E-08  0.12547790E-01  0.00000000E+00  0.27985210E+00  0.00000000E+00  0.00000000E+00  0.18596080E+09  0.00000000E+00  0.00000000E+00  0.00000000E+00  0.00000000E+00  0.00000000E+00  0.10000000E-01  0.10000000E+01
 0.15800200E-08  0.12547790E-01  0.00000000E+00  0.28171171E+00  0.00000000E+00  0.00000000E+00  0.18596080E+09  0.00000000E+00  0.00000000E+00  0.00000000E+00  0.00000000E+00  0.00000000E+00  0.10000000E-01  0.10000000E+01
 0.15900200E-08  0.12547790E-01  0.00000000E+00  0.28357132E+00  0.00000000E+00  0.00000000E+00  0.18596080E+09  0.00000000E+00  0.00000000E+00  0.00000000E+00  0.00000000E+00  0.00000000E+00  0.10000000E-01  0.10000000E+01
 0.16000200E-08  0.12547790E-01  0.00000000E+00  0.28543092E+00  0.00000000E+00  0.00000000E+00  0.18596080E+09  0.00000000E+00  0.00000000E+00  0.00000000E+00  0.00000000E+00  0.00000000E+00  0.10000000E-01  0.10000000E+01
 0.16100200E-08  0.12547790E-01  0.00000000E+00  0.28729053E+00  0.00000000E+00  0.00000000E+00  0.18596080E+09  0.00000000E+00  0.00000000E+00  0.00000000E+00  0.00000000E+00  0.00000000E+00  0.10000000E-01  0.10000000E+01
 0.16200200E-08  0.12547790E-01  0.00000000E+00  0.28915014E+00  0.00000000E+00  0.00000000E+00  0.18596080E+09  0.00000000E+00  0.00000000E+00  0.00000000E+00  0.00000000E+00  0.00000000E+00  0.10000000E-01  0.10000000E+01
 0.16300200E-08  0.12547790E-01  0.00000000E+00  0.29100975E+00  0.00000000E+00  0.00000000E+00  0.18596080E+09  0.00000000E+00  0.00000000E+00  0.00000000E+00  0.00000000E+00  0.00000000E+00  0.10000000E-01  0.10000000E+01
 0.16400200E-08  0.12547790E-01  0.00000000E+00  0.29286936E+00  0.00000000E+00  0.00000000E+00  0.18596080E+09  0.00000000E+00  0.00000000E+00  0.00000000E+00  0.00000000E+00  0.00000000E+00  0.10000000E-01  0.10000000E+01
 0.16500200E-08  0.12547790E-01  0.00000000E+00  0.29472896E+00  0.00000000E+00  0.00000000E+00  0.18596080E+09  0.00000000E+00  0.00000000E+00  0.00000000E+00  0.00000000E+00  0.00000000E+00  0.10000000E-01  0.10000000E+01
 0.16600200E-08  0.12547790E-01  0.00000000E+00  0.29658857E+00  0.00000000E+00  0.00000000E+00  0.18596080E+09  0.00000000E+00  0.00000000E+00  0.00000000E+00  0.00000000E+00  0.00000000E+00  0.10000000E-01  0.10000000E+01
 0.16700200E-08  0.12547790E-01  0.00000000E+00  0.29844818E+00  0.00000000E+00  0.00000000E+00  0.18596080E+09  0.00000000E+00  0.00000000E+00  0.00000000E+00  0.00000000E+00  0.00000000E+00  0.10000000E-01  0.10000000E+01
 0.16800200E-08  0.12547790E-01  0.00000000E+00  0.30030779E+00  0.00000000E+00  0.00000000E+00  0.18596080E+09  0.00000000E+00  0.00000000E+00  0.00000000E+00  0.00000000E+00  0.00000000E+00  0.10000000E-01  0.10000000E+01
 0.16900200E-08  0.12547790E-01  0.00000000E+00  0.30216740E+00  0.00000000E+00  0.00000000E+00  0.18596080E+09  0.00000000E+00  0.00000000E+00  0.00000000E+00  0.00000000E+00  0.00000000E+00  0.10000000E-01  0.10000000E+01
 0.17000200E-08  0.12547790E-01  0.00000000E+00  0.30402700E+00  0.00000000E+00  0.00000000E+00  0.18596080E+09  0.00000000E+00  0.00000000E+00  0.00000000E+00  0.00000000E+00  0.00000000E+00  0.10000000E-01  0.10000000E+01
 0.17100200E-08  0.12547790E-01  0.00000000E+00  0.30588661E+00  0.00000000E+00  0.00000000E+00  0.18596080E+09  0.00000000E+00  0.00000000E+00  0.00000000E+00  0.00000000E+00  0.00000000E+00  0.10000000E-01  0.10000000E+01
 0.17200200E-08  0.12547790E-01  0.00000000E+00  0.30774622E+00  0.00000000E+00  0.00000000E+00  0.18596080E+09  0.00000000E+00  0.00000000E+00  0.00000000E+00  0.00000000E+00  0.00000000E+00  0.10000000E-01  0.10000000E+01
 0.17300200E-08  0.12547790E-01  0.00000000E+00  0.30960583E+00  0.00000000E+00  0.00000000E+00  0.18596080E+09  0.00000000E+00  0.00000000E+00  0.00000000E+00  0.00000000E+00  0.00000000E+00  0.10000000E-01  0.10000000E+01
 0.17400200E-08  0.12547790E-01  0.00000000E+00  0.31146544E+00  0.00000000E+00  0.00000000E+00  0.18596080E+09  0.00000000E+00  0.00000000E+00  0.00000000E+00  0.00000000E+00  0.00000000E+00  0.10000000E-01  0.10000000E+01
 0.17500200E-08  0.12547790E-01  0.00000000E+00  0.31332504E+00  0.00000000E+00  0.00000000E+00  0.18596080E+09  0.00000000E+00  0.00000000E+00  0.00000000E+00  0.00000000E+00  0.00000000E+00  0.10000000E-01  0.10000000E+01
 0.17600200E-08  0.12547790E-01  0.00000000E+00  0.31518465E+00  0.00000000E+00  0.00000000E+00  0.18596080E+09  0.00000000E+00  0.00000000E+00  0.00000000E+00  0.00000000E+00  0.00000000E+00  0.10000000E-01  0.10000000E+01
 0.17700200E-08  0.12547790E-01  0.00000000E+00  0.31704426E+00  0.00000000E+00  0.00000000E+00  0.18596080E+09  0.00000000E+00  0.00000000E+00  0.00000000E+00  0.00000000E+00  0.00000000E+00  0.10000000E-01  0.10000000E+01
 0.17800200E-08  0.12547790E-01  0.00000000E+00  0.31890387E+00  0.00000000E+00  0.00000000E+00  0.18596080E+09  0.00000000E+00  0.00000000E+00  0.00000000E+00  0.00000000E+00  0.00000000E+00  0.10000000E-01  0.10000000E+01
 0.17900200E-08  0.12547790E-01  0.00000000E+00  0.32076348E+00  0.00000000E+00  0.00000000E+00  0.18596080E+09  0.00000000E+00  0.00000000E+00  0.00000000E+00  0.00000000E+00  0.00000000E+00  0.10000000E-01  0.10000000E+01
 0.18000200E-08  0.12547790E-01  0.00000000E+00  0.32262308E+00  0.00000000E+00  0.00000000E+00  0.18596080E+09  0.00000000E+00  0.00000000E+00  0.00000000E+00  0.00000000E+00  0.00000000E+00  0.10000000E-01  0.10000000E+01
 0.18100200E-08  0.12547790E-01  0.00000000E+00  0.32448269E+00  0.00000000E+00  0.00000000E+00  0.18596080E+09  0.00000000E+00  0.00000000E+00  0.00000000E+00  0.00000000E+00  0.00000000E+00  0.10000000E-01  0.10000000E+01
 0.18200200E-08  0.12547790E-01  0.00000000E+00  0.32634230E+00  0.00000000E+00  0.00000000E+00  0.18596080E+09  0.00000000E+00  0.00000000E+00  0.00000000E+00  0.00000000E+00  0.00000000E+00  0.10000000E-01  0.10000000E+01
 0.18300200E-08  0.12547790E-01  0.00000000E+00  0.32820191E+00  0.00000000E+00  0.00000000E+00  0.18596080E+09  0.00000000E+00  0.00000000E+00  0.00000000E+00  0.00000000E+00  0.00000000E+00  0.10000000E-01  0.10000000E+01
 0.18400200E-08  0.12547790E-01  0.00000000E+00  0.33006152E+00  0.00000000E+00  0.00000000E+00  0.18596080E+09  0.00000000E+00  0.00000000E+00  0.00000000E+00  0.00000000E+00  0.00000000E+00  0.10000000E-01  0.10000000E+01
 0.18500200E-08  0.12547790E-01  0.00000000E+00  0.33192112E+00  0.00000000E+00  0.00000000E+00  0.18596080E+09  0.00000000E+00  0.00000000E+00  0.00000000E+00  0.00000000E+00  0.00000000E+00  0.10000000E-01  0.10000000E+01
 0.18600200E-08  0.12547790E-01  0.00000000E+00  0.33378073E+00  0.00000000E+00  0.00000000E+00  0.18596080E+09  0.00000000E+00  0.00000000E+00  0.00000000E+00  0.00000000E+00  0.00000000E+00  0.10000000E-01  0.10000000E+01
 0.18700200E-08  0.12547790E-01  0.00000000E+00  0.33564034E+00  0.00000000E+00  0.00000000E+00  0.18596080E+09  0.00000000E+00  0.00000000E+00  0.00000000E+00  0.00000000E+00  0.00000000E+00  0.10000000E-01  0.10000000E+01
 0.18800200E-08  0.12547790E-01  0.00000000E+00  0.33749995E+00  0.00000000E+00  0.00000000E+00  0.18596080E+09  0.00000000E+00  0.00000000E+00  0.00000000E+00  0.00000000E+00  0.00000000E+00  0.10000000E-01  0.10000000E+01
 0.18900200E-08  0.12547790E-01  0.00000000E+00  0.33935956E+00  0.00000000E+00  0.00000000E+00  0.18596080E+09  0.00000000E+00  0.00000000E+00  0.00000000E+00  0.00000000E+00  0.00000000E+00  0.10000000E-01  0.10000000E+01
 0.19000200E-08  0.12547790E-01  0.00000000E+00  0.34121916E+00  0.00000000E+00  0.00000000E+00  0.18596080E+09  0.00000000E+00  0.00000000E+00  0.00000000E+00  0.00000000E+00  0.00000000E+00  0.10000000E-01  0.10000000E+01
 0.19100200E-08  0.12547790E-01  0.00000000E+00  0.34307877E+00  0.00000000E+00  0.00000000E+00  0.18596080E+09  0.00000000E+00  0.00000000E+00  0.00000000E+00  0.00000000E+00  0.00000000E+00  0.10000000E-01  0.10000000E+01
 0.19200200E-08  0.12547790E-01  0.00000000E+00  0.34493838E+00  0.00000000E+00  0.00000000E+00  0.18596080E+09  0.00000000E+00  0.00000000E+00  0.00000000E+00  0.00000000E+00  0.00000000E+00  0.10000000E-01  0.10000000E+01
 0.19300200E-08  0.12547790E-01  0.00000000E+00  0.34679799E+00  0.00000000E+00  0.00000000E+00  0.18596080E+09  0.00000000E+00  0.00000000E+00  0.00000000E+00  0.00000000E+00  0.00000000E+00  0.10000000E-01  0.10000000E+01
 0.19400200E-08  0.12547790E-01  0.00000000E+00  0.34865760E+00  0.00000000E+00  0.00000000E+00  0.18596080E+09  0.00000000E+00  0.00000000E+00  0.00000000E+00  0.00000000E+00  0.00000000E+00  0.10000000E-01  0.10000000E+01
 0.19500200E-08  0.12547790E-01  0.00000000E+00  0.35051720E+00  0.00000000E+00  0.00000000E+00  0.18596080E+09  0.00000000E+00  0.00000000E+00  0.00000000E+00  0.00000000E+00  0.00000000E+00  0.10000000E-01  0.10000000E+01
 0.19600200E-08  0.12547790E-01  0.00000000E+00  0.35237681E+00  0.00000000E+00  0.00000000E+00  0.18596080E+09  0.00000000E+00  0.00000000E+00  0.00000000E+00  0.00000000E+00  0.00000000E+00  0.10000000E-01  0.10000000E+01
 0.19700200E-08  0.12547790E-01  0.00000000E+00  0.35423642E+00  0.00000000E+00  0.00000000E+00  0.18596080E+09  0.00000000E+00  0.00000000E+00  0.00000000E+00  0.00000000E+00  0.00000000E+00  0.10000000E-01  0.10000000E+01
 0.19800200E-08  0.12547790E-01  0.00000000E+00  0.35609603E+00  0.00000000E+00  0.00000000E+00  0.18596080E+09  0.00000000E+00  0.00000000E+00  0.00000000E+00  0.00000000E+00  0.00000000E+00  0.10000000E-01  0.10000000E+01
 0.19900200E-08  0.12547790E-01  0.00000000E+00  0.35795564E+00  0.00000000E+00  0.00000000E+00  0.18596080E+09  0.00000000E+00  0.00000000E+00  0.00000000E+00  0.00000000E+00  0.00000000E+00  0.10000000E-01  0.10000000E+01
