# ptime xp yp zp vx vy vz ex ey ez bx by bz wt
 0.20000000E-13  0.12255231E-01  0.00000000E+00 -0.52775948E-02  0.00000000E+00  0.00000000E+00  0.18470724E+09  0.00000000E+00  0.00000000E+00  0.00000000E+00  0.00000000E+00  0.00000000E+00  0.10000000E-01  0.10000000E+01
 0.10000000E-10  0.12255231E-01  0.00000000E+00 -0.34342165E-02  0.00000000E+00  0.00000000E+00  0.18470724E+09  0.00000000E+00  0.00000000E+00  0.00000000E+00  0.00000000E+00  0.00000000E+00  0.10000000E-01  0.10000000E+01
 0.20000000E-10  0.12255231E-01  0.00000000E+00 -0.15871441E-02  0.00000000E+00  0.00000000E+00  0.18470724E+09  0.00000000E+00  0.00000000E+00  0.00000000E+00  0.00000000E+00  0.00000000E+00  0.10000000E-01  0.10000000E+01
 0.30000000E-10  0.12255231E-01  0.00000000E+00  0.25992833E-03  0.00000000E+00  0.00000000E+00  0.18470724E+09  0.00000000E+00  0.00000000E+00  0.00000000E+00  0.00000000E+00  0.00000000E+00  0.10000000E-01  0.10000000E+01
 0.40020000E-10  0.12255231E-01  0.00000000E+00  0.21106949E-02  0.00000000E+00  0.00000000E+00  0.18470724E+09  0.00000000E+00  0.00000000E+00  0.00000000E+00  0.00000000E+00  0.00000000E+00  0.10000000E-01  0.10000000E+01
 0.50020000E-10  0.12255231E-01  0.00000000E+00  0.39577673E-02  0.00000000E+00  0.00000000E+00  0.18470724E+09  0.00000000E+00  0.00000000E+00  0.00000000E+00  0.00000000E+00  0.00000000E+00  0.10000000E-01  0.10000000E+01
 0.60020000E-10  0.12255231E-01  0.00000000E+00  0.58048398E-02  0.00000000E+00  0.00000000E+00  0.18470724E+09  0.00000000E+00  0.00000000E+00  0.00000000E+00  0.00000000E+00  0.00000000E+00  0.10000000E-01  0.10000000E+01
 0.70020000E-10  0.12255231E-01  0.00000000E+00  0.76519122E-02  0.00000000E+00  0.00000000E+00  0.18470724E+09  0.00000000E+00  0.00000000E+00  0.00000000E+00  0.00000000E+00  0.00000000E+00  0.10000000E-01  0.10000000E+01
 0.80000000E-10  0.12255231E-01  0.00000000E+00  0.94952905E-02  0.00000000E+00  0.00000000E+00  0.18470724E+09  0.00000000E+00  0.00000000E+00  0.00000000E+00  0.00000000E+00  0.00000000E+00  0.10000000E-01  0.10000000E+01
 0.90000000E-10  0.12255231E-01  0.00000000E+00  0.11342363E-01  0.00000000E+00  0.00000000E+00  0.18470724E+09  0.00000000E+00  0.00000000E+00  0.00000000E+00  0.00000000E+00  0.00000000E+00  0.10000000E-01  0.10000000E+01
 0.10000000E-09  0.12255231E-01  0.00000000E+00  0.13189435E-01  0.00000000E+00  0.00000000E+00  0.18470724E+09  0.00000000E+00  0.00000000E+00  0.00000000E+00  0.00000000E+00  0.00000000E+00  0.10000000E-01  0.10000000E+01
 0.11000000E-09  0.12255231E-01  0.00000000E+00  0.15036508E-01  0.00000000E+00  0.00000000E+00  0.18470724E+09  0.00000000E+00  0.00000000E+00  0.00000000E+00  0.00000000E+00  0.00000000E+00  0.10000000E-01  0.10000000E+01
 0.12000000E-09  0.12255231E-01  0.00000000E+00  0.16883580E-01  0.00000000E+00  0.00000000E+00  0.18470724E+09  0.00000000E+00  0.00000000E+00  0.00000000E+00  0.00000000E+00  0.00000000E+00  0.10000000E-01  0.10000000E+01
 0.13000000E-09  0.12255231E-01  0.00000000E+00  0.18730653E-01  0.00000000E+00  0.00000000E+00  0.18470724E+09  0.00000000E+00  0.00000000E+00  0.00000000E+00  0.00000000E+00  0.00000000E+00  0.10000000E-01  0.10000000E+01
 0.14002000E-09  0.12255231E-01  0.00000000E+00  0.20581419E-01  0.00000000E+00  0.00000000E+00  0.18470724E+09  0.00000000E+00  0.00000000E+00  0.00000000E+00  0.00000000E+00  0.00000000E+00  0.10000000E-01  0.10000000E+01
 0.15002000E-09  0.12255231E-01  0.00000000E+00  0.22428492E-01  0.00000000E+00  0.00000000E+00  0.18470724E+09  0.00000000E+00  0.00000000E+00  0.00000000E+00  0.00000000E+00  0.00000000E+00  0.10000000E-01  0.10000000E+01
 0.16002000E-09  0.12255231E-01  0.00000000E+00  0.24275564E-01  0.00000000E+00  0.00000000E+00  0.18470724E+09  0.00000000E+00  0.00000000E+00  0.00000000E+00  0.00000000E+00  0.00000000E+00  0.10000000E-01  0.10000000E+01
 0.17002000E-09  0.12255231E-01  0.00000000E+00  0.26122636E-01  0.00000000E+00  0.00000000E+00  0.18470724E+09  0.00000000E+00  0.00000000E+00  0.00000000E+00  0.00000000E+00  0.00000000E+00  0.10000000E-01  0.10000000E+01
 0.18002000E-09  0.12255231E-01  0.00000000E+00  0.27969709E-01  0.00000000E+00  0.00000000E+00  0.18470724E+09  0.00000000E+00  0.00000000E+00  0.00000000E+00  0.00000000E+00  0.00000000E+00  0.10000000E-01  0.10000000E+01
 0.19002000E-09  0.12255231E-01  0.00000000E+00  0.29816781E-01  0.00000000E+00  0.00000000E+00  0.18470724E+09  0.00000000E+00  0.00000000E+00  0.00000000E+00  0.00000000E+00  0.00000000E+00  0.10000000E-01  0.10000000E+01
 0.20002000E-09  0.12255231E-01  0.00000000E+00  0.31663854E-01  0.00000000E+00  0.00000000E+00  0.18470724E+09  0.00000000E+00  0.00000000E+00  0.00000000E+00  0.00000000E+00  0.00000000E+00  0.10000000E-01  0.10000000E+01
 0.21002000E-09  0.12255231E-01  0.00000000E+00  0.33510926E-01  0.00000000E+00  0.00000000E+00  0.18470724E+09  0.00000000E+00  0.00000000E+00  0.00000000E+00  0.00000000E+00  0.00000000E+00  0.10000000E-01  0.10000000E+01
 0.22002000E-09  0.12255231E-01  0.00000000E+00  0.35357999E-01  0.00000000E+00  0.00000000E+00  0.18470724E+09  0.00000000E+00  0.00000000E+00  0.00000000E+00  0.00000000E+00  0.00000000E+00  0.10000000E-01  0.10000000E+01
 0.23002000E-09  0.12255231E-01  0.00000000E+00  0.37205071E-01  0.00000000E+00  0.00000000E+00  0.18470724E+09  0.00000000E+00  0.00000000E+00  0.00000000E+00  0.00000000E+00  0.00000000E+00  0.10000000E-01  0.10000000E+01
 0.24002000E-09  0.12255231E-01  0.00000000E+00  0.39052144E-01  0.00000000E+00  0.00000000E+00  0.18470724E+09  0.00000000E+00  0.00000000E+00  0.00000000E+00  0.00000000E+00  0.00000000E+00  0.10000000E-01  0.10000000E+01
 0.25002000E-09  0.12255231E-01  0.00000000E+00  0.40899216E-01  0.00000000E+00  0.00000000E+00  0.18470724E+09  0.00000000E+00  0.00000000E+00  0.00000000E+00  0.00000000E+00  0.00000000E+00  0.10000000E-01  0.10000000E+01
 0.26002000E-09  0.12255231E-01  0.00000000E+00  0.42746288E-01  0.00000000E+00  0.00000000E+00  0.18470724E+09  0.00000000E+00  0.00000000E+00  0.00000000E+00  0.00000000E+00  0.00000000E+00  0.10000000E-01  0.10000000E+01
 0.27002000E-09  0.12255231E-01  0.00000000E+00  0.44593361E-01  0.00000000E+00  0.00000000E+00  0.18470724E+09  0.00000000E+00  0.00000000E+00  0.00000000E+00  0.00000000E+00  0.00000000E+00  0.10000000E-01  0.10000000E+01
 0.28002000E-09  0.12255231E-01  0.00000000E+00  0.46440433E-01  0.00000000E+00  0.00000000E+00  0.18470724E+09  0.00000000E+00  0.00000000E+00  0.00000000E+00  0.00000000E+00  0.00000000E+00  0.10000000E-01  0.10000000E+01
 0.29002000E-09  0.12255231E-01  0.00000000E+00  0.48287506E-01  0.00000000E+00  0.00000000E+00  0.18470724E+09  0.00000000E+00  0.00000000E+00  0.00000000E+00  0.00000000E+00  0.00000000E+00  0.10000000E-01  0.10000000E+01
 0.30000000E-09  0.12255231E-01  0.00000000E+00  0.50130884E-01  0.00000000E+00  0.00000000E+00  0.18470724E+09  0.00000000E+00  0.00000000E+00  0.00000000E+00  0.00000000E+00  0.00000000E+00  0.10000000E-01  0.10000000E+01
 0.31000000E-09  0.12255231E-01  0.00000000E+00  0.51977956E-01  0.00000000E+00  0.00000000E+00  0.18470724E+09  0.00000000E+00  0.00000000E+00  0.00000000E+00  0.00000000E+00  0.00000000E+00  0.10000000E-01  0.10000000E+01
 0.32000000E-09  0.12255231E-01  0.00000000E+00  0.53825029E-01  0.00000000E+00  0.00000000E+00  0.18470724E+09  0.00000000E+00  0.00000000E+00  0.00000000E+00  0.00000000E+00  0.00000000E+00  0.10000000E-01  0.10000000E+01
 0.33000000E-09  0.12255231E-01  0.00000000E+00  0.55672101E-01  0.00000000E+00  0.00000000E+00  0.18470724E+09  0.00000000E+00  0.00000000E+00  0.00000000E+00  0.00000000E+00  0.00000000E+00  0.10000000E-01  0.10000000E+01
 0.34000000E-09  0.12255231E-01  0.00000000E+00  0.57519174E-01  0.00000000E+00  0.00000000E+00  0.18470724E+09  0.00000000E+00  0.00000000E+00  0.00000000E+00  0.00000000E+00  0.00000000E+00  0.10000000E-01  0.10000000E+01
 0.35000000E-09  0.12255231E-01  0.00000000E+00  0.59366246E-01  0.00000000E+00  0.00000000E+00  0.18470724E+09  0.00000000E+00  0.00000000E+00  0.00000000E+00  0.00000000E+00  0.00000000E+00  0.10000000E-01  0.10000000E+01
 0.36000000E-09  0.12255231E-01  0.00000000E+00  0.61213319E-01  0.00000000E+00  0.00000000E+00  0.18470724E+09  0.00000000E+00  0.00000000E+00  0.00000000E+00  0.00000000E+00  0.00000000E+00  0.10000000E-01  0.10000000E+01
 0.37000000E-09  0.12255231E-01  0.00000000E+00  0.63060391E-01  0.00000000E+00  0.00000000E+00  0.18470724E+09  0.00000000E+00  0.00000000E+00  0.00000000E+00  0.00000000E+00  0.00000000E+00  0.10000000E-01  0.10000000E+01
 0.38000000E-09  0.12255231E-01  0.00000000E+00  0.64907463E-01  0.00000000E+00  0.00000000E+00  0.18470724E+09  0.00000000E+00  0.00000000E+00  0.00000000E+00  0.00000000E+00  0.00000000E+00  0.10000000E-01  0.10000000E+01
 0.39000000E-09  0.12255231E-01  0.00000000E+00  0.66754536E-01  0.00000000E+00  0.00000000E+00  0.18470724E+09  0.00000000E+00  0.00000000E+00  0.00000000E+00  0.00000000E+00  0.00000000E+00  0.10000000E-01  0.10000000E+01
 0.40000000E-09  0.12255231E-01  0.00000000E+00  0.68601608E-01  0.00000000E+00  0.00000000E+00  0.18470724E+09  0.00000000E+00  0.00000000E+00  0.00000000E+00  0.00000000E+00  0.00000000E+00  0.10000000E-01  0.10000000E+01
 0.41000000E-09  0.12255231E-01  0.00000000E+00  0.70448681E-01  0.00000000E+00  0.00000000E+00  0.18470724E+09  0.00000000E+00  0.00000000E+00  0.00000000E+00  0.00000000E+00  0.00000000E+00  0.10000000E-01  0.10000000E+01
 0.42000000E-09  0.12255231E-01  0.00000000E+00  0.72295753E-01  0.00000000E+00  0.00000000E+00  0.18470724E+09  0.00000000E+00  0.00000000E+00  0.00000000E+00  0.00000000E+00  0.00000000E+00  0.10000000E-01  0.10000000E+01
 0.43000000E-09  0.12255231E-01  0.00000000E+00  0.74142826E-01  0.00000000E+00  0.00000000E+00  0.18470724E+09  0.00000000E+00  0.00000000E+00  0.00000000E+00  0.00000000E+00  0.00000000E+00  0.10000000E-01  0.10000000E+01
 0.44000000E-09  0.12255231E-01  0.00000000E+00  0.75989898E-01  0.00000000E+00  0.00000000E+00  0.18470724E+09  0.00000000E+00  0.00000000E+00  0.00000000E+00  0.00000000E+00  0.00000000E+00  0.10000000E-01  0.10000000E+01
 0.45000000E-09  0.12255231E-01  0.00000000E+00  0.77836970E-01  0.00000000E+00  0.00000000E+00  0.18470724E+09  0.00000000E+00  0.00000000E+00  0.00000000E+00  0.00000000E+00  0.00000000E+00  0.10000000E-01  0.10000000E+01
 0.46000000E-09  0.12255231E-01  0.00000000E+00  0.79684043E-01  0.00000000E+00  0.00000000E+00  0.18470724E+09  0.00000000E+00  0.00000000E+00  0.00000000E+00  0.00000000E+00  0.00000000E+00  0.10000000E-01  0.10000000E+01
 0.47000000E-09  0.12255231E-01  0.00000000E+00  0.81531115E-01  0.00000000E+00  0.00000000E+00  0.18470724E+09  0.00000000E+00  0.00000000E+00  0.00000000E+00  0.00000000E+00  0.00000000E+00  0.10000000E-01  0.10000000E+01
 0.48000000E-09  0.12255231E-01  0.00000000E+00  0.83378188E-01  0.00000000E+00  0.00000000E+00  0.18470724E+09  0.00000000E+00  0.00000000E+00  0.00000000E+00  0.00000000E+00  0.00000000E+00  0.10000000E-01  0.10000000E+01
 0.49000000E-09  0.12255231E-01  0.00000000E+00  0.85225260E-01  0.00000000E+00  0.00000000E+00  0.18470724E+09  0.00000000E+00  0.00000000E+00  0.00000000E+00  0.00000000E+00  0.00000000E+00  0.10000000E-01  0.10000000E+01
 0.50000000E-09  0.12255231E-01  0.00000000E+00  0.87072333E-01  0.00000000E+00  0.00000000E+00  0.18470724E+09  0.00000000E+00  0.00000000E+00  0.00000000E+00  0.00000000E+00  0.00000000E+00  0.10000000E-01  0.10000000E+01
 0.51000000E-09  0.12255231E-01  0.00000000E+00  0.88919405E-01  0.00000000E+00  0.00000000E+00  0.18470724E+09  0.00000000E+00  0.00000000E+00  0.00000000E+00  0.00000000E+00  0.00000000E+00  0.10000000E-01  0.10000000E+01
 0.52000000E-09  0.12255231E-01  0.00000000E+00  0.90766477E-01  0.00000000E+00  0.00000000E+00  0.18470724E+09  0.00000000E+00  0.00000000E+00  0.00000000E+00  0.00000000E+00  0.00000000E+00  0.10000000E-01  0.10000000E+01
 0.53000000E-09  0.12255231E-01  0.00000000E+00  0.92613550E-01  0.00000000E+00  0.00000000E+00  0.18470724E+09  0.00000000E+00  0.00000000E+00  0.00000000E+00  0.00000000E+00  0.00000000E+00  0.10000000E-01  0.10000000E+01
 0.54000000E-09  0.12255231E-01  0.00000000E+00  0.94460622E-01  0.00000000E+00  0.00000000E+00  0.18470724E+09  0.00000000E+00  0.00000000E+00  0.00000000E+00  0.00000000E+00  0.00000000E+00  0.10000000E-01  0.10000000E+01
 0.55002000E-09  0.12255231E-01  0.00000000E+00  0.96311389E-01  0.00000000E+00  0.00000000E+00  0.18470724E+09  0.00000000E+00  0.00000000E+00  0.00000000E+00  0.00000000E+00  0.00000000E+00  0.10000000E-01  0.10000000E+01
 0.56002000E-09  0.12255231E-01  0.00000000E+00  0.98158461E-01  0.00000000E+00  0.00000000E+00  0.18470724E+09  0.00000000E+00  0.00000000E+00  0.00000000E+00  0.00000000E+00  0.00000000E+00  0.10000000E-01  0.10000000E+01
 0.57002000E-09  0.12255231E-01  0.00000000E+00  0.10000553E+00  0.00000000E+00  0.00000000E+00  0.18470724E+09  0.00000000E+00  0.00000000E+00  0.00000000E+00  0.00000000E+00  0.00000000E+00  0.10000000E-01  0.10000000E+01
 0.58002000E-09  0.12255231E-01  0.00000000E+00  0.10185261E+00  0.00000000E+00  0.00000000E+00  0.18470724E+09  0.00000000E+00  0.00000000E+00  0.00000000E+00  0.00000000E+00  0.00000000E+00  0.10000000E-01  0.10000000E+01
 0.59002000E-09  0.12255231E-01  0.00000000E+00  0.10369968E+00  0.00000000E+00  0.00000000E+00  0.18470724E+09  0.00000000E+00  0.00000000E+00  0.00000000E+00  0.00000000E+00  0.00000000E+00  0.10000000E-01  0.10000000E+01
 0.60002000E-09  0.12255231E-01  0.00000000E+00  0.10554675E+00  0.00000000E+00  0.00000000E+00  0.18470724E+09  0.00000000E+00  0.00000000E+00  0.00000000E+00  0.00000000E+00  0.00000000E+00  0.10000000E-01  0.10000000E+01
 0.61002000E-09  0.12255231E-01  0.00000000E+00  0.10739382E+00  0.00000000E+00  0.00000000E+00  0.18470724E+09  0.00000000E+00  0.00000000E+00  0.00000000E+00  0.00000000E+00  0.00000000E+00  0.10000000E-01  0.10000000E+01
 0.62002000E-09  0.12255231E-01  0.00000000E+00  0.10924090E+00  0.00000000E+00  0.00000000E+00  0.18470724E+09  0.00000000E+00  0.00000000E+00  0.00000000E+00  0.00000000E+00  0.00000000E+00  0.10000000E-01  0.10000000E+01
 0.63002000E-09  0.12255231E-01  0.00000000E+00  0.11108797E+00  0.00000000E+00  0.00000000E+00  0.18470724E+09  0.00000000E+00  0.00000000E+00  0.00000000E+00  0.00000000E+00  0.00000000E+00  0.10000000E-01  0.10000000E+01
 0.64002000E-09  0.12255231E-01  0.00000000E+00  0.11293504E+00  0.00000000E+00  0.00000000E+00  0.18470724E+09  0.00000000E+00  0.00000000E+00  0.00000000E+00  0.00000000E+00  0.00000000E+00  0.10000000E-01  0.10000000E+01
 0.65002000E-09  0.12255231E-01  0.00000000E+00  0.11478211E+00  0.00000000E+00  0.00000000E+00  0.18470724E+09  0.00000000E+00  0.00000000E+00  0.00000000E+00  0.00000000E+00  0.00000000E+00  0.10000000E-01  0.10000000E+01
 0.66002000E-09  0.12255231E-01  0.00000000E+00  0.11662919E+00  0.00000000E+00  0.00000000E+00  0.18470724E+09  0.00000000E+00  0.00000000E+00  0.00000000E+00  0.00000000E+00  0.00000000E+00  0.10000000E-01  0.10000000E+01
 0.67002000E-09  0.12255231E-01  0.00000000E+00  0.11847626E+00  0.00000000E+00  0.00000000E+00  0.18470724E+09  0.00000000E+00  0.00000000E+00  0.00000000E+00  0.00000000E+00  0.00000000E+00  0.10000000E-01  0.10000000E+01
 0.68002000E-09  0.12255231E-01  0.00000000E+00  0.12032333E+00  0.00000000E+00  0.00000000E+00  0.18470724E+09  0.00000000E+00  0.00000000E+00  0.00000000E+00  0.00000000E+00  0.00000000E+00  0.10000000E-01  0.10000000E+01
 0.69002000E-09  0.12255231E-01  0.00000000E+00  0.12217040E+00  0.00000000E+00  0.00000000E+00  0.18470724E+09  0.00000000E+00  0.00000000E+00  0.00000000E+00  0.00000000E+00  0.00000000E+00  0.10000000E-01  0.10000000E+01
 0.70002000E-09  0.12255231E-01  0.00000000E+00  0.12401748E+00  0.00000000E+00  0.00000000E+00  0.18470724E+09  0.00000000E+00  0.00000000E+00  0.00000000E+00  0.00000000E+00  0.00000000E+00  0.10000000E-01  0.10000000E+01
 0.71002000E-09  0.12255231E-01  0.00000000E+00  0.12586455E+00  0.00000000E+00  0.00000000E+00  0.18470724E+09  0.00000000E+00  0.00000000E+00  0.00000000E+00  0.00000000E+00  0.00000000E+00  0.10000000E-01  0.10000000E+01
 0.72002000E-09  0.12255231E-01  0.00000000E+00  0.12771162E+00  0.00000000E+00  0.00000000E+00  0.18470724E+09  0.00000000E+00  0.00000000E+00  0.00000000E+00  0.00000000E+00  0.00000000E+00  0.10000000E-01  0.10000000E+01
 0.73002000E-09  0.12255231E-01  0.00000000E+00  0.12955869E+00  0.00000000E+00  0.00000000E+00  0.18470724E+09  0.00000000E+00  0.00000000E+00  0.00000000E+00  0.00000000E+00  0.00000000E+00  0.10000000E-01  0.10000000E+01
 0.74002000E-09  0.12255231E-01  0.00000000E+00  0.13140577E+00  0.00000000E+00  0.00000000E+00  0.18470724E+09  0.00000000E+00  0.00000000E+00  0.00000000E+00  0.00000000E+00  0.00000000E+00  0.10000000E-01  0.10000000E+01
 0.75002000E-09  0.12255231E-01  0.00000000E+00  0.13325284E+00  0.00000000E+00  0.00000000E+00  0.18470724E+09  0.00000000E+00  0.00000000E+00  0.00000000E+00  0.00000000E+00  0.00000000E+00  0.10000000E-01  0.10000000E+01
 0.76002000E-09  0.12255231E-01  0.00000000E+00  0.13509991E+00  0.00000000E+00  0.00000000E+00  0.18470724E+09  0.00000000E+00  0.00000000E+00  0.00000000E+00  0.00000000E+00  0.00000000E+00  0.10000000E-01  0.10000000E+01
 0.77002000E-09  0.12255231E-01  0.00000000E+00  0.13694698E+00  0.00000000E+00  0.00000000E+00  0.18470724E+09  0.00000000E+00  0.00000000E+00  0.00000000E+00  0.00000000E+00  0.00000000E+00  0.10000000E-01  0.10000000E+01
 0.78002000E-09  0.12255231E-01  0.00000000E+00  0.13879405E+00  0.00000000E+00  0.00000000E+00  0.18470724E+09  0.00000000E+00  0.00000000E+00  0.00000000E+00  0.00000000E+00  0.00000000E+00  0.10000000E-01  0.10000000E+01
 0.79002000E-09  0.12255231E-01  0.00000000E+00  0.14064113E+00  0.00000000E+00  0.00000000E+00  0.18470724E+09  0.00000000E+00  0.00000000E+00  0.00000000E+00  0.00000000E+00  0.00000000E+00  0.10000000E-01  0.10000000E+01
 0.80002000E-09  0.12255231E-01  0.00000000E+00  0.14248820E+00  0.00000000E+00  0.00000000E+00  0.18470724E+09  0.00000000E+00  0.00000000E+00  0.00000000E+00  0.00000000E+00  0.00000000E+00  0.10000000E-01  0.10000000E+01
 0.81002000E-09  0.12255231E-01  0.00000000E+00  0.14433527E+00  0.00000000E+00  0.00000000E+00  0.18470724E+09  0.00000000E+00  0.00000000E+00  0.00000000E+00  0.00000000E+00  0.00000000E+00  0.10000000E-01  0.10000000E+01
 0.82002000E-09  0.12255231E-01  0.00000000E+00  0.14618234E+00  0.00000000E+00  0.00000000E+00  0.18470724E+09  0.00000000E+00  0.00000000E+00  0.00000000E+00  0.00000000E+00  0.00000000E+00  0.10000000E-01  0.10000000E+01
 0.83002000E-09  0.12255231E-01  0.00000000E+00  0.14802942E+00  0.00000000E+00  0.00000000E+00  0.18470724E+09  0.00000000E+00  0.00000000E+00  0.00000000E+00  0.00000000E+00  0.00000000E+00  0.10000000E-01  0.10000000E+01
 0.84002000E-09  0.12255231E-01  0.00000000E+00  0.14987649E+00  0.00000000E+00  0.00000000E+00  0.18470724E+09  0.00000000E+00  0.00000000E+00  0.00000000E+00  0.00000000E+00  0.00000000E+00  0.10000000E-01  0.10000000E+01
 0.85002000E-09  0.12255231E-01  0.00000000E+00  0.15172356E+00  0.00000000E+00  0.00000000E+00  0.18470724E+09  0.00000000E+00  0.00000000E+00  0.00000000E+00  0.00000000E+00  0.00000000E+00  0.10000000E-01  0.10000000E+01
 0.86002000E-09  0.12255231E-01  0.00000000E+00  0.15357063E+00  0.00000000E+00  0.00000000E+00  0.18470724E+09  0.00000000E+00  0.00000000E+00  0.00000000E+00  0.00000000E+00  0.00000000E+00  0.10000000E-01  0.10000000E+01
 0.87002000E-09  0.12255231E-01  0.00000000E+00  0.15541771E+00  0.00000000E+00  0.00000000E+00  0.18470724E+09  0.00000000E+00  0.00000000E+00  0.00000000E+00  0.00000000E+00  0.00000000E+00  0.10000000E-01  0.10000000E+01
 0.88002000E-09  0.12255231E-01  0.00000000E+00  0.15726478E+00  0.00000000E+00  0.00000000E+00  0.18470724E+09  0.00000000E+00  0.00000000E+00  0.00000000E+00  0.00000000E+00  0.00000000E+00  0.10000000E-01  0.10000000E+01
 0.89002000E-09  0.12255231E-01  0.00000000E+00  0.15911185E+00  0.00000000E+00  0.00000000E+00  0.18470724E+09  0.00000000E+00  0.00000000E+00  0.00000000E+00  0.00000000E+00  0.00000000E+00  0.10000000E-01  0.10000000E+01
 0.90002000E-09  0.12255231E-01  0.00000000E+00  0.16095892E+00  0.00000000E+00  0.00000000E+00  0.18470724E+09  0.00000000E+00  0.00000000E+00  0.00000000E+00  0.00000000E+00  0.00000000E+00  0.10000000E-01  0.10000000E+01
 0.91002000E-09  0.12255231E-01  0.00000000E+00  0.16280600E+00  0.00000000E+00  0.00000000E+00  0.18470724E+09  0.00000000E+00  0.00000000E+00  0.00000000E+00  0.00000000E+00  0.00000000E+00  0.10000000E-01  0.10000000E+01
 0.92002000E-09  0.12255231E-01  0.00000000E+00  0.16465307E+00  0.00000000E+00  0.00000000E+00  0.18470724E+09  0.00000000E+00  0.00000000E+00  0.00000000E+00  0.00000000E+00  0.00000000E+00  0.10000000E-01  0.10000000E+01
 0.93002000E-09  0.12255231E-01  0.00000000E+00  0.16650014E+00  0.00000000E+00  0.00000000E+00  0.18470724E+09  0.00000000E+00  0.00000000E+00  0.00000000E+00  0.00000000E+00  0.00000000E+00  0.10000000E-01  0.10000000E+01
 0.94002000E-09  0.12255231E-01  0.00000000E+00  0.16834721E+00  0.00000000E+00  0.00000000E+00  0.18470724E+09  0.00000000E+00  0.00000000E+00  0.00000000E+00  0.00000000E+00  0.00000000E+00  0.10000000E-01  0.10000000E+01
 0.95002000E-09  0.12255231E-01  0.00000000E+00  0.17019429E+00  0.00000000E+00  0.00000000E+00  0.18470724E+09  0.00000000E+00  0.00000000E+00  0.00000000E+00  0.00000000E+00  0.00000000E+00  0.10000000E-01  0.10000000E+01
 0.96002000E-09  0.12255231E-01  0.00000000E+00  0.17204136E+00  0.00000000E+00  0.00000000E+00  0.18470724E+09  0.00000000E+00  0.00000000E+00  0.00000000E+00  0.00000000E+00  0.00000000E+00  0.10000000E-01  0.10000000E+01
 0.97002000E-09  0.12255231E-01  0.00000000E+00  0.17388843E+00  0.00000000E+00  0.00000000E+00  0.18470724E+09  0.00000000E+00  0.00000000E+00  0.00000000E+00  0.00000000E+00  0.00000000E+00  0.10000000E-01  0.10000000E+01
 0.98002000E-09  0.12255231E-01  0.00000000E+00  0.17573550E+00  0.00000000E+00  0.00000000E+00  0.18470724E+09  0.00000000E+00  0.00000000E+00  0.00000000E+00  0.00000000E+00  0.00000000E+00  0.10000000E-01  0.10000000E+01
 0.99002000E-09  0.12255231E-01  0.00000000E+00  0.17758258E+00  0.00000000E+00  0.00000000E+00  0.18470724E+09  0.00000000E+00  0.00000000E+00  0.00000000E+00  0.00000000E+00  0.00000000E+00  0.10000000E-01  0.10000000E+01
 0.10000200E-08  0.12255231E-01  0.00000000E+00  0.17942965E+00  0.00000000E+00  0.00000000E+00  0.18470724E+09  0.00000000E+00  0.00000000E+00  0.00000000E+00  0.00000000E+00  0.00000000E+00  0.10000000E-01  0.10000000E+01
 0.10100200E-08  0.12255231E-01  0.00000000E+00  0.18127672E+00  0.00000000E+00  0.00000000E+00  0.18470724E+09  0.00000000E+00  0.00000000E+00  0.00000000E+00  0.00000000E+00  0.00000000E+00  0.10000000E-01  0.10000000E+01
 0.10200200E-08  0.12255231E-01  0.00000000E+00  0.18312379E+00  0.00000000E+00  0.00000000E+00  0.18470724E+09  0.00000000E+00  0.00000000E+00  0.00000000E+00  0.00000000E+00  0.00000000E+00  0.10000000E-01  0.10000000E+01
 0.10300200E-08  0.12255231E-01  0.00000000E+00  0.18497087E+00  0.00000000E+00  0.00000000E+00  0.18470724E+09  0.00000000E+00  0.00000000E+00  0.00000000E+00  0.00000000E+00  0.00000000E+00  0.10000000E-01  0.10000000E+01
 0.10400200E-08  0.12255231E-01  0.00000000E+00  0.18681794E+00  0.00000000E+00  0.00000000E+00  0.18470724E+09  0.00000000E+00  0.00000000E+00  0.00000000E+00  0.00000000E+00  0.00000000E+00  0.10000000E-01  0.10000000E+01
 0.10500200E-08  0.12255231E-01  0.00000000E+00  0.18866501E+00  0.00000000E+00  0.00000000E+00  0.18470724E+09  0.00000000E+00  0.00000000E+00  0.00000000E+00  0.00000000E+00  0.00000000E+00  0.10000000E-01  0.10000000E+01
 0.10600200E-08  0.12255231E-01  0.00000000E+00  0.19051208E+00  0.00000000E+00  0.00000000E+00  0.18470724E+09  0.00000000E+00  0.00000000E+00  0.00000000E+00  0.00000000E+00  0.00000000E+00  0.10000000E-01  0.10000000E+01
 0.10700200E-08  0.12255231E-01  0.00000000E+00  0.19235916E+00  0.00000000E+00  0.00000000E+00  0.18470724E+09  0.00000000E+00  0.00000000E+00  0.00000000E+00  0.00000000E+00  0.00000000E+00  0.10000000E-01  0.10000000E+01
 0.10800200E-08  0.12255231E-01  0.00000000E+00  0.19420623E+00  0.00000000E+00  0.00000000E+00  0.18470724E+09  0.00000000E+00  0.00000000E+00  0.00000000E+00  0.00000000E+00  0.00000000E+00  0.10000000E-01  0.10000000E+01
 0.10900200E-08  0.12255231E-01  0.00000000E+00  0.19605330E+00  0.00000000E+00  0.00000000E+00  0.18470724E+09  0.00000000E+00  0.00000000E+00  0.00000000E+00  0.00000000E+00  0.00000000E+00  0.10000000E-01  0.10000000E+01
 0.11000200E-08  0.12255231E-01  0.00000000E+00  0.19790037E+00  0.00000000E+00  0.00000000E+00  0.18470724E+09  0.00000000E+00  0.00000000E+00  0.00000000E+00  0.00000000E+00  0.00000000E+00  0.10000000E-01  0.10000000E+01
 0.11100200E-08  0.12255231E-01  0.00000000E+00  0.19974744E+00  0.00000000E+00  0.00000000E+00  0.18470724E+09  0.00000000E+00  0.00000000E+00  0.00000000E+00  0.00000000E+00  0.00000000E+00  0.10000000E-01  0.10000000E+01
 0.11200200E-08  0.12255231E-01  0.00000000E+00  0.20159452E+00  0.00000000E+00  0.00000000E+00  0.18470724E+09  0.00000000E+00  0.00000000E+00  0.00000000E+00  0.00000000E+00  0.00000000E+00  0.10000000E-01  0.10000000E+01
 0.11300200E-08  0.12255231E-01  0.00000000E+00  0.20344159E+00  0.00000000E+00  0.00000000E+00  0.18470724E+09  0.00000000E+00  0.00000000E+00  0.00000000E+00  0.00000000E+00  0.00000000E+00  0.10000000E-01  0.10000000E+01
 0.11400200E-08  0.12255231E-01  0.00000000E+00  0.20528866E+00  0.00000000E+00  0.00000000E+00  0.18470724E+09  0.00000000E+00  0.00000000E+00  0.00000000E+00  0.00000000E+00  0.00000000E+00  0.10000000E-01  0.10000000E+01
 0.11500200E-08  0.12255231E-01  0.00000000E+00  0.20713573E+00  0.00000000E+00  0.00000000E+00  0.18470724E+09  0.00000000E+00  0.00000000E+00  0.00000000E+00  0.00000000E+00  0.00000000E+00  0.10000000E-01  0.10000000E+01
 0.11600200E-08  0.12255231E-01  0.00000000E+00  0.20898281E+00  0.00000000E+00  0.00000000E+00  0.18470724E+09  0.00000000E+00  0.00000000E+00  0.00000000E+00  0.00000000E+00  0.00000000E+00  0.10000000E-01  0.10000000E+01
 0.11700200E-08  0.12255231E-01  0.00000000E+00  0.21082988E+00  0.00000000E+00  0.00000000E+00  0.18470724E+09  0.00000000E+00  0.00000000E+00  0.00000000E+00  0.00000000E+00  0.00000000E+00  0.10000000E-01  0.10000000E+01
 0.11800200E-08  0.12255231E-01  0.00000000E+00  0.21267695E+00  0.00000000E+00  0.00000000E+00  0.18470724E+09  0.00000000E+00  0.00000000E+00  0.00000000E+00  0.00000000E+00  0.00000000E+00  0.10000000E-01  0.10000000E+01
 0.11900200E-08  0.12255231E-01  0.00000000E+00  0.21452402E+00  0.00000000E+00  0.00000000E+00  0.18470724E+09  0.00000000E+00  0.00000000E+00  0.00000000E+00  0.00000000E+00  0.00000000E+00  0.10000000E-01  0.10000000E+01
 0.12000200E-08  0.12255231E-01  0.00000000E+00  0.21637110E+00  0.00000000E+00  0.00000000E+00  0.18470724E+09  0.00000000E+00  0.00000000E+00  0.00000000E+00  0.00000000E+00  0.00000000E+00  0.10000000E-01  0.10000000E+01
 0.12100200E-08  0.12255231E-01  0.00000000E+00  0.21821817E+00  0.00000000E+00  0.00000000E+00  0.18470724E+09  0.00000000E+00  0.00000000E+00  0.00000000E+00  0.00000000E+00  0.00000000E+00  0.10000000E-01  0.10000000E+01
 0.12200200E-08  0.12255231E-01  0.00000000E+00  0.22006524E+00  0.00000000E+00  0.00000000E+00  0.18470724E+09  0.00000000E+00  0.00000000E+00  0.00000000E+00  0.00000000E+00  0.00000000E+00  0.10000000E-01  0.10000000E+01
 0.12300200E-08  0.12255231E-01  0.00000000E+00  0.22191231E+00  0.00000000E+00  0.00000000E+00  0.18470724E+09  0.00000000E+00  0.00000000E+00  0.00000000E+00  0.00000000E+00  0.00000000E+00  0.10000000E-01  0.10000000E+01
 0.12400200E-08  0.12255231E-01  0.00000000E+00  0.22375939E+00  0.00000000E+00  0.00000000E+00  0.18470724E+09  0.00000000E+00  0.00000000E+00  0.00000000E+00  0.00000000E+00  0.00000000E+00  0.10000000E-01  0.10000000E+01
 0.12500200E-08  0.12255231E-01  0.00000000E+00  0.22560646E+00  0.00000000E+00  0.00000000E+00  0.18470724E+09  0.00000000E+00  0.00000000E+00  0.00000000E+00  0.00000000E+00  0.00000000E+00  0.10000000E-01  0.10000000E+01
 0.12600200E-08  0.12255231E-01  0.00000000E+00  0.22745353E+00  0.00000000E+00  0.00000000E+00  0.18470724E+09  0.00000000E+00  0.00000000E+00  0.00000000E+00  0.00000000E+00  0.00000000E+00  0.10000000E-01  0.10000000E+01
 0.12700200E-08  0.12255231E-01  0.00000000E+00  0.22930060E+00  0.00000000E+00  0.00000000E+00  0.18470724E+09  0.00000000E+00  0.00000000E+00  0.00000000E+00  0.00000000E+00  0.00000000E+00  0.10000000E-01  0.10000000E+01
 0.12800200E-08  0.12255231E-01  0.00000000E+00  0.23114768E+00  0.00000000E+00  0.00000000E+00  0.18470724E+09  0.00000000E+00  0.00000000E+00  0.00000000E+00  0.00000000E+00  0.00000000E+00  0.10000000E-01  0.10000000E+01
 0.12900200E-08  0.12255231E-01  0.00000000E+00  0.23299475E+00  0.00000000E+00  0.00000000E+00  0.18470724E+09  0.00000000E+00  0.00000000E+00  0.00000000E+00  0.00000000E+00  0.00000000E+00  0.10000000E-01  0.10000000E+01
 0.13000200E-08  0.12255231E-01  0.00000000E+00  0.23484182E+00  0.00000000E+00  0.00000000E+00  0.18470724E+09  0.00000000E+00  0.00000000E+00  0.00000000E+00  0.00000000E+00  0.00000000E+00  0.10000000E-01  0.10000000E+01
 0.13100200E-08  0.12255231E-01  0.00000000E+00  0.23668889E+00  0.00000000E+00  0.00000000E+00  0.18470724E+09  0.00000000E+00  0.00000000E+00  0.00000000E+00  0.00000000E+00  0.00000000E+00  0.10000000E-01  0.10000000E+01
 0.13200200E-08  0.12255231E-01  0.00000000E+00  0.23853597E+00  0.00000000E+00  0.00000000E+00  0.18470724E+09  0.00000000E+00  0.00000000E+00  0.00000000E+00  0.00000000E+00  0.00000000E+00  0.10000000E-01  0.10000000E+01
 0.13300200E-08  0.12255231E-01  0.00000000E+00  0.24038304E+00  0.00000000E+00  0.00000000E+00  0.18470724E+09  0.00000000E+00  0.00000000E+00  0.00000000E+00  0.00000000E+00  0.00000000E+00  0.10000000E-01  0.10000000E+01
 0.13400200E-08  0.12255231E-01  0.00000000E+00  0.24223011E+00  0.00000000E+00  0.00000000E+00  0.18470724E+09  0.00000000E+00  0.00000000E+00  0.00000000E+00  0.00000000E+00  0.00000000E+00  0.10000000E-01  0.10000000E+01
 0.13500200E-08  0.12255231E-01  0.00000000E+00  0.24407718E+00  0.00000000E+00  0.00000000E+00  0.18470724E+09  0.00000000E+00  0.00000000E+00  0.00000000E+00  0.00000000E+00  0.00000000E+00  0.10000000E-01  0.10000000E+01
 0.13600200E-08  0.12255231E-01  0.00000000E+00  0.24592426E+00  0.00000000E+00  0.00000000E+00  0.18470724E+09  0.00000000E+00  0.00000000E+00  0.00000000E+00  0.00000000E+00  0.00000000E+00  0.10000000E-01  0.10000000E+01
 0.13700200E-08  0.12255231E-01  0.00000000E+00  0.24777133E+00  0.00000000E+00  0.00000000E+00  0.18470724E+09  0.00000000E+00  0.00000000E+00  0.00000000E+00  0.00000000E+00  0.00000000E+00  0.10000000E-01  0.10000000E+01
 0.13800200E-08  0.12255231E-01  0.00000000E+00  0.24961840E+00  0.00000000E+00  0.00000000E+00  0.18470724E+09  0.00000000E+00  0.00000000E+00  0.00000000E+00  0.00000000E+00  0.00000000E+00  0.10000000E-01  0.10000000E+01
 0.13900200E-08  0.12255231E-01  0.00000000E+00  0.25146547E+00  0.00000000E+00  0.00000000E+00  0.18470724E+09  0.00000000E+00  0.00000000E+00  0.00000000E+00  0.00000000E+00  0.00000000E+00  0.10000000E-01  0.10000000E+01
 0.14000200E-08  0.12255231E-01  0.00000000E+00  0.25331255E+00  0.00000000E+00  0.00000000E+00  0.18470724E+09  0.00000000E+00  0.00000000E+00  0.00000000E+00  0.00000000E+00  0.00000000E+00  0.10000000E-01  0.10000000E+01
 0.14100200E-08  0.12255231E-01  0.00000000E+00  0.25515962E+00  0.00000000E+00  0.00000000E+00  0.18470724E+09  0.00000000E+00  0.00000000E+00  0.00000000E+00  0.00000000E+00  0.00000000E+00  0.10000000E-01  0.10000000E+01
 0.14200200E-08  0.12255231E-01  0.00000000E+00  0.25700669E+00  0.00000000E+00  0.00000000E+00  0.18470724E+09  0.00000000E+00  0.00000000E+00  0.00000000E+00  0.00000000E+00  0.00000000E+00  0.10000000E-01  0.10000000E+01
 0.14300200E-08  0.12255231E-01  0.00000000E+00  0.25885376E+00  0.00000000E+00  0.00000000E+00  0.18470724E+09  0.00000000E+00  0.00000000E+00  0.00000000E+00  0.00000000E+00  0.00000000E+00  0.10000000E-01  0.10000000E+01
 0.14400200E-08  0.12255231E-01  0.00000000E+00  0.26070084E+00  0.00000000E+00  0.00000000E+00  0.18470724E+09  0.00000000E+00  0.00000000E+00  0.00000000E+00  0.00000000E+00  0.00000000E+00  0.10000000E-01  0.10000000E+01
 0.14500200E-08  0.12255231E-01  0.00000000E+00  0.26254791E+00  0.00000000E+00  0.00000000E+00  0.18470724E+09  0.00000000E+00  0.00000000E+00  0.00000000E+00  0.00000000E+00  0.00000000E+00  0.10000000E-01  0.10000000E+01
 0.14600200E-08  0.12255231E-01  0.00000000E+00  0.26439498E+00  0.00000000E+00  0.00000000E+00  0.18470724E+09  0.00000000E+00  0.00000000E+00  0.00000000E+00  0.00000000E+00  0.00000000E+00  0.10000000E-01  0.10000000E+01
 0.14700200E-08  0.12255231E-01  0.00000000E+00  0.26624205E+00  0.00000000E+00  0.00000000E+00  0.18470724E+09  0.00000000E+00  0.00000000E+00  0.00000000E+00  0.00000000E+00  0.00000000E+00  0.10000000E-01  0.10000000E+01
 0.14800200E-08  0.12255231E-01  0.00000000E+00  0.26808912E+00  0.00000000E+00  0.00000000E+00  0.18470724E+09  0.00000000E+00  0.00000000E+00  0.00000000E+00  0.00000000E+00  0.00000000E+00  0.10000000E-01  0.10000000E+01
 0.14900200E-08  0.12255231E-01  0.00000000E+00  0.26993620E+00  0.00000000E+00  0.00000000E+00  0.18470724E+09  0.00000000E+00  0.00000000E+00  0.00000000E+00  0.00000000E+00  0.00000000E+00  0.10000000E-01  0.10000000E+01
 0.15000200E-08  0.12255231E-01  0.00000000E+00  0.27178327E+00  0.00000000E+00  0.00000000E+00  0.18470724E+09  0.00000000E+00  0.00000000E+00  0.00000000E+00  0.00000000E+00  0.00000000E+00  0.10000000E-01  0.10000000E+01
 0.15100200E-08  0.12255231E-01  0.00000000E+00  0.27363034E+00  0.00000000E+00  0.00000000E+00  0.18470724E+09  0.00000000E+00  0.00000000E+00  0.00000000E+00  0.00000000E+00  0.00000000E+00  0.10000000E-01  0.10000000E+01
 0.15200200E-08  0.12255231E-01  0.00000000E+00  0.27547741E+00  0.00000000E+00  0.00000000E+00  0.18470724E+09  0.00000000E+00  0.00000000E+00  0.00000000E+00  0.00000000E+00  0.00000000E+00  0.10000000E-01  0.10000000E+01
 0.15300200E-08  0.12255231E-01  0.00000000E+00  0.27732449E+00  0.00000000E+00  0.00000000E+00  0.18470724E+09  0.00000000E+00  0.00000000E+00  0.00000000E+00  0.00000000E+00  0.00000000E+00  0.10000000E-01  0.10000000E+01
 0.15400200E-08  0.12255231E-01  0.00000000E+00  0.27917156E+00  0.00000000E+00  0.00000000E+00  0.18470724E+09  0.00000000E+00  0.00000000E+00  0.00000000E+00  0.00000000E+00  0.00000000E+00  0.10000000E-01  0.10000000E+01
 0.15500200E-08  0.12255231E-01  0.00000000E+00  0.28101863E+00  0.00000000E+00  0.00000000E+00  0.18470724E+09  0.00000000E+00  0.00000000E+00  0.00000000E+00  0.00000000E+00  0.00000000E+00  0.10000000E-01  0.10000000E+01
 0.15600200E-08  0.12255231E-01  0.00000000E+00  0.28286570E+00  0.00000000E+00  0.00000000E+00  0.18470724E+09  0.00000000E+00  0.00000000E+00  0.00000000E+00  0.00000000E+00  0.00000000E+00  0.10000000E-01  0.10000000E+01
 0.15700200E-08  0.12255231E-01  0.00000000E+00  0.28471278E+00  0.00000000E+00  0.00000000E+00  0.18470724E+09  0.00000000E+00  0.00000000E+00  0.00000000E+00  0.00000000E+00  0.00000000E+00  0.10000000E-01  0.10000000E+01
 0.15800200E-08  0.12255231E-01  0.00000000E+00  0.28655985E+00  0.00000000E+00  0.00000000E+00  0.18470724E+09  0.00000000E+00  0.00000000E+00  0.00000000E+00  0.00000000E+00  0.00000000E+00  0.10000000E-01  0.10000000E+01
 0.15900200E-08  0.12255231E-01  0.00000000E+00  0.28840692E+00  0.00000000E+00  0.00000000E+00  0.18470724E+09  0.00000000E+00  0.00000000E+00  0.00000000E+00  0.00000000E+00  0.00000000E+00  0.10000000E-01  0.10000000E+01
 0.16000200E-08  0.12255231E-01  0.00000000E+00  0.29025399E+00  0.00000000E+00  0.00000000E+00  0.18470724E+09  0.00000000E+00  0.00000000E+00  0.00000000E+00  0.00000000E+00  0.00000000E+00  0.10000000E-01  0.10000000E+01
 0.16100200E-08  0.12255231E-01  0.00000000E+00  0.29210107E+00  0.00000000E+00  0.00000000E+00  0.18470724E+09  0.00000000E+00  0.00000000E+00  0.00000000E+00  0.00000000E+00  0.00000000E+00  0.10000000E-01  0.10000000E+01
 0.16200200E-08  0.12255231E-01  0.00000000E+00  0.29394814E+00  0.00000000E+00  0.00000000E+00  0.18470724E+09  0.00000000E+00  0.00000000E+00  0.00000000E+00  0.00000000E+00  0.00000000E+00  0.10000000E-01  0.10000000E+01
 0.16300200E-08  0.12255231E-01  0.00000000E+00  0.29579521E+00  0.00000000E+00  0.00000000E+00  0.18470724E+09  0.00000000E+00  0.00000000E+00  0.00000000E+00  0.00000000E+00  0.00000000E+00  0.10000000E-01  0.10000000E+01
 0.16400200E-08  0.12255231E-01  0.00000000E+00  0.29764228E+00  0.00000000E+00  0.00000000E+00  0.18470724E+09  0.00000000E+00  0.00000000E+00  0.00000000E+00  0.00000000E+00  0.00000000E+00  0.10000000E-01  0.10000000E+01
 0.16500200E-08  0.12255231E-01  0.00000000E+00  0.29948936E+00  0.00000000E+00  0.00000000E+00  0.18470724E+09  0.00000000E+00  0.00000000E+00  0.00000000E+00  0.00000000E+00  0.00000000E+00  0.10000000E-01  0.10000000E+01
 0.16600200E-08  0.12255231E-01  0.00000000E+00  0.30133643E+00  0.00000000E+00  0.00000000E+00  0.18470724E+09  0.00000000E+00  0.00000000E+00  0.00000000E+00  0.00000000E+00  0.00000000E+00  0.10000000E-01  0.10000000E+01
 0.16700200E-08  0.12255231E-01  0.00000000E+00  0.30318350E+00  0.00000000E+00  0.00000000E+00  0.18470724E+09  0.00000000E+00  0.00000000E+00  0.00000000E+00  0.00000000E+00  0.00000000E+00  0.10000000E-01  0.10000000E+01
 0.16800200E-08  0.12255231E-01  0.00000000E+00  0.30503057E+00  0.00000000E+00  0.00000000E+00  0.18470724E+09  0.00000000E+00  0.00000000E+00  0.00000000E+00  0.00000000E+00  0.00000000E+00  0.10000000E-01  0.10000000E+01
 0.16900200E-08  0.12255231E-01  0.00000000E+00  0.30687765E+00  0.00000000E+00  0.00000000E+00  0.18470724E+09  0.00000000E+00  0.00000000E+00  0.00000000E+00  0.00000000E+00  0.00000000E+00  0.10000000E-01  0.10000000E+01
 0.17000200E-08  0.12255231E-01  0.00000000E+00  0.30872472E+00  0.00000000E+00  0.00000000E+00  0.18470724E+09  0.00000000E+00  0.00000000E+00  0.00000000E+00  0.00000000E+00  0.00000000E+00  0.10000000E-01  0.10000000E+01
 0.17100200E-08  0.12255231E-01  0.00000000E+00  0.31057179E+00  0.00000000E+00  0.00000000E+00  0.18470724E+09  0.00000000E+00  0.00000000E+00  0.00000000E+00  0.00000000E+00  0.00000000E+00  0.10000000E-01  0.10000000E+01
 0.17200200E-08  0.12255231E-01  0.00000000E+00  0.31241886E+00  0.00000000E+00  0.00000000E+00  0.18470724E+09  0.00000000E+00  0.00000000E+00  0.00000000E+00  0.00000000E+00  0.00000000E+00  0.10000000E-01  0.10000000E+01
 0.17300200E-08  0.12255231E-01  0.00000000E+00  0.31426594E+00  0.00000000E+00  0.00000000E+00  0.18470724E+09  0.00000000E+00  0.00000000E+00  0.00000000E+00  0.00000000E+00  0.00000000E+00  0.10000000E-01  0.10000000E+01
 0.17400200E-08  0.12255231E-01  0.00000000E+00  0.31611301E+00  0.00000000E+00  0.00000000E+00  0.18470724E+09  0.00000000E+00  0.00000000E+00  0.00000000E+00  0.00000000E+00  0.00000000E+00  0.10000000E-01  0.10000000E+01
 0.17500200E-08  0.12255231E-01  0.00000000E+00  0.31796008E+00  0.00000000E+00  0.00000000E+00  0.18470724E+09  0.00000000E+00  0.00000000E+00  0.00000000E+00  0.00000000E+00  0.00000000E+00  0.10000000E-01  0.10000000E+01
 0.17600200E-08  0.12255231E-01  0.00000000E+00  0.31980715E+00  0.00000000E+00  0.00000000E+00  0.18470724E+09  0.00000000E+00  0.00000000E+00  0.00000000E+00  0.00000000E+00  0.00000000E+00  0.10000000E-01  0.10000000E+01
 0.17700200E-08  0.12255231E-01  0.00000000E+00  0.32165423E+00  0.00000000E+00  0.00000000E+00  0.18470724E+09  0.00000000E+00  0.00000000E+00  0.00000000E+00  0.00000000E+00  0.00000000E+00  0.10000000E-01  0.10000000E+01
 0.17800200E-08  0.12255231E-01  0.00000000E+00  0.32350130E+00  0.00000000E+00  0.00000000E+00  0.18470724E+09  0.00000000E+00  0.00000000E+00  0.00000000E+00  0.00000000E+00  0.00000000E+00  0.10000000E-01  0.10000000E+01
 0.17900200E-08  0.12255231E-01  0.00000000E+00  0.32534837E+00  0.00000000E+00  0.00000000E+00  0.18470724E+09  0.00000000E+00  0.00000000E+00  0.00000000E+00  0.00000000E+00  0.00000000E+00  0.10000000E-01  0.10000000E+01
 0.18000200E-08  0.12255231E-01  0.00000000E+00  0.32719544E+00  0.00000000E+00  0.00000000E+00  0.18470724E+09  0.00000000E+00  0.00000000E+00  0.00000000E+00  0.00000000E+00  0.00000000E+00  0.10000000E-01  0.10000000E+01
 0.18100200E-08  0.12255231E-01  0.00000000E+00  0.32904252E+00  0.00000000E+00  0.00000000E+00  0.18470724E+09  0.00000000E+00  0.00000000E+00  0.00000000E+00  0.00000000E+00  0.00000000E+00  0.10000000E-01  0.10000000E+01
 0.18200200E-08  0.12255231E-01  0.00000000E+00  0.33088959E+00  0.00000000E+00  0.00000000E+00  0.18470724E+09  0.00000000E+00  0.00000000E+00  0.00000000E+00  0.00000000E+00  0.00000000E+00  0.10000000E-01  0.10000000E+01
 0.18300200E-08  0.12255231E-01  0.00000000E+00  0.33273666E+00  0.00000000E+00  0.00000000E+00  0.18470724E+09  0.00000000E+00  0.00000000E+00  0.00000000E+00  0.00000000E+00  0.00000000E+00  0.10000000E-01  0.10000000E+01
 0.18400200E-08  0.12255231E-01  0.00000000E+00  0.33458373E+00  0.00000000E+00  0.00000000E+00  0.18470724E+09  0.00000000E+00  0.00000000E+00  0.00000000E+00  0.00000000E+00  0.00000000E+00  0.10000000E-01  0.10000000E+01
 0.18500200E-08  0.12255231E-01  0.00000000E+00  0.33643080E+00  0.00000000E+00  0.00000000E+00  0.18470724E+09  0.00000000E+00  0.00000000E+00  0.00000000E+00  0.00000000E+00  0.00000000E+00  0.10000000E-01  0.10000000E+01
 0.18600200E-08  0.12255231E-01  0.00000000E+00  0.33827788E+00  0.00000000E+00  0.00000000E+00  0.18470724E+09  0.00000000E+00  0.00000000E+00  0.00000000E+00  0.00000000E+00  0.00000000E+00  0.10000000E-01  0.10000000E+01
 0.18700200E-08  0.12255231E-01  0.00000000E+00  0.34012495E+00  0.00000000E+00  0.00000000E+00  0.18470724E+09  0.00000000E+00  0.00000000E+00  0.00000000E+00  0.00000000E+00  0.00000000E+00  0.10000000E-01  0.10000000E+01
 0.18800200E-08  0.12255231E-01  0.00000000E+00  0.34197202E+00  0.00000000E+00  0.00000000E+00  0.18470724E+09  0.00000000E+00  0.00000000E+00  0.00000000E+00  0.00000000E+00  0.00000000E+00  0.10000000E-01  0.10000000E+01
 0.18900200E-08  0.12255231E-01  0.00000000E+00  0.34381909E+00  0.00000000E+00  0.00000000E+00  0.18470724E+09  0.00000000E+00  0.00000000E+00  0.00000000E+00  0.00000000E+00  0.00000000E+00  0.10000000E-01  0.10000000E+01
 0.19000200E-08  0.12255231E-01  0.00000000E+00  0.34566617E+00  0.00000000E+00  0.00000000E+00  0.18470724E+09  0.00000000E+00  0.00000000E+00  0.00000000E+00  0.00000000E+00  0.00000000E+00  0.10000000E-01  0.10000000E+01
 0.19100200E-08  0.12255231E-01  0.00000000E+00  0.34751324E+00  0.00000000E+00  0.00000000E+00  0.18470724E+09  0.00000000E+00  0.00000000E+00  0.00000000E+00  0.00000000E+00  0.00000000E+00  0.10000000E-01  0.10000000E+01
 0.19200200E-08  0.12255231E-01  0.00000000E+00  0.34936031E+00  0.00000000E+00  0.00000000E+00  0.18470724E+09  0.00000000E+00  0.00000000E+00  0.00000000E+00  0.00000000E+00  0.00000000E+00  0.10000000E-01  0.10000000E+01
 0.19300200E-08  0.12255231E-01  0.00000000E+00  0.35120738E+00  0.00000000E+00  0.00000000E+00  0.18470724E+09  0.00000000E+00  0.00000000E+00  0.00000000E+00  0.00000000E+00  0.00000000E+00  0.10000000E-01  0.10000000E+01
 0.19400200E-08  0.12255231E-01  0.00000000E+00  0.35305446E+00  0.00000000E+00  0.00000000E+00  0.18470724E+09  0.00000000E+00  0.00000000E+00  0.00000000E+00  0.00000000E+00  0.00000000E+00  0.10000000E-01  0.10000000E+01
 0.19500200E-08  0.12255231E-01  0.00000000E+00  0.35490153E+00  0.00000000E+00  0.00000000E+00  0.18470724E+09  0.00000000E+00  0.00000000E+00  0.00000000E+00  0.00000000E+00  0.00000000E+00  0.10000000E-01  0.10000000E+01
 0.19600200E-08  0.12255231E-01  0.00000000E+00  0.35674860E+00  0.00000000E+00  0.00000000E+00  0.18470724E+09  0.00000000E+00  0.00000000E+00  0.00000000E+00  0.00000000E+00  0.00000000E+00  0.10000000E-01  0.10000000E+01
 0.19700200E-08  0.12255231E-01  0.00000000E+00  0.35859567E+00  0.00000000E+00  0.00000000E+00  0.18470724E+09  0.00000000E+00  0.00000000E+00  0.00000000E+00  0.00000000E+00  0.00000000E+00  0.10000000E-01  0.10000000E+01
 0.19800200E-08  0.12255231E-01  0.00000000E+00  0.36044275E+00  0.00000000E+00  0.00000000E+00  0.18470724E+09  0.00000000E+00  0.00000000E+00  0.00000000E+00  0.00000000E+00  0.00000000E+00  0.10000000E-01  0.10000000E+01
 0.19900200E-08  0.12255231E-01  0.00000000E+00  0.36228982E+00  0.00000000E+00  0.00000000E+00  0.18470724E+09  0.00000000E+00  0.00000000E+00  0.00000000E+00  0.00000000E+00  0.00000000E+00  0.10000000E-01  0.10000000E+01
