# ptime xp yp zp vx vy vz ex ey ez bx by bz wt
 0.20000000E-13  0.66087964E-02  0.00000000E+00 -0.76386215E-02  0.00000000E+00  0.00000000E+00  0.16521429E+09  0.00000000E+00  0.00000000E+00  0.00000000E+00  0.00000000E+00  0.00000000E+00  0.10000000E-01  0.10000000E+01
 0.10000000E-10  0.66087964E-02  0.00000000E+00 -0.59897829E-02  0.00000000E+00  0.00000000E+00  0.16521429E+09  0.00000000E+00  0.00000000E+00  0.00000000E+00  0.00000000E+00  0.00000000E+00  0.10000000E-01  0.10000000E+01
 0.20000000E-10  0.66087964E-02  0.00000000E+00 -0.43376400E-02  0.00000000E+00  0.00000000E+00  0.16521429E+09  0.00000000E+00  0.00000000E+00  0.00000000E+00  0.00000000E+00  0.00000000E+00  0.10000000E-01  0.10000000E+01
 0.30000000E-10  0.66087964E-02  0.00000000E+00 -0.26854971E-02  0.00000000E+00  0.00000000E+00  0.16521429E+09  0.00000000E+00  0.00000000E+00  0.00000000E+00  0.00000000E+00  0.00000000E+00  0.10000000E-01  0.10000000E+01
 0.40020000E-10  0.66087964E-02  0.00000000E+00 -0.10300500E-02  0.00000000E+00  0.00000000E+00  0.16521429E+09  0.00000000E+00  0.00000000E+00  0.00000000E+00  0.00000000E+00  0.00000000E+00  0.10000000E-01  0.10000000E+01
 0.50020000E-10  0.66087964E-02  0.00000000E+00  0.62209293E-03  0.00000000E+00  0.00000000E+00  0.16521429E+09  0.00000000E+00  0.00000000E+00  0.00000000E+00  0.00000000E+00  0.00000000E+00  0.10000000E-01  0.10000000E+01
 0.60020000E-10  0.66087964E-02  0.00000000E+00  0.22742358E-02  0.00000000E+00  0.00000000E+00  0.16521429E+09  0.00000000E+00  0.00000000E+00  0.00000000E+00  0.00000000E+00  0.00000000E+00  0.10000000E-01  0.10000000E+01
 0.70020000E-10  0.66087964E-02  0.00000000E+00  0.39263787E-02  0.00000000E+00  0.00000000E+00  0.16521429E+09  0.00000000E+00  0.00000000E+00  0.00000000E+00  0.00000000E+00  0.00000000E+00  0.10000000E-01  0.10000000E+01
 0.80000000E-10  0.66087964E-02  0.00000000E+00  0.55752173E-02  0.00000000E+00  0.00000000E+00  0.16521429E+09  0.00000000E+00  0.00000000E+00  0.00000000E+00  0.00000000E+00  0.00000000E+00  0.10000000E-01  0.10000000E+01
 0.90000000E-10  0.66087964E-02  0.00000000E+00  0.72273602E-02  0.00000000E+00  0.00000000E+00  0.16521429E+09  0.00000000E+00  0.00000000E+00  0.00000000E+00  0.00000000E+00  0.00000000E+00  0.10000000E-01  0.10000000E+01
 0.10000000E-09  0.66087964E-02  0.00000000E+00  0.88795031E-02  0.00000000E+00  0.00000000E+00  0.16521429E+09  0.00000000E+00  0.00000000E+00  0.00000000E+00  0.00000000E+00  0.00000000E+00  0.10000000E-01  0.10000000E+01
 0.11000000E-09  0.66087964E-02  0.00000000E+00  0.10531646E-01  0.00000000E+00  0.00000000E+00  0.16521429E+09  0.00000000E+00  0.00000000E+00  0.00000000E+00  0.00000000E+00  0.00000000E+00  0.10000000E-01  0.10000000E+01
 0.12000000E-09  0.66087964E-02  0.00000000E+00  0.12183789E-01  0.00000000E+00  0.00000000E+00  0.16521429E+09  0.00000000E+00  0.00000000E+00  0.00000000E+00  0.00000000E+00  0.00000000E+00  0.10000000E-01  0.10000000E+01
 0.13000000E-09  0.66087964E-02  0.00000000E+00  0.13835932E-01  0.00000000E+00  0.00000000E+00  0.16521429E+09  0.00000000E+00  0.00000000E+00  0.00000000E+00  0.00000000E+00  0.00000000E+00  0.10000000E-01  0.10000000E+01
 0.14002000E-09  0.66087964E-02  0.00000000E+00  0.15491379E-01  0.00000000E+00  0.00000000E+00  0.16521429E+09  0.00000000E+00  0.00000000E+00  0.00000000E+00  0.00000000E+00  0.00000000E+00  0.10000000E-01  0.10000000E+01
 0.15002000E-09  0.66087964E-02  0.00000000E+00  0.17143522E-01  0.00000000E+00  0.00000000E+00  0.16521429E+09  0.00000000E+00  0.00000000E+00  0.00000000E+00  0.00000000E+00  0.00000000E+00  0.10000000E-01  0.10000000E+01
 0.16002000E-09  0.66087964E-02  0.00000000E+00  0.18795665E-01  0.00000000E+00  0.00000000E+00  0.16521429E+09  0.00000000E+00  0.00000000E+00  0.00000000E+00  0.00000000E+00  0.00000000E+00  0.10000000E-01  0.10000000E+01
 0.17002000E-09  0.66087964E-02  0.00000000E+00  0.20447808E-01  0.00000000E+00  0.00000000E+00  0.16521429E+09  0.00000000E+00  0.00000000E+00  0.00000000E+00  0.00000000E+00  0.00000000E+00  0.10000000E-01  0.10000000E+01
 0.18002000E-09  0.66087964E-02  0.00000000E+00  0.22099950E-01  0.00000000E+00  0.00000000E+00  0.16521429E+09  0.00000000E+00  0.00000000E+00  0.00000000E+00  0.00000000E+00  0.00000000E+00  0.10000000E-01  0.10000000E+01
 0.19002000E-09  0.66087964E-02  0.00000000E+00  0.23752093E-01  0.00000000E+00  0.00000000E+00  0.16521429E+09  0.00000000E+00  0.00000000E+00  0.00000000E+00  0.00000000E+00  0.00000000E+00  0.10000000E-01  0.10000000E+01
 0.20002000E-09  0.66087964E-02  0.00000000E+00  0.25404236E-01  0.00000000E+00  0.00000000E+00  0.16521429E+09  0.00000000E+00  0.00000000E+00  0.00000000E+00  0.00000000E+00  0.00000000E+00  0.10000000E-01  0.10000000E+01
 0.21002000E-09  0.66087964E-02  0.00000000E+00  0.27056379E-01  0.00000000E+00  0.00000000E+00  0.16521429E+09  0.00000000E+00  0.00000000E+00  0.00000000E+00  0.00000000E+00  0.00000000E+00  0.10000000E-01  0.10000000E+01
 0.22002000E-09  0.66087964E-02  0.00000000E+00  0.28708522E-01  0.00000000E+00  0.00000000E+00  0.16521429E+09  0.00000000E+00  0.00000000E+00  0.00000000E+00  0.00000000E+00  0.00000000E+00  0.10000000E-01  0.10000000E+01
 0.23002000E-09  0.66087964E-02  0.00000000E+00  0.30360665E-01  0.00000000E+00  0.00000000E+00  0.16521429E+09  0.00000000E+00  0.00000000E+00  0.00000000E+00  0.00000000E+00  0.00000000E+00  0.10000000E-01  0.10000000E+01
 0.24002000E-09  0.66087964E-02  0.00000000E+00  0.32012808E-01  0.00000000E+00  0.00000000E+00  0.16521429E+09  0.00000000E+00  0.00000000E+00  0.00000000E+00  0.00000000E+00  0.00000000E+00  0.10000000E-01  0.10000000E+01
 0.25002000E-09  0.66087964E-02  0.00000000E+00  0.33664951E-01  0.00000000E+00  0.00000000E+00  0.16521429E+09  0.00000000E+00  0.00000000E+00  0.00000000E+00  0.00000000E+00  0.00000000E+00  0.10000000E-01  0.10000000E+01
 0.26002000E-09  0.66087964E-02  0.00000000E+00  0.35317094E-01  0.00000000E+00  0.00000000E+00  0.16521429E+09  0.00000000E+00  0.00000000E+00  0.00000000E+00  0.00000000E+00  0.00000000E+00  0.10000000E-01  0.10000000E+01
 0.27002000E-09  0.66087964E-02  0.00000000E+00  0.36969237E-01  0.00000000E+00  0.00000000E+00  0.16521429E+09  0.00000000E+00  0.00000000E+00  0.00000000E+00  0.00000000E+00  0.00000000E+00  0.10000000E-01  0.10000000E+01
 0.28002000E-09  0.66087964E-02  0.00000000E+00  0.38621379E-01  0.00000000E+00  0.00000000E+00  0.16521429E+09  0.00000000E+00  0.00000000E+00  0.00000000E+00  0.00000000E+00  0.00000000E+00  0.10000000E-01  0.10000000E+01
 0.29002000E-09  0.66087964E-02  0.00000000E+00  0.40273522E-01  0.00000000E+00  0.00000000E+00  0.16521429E+09  0.00000000E+00  0.00000000E+00  0.00000000E+00  0.00000000E+00  0.00000000E+00  0.10000000E-01  0.10000000E+01
 0.30000000E-09  0.66087964E-02  0.00000000E+00  0.41922361E-01  0.00000000E+00  0.00000000E+00  0.16521429E+09  0.00000000E+00  0.00000000E+00  0.00000000E+00  0.00000000E+00  0.00000000E+00  0.10000000E-01  0.10000000E+01
 0.31000000E-09  0.66087964E-02  0.00000000E+00  0.43574504E-01  0.00000000E+00  0.00000000E+00  0.16521429E+09  0.00000000E+00  0.00000000E+00  0.00000000E+00  0.00000000E+00  0.00000000E+00  0.10000000E-01  0.10000000E+01
 0.32000000E-09  0.66087964E-02  0.00000000E+00  0.45226647E-01  0.00000000E+00  0.00000000E+00  0.16521429E+09  0.00000000E+00  0.00000000E+00  0.00000000E+00  0.00000000E+00  0.00000000E+00  0.10000000E-01  0.10000000E+01
 0.33000000E-09  0.66087964E-02  0.00000000E+00  0.46878790E-01  0.00000000E+00  0.00000000E+00  0.16521429E+09  0.00000000E+00  0.00000000E+00  0.00000000E+00  0.00000000E+00  0.00000000E+00  0.10000000E-01  0.10000000E+01
 0.34000000E-09  0.66087964E-02  0.00000000E+00  0.48530932E-01  0.00000000E+00  0.00000000E+00  0.16521429E+09  0.00000000E+00  0.00000000E+00  0.00000000E+00  0.00000000E+00  0.00000000E+00  0.10000000E-01  0.10000000E+01
 0.35000000E-09  0.66087964E-02  0.00000000E+00  0.50183075E-01  0.00000000E+00  0.00000000E+00  0.16521429E+09  0.00000000E+00  0.00000000E+00  0.00000000E+00  0.00000000E+00  0.00000000E+00  0.10000000E-01  0.10000000E+01
 0.36000000E-09  0.66087964E-02  0.00000000E+00  0.51835218E-01  0.00000000E+00  0.00000000E+00  0.16521429E+09  0.00000000E+00  0.00000000E+00  0.00000000E+00  0.00000000E+00  0.00000000E+00  0.10000000E-01  0.10000000E+01
 0.37000000E-09  0.66087964E-02  0.00000000E+00  0.53487361E-01  0.00000000E+00  0.00000000E+00  0.16521429E+09  0.00000000E+00  0.00000000E+00  0.00000000E+00  0.00000000E+00  0.00000000E+00  0.10000000E-01  0.10000000E+01
 0.38000000E-09  0.66087964E-02  0.00000000E+00  0.55139504E-01  0.00000000E+00  0.00000000E+00  0.16521429E+09  0.00000000E+00  0.00000000E+00  0.00000000E+00  0.00000000E+00  0.00000000E+00  0.10000000E-01  0.10000000E+01
 0.39000000E-09  0.66087964E-02  0.00000000E+00  0.56791647E-01  0.00000000E+00  0.00000000E+00  0.16521429E+09  0.00000000E+00  0.00000000E+00  0.00000000E+00  0.00000000E+00  0.00000000E+00  0.10000000E-01  0.10000000E+01
 0.40000000E-09  0.66087964E-02  0.00000000E+00  0.58443790E-01  0.00000000E+00  0.00000000E+00  0.16521429E+09  0.00000000E+00  0.00000000E+00  0.00000000E+00  0.00000000E+00  0.00000000E+00  0.10000000E-01  0.10000000E+01
 0.41000000E-09  0.66087964E-02  0.00000000E+00  0.60095933E-01  0.00000000E+00  0.00000000E+00  0.16521429E+09  0.00000000E+00  0.00000000E+00  0.00000000E+00  0.00000000E+00  0.00000000E+00  0.10000000E-01  0.10000000E+01
 0.42000000E-09  0.66087964E-02  0.00000000E+00  0.61748076E-01  0.00000000E+00  0.00000000E+00  0.16521429E+09  0.00000000E+00  0.00000000E+00  0.00000000E+00  0.00000000E+00  0.00000000E+00  0.10000000E-01  0.10000000E+01
 0.43000000E-09  0.66087964E-02  0.00000000E+00  0.63400218E-01  0.00000000E+00  0.00000000E+00  0.16521429E+09  0.00000000E+00  0.00000000E+00  0.00000000E+00  0.00000000E+00  0.00000000E+00  0.10000000E-01  0.10000000E+01
 0.44000000E-09  0.66087964E-02  0.00000000E+00  0.65052361E-01  0.00000000E+00  0.00000000E+00  0.16521429E+09  0.00000000E+00  0.00000000E+00  0.00000000E+00  0.00000000E+00  0.00000000E+00  0.10000000E-01  0.10000000E+01
 0.45000000E-09  0.66087964E-02  0.00000000E+00  0.66704504E-01  0.00000000E+00  0.00000000E+00  0.16521429E+09  0.00000000E+00  0.00000000E+00  0.00000000E+00  0.00000000E+00  0.00000000E+00  0.10000000E-01  0.10000000E+01
 0.46000000E-09  0.66087964E-02  0.00000000E+00  0.68356647E-01  0.00000000E+00  0.00000000E+00  0.16521429E+09  0.00000000E+00  0.00000000E+00  0.00000000E+00  0.00000000E+00  0.00000000E+00  0.10000000E-01  0.10000000E+01
 0.47000000E-09  0.66087964E-02  0.00000000E+00  0.70008790E-01  0.00000000E+00  0.00000000E+00  0.16521429E+09  0.00000000E+00  0.00000000E+00  0.00000000E+00  0.00000000E+00  0.00000000E+00  0.10000000E-01  0.10000000E+01
 0.48000000E-09  0.66087964E-02  0.00000000E+00  0.71660933E-01  0.00000000E+00  0.00000000E+00  0.16521429E+09  0.00000000E+00  0.00000000E+00  0.00000000E+00  0.00000000E+00  0.00000000E+00  0.10000000E-01  0.10000000E+01
 0.49000000E-09  0.66087964E-02  0.00000000E+00  0.73313076E-01  0.00000000E+00  0.00000000E+00  0.16521429E+09  0.00000000E+00  0.00000000E+00  0.00000000E+00  0.00000000E+00  0.00000000E+00  0.10000000E-01  0.10000000E+01
 0.50000000E-09  0.66087964E-02  0.00000000E+00  0.74965219E-01  0.00000000E+00  0.00000000E+00  0.16521429E+09  0.00000000E+00  0.00000000E+00  0.00000000E+00  0.00000000E+00  0.00000000E+00  0.10000000E-01  0.10000000E+01
 0.51000000E-09  0.66087964E-02  0.00000000E+00  0.76617362E-01  0.00000000E+00  0.00000000E+00  0.16521429E+09  0.00000000E+00  0.00000000E+00  0.00000000E+00  0.00000000E+00  0.00000000E+00  0.10000000E-01  0.10000000E+01
 0.52000000E-09  0.66087964E-02  0.00000000E+00  0.78269504E-01  0.00000000E+00  0.00000000E+00  0.16521429E+09  0.00000000E+00  0.00000000E+00  0.00000000E+00  0.00000000E+00  0.00000000E+00  0.10000000E-01  0.10000000E+01
 0.53000000E-09  0.66087964E-02  0.00000000E+00  0.79921647E-01  0.00000000E+00  0.00000000E+00  0.16521429E+09  0.00000000E+00  0.00000000E+00  0.00000000E+00  0.00000000E+00  0.00000000E+00  0.10000000E-01  0.10000000E+01
 0.54000000E-09  0.66087964E-02  0.00000000E+00  0.81573790E-01  0.00000000E+00  0.00000000E+00  0.16521429E+09  0.00000000E+00  0.00000000E+00  0.00000000E+00  0.00000000E+00  0.00000000E+00  0.10000000E-01  0.10000000E+01
 0.55002000E-09  0.66087964E-02  0.00000000E+00  0.83229237E-01  0.00000000E+00  0.00000000E+00  0.16521429E+09  0.00000000E+00  0.00000000E+00  0.00000000E+00  0.00000000E+00  0.00000000E+00  0.10000000E-01  0.10000000E+01
 0.56002000E-09  0.66087964E-02  0.00000000E+00  0.84881380E-01  0.00000000E+00  0.00000000E+00  0.16521429E+09  0.00000000E+00  0.00000000E+00  0.00000000E+00  0.00000000E+00  0.00000000E+00  0.10000000E-01  0.10000000E+01
 0.57002000E-09  0.66087964E-02  0.00000000E+00  0.86533523E-01  0.00000000E+00  0.00000000E+00  0.16521429E+09  0.00000000E+00  0.00000000E+00  0.00000000E+00  0.00000000E+00  0.00000000E+00  0.10000000E-01  0.10000000E+01
 0.58002000E-09  0.66087964E-02  0.00000000E+00  0.88185666E-01  0.00000000E+00  0.00000000E+00  0.16521429E+09  0.00000000E+00  0.00000000E+00  0.00000000E+00  0.00000000E+00  0.00000000E+00  0.10000000E-01  0.10000000E+01
 0.59002000E-09  0.66087964E-02  0.00000000E+00  0.89837809E-01  0.00000000E+00  0.00000000E+00  0.16521429E+09  0.00000000E+00  0.00000000E+00  0.00000000E+00  0.00000000E+00  0.00000000E+00  0.10000000E-01  0.10000000E+01
 0.60002000E-09  0.66087964E-02  0.00000000E+00  0.91489952E-01  0.00000000E+00  0.00000000E+00  0.16521429E+09  0.00000000E+00  0.00000000E+00  0.00000000E+00  0.00000000E+00  0.00000000E+00  0.10000000E-01  0.10000000E+01
 0.61002000E-09  0.66087964E-02  0.00000000E+00  0.93142095E-01  0.00000000E+00  0.00000000E+00  0.16521429E+09  0.00000000E+00  0.00000000E+00  0.00000000E+00  0.00000000E+00  0.00000000E+00  0.10000000E-01  0.10000000E+01
 0.62002000E-09  0.66087964E-02  0.00000000E+00  0.94794238E-01  0.00000000E+00  0.00000000E+00  0.16521429E+09  0.00000000E+00  0.00000000E+00  0.00000000E+00  0.00000000E+00  0.00000000E+00  0.10000000E-01  0.10000000E+01
 0.63002000E-09  0.66087964E-02  0.00000000E+00  0.96446381E-01  0.00000000E+00  0.00000000E+00  0.16521429E+09  0.00000000E+00  0.00000000E+00  0.00000000E+00  0.00000000E+00  0.00000000E+00  0.10000000E-01  0.10000000E+01
 0.64002000E-09  0.66087964E-02  0.00000000E+00  0.98098523E-01  0.00000000E+00  0.00000000E+00  0.16521429E+09  0.00000000E+00  0.00000000E+00  0.00000000E+00  0.00000000E+00  0.00000000E+00  0.10000000E-01  0.10000000E+01
 0.65002000E-09  0.66087964E-02  0.00000000E+00  0.99750666E-01  0.00000000E+00  0.00000000E+00  0.16521429E+09  0.00000000E+00  0.00000000E+00  0.00000000E+00  0.00000000E+00  0.00000000E+00  0.10000000E-01  0.10000000E+01
 0.66002000E-09  0.66087964E-02  0.00000000E+00  0.10140281E+00  0.00000000E+00  0.00000000E+00  0.16521429E+09  0.00000000E+00  0.00000000E+00  0.00000000E+00  0.00000000E+00  0.00000000E+00  0.10000000E-01  0.10000000E+01
 0.67002000E-09  0.66087964E-02  0.00000000E+00  0.10305495E+00  0.00000000E+00  0.00000000E+00  0.16521429E+09  0.00000000E+00  0.00000000E+00  0.00000000E+00  0.00000000E+00  0.00000000E+00  0.10000000E-01  0.10000000E+01
 0.68002000E-09  0.66087964E-02  0.00000000E+00  0.10470709E+00  0.00000000E+00  0.00000000E+00  0.16521429E+09  0.00000000E+00  0.00000000E+00  0.00000000E+00  0.00000000E+00  0.00000000E+00  0.10000000E-01  0.10000000E+01
 0.69002000E-09  0.66087964E-02  0.00000000E+00  0.10635924E+00  0.00000000E+00  0.00000000E+00  0.16521429E+09  0.00000000E+00  0.00000000E+00  0.00000000E+00  0.00000000E+00  0.00000000E+00  0.10000000E-01  0.10000000E+01
 0.70002000E-09  0.66087964E-02  0.00000000E+00  0.10801138E+00  0.00000000E+00  0.00000000E+00  0.16521429E+09  0.00000000E+00  0.00000000E+00  0.00000000E+00  0.00000000E+00  0.00000000E+00  0.10000000E-01  0.10000000E+01
 0.71002000E-09  0.66087964E-02  0.00000000E+00  0.10966352E+00  0.00000000E+00  0.00000000E+00  0.16521429E+09  0.00000000E+00  0.00000000E+00  0.00000000E+00  0.00000000E+00  0.00000000E+00  0.10000000E-01  0.10000000E+01
 0.72002000E-09  0.66087964E-02  0.00000000E+00  0.11131567E+00  0.00000000E+00  0.00000000E+00  0.16521429E+09  0.00000000E+00  0.00000000E+00  0.00000000E+00  0.00000000E+00  0.00000000E+00  0.10000000E-01  0.10000000E+01
 0.73002000E-09  0.66087964E-02  0.00000000E+00  0.11296781E+00  0.00000000E+00  0.00000000E+00  0.16521429E+09  0.00000000E+00  0.00000000E+00  0.00000000E+00  0.00000000E+00  0.00000000E+00  0.10000000E-01  0.10000000E+01
 0.74002000E-09  0.66087964E-02  0.00000000E+00  0.11461995E+00  0.00000000E+00  0.00000000E+00  0.16521429E+09  0.00000000E+00  0.00000000E+00  0.00000000E+00  0.00000000E+00  0.00000000E+00  0.10000000E-01  0.10000000E+01
 0.75002000E-09  0.66087964E-02  0.00000000E+00  0.11627210E+00  0.00000000E+00  0.00000000E+00  0.16521429E+09  0.00000000E+00  0.00000000E+00  0.00000000E+00  0.00000000E+00  0.00000000E+00  0.10000000E-01  0.10000000E+01
 0.76002000E-09  0.66087964E-02  0.00000000E+00  0.11792424E+00  0.00000000E+00  0.00000000E+00  0.16521429E+09  0.00000000E+00  0.00000000E+00  0.00000000E+00  0.00000000E+00  0.00000000E+00  0.10000000E-01  0.10000000E+01
 0.77002000E-09  0.66087964E-02  0.00000000E+00  0.11957638E+00  0.00000000E+00  0.00000000E+00  0.16521429E+09  0.00000000E+00  0.00000000E+00  0.00000000E+00  0.00000000E+00  0.00000000E+00  0.10000000E-01  0.10000000E+01
 0.78002000E-09  0.66087964E-02  0.00000000E+00  0.12122852E+00  0.00000000E+00  0.00000000E+00  0.16521429E+09  0.00000000E+00  0.00000000E+00  0.00000000E+00  0.00000000E+00  0.00000000E+00  0.10000000E-01  0.10000000E+01
 0.79002000E-09  0.66087964E-02  0.00000000E+00  0.12288067E+00  0.00000000E+00  0.00000000E+00  0.16521429E+09  0.00000000E+00  0.00000000E+00  0.00000000E+00  0.00000000E+00  0.00000000E+00  0.10000000E-01  0.10000000E+01
 0.80002000E-09  0.66087964E-02  0.00000000E+00  0.12453281E+00  0.00000000E+00  0.00000000E+00  0.16521429E+09  0.00000000E+00  0.00000000E+00  0.00000000E+00  0.00000000E+00  0.00000000E+00  0.10000000E-01  0.10000000E+01
 0.81002000E-09  0.66087964E-02  0.00000000E+00  0.12618495E+00  0.00000000E+00  0.00000000E+00  0.16521429E+09  0.00000000E+00  0.00000000E+00  0.00000000E+00  0.00000000E+00  0.00000000E+00  0.10000000E-01  0.10000000E+01
 0.82002000E-09  0.66087964E-02  0.00000000E+00  0.12783710E+00  0.00000000E+00  0.00000000E+00  0.16521429E+09  0.00000000E+00  0.00000000E+00  0.00000000E+00  0.00000000E+00  0.00000000E+00  0.10000000E-01  0.10000000E+01
 0.83002000E-09  0.66087964E-02  0.00000000E+00  0.12948924E+00  0.00000000E+00  0.00000000E+00  0.16521429E+09  0.00000000E+00  0.00000000E+00  0.00000000E+00  0.00000000E+00  0.00000000E+00  0.10000000E-01  0.10000000E+01
 0.84002000E-09  0.66087964E-02  0.00000000E+00  0.13114138E+00  0.00000000E+00  0.00000000E+00  0.16521429E+09  0.00000000E+00  0.00000000E+00  0.00000000E+00  0.00000000E+00  0.00000000E+00  0.10000000E-01  0.10000000E+01
 0.85002000E-09  0.66087964E-02  0.00000000E+00  0.13279352E+00  0.00000000E+00  0.00000000E+00  0.16521429E+09  0.00000000E+00  0.00000000E+00  0.00000000E+00  0.00000000E+00  0.00000000E+00  0.10000000E-01  0.10000000E+01
 0.86002000E-09  0.66087964E-02  0.00000000E+00  0.13444567E+00  0.00000000E+00  0.00000000E+00  0.16521429E+09  0.00000000E+00  0.00000000E+00  0.00000000E+00  0.00000000E+00  0.00000000E+00  0.10000000E-01  0.10000000E+01
 0.87002000E-09  0.66087964E-02  0.00000000E+00  0.13609781E+00  0.00000000E+00  0.00000000E+00  0.16521429E+09  0.00000000E+00  0.00000000E+00  0.00000000E+00  0.00000000E+00  0.00000000E+00  0.10000000E-01  0.10000000E+01
 0.88002000E-09  0.66087964E-02  0.00000000E+00  0.13774995E+00  0.00000000E+00  0.00000000E+00  0.16521429E+09  0.00000000E+00  0.00000000E+00  0.00000000E+00  0.00000000E+00  0.00000000E+00  0.10000000E-01  0.10000000E+01
 0.89002000E-09  0.66087964E-02  0.00000000E+00  0.13940210E+00  0.00000000E+00  0.00000000E+00  0.16521429E+09  0.00000000E+00  0.00000000E+00  0.00000000E+00  0.00000000E+00  0.00000000E+00  0.10000000E-01  0.10000000E+01
 0.90002000E-09  0.66087964E-02  0.00000000E+00  0.14105424E+00  0.00000000E+00  0.00000000E+00  0.16521429E+09  0.00000000E+00  0.00000000E+00  0.00000000E+00  0.00000000E+00  0.00000000E+00  0.10000000E-01  0.10000000E+01
 0.91002000E-09  0.66087964E-02  0.00000000E+00  0.14270638E+00  0.00000000E+00  0.00000000E+00  0.16521429E+09  0.00000000E+00  0.00000000E+00  0.00000000E+00  0.00000000E+00  0.00000000E+00  0.10000000E-01  0.10000000E+01
 0.92002000E-09  0.66087964E-02  0.00000000E+00  0.14435852E+00  0.00000000E+00  0.00000000E+00  0.16521429E+09  0.00000000E+00  0.00000000E+00  0.00000000E+00  0.00000000E+00  0.00000000E+00  0.10000000E-01  0.10000000E+01
 0.93002000E-09  0.66087964E-02  0.00000000E+00  0.14601067E+00  0.00000000E+00  0.00000000E+00  0.16521429E+09  0.00000000E+00  0.00000000E+00  0.00000000E+00  0.00000000E+00  0.00000000E+00  0.10000000E-01  0.10000000E+01
 0.94002000E-09  0.66087964E-02  0.00000000E+00  0.14766281E+00  0.00000000E+00  0.00000000E+00  0.16521429E+09  0.00000000E+00  0.00000000E+00  0.00000000E+00  0.00000000E+00  0.00000000E+00  0.10000000E-01  0.10000000E+01
 0.95002000E-09  0.66087964E-02  0.00000000E+00  0.14931495E+00  0.00000000E+00  0.00000000E+00  0.16521429E+09  0.00000000E+00  0.00000000E+00  0.00000000E+00  0.00000000E+00  0.00000000E+00  0.10000000E-01  0.10000000E+01
 0.96002000E-09  0.66087964E-02  0.00000000E+00  0.15096710E+00  0.00000000E+00  0.00000000E+00  0.16521429E+09  0.00000000E+00  0.00000000E+00  0.00000000E+00  0.00000000E+00  0.00000000E+00  0.10000000E-01  0.10000000E+01
 0.97002000E-09  0.66087964E-02  0.00000000E+00  0.15261924E+00  0.00000000E+00  0.00000000E+00  0.16521429E+09  0.00000000E+00  0.00000000E+00  0.00000000E+00  0.00000000E+00  0.00000000E+00  0.10000000E-01  0.10000000E+01
 0.98002000E-09  0.66087964E-02  0.00000000E+00  0.15427138E+00  0.00000000E+00  0.00000000E+00  0.16521429E+09  0.00000000E+00  0.00000000E+00  0.00000000E+00  0.00000000E+00  0.00000000E+00  0.10000000E-01  0.10000000E+01
 0.99002000E-09  0.66087964E-02  0.00000000E+00  0.15592352E+00  0.00000000E+00  0.00000000E+00  0.16521429E+09  0.00000000E+00  0.00000000E+00  0.00000000E+00  0.00000000E+00  0.00000000E+00  0.10000000E-01  0.10000000E+01
 0.10000200E-08  0.66087964E-02  0.00000000E+00  0.15757567E+00  0.00000000E+00  0.00000000E+00  0.16521429E+09  0.00000000E+00  0.00000000E+00  0.00000000E+00  0.00000000E+00  0.00000000E+00  0.10000000E-01  0.10000000E+01
 0.10100200E-08  0.66087964E-02  0.00000000E+00  0.15922781E+00  0.00000000E+00  0.00000000E+00  0.16521429E+09  0.00000000E+00  0.00000000E+00  0.00000000E+00  0.00000000E+00  0.00000000E+00  0.10000000E-01  0.10000000E+01
 0.10200200E-08  0.66087964E-02  0.00000000E+00  0.16087995E+00  0.00000000E+00  0.00000000E+00  0.16521429E+09  0.00000000E+00  0.00000000E+00  0.00000000E+00  0.00000000E+00  0.00000000E+00  0.10000000E-01  0.10000000E+01
 0.10300200E-08  0.66087964E-02  0.00000000E+00  0.16253210E+00  0.00000000E+00  0.00000000E+00  0.16521429E+09  0.00000000E+00  0.00000000E+00  0.00000000E+00  0.00000000E+00  0.00000000E+00  0.10000000E-01  0.10000000E+01
 0.10400200E-08  0.66087964E-02  0.00000000E+00  0.16418424E+00  0.00000000E+00  0.00000000E+00  0.16521429E+09  0.00000000E+00  0.00000000E+00  0.00000000E+00  0.00000000E+00  0.00000000E+00  0.10000000E-01  0.10000000E+01
 0.10500200E-08  0.66087964E-02  0.00000000E+00  0.16583638E+00  0.00000000E+00  0.00000000E+00  0.16521429E+09  0.00000000E+00  0.00000000E+00  0.00000000E+00  0.00000000E+00  0.00000000E+00  0.10000000E-01  0.10000000E+01
 0.10600200E-08  0.66087964E-02  0.00000000E+00  0.16748852E+00  0.00000000E+00  0.00000000E+00  0.16521429E+09  0.00000000E+00  0.00000000E+00  0.00000000E+00  0.00000000E+00  0.00000000E+00  0.10000000E-01  0.10000000E+01
 0.10700200E-08  0.66087964E-02  0.00000000E+00  0.16914067E+00  0.00000000E+00  0.00000000E+00  0.16521429E+09  0.00000000E+00  0.00000000E+00  0.00000000E+00  0.00000000E+00  0.00000000E+00  0.10000000E-01  0.10000000E+01
 0.10800200E-08  0.66087964E-02  0.00000000E+00  0.17079281E+00  0.00000000E+00  0.00000000E+00  0.16521429E+09  0.00000000E+00  0.00000000E+00  0.00000000E+00  0.00000000E+00  0.00000000E+00  0.10000000E-01  0.10000000E+01
 0.10900200E-08  0.66087964E-02  0.00000000E+00  0.17244495E+00  0.00000000E+00  0.00000000E+00  0.16521429E+09  0.00000000E+00  0.00000000E+00  0.00000000E+00  0.00000000E+00  0.00000000E+00  0.10000000E-01  0.10000000E+01
 0.11000200E-08  0.66087964E-02  0.00000000E+00  0.17409710E+00  0.00000000E+00  0.00000000E+00  0.16521429E+09  0.00000000E+00  0.00000000E+00  0.00000000E+00  0.00000000E+00  0.00000000E+00  0.10000000E-01  0.10000000E+01
 0.11100200E-08  0.66087964E-02  0.00000000E+00  0.17574924E+00  0.00000000E+00  0.00000000E+00  0.16521429E+09  0.00000000E+00  0.00000000E+00  0.00000000E+00  0.00000000E+00  0.00000000E+00  0.10000000E-01  0.10000000E+01
 0.11200200E-08  0.66087964E-02  0.00000000E+00  0.17740138E+00  0.00000000E+00  0.00000000E+00  0.16521429E+09  0.00000000E+00  0.00000000E+00  0.00000000E+00  0.00000000E+00  0.00000000E+00  0.10000000E-01  0.10000000E+01
 0.11300200E-08  0.66087964E-02  0.00000000E+00  0.17905353E+00  0.00000000E+00  0.00000000E+00  0.16521429E+09  0.00000000E+00  0.00000000E+00  0.00000000E+00  0.00000000E+00  0.00000000E+00  0.10000000E-01  0.10000000E+01
 0.11400200E-08  0.66087964E-02  0.00000000E+00  0.18070567E+00  0.00000000E+00  0.00000000E+00  0.16521429E+09  0.00000000E+00  0.00000000E+00  0.00000000E+00  0.00000000E+00  0.00000000E+00  0.10000000E-01  0.10000000E+01
 0.11500200E-08  0.66087964E-02  0.00000000E+00  0.18235781E+00  0.00000000E+00  0.00000000E+00  0.16521429E+09  0.00000000E+00  0.00000000E+00  0.00000000E+00  0.00000000E+00  0.00000000E+00  0.10000000E-01  0.10000000E+01
 0.11600200E-08  0.66087964E-02  0.00000000E+00  0.18400995E+00  0.00000000E+00  0.00000000E+00  0.16521429E+09  0.00000000E+00  0.00000000E+00  0.00000000E+00  0.00000000E+00  0.00000000E+00  0.10000000E-01  0.10000000E+01
 0.11700200E-08  0.66087964E-02  0.00000000E+00  0.18566210E+00  0.00000000E+00  0.00000000E+00  0.16521429E+09  0.00000000E+00  0.00000000E+00  0.00000000E+00  0.00000000E+00  0.00000000E+00  0.10000000E-01  0.10000000E+01
 0.11800200E-08  0.66087964E-02  0.00000000E+00  0.18731424E+00  0.00000000E+00  0.00000000E+00  0.16521429E+09  0.00000000E+00  0.00000000E+00  0.00000000E+00  0.00000000E+00  0.00000000E+00  0.10000000E-01  0.10000000E+01
 0.11900200E-08  0.66087964E-02  0.00000000E+00  0.18896638E+00  0.00000000E+00  0.00000000E+00  0.16521429E+09  0.00000000E+00  0.00000000E+00  0.00000000E+00  0.00000000E+00  0.00000000E+00  0.10000000E-01  0.10000000E+01
 0.12000200E-08  0.66087964E-02  0.00000000E+00  0.19061853E+00  0.00000000E+00  0.00000000E+00  0.16521429E+09  0.00000000E+00  0.00000000E+00  0.00000000E+00  0.00000000E+00  0.00000000E+00  0.10000000E-01  0.10000000E+01
 0.12100200E-08  0.66087964E-02  0.00000000E+00  0.19227067E+00  0.00000000E+00  0.00000000E+00  0.16521429E+09  0.00000000E+00  0.00000000E+00  0.00000000E+00  0.00000000E+00  0.00000000E+00  0.10000000E-01  0.10000000E+01
 0.12200200E-08  0.66087964E-02  0.00000000E+00  0.19392281E+00  0.00000000E+00  0.00000000E+00  0.16521429E+09  0.00000000E+00  0.00000000E+00  0.00000000E+00  0.00000000E+00  0.00000000E+00  0.10000000E-01  0.10000000E+01
 0.12300200E-08  0.66087964E-02  0.00000000E+00  0.19557495E+00  0.00000000E+00  0.00000000E+00  0.16521429E+09  0.00000000E+00  0.00000000E+00  0.00000000E+00  0.00000000E+00  0.00000000E+00  0.10000000E-01  0.10000000E+01
 0.12400200E-08  0.66087964E-02  0.00000000E+00  0.19722710E+00  0.00000000E+00  0.00000000E+00  0.16521429E+09  0.00000000E+00  0.00000000E+00  0.00000000E+00  0.00000000E+00  0.00000000E+00  0.10000000E-01  0.10000000E+01
 0.12500200E-08  0.66087964E-02  0.00000000E+00  0.19887924E+00  0.00000000E+00  0.00000000E+00  0.16521429E+09  0.00000000E+00  0.00000000E+00  0.00000000E+00  0.00000000E+00  0.00000000E+00  0.10000000E-01  0.10000000E+01
 0.12600200E-08  0.66087964E-02  0.00000000E+00  0.20053138E+00  0.00000000E+00  0.00000000E+00  0.16521429E+09  0.00000000E+00  0.00000000E+00  0.00000000E+00  0.00000000E+00  0.00000000E+00  0.10000000E-01  0.10000000E+01
 0.12700200E-08  0.66087964E-02  0.00000000E+00  0.20218353E+00  0.00000000E+00  0.00000000E+00  0.16521429E+09  0.00000000E+00  0.00000000E+00  0.00000000E+00  0.00000000E+00  0.00000000E+00  0.10000000E-01  0.10000000E+01
 0.12800200E-08  0.66087964E-02  0.00000000E+00  0.20383567E+00  0.00000000E+00  0.00000000E+00  0.16521429E+09  0.00000000E+00  0.00000000E+00  0.00000000E+00  0.00000000E+00  0.00000000E+00  0.10000000E-01  0.10000000E+01
 0.12900200E-08  0.66087964E-02  0.00000000E+00  0.20548781E+00  0.00000000E+00  0.00000000E+00  0.16521429E+09  0.00000000E+00  0.00000000E+00  0.00000000E+00  0.00000000E+00  0.00000000E+00  0.10000000E-01  0.10000000E+01
 0.13000200E-08  0.66087964E-02  0.00000000E+00  0.20713995E+00  0.00000000E+00  0.00000000E+00  0.16521429E+09  0.00000000E+00  0.00000000E+00  0.00000000E+00  0.00000000E+00  0.00000000E+00  0.10000000E-01  0.10000000E+01
 0.13100200E-08  0.66087964E-02  0.00000000E+00  0.20879210E+00  0.00000000E+00  0.00000000E+00  0.16521429E+09  0.00000000E+00  0.00000000E+00  0.00000000E+00  0.00000000E+00  0.00000000E+00  0.10000000E-01  0.10000000E+01
 0.13200200E-08  0.66087964E-02  0.00000000E+00  0.21044424E+00  0.00000000E+00  0.00000000E+00  0.16521429E+09  0.00000000E+00  0.00000000E+00  0.00000000E+00  0.00000000E+00  0.00000000E+00  0.10000000E-01  0.10000000E+01
 0.13300200E-08  0.66087964E-02  0.00000000E+00  0.21209638E+00  0.00000000E+00  0.00000000E+00  0.16521429E+09  0.00000000E+00  0.00000000E+00  0.00000000E+00  0.00000000E+00  0.00000000E+00  0.10000000E-01  0.10000000E+01
 0.13400200E-08  0.66087964E-02  0.00000000E+00  0.21374853E+00  0.00000000E+00  0.00000000E+00  0.16521429E+09  0.00000000E+00  0.00000000E+00  0.00000000E+00  0.00000000E+00  0.00000000E+00  0.10000000E-01  0.10000000E+01
 0.13500200E-08  0.66087964E-02  0.00000000E+00  0.21540067E+00  0.00000000E+00  0.00000000E+00  0.16521429E+09  0.00000000E+00  0.00000000E+00  0.00000000E+00  0.00000000E+00  0.00000000E+00  0.10000000E-01  0.10000000E+01
 0.13600200E-08  0.66087964E-02  0.00000000E+00  0.21705281E+00  0.00000000E+00  0.00000000E+00  0.16521429E+09  0.00000000E+00  0.00000000E+00  0.00000000E+00  0.00000000E+00  0.00000000E+00  0.10000000E-01  0.10000000E+01
 0.13700200E-08  0.66087964E-02  0.00000000E+00  0.21870495E+00  0.00000000E+00  0.00000000E+00  0.16521429E+09  0.00000000E+00  0.00000000E+00  0.00000000E+00  0.00000000E+00  0.00000000E+00  0.10000000E-01  0.10000000E+01
 0.13800200E-08  0.66087964E-02  0.00000000E+00  0.22035710E+00  0.00000000E+00  0.00000000E+00  0.16521429E+09  0.00000000E+00  0.00000000E+00  0.00000000E+00  0.00000000E+00  0.00000000E+00  0.10000000E-01  0.10000000E+01
 0.13900200E-08  0.66087964E-02  0.00000000E+00  0.22200924E+00  0.00000000E+00  0.00000000E+00  0.16521429E+09  0.00000000E+00  0.00000000E+00  0.00000000E+00  0.00000000E+00  0.00000000E+00  0.10000000E-01  0.10000000E+01
 0.14000200E-08  0.66087964E-02  0.00000000E+00  0.22366138E+00  0.00000000E+00  0.00000000E+00  0.16521429E+09  0.00000000E+00  0.00000000E+00  0.00000000E+00  0.00000000E+00  0.00000000E+00  0.10000000E-01  0.10000000E+01
 0.14100200E-08  0.66087964E-02  0.00000000E+00  0.22531353E+00  0.00000000E+00  0.00000000E+00  0.16521429E+09  0.00000000E+00  0.00000000E+00  0.00000000E+00  0.00000000E+00  0.00000000E+00  0.10000000E-01  0.10000000E+01
 0.14200200E-08  0.66087964E-02  0.00000000E+00  0.22696567E+00  0.00000000E+00  0.00000000E+00  0.16521429E+09  0.00000000E+00  0.00000000E+00  0.00000000E+00  0.00000000E+00  0.00000000E+00  0.10000000E-01  0.10000000E+01
 0.14300200E-08  0.66087964E-02  0.00000000E+00  0.22861781E+00  0.00000000E+00  0.00000000E+00  0.16521429E+09  0.00000000E+00  0.00000000E+00  0.00000000E+00  0.00000000E+00  0.00000000E+00  0.10000000E-01  0.10000000E+01
 0.14400200E-08  0.66087964E-02  0.00000000E+00  0.23026995E+00  0.00000000E+00  0.00000000E+00  0.16521429E+09  0.00000000E+00  0.00000000E+00  0.00000000E+00  0.00000000E+00  0.00000000E+00  0.10000000E-01  0.10000000E+01
 0.14500200E-08  0.66087964E-02  0.00000000E+00  0.23192210E+00  0.00000000E+00  0.00000000E+00  0.16521429E+09  0.00000000E+00  0.00000000E+00  0.00000000E+00  0.00000000E+00  0.00000000E+00  0.10000000E-01  0.10000000E+01
 0.14600200E-08  0.66087964E-02  0.00000000E+00  0.23357424E+00  0.00000000E+00  0.00000000E+00  0.16521429E+09  0.00000000E+00  0.00000000E+00  0.00000000E+00  0.00000000E+00  0.00000000E+00  0.10000000E-01  0.10000000E+01
 0.14700200E-08  0.66087964E-02  0.00000000E+00  0.23522638E+00  0.00000000E+00  0.00000000E+00  0.16521429E+09  0.00000000E+00  0.00000000E+00  0.00000000E+00  0.00000000E+00  0.00000000E+00  0.10000000E-01  0.10000000E+01
 0.14800200E-08  0.66087964E-02  0.00000000E+00  0.23687853E+00  0.00000000E+00  0.00000000E+00  0.16521429E+09  0.00000000E+00  0.00000000E+00  0.00000000E+00  0.00000000E+00  0.00000000E+00  0.10000000E-01  0.10000000E+01
 0.14900200E-08  0.66087964E-02  0.00000000E+00  0.23853067E+00  0.00000000E+00  0.00000000E+00  0.16521429E+09  0.00000000E+00  0.00000000E+00  0.00000000E+00  0.00000000E+00  0.00000000E+00  0.10000000E-01  0.10000000E+01
 0.15000200E-08  0.66087964E-02  0.00000000E+00  0.24018281E+00  0.00000000E+00  0.00000000E+00  0.16521429E+09  0.00000000E+00  0.00000000E+00  0.00000000E+00  0.00000000E+00  0.00000000E+00  0.10000000E-01  0.10000000E+01
 0.15100200E-08  0.66087964E-02  0.00000000E+00  0.24183495E+00  0.00000000E+00  0.00000000E+00  0.16521429E+09  0.00000000E+00  0.00000000E+00  0.00000000E+00  0.00000000E+00  0.00000000E+00  0.10000000E-01  0.10000000E+01
 0.15200200E-08  0.66087964E-02  0.00000000E+00  0.24348710E+00  0.00000000E+00  0.00000000E+00  0.16521429E+09  0.00000000E+00  0.00000000E+00  0.00000000E+00  0.00000000E+00  0.00000000E+00  0.10000000E-01  0.10000000E+01
 0.15300200E-08  0.66087964E-02  0.00000000E+00  0.24513924E+00  0.00000000E+00  0.00000000E+00  0.16521429E+09  0.00000000E+00  0.00000000E+00  0.00000000E+00  0.00000000E+00  0.00000000E+00  0.10000000E-01  0.10000000E+01
 0.15400200E-08  0.66087964E-02  0.00000000E+00  0.24679138E+00  0.00000000E+00  0.00000000E+00  0.16521429E+09  0.00000000E+00  0.00000000E+00  0.00000000E+00  0.00000000E+00  0.00000000E+00  0.10000000E-01  0.10000000E+01
 0.15500200E-08  0.66087964E-02  0.00000000E+00  0.24844353E+00  0.00000000E+00  0.00000000E+00  0.16521429E+09  0.00000000E+00  0.00000000E+00  0.00000000E+00  0.00000000E+00  0.00000000E+00  0.10000000E-01  0.10000000E+01
 0.15600200E-08  0.66087964E-02  0.00000000E+00  0.25009567E+00  0.00000000E+00  0.00000000E+00  0.16521429E+09  0.00000000E+00  0.00000000E+00  0.00000000E+00  0.00000000E+00  0.00000000E+00  0.10000000E-01  0.10000000E+01
 0.15700200E-08  0.66087964E-02  0.00000000E+00  0.25174781E+00  0.00000000E+00  0.00000000E+00  0.16521429E+09  0.00000000E+00  0.00000000E+00  0.00000000E+00  0.00000000E+00  0.00000000E+00  0.10000000E-01  0.10000000E+01
 0.15800200E-08  0.66087964E-02  0.00000000E+00  0.25339996E+00  0.00000000E+00  0.00000000E+00  0.16521429E+09  0.00000000E+00  0.00000000E+00  0.00000000E+00  0.00000000E+00  0.00000000E+00  0.10000000E-01  0.10000000E+01
 0.15900200E-08  0.66087964E-02  0.00000000E+00  0.25505210E+00  0.00000000E+00  0.00000000E+00  0.16521429E+09  0.00000000E+00  0.00000000E+00  0.00000000E+00  0.00000000E+00  0.00000000E+00  0.10000000E-01  0.10000000E+01
 0.16000200E-08  0.66087964E-02  0.00000000E+00  0.25670424E+00  0.00000000E+00  0.00000000E+00  0.16521429E+09  0.00000000E+00  0.00000000E+00  0.00000000E+00  0.00000000E+00  0.00000000E+00  0.10000000E-01  0.10000000E+01
 0.16100200E-08  0.66087964E-02  0.00000000E+00  0.25835638E+00  0.00000000E+00  0.00000000E+00  0.16521429E+09  0.00000000E+00  0.00000000E+00  0.00000000E+00  0.00000000E+00  0.00000000E+00  0.10000000E-01  0.10000000E+01
 0.16200200E-08  0.66087964E-02  0.00000000E+00  0.26000853E+00  0.00000000E+00  0.00000000E+00  0.16521429E+09  0.00000000E+00  0.00000000E+00  0.00000000E+00  0.00000000E+00  0.00000000E+00  0.10000000E-01  0.10000000E+01
 0.16300200E-08  0.66087964E-02  0.00000000E+00  0.26166067E+00  0.00000000E+00  0.00000000E+00  0.16521429E+09  0.00000000E+00  0.00000000E+00  0.00000000E+00  0.00000000E+00  0.00000000E+00  0.10000000E-01  0.10000000E+01
 0.16400200E-08  0.66087964E-02  0.00000000E+00  0.26331281E+00  0.00000000E+00  0.00000000E+00  0.16521429E+09  0.00000000E+00  0.00000000E+00  0.00000000E+00  0.00000000E+00  0.00000000E+00  0.10000000E-01  0.10000000E+01
 0.16500200E-08  0.66087964E-02  0.00000000E+00  0.26496496E+00  0.00000000E+00  0.00000000E+00  0.16521429E+09  0.00000000E+00  0.00000000E+00  0.00000000E+00  0.00000000E+00  0.00000000E+00  0.10000000E-01  0.10000000E+01
 0.16600200E-08  0.66087964E-02  0.00000000E+00  0.26661710E+00  0.00000000E+00  0.00000000E+00  0.16521429E+09  0.00000000E+00  0.00000000E+00  0.00000000E+00  0.00000000E+00  0.00000000E+00  0.10000000E-01  0.10000000E+01
 0.16700200E-08  0.66087964E-02  0.00000000E+00  0.26826924E+00  0.00000000E+00  0.00000000E+00  0.16521429E+09  0.00000000E+00  0.00000000E+00  0.00000000E+00  0.00000000E+00  0.00000000E+00  0.10000000E-01  0.10000000E+01
 0.16800200E-08  0.66087964E-02  0.00000000E+00  0.26992138E+00  0.00000000E+00  0.00000000E+00  0.16521429E+09  0.00000000E+00  0.00000000E+00  0.00000000E+00  0.00000000E+00  0.00000000E+00  0.10000000E-01  0.10000000E+01
 0.16900200E-08  0.66087964E-02  0.00000000E+00  0.27157353E+00  0.00000000E+00  0.00000000E+00  0.16521429E+09  0.00000000E+00  0.00000000E+00  0.00000000E+00  0.00000000E+00  0.00000000E+00  0.10000000E-01  0.10000000E+01
 0.17000200E-08  0.66087964E-02  0.00000000E+00  0.27322567E+00  0.00000000E+00  0.00000000E+00  0.16521429E+09  0.00000000E+00  0.00000000E+00  0.00000000E+00  0.00000000E+00  0.00000000E+00  0.10000000E-01  0.10000000E+01
 0.17100200E-08  0.66087964E-02  0.00000000E+00  0.27487781E+00  0.00000000E+00  0.00000000E+00  0.16521429E+09  0.00000000E+00  0.00000000E+00  0.00000000E+00  0.00000000E+00  0.00000000E+00  0.10000000E-01  0.10000000E+01
 0.17200200E-08  0.66087964E-02  0.00000000E+00  0.27652996E+00  0.00000000E+00  0.00000000E+00  0.16521429E+09  0.00000000E+00  0.00000000E+00  0.00000000E+00  0.00000000E+00  0.00000000E+00  0.10000000E-01  0.10000000E+01
 0.17300200E-08  0.66087964E-02  0.00000000E+00  0.27818210E+00  0.00000000E+00  0.00000000E+00  0.16521429E+09  0.00000000E+00  0.00000000E+00  0.00000000E+00  0.00000000E+00  0.00000000E+00  0.10000000E-01  0.10000000E+01
 0.17400200E-08  0.66087964E-02  0.00000000E+00  0.27983424E+00  0.00000000E+00  0.00000000E+00  0.16521429E+09  0.00000000E+00  0.00000000E+00  0.00000000E+00  0.00000000E+00  0.00000000E+00  0.10000000E-01  0.10000000E+01
 0.17500200E-08  0.66087964E-02  0.00000000E+00  0.28148638E+00  0.00000000E+00  0.00000000E+00  0.16521429E+09  0.00000000E+00  0.00000000E+00  0.00000000E+00  0.00000000E+00  0.00000000E+00  0.10000000E-01  0.10000000E+01
 0.17600200E-08  0.66087964E-02  0.00000000E+00  0.28313853E+00  0.00000000E+00  0.00000000E+00  0.16521429E+09  0.00000000E+00  0.00000000E+00  0.00000000E+00  0.00000000E+00  0.00000000E+00  0.10000000E-01  0.10000000E+01
 0.17700200E-08  0.66087964E-02  0.00000000E+00  0.28479067E+00  0.00000000E+00  0.00000000E+00  0.16521429E+09  0.00000000E+00  0.00000000E+00  0.00000000E+00  0.00000000E+00  0.00000000E+00  0.10000000E-01  0.10000000E+01
 0.17800200E-08  0.66087964E-02  0.00000000E+00  0.28644281E+00  0.00000000E+00  0.00000000E+00  0.16521429E+09  0.00000000E+00  0.00000000E+00  0.00000000E+00  0.00000000E+00  0.00000000E+00  0.10000000E-01  0.10000000E+01
 0.17900200E-08  0.66087964E-02  0.00000000E+00  0.28809496E+00  0.00000000E+00  0.00000000E+00  0.16521429E+09  0.00000000E+00  0.00000000E+00  0.00000000E+00  0.00000000E+00  0.00000000E+00  0.10000000E-01  0.10000000E+01
 0.18000200E-08  0.66087964E-02  0.00000000E+00  0.28974710E+00  0.00000000E+00  0.00000000E+00  0.16521429E+09  0.00000000E+00  0.00000000E+00  0.00000000E+00  0.00000000E+00  0.00000000E+00  0.10000000E-01  0.10000000E+01
 0.18100200E-08  0.66087964E-02  0.00000000E+00  0.29139924E+00  0.00000000E+00  0.00000000E+00  0.16521429E+09  0.00000000E+00  0.00000000E+00  0.00000000E+00  0.00000000E+00  0.00000000E+00  0.10000000E-01  0.10000000E+01
 0.18200200E-08  0.66087964E-02  0.00000000E+00  0.29305138E+00  0.00000000E+00  0.00000000E+00  0.16521429E+09  0.00000000E+00  0.00000000E+00  0.00000000E+00  0.00000000E+00  0.00000000E+00  0.10000000E-01  0.10000000E+01
 0.18300200E-08  0.66087964E-02  0.00000000E+00  0.29470353E+00  0.00000000E+00  0.00000000E+00  0.16521429E+09  0.00000000E+00  0.00000000E+00  0.00000000E+00  0.00000000E+00  0.00000000E+00  0.10000000E-01  0.10000000E+01
 0.18400200E-08  0.66087964E-02  0.00000000E+00  0.29635567E+00  0.00000000E+00  0.00000000E+00  0.16521429E+09  0.00000000E+00  0.00000000E+00  0.00000000E+00  0.00000000E+00  0.00000000E+00  0.10000000E-01  0.10000000E+01
 0.18500200E-08  0.66087964E-02  0.00000000E+00  0.29800781E+00  0.00000000E+00  0.00000000E+00  0.16521429E+09  0.00000000E+00  0.00000000E+00  0.00000000E+00  0.00000000E+00  0.00000000E+00  0.10000000E-01  0.10000000E+01
 0.18600200E-08  0.66087964E-02  0.00000000E+00  0.29965996E+00  0.00000000E+00  0.00000000E+00  0.16521429E+09  0.00000000E+00  0.00000000E+00  0.00000000E+00  0.00000000E+00  0.00000000E+00  0.10000000E-01  0.10000000E+01
 0.18700200E-08  0.66087964E-02  0.00000000E+00  0.30131210E+00  0.00000000E+00  0.00000000E+00  0.16521429E+09  0.00000000E+00  0.00000000E+00  0.00000000E+00  0.00000000E+00  0.00000000E+00  0.10000000E-01  0.10000000E+01
 0.18800200E-08  0.66087964E-02  0.00000000E+00  0.30296424E+00  0.00000000E+00  0.00000000E+00  0.16521429E+09  0.00000000E+00  0.00000000E+00  0.00000000E+00  0.00000000E+00  0.00000000E+00  0.10000000E-01  0.10000000E+01
 0.18900200E-08  0.66087964E-02  0.00000000E+00  0.30461638E+00  0.00000000E+00  0.00000000E+00  0.16521429E+09  0.00000000E+00  0.00000000E+00  0.00000000E+00  0.00000000E+00  0.00000000E+00  0.10000000E-01  0.10000000E+01
 0.19000200E-08  0.66087964E-02  0.00000000E+00  0.30626853E+00  0.00000000E+00  0.00000000E+00  0.16521429E+09  0.00000000E+00  0.00000000E+00  0.00000000E+00  0.00000000E+00  0.00000000E+00  0.10000000E-01  0.10000000E+01
 0.19100200E-08  0.66087964E-02  0.00000000E+00  0.30792067E+00  0.00000000E+00  0.00000000E+00  0.16521429E+09  0.00000000E+00  0.00000000E+00  0.00000000E+00  0.00000000E+00  0.00000000E+00  0.10000000E-01  0.10000000E+01
 0.19200200E-08  0.66087964E-02  0.00000000E+00  0.30957281E+00  0.00000000E+00  0.00000000E+00  0.16521429E+09  0.00000000E+00  0.00000000E+00  0.00000000E+00  0.00000000E+00  0.00000000E+00  0.10000000E-01  0.10000000E+01
 0.19300200E-08  0.66087964E-02  0.00000000E+00  0.31122496E+00  0.00000000E+00  0.00000000E+00  0.16521429E+09  0.00000000E+00  0.00000000E+00  0.00000000E+00  0.00000000E+00  0.00000000E+00  0.10000000E-01  0.10000000E+01
 0.19400200E-08  0.66087964E-02  0.00000000E+00  0.31287710E+00  0.00000000E+00  0.00000000E+00  0.16521429E+09  0.00000000E+00  0.00000000E+00  0.00000000E+00  0.00000000E+00  0.00000000E+00  0.10000000E-01  0.10000000E+01
 0.19500200E-08  0.66087964E-02  0.00000000E+00  0.31452924E+00  0.00000000E+00  0.00000000E+00  0.16521429E+09  0.00000000E+00  0.00000000E+00  0.00000000E+00  0.00000000E+00  0.00000000E+00  0.10000000E-01  0.10000000E+01
 0.19600200E-08  0.66087964E-02  0.00000000E+00  0.31618138E+00  0.00000000E+00  0.00000000E+00  0.16521429E+09  0.00000000E+00  0.00000000E+00  0.00000000E+00  0.00000000E+00  0.00000000E+00  0.10000000E-01  0.10000000E+01
 0.19700200E-08  0.66087964E-02  0.00000000E+00  0.31783353E+00  0.00000000E+00  0.00000000E+00  0.16521429E+09  0.00000000E+00  0.00000000E+00  0.00000000E+00  0.00000000E+00  0.00000000E+00  0.10000000E-01  0.10000000E+01
 0.19800200E-08  0.66087964E-02  0.00000000E+00  0.31948567E+00  0.00000000E+00  0.00000000E+00  0.16521429E+09  0.00000000E+00  0.00000000E+00  0.00000000E+00  0.00000000E+00  0.00000000E+00  0.10000000E-01  0.10000000E+01
 0.19900200E-08  0.66087964E-02  0.00000000E+00  0.32113781E+00  0.00000000E+00  0.00000000E+00  0.16521429E+09  0.00000000E+00  0.00000000E+00  0.00000000E+00  0.00000000E+00  0.00000000E+00  0.10000000E-01  0.10000000E+01
