# ptime xp yp zp vx vy vz ex ey ez bx by bz wt
 0.20000000E-13  0.11343458E-01  0.00000000E+00 -0.87467056E-02  0.00000000E+00  0.00000000E+00  0.18386516E+09  0.00000000E+00  0.00000000E+00  0.00000000E+00  0.00000000E+00  0.00000000E+00  0.10000000E-01  0.10000000E+01
 0.10000000E-10  0.11343458E-01  0.00000000E+00 -0.69117314E-02  0.00000000E+00  0.00000000E+00  0.18386516E+09  0.00000000E+00  0.00000000E+00  0.00000000E+00  0.00000000E+00  0.00000000E+00  0.10000000E-01  0.10000000E+01
 0.20000000E-10  0.11343458E-01  0.00000000E+00 -0.50730798E-02  0.00000000E+00  0.00000000E+00  0.18386516E+09  0.00000000E+00  0.00000000E+00  0.00000000E+00  0.00000000E+00  0.00000000E+00  0.10000000E-01  0.10000000E+01
 0.30000000E-10  0.11343458E-01  0.00000000E+00 -0.32344282E-02  0.00000000E+00  0.00000000E+00  0.18386516E+09  0.00000000E+00  0.00000000E+00  0.00000000E+00  0.00000000E+00  0.00000000E+00  0.10000000E-01  0.10000000E+01
 0.40020000E-10  0.11343458E-01  0.00000000E+00 -0.13920993E-02  0.00000000E+00  0.00000000E+00  0.18386516E+09  0.00000000E+00  0.00000000E+00  0.00000000E+00  0.00000000E+00  0.00000000E+00  0.10000000E-01  0.10000000E+01
 0.50020000E-10  0.11343458E-01  0.00000000E+00  0.44655227E-03  0.00000000E+00  0.00000000E+00  0.18386516E+09  0.00000000E+00  0.00000000E+00  0.00000000E+00  0.00000000E+00  0.00000000E+00  0.10000000E-01  0.10000000E+01
 0.60020000E-10  0.11343458E-01  0.00000000E+00  0.22852039E-02  0.00000000E+00  0.00000000E+00  0.18386516E+09  0.00000000E+00  0.00000000E+00  0.00000000E+00  0.00000000E+00  0.00000000E+00  0.10000000E-01  0.10000000E+01
 0.70020000E-10  0.11343458E-01  0.00000000E+00  0.41238554E-02  0.00000000E+00  0.00000000E+00  0.18386516E+09  0.00000000E+00  0.00000000E+00  0.00000000E+00  0.00000000E+00  0.00000000E+00  0.10000000E-01  0.10000000E+01
 0.80000000E-10  0.11343458E-01  0.00000000E+00  0.59588297E-02  0.00000000E+00  0.00000000E+00  0.18386516E+09  0.00000000E+00  0.00000000E+00  0.00000000E+00  0.00000000E+00  0.00000000E+00  0.10000000E-01  0.10000000E+01
 0.90000000E-10  0.11343458E-01  0.00000000E+00  0.77974813E-02  0.00000000E+00  0.00000000E+00  0.18386516E+09  0.00000000E+00  0.00000000E+00  0.00000000E+00  0.00000000E+00  0.00000000E+00  0.10000000E-01  0.10000000E+01
 0.10000000E-09  0.11343458E-01  0.00000000E+00  0.96361329E-02  0.00000000E+00  0.00000000E+00  0.18386516E+09  0.00000000E+00  0.00000000E+00  0.00000000E+00  0.00000000E+00  0.00000000E+00  0.10000000E-01  0.10000000E+01
 0.11000000E-09  0.11343458E-01  0.00000000E+00  0.11474784E-01  0.00000000E+00  0.00000000E+00  0.18386516E+09  0.00000000E+00  0.00000000E+00  0.00000000E+00  0.00000000E+00  0.00000000E+00  0.10000000E-01  0.10000000E+01
 0.12000000E-09  0.11343458E-01  0.00000000E+00  0.13313436E-01  0.00000000E+00  0.00000000E+00  0.18386516E+09  0.00000000E+00  0.00000000E+00  0.00000000E+00  0.00000000E+00  0.00000000E+00  0.10000000E-01  0.10000000E+01
 0.13000000E-09  0.11343458E-01  0.00000000E+00  0.15152088E-01  0.00000000E+00  0.00000000E+00  0.18386516E+09  0.00000000E+00  0.00000000E+00  0.00000000E+00  0.00000000E+00  0.00000000E+00  0.10000000E-01  0.10000000E+01
 0.14002000E-09  0.11343458E-01  0.00000000E+00  0.16994416E-01  0.00000000E+00  0.00000000E+00  0.18386516E+09  0.00000000E+00  0.00000000E+00  0.00000000E+00  0.00000000E+00  0.00000000E+00  0.10000000E-01  0.10000000E+01
 0.15002000E-09  0.11343458E-01  0.00000000E+00  0.18833068E-01  0.00000000E+00  0.00000000E+00  0.18386516E+09  0.00000000E+00  0.00000000E+00  0.00000000E+00  0.00000000E+00  0.00000000E+00  0.10000000E-01  0.10000000E+01
 0.16002000E-09  0.11343458E-01  0.00000000E+00  0.20671720E-01  0.00000000E+00  0.00000000E+00  0.18386516E+09  0.00000000E+00  0.00000000E+00  0.00000000E+00  0.00000000E+00  0.00000000E+00  0.10000000E-01  0.10000000E+01
 0.17002000E-09  0.11343458E-01  0.00000000E+00  0.22510371E-01  0.00000000E+00  0.00000000E+00  0.18386516E+09  0.00000000E+00  0.00000000E+00  0.00000000E+00  0.00000000E+00  0.00000000E+00  0.10000000E-01  0.10000000E+01
 0.18002000E-09  0.11343458E-01  0.00000000E+00  0.24349023E-01  0.00000000E+00  0.00000000E+00  0.18386516E+09  0.00000000E+00  0.00000000E+00  0.00000000E+00  0.00000000E+00  0.00000000E+00  0.10000000E-01  0.10000000E+01
 0.19002000E-09  0.11343458E-01  0.00000000E+00  0.26187674E-01  0.00000000E+00  0.00000000E+00  0.18386516E+09  0.00000000E+00  0.00000000E+00  0.00000000E+00  0.00000000E+00  0.00000000E+00  0.10000000E-01  0.10000000E+01
 0.20002000E-09  0.11343458E-01  0.00000000E+00  0.28026326E-01  0.00000000E+00  0.00000000E+00  0.18386516E+09  0.00000000E+00  0.00000000E+00  0.00000000E+00  0.00000000E+00  0.00000000E+00  0.10000000E-01  0.10000000E+01
 0.21002000E-09  0.11343458E-01  0.00000000E+00  0.29864978E-01  0.00000000E+00  0.00000000E+00  0.18386516E+09  0.00000000E+00  0.00000000E+00  0.00000000E+00  0.00000000E+00  0.00000000E+00  0.10000000E-01  0.10000000E+01
 0.22002000E-09  0.11343458E-01  0.00000000E+00  0.31703629E-01  0.00000000E+00  0.00000000E+00  0.18386516E+09  0.00000000E+00  0.00000000E+00  0.00000000E+00  0.00000000E+00  0.00000000E+00  0.10000000E-01  0.10000000E+01
 0.23002000E-09  0.11343458E-01  0.00000000E+00  0.33542281E-01  0.00000000E+00  0.00000000E+00  0.18386516E+09  0.00000000E+00  0.00000000E+00  0.00000000E+00  0.00000000E+00  0.00000000E+00  0.10000000E-01  0.10000000E+01
 0.24002000E-09  0.11343458E-01  0.00000000E+00  0.35380932E-01  0.00000000E+00  0.00000000E+00  0.18386516E+09  0.00000000E+00  0.00000000E+00  0.00000000E+00  0.00000000E+00  0.00000000E+00  0.10000000E-01  0.10000000E+01
 0.25002000E-09  0.11343458E-01  0.00000000E+00  0.37219584E-01  0.00000000E+00  0.00000000E+00  0.18386516E+09  0.00000000E+00  0.00000000E+00  0.00000000E+00  0.00000000E+00  0.00000000E+00  0.10000000E-01  0.10000000E+01
 0.26002000E-09  0.11343458E-01  0.00000000E+00  0.39058235E-01  0.00000000E+00  0.00000000E+00  0.18386516E+09  0.00000000E+00  0.00000000E+00  0.00000000E+00  0.00000000E+00  0.00000000E+00  0.10000000E-01  0.10000000E+01
 0.27002000E-09  0.11343458E-01  0.00000000E+00  0.40896887E-01  0.00000000E+00  0.00000000E+00  0.18386516E+09  0.00000000E+00  0.00000000E+00  0.00000000E+00  0.00000000E+00  0.00000000E+00  0.10000000E-01  0.10000000E+01
 0.28002000E-09  0.11343458E-01  0.00000000E+00  0.42735539E-01  0.00000000E+00  0.00000000E+00  0.18386516E+09  0.00000000E+00  0.00000000E+00  0.00000000E+00  0.00000000E+00  0.00000000E+00  0.10000000E-01  0.10000000E+01
 0.29002000E-09  0.11343458E-01  0.00000000E+00  0.44574190E-01  0.00000000E+00  0.00000000E+00  0.18386516E+09  0.00000000E+00  0.00000000E+00  0.00000000E+00  0.00000000E+00  0.00000000E+00  0.10000000E-01  0.10000000E+01
 0.30000000E-09  0.11343458E-01  0.00000000E+00  0.46409164E-01  0.00000000E+00  0.00000000E+00  0.18386516E+09  0.00000000E+00  0.00000000E+00  0.00000000E+00  0.00000000E+00  0.00000000E+00  0.10000000E-01  0.10000000E+01
 0.31000000E-09  0.11343458E-01  0.00000000E+00  0.48247816E-01  0.00000000E+00  0.00000000E+00  0.18386516E+09  0.00000000E+00  0.00000000E+00  0.00000000E+00  0.00000000E+00  0.00000000E+00  0.10000000E-01  0.10000000E+01
 0.32000000E-09  0.11343458E-01  0.00000000E+00  0.50086468E-01  0.00000000E+00  0.00000000E+00  0.18386516E+09  0.00000000E+00  0.00000000E+00  0.00000000E+00  0.00000000E+00  0.00000000E+00  0.10000000E-01  0.10000000E+01
 0.33000000E-09  0.11343458E-01  0.00000000E+00  0.51925119E-01  0.00000000E+00  0.00000000E+00  0.18386516E+09  0.00000000E+00  0.00000000E+00  0.00000000E+00  0.00000000E+00  0.00000000E+00  0.10000000E-01  0.10000000E+01
 0.34000000E-09  0.11343458E-01  0.00000000E+00  0.53763771E-01  0.00000000E+00  0.00000000E+00  0.18386516E+09  0.00000000E+00  0.00000000E+00  0.00000000E+00  0.00000000E+00  0.00000000E+00  0.10000000E-01  0.10000000E+01
 0.35000000E-09  0.11343458E-01  0.00000000E+00  0.55602422E-01  0.00000000E+00  0.00000000E+00  0.18386516E+09  0.00000000E+00  0.00000000E+00  0.00000000E+00  0.00000000E+00  0.00000000E+00  0.10000000E-01  0.10000000E+01
 0.36000000E-09  0.11343458E-01  0.00000000E+00  0.57441074E-01  0.00000000E+00  0.00000000E+00  0.18386516E+09  0.00000000E+00  0.00000000E+00  0.00000000E+00  0.00000000E+00  0.00000000E+00  0.10000000E-01  0.10000000E+01
 0.37000000E-09  0.11343458E-01  0.00000000E+00  0.59279726E-01  0.00000000E+00  0.00000000E+00  0.18386516E+09  0.00000000E+00  0.00000000E+00  0.00000000E+00  0.00000000E+00  0.00000000E+00  0.10000000E-01  0.10000000E+01
 0.38000000E-09  0.11343458E-01  0.00000000E+00  0.61118377E-01  0.00000000E+00  0.00000000E+00  0.18386516E+09  0.00000000E+00  0.00000000E+00  0.00000000E+00  0.00000000E+00  0.00000000E+00  0.10000000E-01  0.10000000E+01
 0.39000000E-09  0.11343458E-01  0.00000000E+00  0.62957029E-01  0.00000000E+00  0.00000000E+00  0.18386516E+09  0.00000000E+00  0.00000000E+00  0.00000000E+00  0.00000000E+00  0.00000000E+00  0.10000000E-01  0.10000000E+01
 0.40000000E-09  0.11343458E-01  0.00000000E+00  0.64795680E-01  0.00000000E+00  0.00000000E+00  0.18386516E+09  0.00000000E+00  0.00000000E+00  0.00000000E+00  0.00000000E+00  0.00000000E+00  0.10000000E-01  0.10000000E+01
 0.41000000E-09  0.11343458E-01  0.00000000E+00  0.66634332E-01  0.00000000E+00  0.00000000E+00  0.18386516E+09  0.00000000E+00  0.00000000E+00  0.00000000E+00  0.00000000E+00  0.00000000E+00  0.10000000E-01  0.10000000E+01
 0.42000000E-09  0.11343458E-01  0.00000000E+00  0.68472983E-01  0.00000000E+00  0.00000000E+00  0.18386516E+09  0.00000000E+00  0.00000000E+00  0.00000000E+00  0.00000000E+00  0.00000000E+00  0.10000000E-01  0.10000000E+01
 0.43000000E-09  0.11343458E-01  0.00000000E+00  0.70311635E-01  0.00000000E+00  0.00000000E+00  0.18386516E+09  0.00000000E+00  0.00000000E+00  0.00000000E+00  0.00000000E+00  0.00000000E+00  0.10000000E-01  0.10000000E+01
 0.44000000E-09  0.11343458E-01  0.00000000E+00  0.72150287E-01  0.00000000E+00  0.00000000E+00  0.18386516E+09  0.00000000E+00  0.00000000E+00  0.00000000E+00  0.00000000E+00  0.00000000E+00  0.10000000E-01  0.10000000E+01
 0.45000000E-09  0.11343458E-01  0.00000000E+00  0.73988938E-01  0.00000000E+00  0.00000000E+00  0.18386516E+09  0.00000000E+00  0.00000000E+00  0.00000000E+00  0.00000000E+00  0.00000000E+00  0.10000000E-01  0.10000000E+01
 0.46000000E-09  0.11343458E-01  0.00000000E+00  0.75827590E-01  0.00000000E+00  0.00000000E+00  0.18386516E+09  0.00000000E+00  0.00000000E+00  0.00000000E+00  0.00000000E+00  0.00000000E+00  0.10000000E-01  0.10000000E+01
 0.47000000E-09  0.11343458E-01  0.00000000E+00  0.77666241E-01  0.00000000E+00  0.00000000E+00  0.18386516E+09  0.00000000E+00  0.00000000E+00  0.00000000E+00  0.00000000E+00  0.00000000E+00  0.10000000E-01  0.10000000E+01
 0.48000000E-09  0.11343458E-01  0.00000000E+00  0.79504893E-01  0.00000000E+00  0.00000000E+00  0.18386516E+09  0.00000000E+00  0.00000000E+00  0.00000000E+00  0.00000000E+00  0.00000000E+00  0.10000000E-01  0.10000000E+01
 0.49000000E-09  0.11343458E-01  0.00000000E+00  0.81343544E-01  0.00000000E+00  0.00000000E+00  0.18386516E+09  0.00000000E+00  0.00000000E+00  0.00000000E+00  0.00000000E+00  0.00000000E+00  0.10000000E-01  0.10000000E+01
 0.50000000E-09  0.11343458E-01  0.00000000E+00  0.83182196E-01  0.00000000E+00  0.00000000E+00  0.18386516E+09  0.00000000E+00  0.00000000E+00  0.00000000E+00  0.00000000E+00  0.00000000E+00  0.10000000E-01  0.10000000E+01
 0.51000000E-09  0.11343458E-01  0.00000000E+00  0.85020848E-01  0.00000000E+00  0.00000000E+00  0.18386516E+09  0.00000000E+00  0.00000000E+00  0.00000000E+00  0.00000000E+00  0.00000000E+00  0.10000000E-01  0.10000000E+01
 0.52000000E-09  0.11343458E-01  0.00000000E+00  0.86859499E-01  0.00000000E+00  0.00000000E+00  0.18386516E+09  0.00000000E+00  0.00000000E+00  0.00000000E+00  0.00000000E+00  0.00000000E+00  0.10000000E-01  0.10000000E+01
 0.53000000E-09  0.11343458E-01  0.00000000E+00  0.88698151E-01  0.00000000E+00  0.00000000E+00  0.18386516E+09  0.00000000E+00  0.00000000E+00  0.00000000E+00  0.00000000E+00  0.00000000E+00  0.10000000E-01  0.10000000E+01
 0.54000000E-09  0.11343458E-01  0.00000000E+00  0.90536802E-01  0.00000000E+00  0.00000000E+00  0.18386516E+09  0.00000000E+00  0.00000000E+00  0.00000000E+00  0.00000000E+00  0.00000000E+00  0.10000000E-01  0.10000000E+01
 0.55002000E-09  0.11343458E-01  0.00000000E+00  0.92379131E-01  0.00000000E+00  0.00000000E+00  0.18386516E+09  0.00000000E+00  0.00000000E+00  0.00000000E+00  0.00000000E+00  0.00000000E+00  0.10000000E-01  0.10000000E+01
 0.56002000E-09  0.11343458E-01  0.00000000E+00  0.94217783E-01  0.00000000E+00  0.00000000E+00  0.18386516E+09  0.00000000E+00  0.00000000E+00  0.00000000E+00  0.00000000E+00  0.00000000E+00  0.10000000E-01  0.10000000E+01
 0.57002000E-09  0.11343458E-01  0.00000000E+00  0.96056434E-01  0.00000000E+00  0.00000000E+00  0.18386516E+09  0.00000000E+00  0.00000000E+00  0.00000000E+00  0.00000000E+00  0.00000000E+00  0.10000000E-01  0.10000000E+01
 0.58002000E-09  0.11343458E-01  0.00000000E+00  0.97895086E-01  0.00000000E+00  0.00000000E+00  0.18386516E+09  0.00000000E+00  0.00000000E+00  0.00000000E+00  0.00000000E+00  0.00000000E+00  0.10000000E-01  0.10000000E+01
 0.59002000E-09  0.11343458E-01  0.00000000E+00  0.99733738E-01  0.00000000E+00  0.00000000E+00  0.18386516E+09  0.00000000E+00  0.00000000E+00  0.00000000E+00  0.00000000E+00  0.00000000E+00  0.10000000E-01  0.10000000E+01
 0.60002000E-09  0.11343458E-01  0.00000000E+00  0.10157239E+00  0.00000000E+00  0.00000000E+00  0.18386516E+09  0.00000000E+00  0.00000000E+00  0.00000000E+00  0.00000000E+00  0.00000000E+00  0.10000000E-01  0.10000000E+01
 0.61002000E-09  0.11343458E-01  0.00000000E+00  0.10341104E+00  0.00000000E+00  0.00000000E+00  0.18386516E+09  0.00000000E+00  0.00000000E+00  0.00000000E+00  0.00000000E+00  0.00000000E+00  0.10000000E-01  0.10000000E+01
 0.62002000E-09  0.11343458E-01  0.00000000E+00  0.10524969E+00  0.00000000E+00  0.00000000E+00  0.18386516E+09  0.00000000E+00  0.00000000E+00  0.00000000E+00  0.00000000E+00  0.00000000E+00  0.10000000E-01  0.10000000E+01
 0.63002000E-09  0.11343458E-01  0.00000000E+00  0.10708834E+00  0.00000000E+00  0.00000000E+00  0.18386516E+09  0.00000000E+00  0.00000000E+00  0.00000000E+00  0.00000000E+00  0.00000000E+00  0.10000000E-01  0.10000000E+01
 0.64002000E-09  0.11343458E-01  0.00000000E+00  0.10892700E+00  0.00000000E+00  0.00000000E+00  0.18386516E+09  0.00000000E+00  0.00000000E+00  0.00000000E+00  0.00000000E+00  0.00000000E+00  0.10000000E-01  0.10000000E+01
 0.65002000E-09  0.11343458E-01  0.00000000E+00  0.11076565E+00  0.00000000E+00  0.00000000E+00  0.18386516E+09  0.00000000E+00  0.00000000E+00  0.00000000E+00  0.00000000E+00  0.00000000E+00  0.10000000E-01  0.10000000E+01
 0.66002000E-09  0.11343458E-01  0.00000000E+00  0.11260430E+00  0.00000000E+00  0.00000000E+00  0.18386516E+09  0.00000000E+00  0.00000000E+00  0.00000000E+00  0.00000000E+00  0.00000000E+00  0.10000000E-01  0.10000000E+01
 0.67002000E-09  0.11343458E-01  0.00000000E+00  0.11444295E+00  0.00000000E+00  0.00000000E+00  0.18386516E+09  0.00000000E+00  0.00000000E+00  0.00000000E+00  0.00000000E+00  0.00000000E+00  0.10000000E-01  0.10000000E+01
 0.68002000E-09  0.11343458E-01  0.00000000E+00  0.11628160E+00  0.00000000E+00  0.00000000E+00  0.18386516E+09  0.00000000E+00  0.00000000E+00  0.00000000E+00  0.00000000E+00  0.00000000E+00  0.10000000E-01  0.10000000E+01
 0.69002000E-09  0.11343458E-01  0.00000000E+00  0.11812025E+00  0.00000000E+00  0.00000000E+00  0.18386516E+09  0.00000000E+00  0.00000000E+00  0.00000000E+00  0.00000000E+00  0.00000000E+00  0.10000000E-01  0.10000000E+01
 0.70002000E-09  0.11343458E-01  0.00000000E+00  0.11995890E+00  0.00000000E+00  0.00000000E+00  0.18386516E+09  0.00000000E+00  0.00000000E+00  0.00000000E+00  0.00000000E+00  0.00000000E+00  0.10000000E-01  0.10000000E+01
 0.71002000E-09  0.11343458E-01  0.00000000E+00  0.12179756E+00  0.00000000E+00  0.00000000E+00  0.18386516E+09  0.00000000E+00  0.00000000E+00  0.00000000E+00  0.00000000E+00  0.00000000E+00  0.10000000E-01  0.10000000E+01
 0.72002000E-09  0.11343458E-01  0.00000000E+00  0.12363621E+00  0.00000000E+00  0.00000000E+00  0.18386516E+09  0.00000000E+00  0.00000000E+00  0.00000000E+00  0.00000000E+00  0.00000000E+00  0.10000000E-01  0.10000000E+01
 0.73002000E-09  0.11343458E-01  0.00000000E+00  0.12547486E+00  0.00000000E+00  0.00000000E+00  0.18386516E+09  0.00000000E+00  0.00000000E+00  0.00000000E+00  0.00000000E+00  0.00000000E+00  0.10000000E-01  0.10000000E+01
 0.74002000E-09  0.11343458E-01  0.00000000E+00  0.12731351E+00  0.00000000E+00  0.00000000E+00  0.18386516E+09  0.00000000E+00  0.00000000E+00  0.00000000E+00  0.00000000E+00  0.00000000E+00  0.10000000E-01  0.10000000E+01
 0.75002000E-09  0.11343458E-01  0.00000000E+00  0.12915216E+00  0.00000000E+00  0.00000000E+00  0.18386516E+09  0.00000000E+00  0.00000000E+00  0.00000000E+00  0.00000000E+00  0.00000000E+00  0.10000000E-01  0.10000000E+01
 0.76002000E-09  0.11343458E-01  0.00000000E+00  0.13099081E+00  0.00000000E+00  0.00000000E+00  0.18386516E+09  0.00000000E+00  0.00000000E+00  0.00000000E+00  0.00000000E+00  0.00000000E+00  0.10000000E-01  0.10000000E+01
 0.77002000E-09  0.11343458E-01  0.00000000E+00  0.13282947E+00  0.00000000E+00  0.00000000E+00  0.18386516E+09  0.00000000E+00  0.00000000E+00  0.00000000E+00  0.00000000E+00  0.00000000E+00  0.10000000E-01  0.10000000E+01
 0.78002000E-09  0.11343458E-01  0.00000000E+00  0.13466812E+00  0.00000000E+00  0.00000000E+00  0.18386516E+09  0.00000000E+00  0.00000000E+00  0.00000000E+00  0.00000000E+00  0.00000000E+00  0.10000000E-01  0.10000000E+01
 0.79002000E-09  0.11343458E-01  0.00000000E+00  0.13650677E+00  0.00000000E+00  0.00000000E+00  0.18386516E+09  0.00000000E+00  0.00000000E+00  0.00000000E+00  0.00000000E+00  0.00000000E+00  0.10000000E-01  0.10000000E+01
 0.80002000E-09  0.11343458E-01  0.00000000E+00  0.13834542E+00  0.00000000E+00  0.00000000E+00  0.18386516E+09  0.00000000E+00  0.00000000E+00  0.00000000E+00  0.00000000E+00  0.00000000E+00  0.10000000E-01  0.10000000E+01
 0.81002000E-09  0.11343458E-01  0.00000000E+00  0.14018407E+00  0.00000000E+00  0.00000000E+00  0.18386516E+09  0.00000000E+00  0.00000000E+00  0.00000000E+00  0.00000000E+00  0.00000000E+00  0.10000000E-01  0.10000000E+01
 0.82002000E-09  0.11343458E-01  0.00000000E+00  0.14202272E+00  0.00000000E+00  0.00000000E+00  0.18386516E+09  0.00000000E+00  0.00000000E+00  0.00000000E+00  0.00000000E+00  0.00000000E+00  0.10000000E-01  0.10000000E+01
 0.83002000E-09  0.11343458E-01  0.00000000E+00  0.14386138E+00  0.00000000E+00  0.00000000E+00  0.18386516E+09  0.00000000E+00  0.00000000E+00  0.00000000E+00  0.00000000E+00  0.00000000E+00  0.10000000E-01  0.10000000E+01
 0.84002000E-09  0.11343458E-01  0.00000000E+00  0.14570003E+00  0.00000000E+00  0.00000000E+00  0.18386516E+09  0.00000000E+00  0.00000000E+00  0.00000000E+00  0.00000000E+00  0.00000000E+00  0.10000000E-01  0.10000000E+01
 0.85002000E-09  0.11343458E-01  0.00000000E+00  0.14753868E+00  0.00000000E+00  0.00000000E+00  0.18386516E+09  0.00000000E+00  0.00000000E+00  0.00000000E+00  0.00000000E+00  0.00000000E+00  0.10000000E-01  0.10000000E+01
 0.86002000E-09  0.11343458E-01  0.00000000E+00  0.14937733E+00  0.00000000E+00  0.00000000E+00  0.18386516E+09  0.00000000E+00  0.00000000E+00  0.00000000E+00  0.00000000E+00  0.00000000E+00  0.10000000E-01  0.10000000E+01
 0.87002000E-09  0.11343458E-01  0.00000000E+00  0.15121598E+00  0.00000000E+00  0.00000000E+00  0.18386516E+09  0.00000000E+00  0.00000000E+00  0.00000000E+00  0.00000000E+00  0.00000000E+00  0.10000000E-01  0.10000000E+01
 0.88002000E-09  0.11343458E-01  0.00000000E+00  0.15305463E+00  0.00000000E+00  0.00000000E+00  0.18386516E+09  0.00000000E+00  0.00000000E+00  0.00000000E+00  0.00000000E+00  0.00000000E+00  0.10000000E-01  0.10000000E+01
 0.89002000E-09  0.11343458E-01  0.00000000E+00  0.15489328E+00  0.00000000E+00  0.00000000E+00  0.18386516E+09  0.00000000E+00  0.00000000E+00  0.00000000E+00  0.00000000E+00  0.00000000E+00  0.10000000E-01  0.10000000E+01
 0.90002000E-09  0.11343458E-01  0.00000000E+00  0.15673194E+00  0.00000000E+00  0.00000000E+00  0.18386516E+09  0.00000000E+00  0.00000000E+00  0.00000000E+00  0.00000000E+00  0.00000000E+00  0.10000000E-01  0.10000000E+01
 0.91002000E-09  0.11343458E-01  0.00000000E+00  0.15857059E+00  0.00000000E+00  0.00000000E+00  0.18386516E+09  0.00000000E+00  0.00000000E+00  0.00000000E+00  0.00000000E+00  0.00000000E+00  0.10000000E-01  0.10000000E+01
 0.92002000E-09  0.11343458E-01  0.00000000E+00  0.16040924E+00  0.00000000E+00  0.00000000E+00  0.18386516E+09  0.00000000E+00  0.00000000E+00  0.00000000E+00  0.00000000E+00  0.00000000E+00  0.10000000E-01  0.10000000E+01
 0.93002000E-09  0.11343458E-01  0.00000000E+00  0.16224789E+00  0.00000000E+00  0.00000000E+00  0.18386516E+09  0.00000000E+00  0.00000000E+00  0.00000000E+00  0.00000000E+00  0.00000000E+00  0.10000000E-01  0.10000000E+01
 0.94002000E-09  0.11343458E-01  0.00000000E+00  0.16408654E+00  0.00000000E+00  0.00000000E+00  0.18386516E+09  0.00000000E+00  0.00000000E+00  0.00000000E+00  0.00000000E+00  0.00000000E+00  0.10000000E-01  0.10000000E+01
 0.95002000E-09  0.11343458E-01  0.00000000E+00  0.16592519E+00  0.00000000E+00  0.00000000E+00  0.18386516E+09  0.00000000E+00  0.00000000E+00  0.00000000E+00  0.00000000E+00  0.00000000E+00  0.10000000E-01  0.10000000E+01
 0.96002000E-09  0.11343458E-01  0.00000000E+00  0.16776385E+00  0.00000000E+00  0.00000000E+00  0.18386516E+09  0.00000000E+00  0.00000000E+00  0.00000000E+00  0.00000000E+00  0.00000000E+00  0.10000000E-01  0.10000000E+01
 0.97002000E-09  0.11343458E-01  0.00000000E+00  0.16960250E+00  0.00000000E+00  0.00000000E+00  0.18386516E+09  0.00000000E+00  0.00000000E+00  0.00000000E+00  0.00000000E+00  0.00000000E+00  0.10000000E-01  0.10000000E+01
 0.98002000E-09  0.11343458E-01  0.00000000E+00  0.17144115E+00  0.00000000E+00  0.00000000E+00  0.18386516E+09  0.00000000E+00  0.00000000E+00  0.00000000E+00  0.00000000E+00  0.00000000E+00  0.10000000E-01  0.10000000E+01
 0.99002000E-09  0.11343458E-01  0.00000000E+00  0.17327980E+00  0.00000000E+00  0.00000000E+00  0.18386516E+09  0.00000000E+00  0.00000000E+00  0.00000000E+00  0.00000000E+00  0.00000000E+00  0.10000000E-01  0.10000000E+01
 0.10000200E-08  0.11343458E-01  0.00000000E+00  0.17511845E+00  0.00000000E+00  0.00000000E+00  0.18386516E+09  0.00000000E+00  0.00000000E+00  0.00000000E+00  0.00000000E+00  0.00000000E+00  0.10000000E-01  0.10000000E+01
 0.10100200E-08  0.11343458E-01  0.00000000E+00  0.17695710E+00  0.00000000E+00  0.00000000E+00  0.18386516E+09  0.00000000E+00  0.00000000E+00  0.00000000E+00  0.00000000E+00  0.00000000E+00  0.10000000E-01  0.10000000E+01
 0.10200200E-08  0.11343458E-01  0.00000000E+00  0.17879576E+00  0.00000000E+00  0.00000000E+00  0.18386516E+09  0.00000000E+00  0.00000000E+00  0.00000000E+00  0.00000000E+00  0.00000000E+00  0.10000000E-01  0.10000000E+01
 0.10300200E-08  0.11343458E-01  0.00000000E+00  0.18063441E+00  0.00000000E+00  0.00000000E+00  0.18386516E+09  0.00000000E+00  0.00000000E+00  0.00000000E+00  0.00000000E+00  0.00000000E+00  0.10000000E-01  0.10000000E+01
 0.10400200E-08  0.11343458E-01  0.00000000E+00  0.18247306E+00  0.00000000E+00  0.00000000E+00  0.18386516E+09  0.00000000E+00  0.00000000E+00  0.00000000E+00  0.00000000E+00  0.00000000E+00  0.10000000E-01  0.10000000E+01
 0.10500200E-08  0.11343458E-01  0.00000000E+00  0.18431171E+00  0.00000000E+00  0.00000000E+00  0.18386516E+09  0.00000000E+00  0.00000000E+00  0.00000000E+00  0.00000000E+00  0.00000000E+00  0.10000000E-01  0.10000000E+01
 0.10600200E-08  0.11343458E-01  0.00000000E+00  0.18615036E+00  0.00000000E+00  0.00000000E+00  0.18386516E+09  0.00000000E+00  0.00000000E+00  0.00000000E+00  0.00000000E+00  0.00000000E+00  0.10000000E-01  0.10000000E+01
 0.10700200E-08  0.11343458E-01  0.00000000E+00  0.18798901E+00  0.00000000E+00  0.00000000E+00  0.18386516E+09  0.00000000E+00  0.00000000E+00  0.00000000E+00  0.00000000E+00  0.00000000E+00  0.10000000E-01  0.10000000E+01
 0.10800200E-08  0.11343458E-01  0.00000000E+00  0.18982767E+00  0.00000000E+00  0.00000000E+00  0.18386516E+09  0.00000000E+00  0.00000000E+00  0.00000000E+00  0.00000000E+00  0.00000000E+00  0.10000000E-01  0.10000000E+01
 0.10900200E-08  0.11343458E-01  0.00000000E+00  0.19166632E+00  0.00000000E+00  0.00000000E+00  0.18386516E+09  0.00000000E+00  0.00000000E+00  0.00000000E+00  0.00000000E+00  0.00000000E+00  0.10000000E-01  0.10000000E+01
 0.11000200E-08  0.11343458E-01  0.00000000E+00  0.19350497E+00  0.00000000E+00  0.00000000E+00  0.18386516E+09  0.00000000E+00  0.00000000E+00  0.00000000E+00  0.00000000E+00  0.00000000E+00  0.10000000E-01  0.10000000E+01
 0.11100200E-08  0.11343458E-01  0.00000000E+00  0.19534362E+00  0.00000000E+00  0.00000000E+00  0.18386516E+09  0.00000000E+00  0.00000000E+00  0.00000000E+00  0.00000000E+00  0.00000000E+00  0.10000000E-01  0.10000000E+01
 0.11200200E-08  0.11343458E-01  0.00000000E+00  0.19718227E+00  0.00000000E+00  0.00000000E+00  0.18386516E+09  0.00000000E+00  0.00000000E+00  0.00000000E+00  0.00000000E+00  0.00000000E+00  0.10000000E-01  0.10000000E+01
 0.11300200E-08  0.11343458E-01  0.00000000E+00  0.19902092E+00  0.00000000E+00  0.00000000E+00  0.18386516E+09  0.00000000E+00  0.00000000E+00  0.00000000E+00  0.00000000E+00  0.00000000E+00  0.10000000E-01  0.10000000E+01
 0.11400200E-08  0.11343458E-01  0.00000000E+00  0.20085957E+00  0.00000000E+00  0.00000000E+00  0.18386516E+09  0.00000000E+00  0.00000000E+00  0.00000000E+00  0.00000000E+00  0.00000000E+00  0.10000000E-01  0.10000000E+01
 0.11500200E-08  0.11343458E-01  0.00000000E+00  0.20269823E+00  0.00000000E+00  0.00000000E+00  0.18386516E+09  0.00000000E+00  0.00000000E+00  0.00000000E+00  0.00000000E+00  0.00000000E+00  0.10000000E-01  0.10000000E+01
 0.11600200E-08  0.11343458E-01  0.00000000E+00  0.20453688E+00  0.00000000E+00  0.00000000E+00  0.18386516E+09  0.00000000E+00  0.00000000E+00  0.00000000E+00  0.00000000E+00  0.00000000E+00  0.10000000E-01  0.10000000E+01
 0.11700200E-08  0.11343458E-01  0.00000000E+00  0.20637553E+00  0.00000000E+00  0.00000000E+00  0.18386516E+09  0.00000000E+00  0.00000000E+00  0.00000000E+00  0.00000000E+00  0.00000000E+00  0.10000000E-01  0.10000000E+01
 0.11800200E-08  0.11343458E-01  0.00000000E+00  0.20821418E+00  0.00000000E+00  0.00000000E+00  0.18386516E+09  0.00000000E+00  0.00000000E+00  0.00000000E+00  0.00000000E+00  0.00000000E+00  0.10000000E-01  0.10000000E+01
 0.11900200E-08  0.11343458E-01  0.00000000E+00  0.21005283E+00  0.00000000E+00  0.00000000E+00  0.18386516E+09  0.00000000E+00  0.00000000E+00  0.00000000E+00  0.00000000E+00  0.00000000E+00  0.10000000E-01  0.10000000E+01
 0.12000200E-08  0.11343458E-01  0.00000000E+00  0.21189148E+00  0.00000000E+00  0.00000000E+00  0.18386516E+09  0.00000000E+00  0.00000000E+00  0.00000000E+00  0.00000000E+00  0.00000000E+00  0.10000000E-01  0.10000000E+01
 0.12100200E-08  0.11343458E-01  0.00000000E+00  0.21373014E+00  0.00000000E+00  0.00000000E+00  0.18386516E+09  0.00000000E+00  0.00000000E+00  0.00000000E+00  0.00000000E+00  0.00000000E+00  0.10000000E-01  0.10000000E+01
 0.12200200E-08  0.11343458E-01  0.00000000E+00  0.21556879E+00  0.00000000E+00  0.00000000E+00  0.18386516E+09  0.00000000E+00  0.00000000E+00  0.00000000E+00  0.00000000E+00  0.00000000E+00  0.10000000E-01  0.10000000E+01
 0.12300200E-08  0.11343458E-01  0.00000000E+00  0.21740744E+00  0.00000000E+00  0.00000000E+00  0.18386516E+09  0.00000000E+00  0.00000000E+00  0.00000000E+00  0.00000000E+00  0.00000000E+00  0.10000000E-01  0.10000000E+01
 0.12400200E-08  0.11343458E-01  0.00000000E+00  0.21924609E+00  0.00000000E+00  0.00000000E+00  0.18386516E+09  0.00000000E+00  0.00000000E+00  0.00000000E+00  0.00000000E+00  0.00000000E+00  0.10000000E-01  0.10000000E+01
 0.12500200E-08  0.11343458E-01  0.00000000E+00  0.22108474E+00  0.00000000E+00  0.00000000E+00  0.18386516E+09  0.00000000E+00  0.00000000E+00  0.00000000E+00  0.00000000E+00  0.00000000E+00  0.10000000E-01  0.10000000E+01
 0.12600200E-08  0.11343458E-01  0.00000000E+00  0.22292339E+00  0.00000000E+00  0.00000000E+00  0.18386516E+09  0.00000000E+00  0.00000000E+00  0.00000000E+00  0.00000000E+00  0.00000000E+00  0.10000000E-01  0.10000000E+01
 0.12700200E-08  0.11343458E-01  0.00000000E+00  0.22476205E+00  0.00000000E+00  0.00000000E+00  0.18386516E+09  0.00000000E+00  0.00000000E+00  0.00000000E+00  0.00000000E+00  0.00000000E+00  0.10000000E-01  0.10000000E+01
 0.12800200E-08  0.11343458E-01  0.00000000E+00  0.22660070E+00  0.00000000E+00  0.00000000E+00  0.18386516E+09  0.00000000E+00  0.00000000E+00  0.00000000E+00  0.00000000E+00  0.00000000E+00  0.10000000E-01  0.10000000E+01
 0.12900200E-08  0.11343458E-01  0.00000000E+00  0.22843935E+00  0.00000000E+00  0.00000000E+00  0.18386516E+09  0.00000000E+00  0.00000000E+00  0.00000000E+00  0.00000000E+00  0.00000000E+00  0.10000000E-01  0.10000000E+01
 0.13000200E-08  0.11343458E-01  0.00000000E+00  0.23027800E+00  0.00000000E+00  0.00000000E+00  0.18386516E+09  0.00000000E+00  0.00000000E+00  0.00000000E+00  0.00000000E+00  0.00000000E+00  0.10000000E-01  0.10000000E+01
 0.13100200E-08  0.11343458E-01  0.00000000E+00  0.23211665E+00  0.00000000E+00  0.00000000E+00  0.18386516E+09  0.00000000E+00  0.00000000E+00  0.00000000E+00  0.00000000E+00  0.00000000E+00  0.10000000E-01  0.10000000E+01
 0.13200200E-08  0.11343458E-01  0.00000000E+00  0.23395530E+00  0.00000000E+00  0.00000000E+00  0.18386516E+09  0.00000000E+00  0.00000000E+00  0.00000000E+00  0.00000000E+00  0.00000000E+00  0.10000000E-01  0.10000000E+01
 0.13300200E-08  0.11343458E-01  0.00000000E+00  0.23579395E+00  0.00000000E+00  0.00000000E+00  0.18386516E+09  0.00000000E+00  0.00000000E+00  0.00000000E+00  0.00000000E+00  0.00000000E+00  0.10000000E-01  0.10000000E+01
 0.13400200E-08  0.11343458E-01  0.00000000E+00  0.23763261E+00  0.00000000E+00  0.00000000E+00  0.18386516E+09  0.00000000E+00  0.00000000E+00  0.00000000E+00  0.00000000E+00  0.00000000E+00  0.10000000E-01  0.10000000E+01
 0.13500200E-08  0.11343458E-01  0.00000000E+00  0.23947126E+00  0.00000000E+00  0.00000000E+00  0.18386516E+09  0.00000000E+00  0.00000000E+00  0.00000000E+00  0.00000000E+00  0.00000000E+00  0.10000000E-01  0.10000000E+01
 0.13600200E-08  0.11343458E-01  0.00000000E+00  0.24130991E+00  0.00000000E+00  0.00000000E+00  0.18386516E+09  0.00000000E+00  0.00000000E+00  0.00000000E+00  0.00000000E+00  0.00000000E+00  0.10000000E-01  0.10000000E+01
 0.13700200E-08  0.11343458E-01  0.00000000E+00  0.24314856E+00  0.00000000E+00  0.00000000E+00  0.18386516E+09  0.00000000E+00  0.00000000E+00  0.00000000E+00  0.00000000E+00  0.00000000E+00  0.10000000E-01  0.10000000E+01
 0.13800200E-08  0.11343458E-01  0.00000000E+00  0.24498721E+00  0.00000000E+00  0.00000000E+00  0.18386516E+09  0.00000000E+00  0.00000000E+00  0.00000000E+00  0.00000000E+00  0.00000000E+00  0.10000000E-01  0.10000000E+01
 0.13900200E-08  0.11343458E-01  0.00000000E+00  0.24682586E+00  0.00000000E+00  0.00000000E+00  0.18386516E+09  0.00000000E+00  0.00000000E+00  0.00000000E+00  0.00000000E+00  0.00000000E+00  0.10000000E-01  0.10000000E+01
 0.14000200E-08  0.11343458E-01  0.00000000E+00  0.24866452E+00  0.00000000E+00  0.00000000E+00  0.18386516E+09  0.00000000E+00  0.00000000E+00  0.00000000E+00  0.00000000E+00  0.00000000E+00  0.10000000E-01  0.10000000E+01
 0.14100200E-08  0.11343458E-01  0.00000000E+00  0.25050317E+00  0.00000000E+00  0.00000000E+00  0.18386516E+09  0.00000000E+00  0.00000000E+00  0.00000000E+00  0.00000000E+00  0.00000000E+00  0.10000000E-01  0.10000000E+01
 0.14200200E-08  0.11343458E-01  0.00000000E+00  0.25234182E+00  0.00000000E+00  0.00000000E+00  0.18386516E+09  0.00000000E+00  0.00000000E+00  0.00000000E+00  0.00000000E+00  0.00000000E+00  0.10000000E-01  0.10000000E+01
 0.14300200E-08  0.11343458E-01  0.00000000E+00  0.25418047E+00  0.00000000E+00  0.00000000E+00  0.18386516E+09  0.00000000E+00  0.00000000E+00  0.00000000E+00  0.00000000E+00  0.00000000E+00  0.10000000E-01  0.10000000E+01
 0.14400200E-08  0.11343458E-01  0.00000000E+00  0.25601912E+00  0.00000000E+00  0.00000000E+00  0.18386516E+09  0.00000000E+00  0.00000000E+00  0.00000000E+00  0.00000000E+00  0.00000000E+00  0.10000000E-01  0.10000000E+01
 0.14500200E-08  0.11343458E-01  0.00000000E+00  0.25785777E+00  0.00000000E+00  0.00000000E+00  0.18386516E+09  0.00000000E+00  0.00000000E+00  0.00000000E+00  0.00000000E+00  0.00000000E+00  0.10000000E-01  0.10000000E+01
 0.14600200E-08  0.11343458E-01  0.00000000E+00  0.25969643E+00  0.00000000E+00  0.00000000E+00  0.18386516E+09  0.00000000E+00  0.00000000E+00  0.00000000E+00  0.00000000E+00  0.00000000E+00  0.10000000E-01  0.10000000E+01
 0.14700200E-08  0.11343458E-01  0.00000000E+00  0.26153508E+00  0.00000000E+00  0.00000000E+00  0.18386516E+09  0.00000000E+00  0.00000000E+00  0.00000000E+00  0.00000000E+00  0.00000000E+00  0.10000000E-01  0.10000000E+01
 0.14800200E-08  0.11343458E-01  0.00000000E+00  0.26337373E+00  0.00000000E+00  0.00000000E+00  0.18386516E+09  0.00000000E+00  0.00000000E+00  0.00000000E+00  0.00000000E+00  0.00000000E+00  0.10000000E-01  0.10000000E+01
 0.14900200E-08  0.11343458E-01  0.00000000E+00  0.26521238E+00  0.00000000E+00  0.00000000E+00  0.18386516E+09  0.00000000E+00  0.00000000E+00  0.00000000E+00  0.00000000E+00  0.00000000E+00  0.10000000E-01  0.10000000E+01
 0.15000200E-08  0.11343458E-01  0.00000000E+00  0.26705103E+00  0.00000000E+00  0.00000000E+00  0.18386516E+09  0.00000000E+00  0.00000000E+00  0.00000000E+00  0.00000000E+00  0.00000000E+00  0.10000000E-01  0.10000000E+01
 0.15100200E-08  0.11343458E-01  0.00000000E+00  0.26888968E+00  0.00000000E+00  0.00000000E+00  0.18386516E+09  0.00000000E+00  0.00000000E+00  0.00000000E+00  0.00000000E+00  0.00000000E+00  0.10000000E-01  0.10000000E+01
 0.15200200E-08  0.11343458E-01  0.00000000E+00  0.27072833E+00  0.00000000E+00  0.00000000E+00  0.18386516E+09  0.00000000E+00  0.00000000E+00  0.00000000E+00  0.00000000E+00  0.00000000E+00  0.10000000E-01  0.10000000E+01
 0.15300200E-08  0.11343458E-01  0.00000000E+00  0.27256699E+00  0.00000000E+00  0.00000000E+00  0.18386516E+09  0.00000000E+00  0.00000000E+00  0.00000000E+00  0.00000000E+00  0.00000000E+00  0.10000000E-01  0.10000000E+01
 0.15400200E-08  0.11343458E-01  0.00000000E+00  0.27440564E+00  0.00000000E+00  0.00000000E+00  0.18386516E+09  0.00000000E+00  0.00000000E+00  0.00000000E+00  0.00000000E+00  0.00000000E+00  0.10000000E-01  0.10000000E+01
 0.15500200E-08  0.11343458E-01  0.00000000E+00  0.27624429E+00  0.00000000E+00  0.00000000E+00  0.18386516E+09  0.00000000E+00  0.00000000E+00  0.00000000E+00  0.00000000E+00  0.00000000E+00  0.10000000E-01  0.10000000E+01
 0.15600200E-08  0.11343458E-01  0.00000000E+00  0.27808294E+00  0.00000000E+00  0.00000000E+00  0.18386516E+09  0.00000000E+00  0.00000000E+00  0.00000000E+00  0.00000000E+00  0.00000000E+00  0.10000000E-01  0.10000000E+01
 0.15700200E-08  0.11343458E-01  0.00000000E+00  0.27992159E+00  0.00000000E+00  0.00000000E+00  0.18386516E+09  0.00000000E+00  0.00000000E+00  0.00000000E+00  0.00000000E+00  0.00000000E+00  0.10000000E-01  0.10000000E+01
 0.15800200E-08  0.11343458E-01  0.00000000E+00  0.28176024E+00  0.00000000E+00  0.00000000E+00  0.18386516E+09  0.00000000E+00  0.00000000E+00  0.00000000E+00  0.00000000E+00  0.00000000E+00  0.10000000E-01  0.10000000E+01
 0.15900200E-08  0.11343458E-01  0.00000000E+00  0.28359890E+00  0.00000000E+00  0.00000000E+00  0.18386516E+09  0.00000000E+00  0.00000000E+00  0.00000000E+00  0.00000000E+00  0.00000000E+00  0.10000000E-01  0.10000000E+01
 0.16000200E-08  0.11343458E-01  0.00000000E+00  0.28543755E+00  0.00000000E+00  0.00000000E+00  0.18386516E+09  0.00000000E+00  0.00000000E+00  0.00000000E+00  0.00000000E+00  0.00000000E+00  0.10000000E-01  0.10000000E+01
 0.16100200E-08  0.11343458E-01  0.00000000E+00  0.28727620E+00  0.00000000E+00  0.00000000E+00  0.18386516E+09  0.00000000E+00  0.00000000E+00  0.00000000E+00  0.00000000E+00  0.00000000E+00  0.10000000E-01  0.10000000E+01
 0.16200200E-08  0.11343458E-01  0.00000000E+00  0.28911485E+00  0.00000000E+00  0.00000000E+00  0.18386516E+09  0.00000000E+00  0.00000000E+00  0.00000000E+00  0.00000000E+00  0.00000000E+00  0.10000000E-01  0.10000000E+01
 0.16300200E-08  0.11343458E-01  0.00000000E+00  0.29095350E+00  0.00000000E+00  0.00000000E+00  0.18386516E+09  0.00000000E+00  0.00000000E+00  0.00000000E+00  0.00000000E+00  0.00000000E+00  0.10000000E-01  0.10000000E+01
 0.16400200E-08  0.11343458E-01  0.00000000E+00  0.29279215E+00  0.00000000E+00  0.00000000E+00  0.18386516E+09  0.00000000E+00  0.00000000E+00  0.00000000E+00  0.00000000E+00  0.00000000E+00  0.10000000E-01  0.10000000E+01
 0.16500200E-08  0.11343458E-01  0.00000000E+00  0.29463081E+00  0.00000000E+00  0.00000000E+00  0.18386516E+09  0.00000000E+00  0.00000000E+00  0.00000000E+00  0.00000000E+00  0.00000000E+00  0.10000000E-01  0.10000000E+01
 0.16600200E-08  0.11343458E-01  0.00000000E+00  0.29646946E+00  0.00000000E+00  0.00000000E+00  0.18386516E+09  0.00000000E+00  0.00000000E+00  0.00000000E+00  0.00000000E+00  0.00000000E+00  0.10000000E-01  0.10000000E+01
 0.16700200E-08  0.11343458E-01  0.00000000E+00  0.29830811E+00  0.00000000E+00  0.00000000E+00  0.18386516E+09  0.00000000E+00  0.00000000E+00  0.00000000E+00  0.00000000E+00  0.00000000E+00  0.10000000E-01  0.10000000E+01
 0.16800200E-08  0.11343458E-01  0.00000000E+00  0.30014676E+00  0.00000000E+00  0.00000000E+00  0.18386516E+09  0.00000000E+00  0.00000000E+00  0.00000000E+00  0.00000000E+00  0.00000000E+00  0.10000000E-01  0.10000000E+01
 0.16900200E-08  0.11343458E-01  0.00000000E+00  0.30198541E+00  0.00000000E+00  0.00000000E+00  0.18386516E+09  0.00000000E+00  0.00000000E+00  0.00000000E+00  0.00000000E+00  0.00000000E+00  0.10000000E-01  0.10000000E+01
 0.17000200E-08  0.11343458E-01  0.00000000E+00  0.30382406E+00  0.00000000E+00  0.00000000E+00  0.18386516E+09  0.00000000E+00  0.00000000E+00  0.00000000E+00  0.00000000E+00  0.00000000E+00  0.10000000E-01  0.10000000E+01
 0.17100200E-08  0.11343458E-01  0.00000000E+00  0.30566271E+00  0.00000000E+00  0.00000000E+00  0.18386516E+09  0.00000000E+00  0.00000000E+00  0.00000000E+00  0.00000000E+00  0.00000000E+00  0.10000000E-01  0.10000000E+01
 0.17200200E-08  0.11343458E-01  0.00000000E+00  0.30750137E+00  0.00000000E+00  0.00000000E+00  0.18386516E+09  0.00000000E+00  0.00000000E+00  0.00000000E+00  0.00000000E+00  0.00000000E+00  0.10000000E-01  0.10000000E+01
 0.17300200E-08  0.11343458E-01  0.00000000E+00  0.30934002E+00  0.00000000E+00  0.00000000E+00  0.18386516E+09  0.00000000E+00  0.00000000E+00  0.00000000E+00  0.00000000E+00  0.00000000E+00  0.10000000E-01  0.10000000E+01
 0.17400200E-08  0.11343458E-01  0.00000000E+00  0.31117867E+00  0.00000000E+00  0.00000000E+00  0.18386516E+09  0.00000000E+00  0.00000000E+00  0.00000000E+00  0.00000000E+00  0.00000000E+00  0.10000000E-01  0.10000000E+01
 0.17500200E-08  0.11343458E-01  0.00000000E+00  0.31301732E+00  0.00000000E+00  0.00000000E+00  0.18386516E+09  0.00000000E+00  0.00000000E+00  0.00000000E+00  0.00000000E+00  0.00000000E+00  0.10000000E-01  0.10000000E+01
 0.17600200E-08  0.11343458E-01  0.00000000E+00  0.31485597E+00  0.00000000E+00  0.00000000E+00  0.18386516E+09  0.00000000E+00  0.00000000E+00  0.00000000E+00  0.00000000E+00  0.00000000E+00  0.10000000E-01  0.10000000E+01
 0.17700200E-08  0.11343458E-01  0.00000000E+00  0.31669462E+00  0.00000000E+00  0.00000000E+00  0.18386516E+09  0.00000000E+00  0.00000000E+00  0.00000000E+00  0.00000000E+00  0.00000000E+00  0.10000000E-01  0.10000000E+01
 0.17800200E-08  0.11343458E-01  0.00000000E+00  0.31853328E+00  0.00000000E+00  0.00000000E+00  0.18386516E+09  0.00000000E+00  0.00000000E+00  0.00000000E+00  0.00000000E+00  0.00000000E+00  0.10000000E-01  0.10000000E+01
 0.17900200E-08  0.11343458E-01  0.00000000E+00  0.32037193E+00  0.00000000E+00  0.00000000E+00  0.18386516E+09  0.00000000E+00  0.00000000E+00  0.00000000E+00  0.00000000E+00  0.00000000E+00  0.10000000E-01  0.10000000E+01
 0.18000200E-08  0.11343458E-01  0.00000000E+00  0.32221058E+00  0.00000000E+00  0.00000000E+00  0.18386516E+09  0.00000000E+00  0.00000000E+00  0.00000000E+00  0.00000000E+00  0.00000000E+00  0.10000000E-01  0.10000000E+01
 0.18100200E-08  0.11343458E-01  0.00000000E+00  0.32404923E+00  0.00000000E+00  0.00000000E+00  0.18386516E+09  0.00000000E+00  0.00000000E+00  0.00000000E+00  0.00000000E+00  0.00000000E+00  0.10000000E-01  0.10000000E+01
 0.18200200E-08  0.11343458E-01  0.00000000E+00  0.32588788E+00  0.00000000E+00  0.00000000E+00  0.18386516E+09  0.00000000E+00  0.00000000E+00  0.00000000E+00  0.00000000E+00  0.00000000E+00  0.10000000E-01  0.10000000E+01
 0.18300200E-08  0.11343458E-01  0.00000000E+00  0.32772653E+00  0.00000000E+00  0.00000000E+00  0.18386516E+09  0.00000000E+00  0.00000000E+00  0.00000000E+00  0.00000000E+00  0.00000000E+00  0.10000000E-01  0.10000000E+01
 0.18400200E-08  0.11343458E-01  0.00000000E+00  0.32956519E+00  0.00000000E+00  0.00000000E+00  0.18386516E+09  0.00000000E+00  0.00000000E+00  0.00000000E+00  0.00000000E+00  0.00000000E+00  0.10000000E-01  0.10000000E+01
 0.18500200E-08  0.11343458E-01  0.00000000E+00  0.33140384E+00  0.00000000E+00  0.00000000E+00  0.18386516E+09  0.00000000E+00  0.00000000E+00  0.00000000E+00  0.00000000E+00  0.00000000E+00  0.10000000E-01  0.10000000E+01
 0.18600200E-08  0.11343458E-01  0.00000000E+00  0.33324249E+00  0.00000000E+00  0.00000000E+00  0.18386516E+09  0.00000000E+00  0.00000000E+00  0.00000000E+00  0.00000000E+00  0.00000000E+00  0.10000000E-01  0.10000000E+01
 0.18700200E-08  0.11343458E-01  0.00000000E+00  0.33508114E+00  0.00000000E+00  0.00000000E+00  0.18386516E+09  0.00000000E+00  0.00000000E+00  0.00000000E+00  0.00000000E+00  0.00000000E+00  0.10000000E-01  0.10000000E+01
 0.18800200E-08  0.11343458E-01  0.00000000E+00  0.33691979E+00  0.00000000E+00  0.00000000E+00  0.18386516E+09  0.00000000E+00  0.00000000E+00  0.00000000E+00  0.00000000E+00  0.00000000E+00  0.10000000E-01  0.10000000E+01
 0.18900200E-08  0.11343458E-01  0.00000000E+00  0.33875844E+00  0.00000000E+00  0.00000000E+00  0.18386516E+09  0.00000000E+00  0.00000000E+00  0.00000000E+00  0.00000000E+00  0.00000000E+00  0.10000000E-01  0.10000000E+01
 0.19000200E-08  0.11343458E-01  0.00000000E+00  0.34059709E+00  0.00000000E+00  0.00000000E+00  0.18386516E+09  0.00000000E+00  0.00000000E+00  0.00000000E+00  0.00000000E+00  0.00000000E+00  0.10000000E-01  0.10000000E+01
 0.19100200E-08  0.11343458E-01  0.00000000E+00  0.34243575E+00  0.00000000E+00  0.00000000E+00  0.18386516E+09  0.00000000E+00  0.00000000E+00  0.00000000E+00  0.00000000E+00  0.00000000E+00  0.10000000E-01  0.10000000E+01
 0.19200200E-08  0.11343458E-01  0.00000000E+00  0.34427440E+00  0.00000000E+00  0.00000000E+00  0.18386516E+09  0.00000000E+00  0.00000000E+00  0.00000000E+00  0.00000000E+00  0.00000000E+00  0.10000000E-01  0.10000000E+01
 0.19300200E-08  0.11343458E-01  0.00000000E+00  0.34611305E+00  0.00000000E+00  0.00000000E+00  0.18386516E+09  0.00000000E+00  0.00000000E+00  0.00000000E+00  0.00000000E+00  0.00000000E+00  0.10000000E-01  0.10000000E+01
 0.19400200E-08  0.11343458E-01  0.00000000E+00  0.34795170E+00  0.00000000E+00  0.00000000E+00  0.18386516E+09  0.00000000E+00  0.00000000E+00  0.00000000E+00  0.00000000E+00  0.00000000E+00  0.10000000E-01  0.10000000E+01
 0.19500200E-08  0.11343458E-01  0.00000000E+00  0.34979035E+00  0.00000000E+00  0.00000000E+00  0.18386516E+09  0.00000000E+00  0.00000000E+00  0.00000000E+00  0.00000000E+00  0.00000000E+00  0.10000000E-01  0.10000000E+01
 0.19600200E-08  0.11343458E-01  0.00000000E+00  0.35162900E+00  0.00000000E+00  0.00000000E+00  0.18386516E+09  0.00000000E+00  0.00000000E+00  0.00000000E+00  0.00000000E+00  0.00000000E+00  0.10000000E-01  0.10000000E+01
 0.19700200E-08  0.11343458E-01  0.00000000E+00  0.35346766E+00  0.00000000E+00  0.00000000E+00  0.18386516E+09  0.00000000E+00  0.00000000E+00  0.00000000E+00  0.00000000E+00  0.00000000E+00  0.10000000E-01  0.10000000E+01
 0.19800200E-08  0.11343458E-01  0.00000000E+00  0.35530631E+00  0.00000000E+00  0.00000000E+00  0.18386516E+09  0.00000000E+00  0.00000000E+00  0.00000000E+00  0.00000000E+00  0.00000000E+00  0.10000000E-01  0.10000000E+01
 0.19900200E-08  0.11343458E-01  0.00000000E+00  0.35714496E+00  0.00000000E+00  0.00000000E+00  0.18386516E+09  0.00000000E+00  0.00000000E+00  0.00000000E+00  0.00000000E+00  0.00000000E+00  0.10000000E-01  0.10000000E+01
