# ptime xp yp zp vx vy vz ex ey ez bx by bz wt
 0.20000000E-13  0.10926632E-01  0.00000000E+00 -0.30918071E-01  0.00000000E+00  0.00000000E+00  0.19405365E+09  0.00000000E+00  0.00000000E+00  0.00000000E+00  0.00000000E+00  0.00000000E+00  0.10000000E-01  0.10000000E+01
 0.10000000E-10  0.10926632E-01  0.00000000E+00 -0.28981416E-01  0.00000000E+00  0.00000000E+00  0.19405365E+09  0.00000000E+00  0.00000000E+00  0.00000000E+00  0.00000000E+00  0.00000000E+00  0.10000000E-01  0.10000000E+01
 0.20000000E-10  0.10926632E-01  0.00000000E+00 -0.27040879E-01  0.00000000E+00  0.00000000E+00  0.19405365E+09  0.00000000E+00  0.00000000E+00  0.00000000E+00  0.00000000E+00  0.00000000E+00  0.10000000E-01  0.10000000E+01
 0.30000000E-10  0.10926632E-01  0.00000000E+00 -0.25100343E-01  0.00000000E+00  0.00000000E+00  0.19405365E+09  0.00000000E+00  0.00000000E+00  0.00000000E+00  0.00000000E+00  0.00000000E+00  0.10000000E-01  0.10000000E+01
 0.40020000E-10  0.10926632E-01  0.00000000E+00 -0.23155925E-01  0.00000000E+00  0.00000000E+00  0.19405365E+09  0.00000000E+00  0.00000000E+00  0.00000000E+00  0.00000000E+00  0.00000000E+00  0.10000000E-01  0.10000000E+01
 0.50020000E-10  0.10926632E-01  0.00000000E+00 -0.21215389E-01  0.00000000E+00  0.00000000E+00  0.19405365E+09  0.00000000E+00  0.00000000E+00  0.00000000E+00  0.00000000E+00  0.00000000E+00  0.10000000E-01  0.10000000E+01
 0.60020000E-10  0.10926632E-01  0.00000000E+00 -0.19274852E-01  0.00000000E+00  0.00000000E+00  0.19405365E+09  0.00000000E+00  0.00000000E+00  0.00000000E+00  0.00000000E+00  0.00000000E+00  0.10000000E-01  0.10000000E+01
 0.70020000E-10  0.10926632E-01  0.00000000E+00 -0.17334316E-01  0.00000000E+00  0.00000000E+00  0.19405365E+09  0.00000000E+00  0.00000000E+00  0.00000000E+00  0.00000000E+00  0.00000000E+00  0.10000000E-01  0.10000000E+01
 0.80000000E-10  0.10926632E-01  0.00000000E+00 -0.15397660E-01  0.00000000E+00  0.00000000E+00  0.19405365E+09  0.00000000E+00  0.00000000E+00  0.00000000E+00  0.00000000E+00  0.00000000E+00  0.10000000E-01  0.10000000E+01
 0.90000000E-10  0.10926632E-01  0.00000000E+00 -0.13457124E-01  0.00000000E+00  0.00000000E+00  0.19405365E+09  0.00000000E+00  0.00000000E+00  0.00000000E+00  0.00000000E+00  0.00000000E+00  0.10000000E-01  0.10000000E+01
 0.10000000E-09  0.10926632E-01  0.00000000E+00 -0.11516587E-01  0.00000000E+00  0.00000000E+00  0.19405365E+09  0.00000000E+00  0.00000000E+00  0.00000000E+00  0.00000000E+00  0.00000000E+00  0.10000000E-01  0.10000000E+01
 0.11000000E-09  0.10926632E-01  0.00000000E+00 -0.95760507E-02  0.00000000E+00  0.00000000E+00  0.19405365E+09  0.00000000E+00  0.00000000E+00  0.00000000E+00  0.00000000E+00  0.00000000E+00  0.10000000E-01  0.10000000E+01
 0.12000000E-09  0.10926632E-01  0.00000000E+00 -0.76355142E-02  0.00000000E+00  0.00000000E+00  0.19405365E+09  0.00000000E+00  0.00000000E+00  0.00000000E+00  0.00000000E+00  0.00000000E+00  0.10000000E-01  0.10000000E+01
 0.13000000E-09  0.10926632E-01  0.00000000E+00 -0.56949776E-02  0.00000000E+00  0.00000000E+00  0.19405365E+09  0.00000000E+00  0.00000000E+00  0.00000000E+00  0.00000000E+00  0.00000000E+00  0.10000000E-01  0.10000000E+01
 0.14002000E-09  0.10926632E-01  0.00000000E+00 -0.37505600E-02  0.00000000E+00  0.00000000E+00  0.19405365E+09  0.00000000E+00  0.00000000E+00  0.00000000E+00  0.00000000E+00  0.00000000E+00  0.10000000E-01  0.10000000E+01
 0.15002000E-09  0.10926632E-01  0.00000000E+00 -0.18100235E-02  0.00000000E+00  0.00000000E+00  0.19405365E+09  0.00000000E+00  0.00000000E+00  0.00000000E+00  0.00000000E+00  0.00000000E+00  0.10000000E-01  0.10000000E+01
 0.16002000E-09  0.10926632E-01  0.00000000E+00  0.13051299E-03  0.00000000E+00  0.00000000E+00  0.19405365E+09  0.00000000E+00  0.00000000E+00  0.00000000E+00  0.00000000E+00  0.00000000E+00  0.10000000E-01  0.10000000E+01
 0.17002000E-09  0.10926632E-01  0.00000000E+00  0.20710495E-02  0.00000000E+00  0.00000000E+00  0.19405365E+09  0.00000000E+00  0.00000000E+00  0.00000000E+00  0.00000000E+00  0.00000000E+00  0.10000000E-01  0.10000000E+01
 0.18002000E-09  0.10926632E-01  0.00000000E+00  0.40115860E-02  0.00000000E+00  0.00000000E+00  0.19405365E+09  0.00000000E+00  0.00000000E+00  0.00000000E+00  0.00000000E+00  0.00000000E+00  0.10000000E-01  0.10000000E+01
 0.19002000E-09  0.10926632E-01  0.00000000E+00  0.59521226E-02  0.00000000E+00  0.00000000E+00  0.19405365E+09  0.00000000E+00  0.00000000E+00  0.00000000E+00  0.00000000E+00  0.00000000E+00  0.10000000E-01  0.10000000E+01
 0.20002000E-09  0.10926632E-01  0.00000000E+00  0.78926591E-02  0.00000000E+00  0.00000000E+00  0.19405365E+09  0.00000000E+00  0.00000000E+00  0.00000000E+00  0.00000000E+00  0.00000000E+00  0.10000000E-01  0.10000000E+01
 0.21002000E-09  0.10926632E-01  0.00000000E+00  0.98331956E-02  0.00000000E+00  0.00000000E+00  0.19405365E+09  0.00000000E+00  0.00000000E+00  0.00000000E+00  0.00000000E+00  0.00000000E+00  0.10000000E-01  0.10000000E+01
 0.22002000E-09  0.10926632E-01  0.00000000E+00  0.11773732E-01  0.00000000E+00  0.00000000E+00  0.19405365E+09  0.00000000E+00  0.00000000E+00  0.00000000E+00  0.00000000E+00  0.00000000E+00  0.10000000E-01  0.10000000E+01
 0.23002000E-09  0.10926632E-01  0.00000000E+00  0.13714269E-01  0.00000000E+00  0.00000000E+00  0.19405365E+09  0.00000000E+00  0.00000000E+00  0.00000000E+00  0.00000000E+00  0.00000000E+00  0.10000000E-01  0.10000000E+01
 0.24002000E-09  0.10926632E-01  0.00000000E+00  0.15654805E-01  0.00000000E+00  0.00000000E+00  0.19405365E+09  0.00000000E+00  0.00000000E+00  0.00000000E+00  0.00000000E+00  0.00000000E+00  0.10000000E-01  0.10000000E+01
 0.25002000E-09  0.10926632E-01  0.00000000E+00  0.17595342E-01  0.00000000E+00  0.00000000E+00  0.19405365E+09  0.00000000E+00  0.00000000E+00  0.00000000E+00  0.00000000E+00  0.00000000E+00  0.10000000E-01  0.10000000E+01
 0.26002000E-09  0.10926632E-01  0.00000000E+00  0.19535878E-01  0.00000000E+00  0.00000000E+00  0.19405365E+09  0.00000000E+00  0.00000000E+00  0.00000000E+00  0.00000000E+00  0.00000000E+00  0.10000000E-01  0.10000000E+01
 0.27002000E-09  0.10926632E-01  0.00000000E+00  0.21476415E-01  0.00000000E+00  0.00000000E+00  0.19405365E+09  0.00000000E+00  0.00000000E+00  0.00000000E+00  0.00000000E+00  0.00000000E+00  0.10000000E-01  0.10000000E+01
 0.28002000E-09  0.10926632E-01  0.00000000E+00  0.23416951E-01  0.00000000E+00  0.00000000E+00  0.19405365E+09  0.00000000E+00  0.00000000E+00  0.00000000E+00  0.00000000E+00  0.00000000E+00  0.10000000E-01  0.10000000E+01
 0.29002000E-09  0.10926632E-01  0.00000000E+00  0.25357488E-01  0.00000000E+00  0.00000000E+00  0.19405365E+09  0.00000000E+00  0.00000000E+00  0.00000000E+00  0.00000000E+00  0.00000000E+00  0.10000000E-01  0.10000000E+01
 0.30000000E-09  0.10926632E-01  0.00000000E+00  0.27294143E-01  0.00000000E+00  0.00000000E+00  0.19405365E+09  0.00000000E+00  0.00000000E+00  0.00000000E+00  0.00000000E+00  0.00000000E+00  0.10000000E-01  0.10000000E+01
 0.31000000E-09  0.10926632E-01  0.00000000E+00  0.29234680E-01  0.00000000E+00  0.00000000E+00  0.19405365E+09  0.00000000E+00  0.00000000E+00  0.00000000E+00  0.00000000E+00  0.00000000E+00  0.10000000E-01  0.10000000E+01
 0.32000000E-09  0.10926632E-01  0.00000000E+00  0.31175216E-01  0.00000000E+00  0.00000000E+00  0.19405365E+09  0.00000000E+00  0.00000000E+00  0.00000000E+00  0.00000000E+00  0.00000000E+00  0.10000000E-01  0.10000000E+01
 0.33000000E-09  0.10926632E-01  0.00000000E+00  0.33115753E-01  0.00000000E+00  0.00000000E+00  0.19405365E+09  0.00000000E+00  0.00000000E+00  0.00000000E+00  0.00000000E+00  0.00000000E+00  0.10000000E-01  0.10000000E+01
 0.34000000E-09  0.10926632E-01  0.00000000E+00  0.35056289E-01  0.00000000E+00  0.00000000E+00  0.19405365E+09  0.00000000E+00  0.00000000E+00  0.00000000E+00  0.00000000E+00  0.00000000E+00  0.10000000E-01  0.10000000E+01
 0.35000000E-09  0.10926632E-01  0.00000000E+00  0.36996826E-01  0.00000000E+00  0.00000000E+00  0.19405365E+09  0.00000000E+00  0.00000000E+00  0.00000000E+00  0.00000000E+00  0.00000000E+00  0.10000000E-01  0.10000000E+01
 0.36000000E-09  0.10926632E-01  0.00000000E+00  0.38937362E-01  0.00000000E+00  0.00000000E+00  0.19405365E+09  0.00000000E+00  0.00000000E+00  0.00000000E+00  0.00000000E+00  0.00000000E+00  0.10000000E-01  0.10000000E+01
 0.37000000E-09  0.10926632E-01  0.00000000E+00  0.40877899E-01  0.00000000E+00  0.00000000E+00  0.19405365E+09  0.00000000E+00  0.00000000E+00  0.00000000E+00  0.00000000E+00  0.00000000E+00  0.10000000E-01  0.10000000E+01
 0.38000000E-09  0.10926632E-01  0.00000000E+00  0.42818435E-01  0.00000000E+00  0.00000000E+00  0.19405365E+09  0.00000000E+00  0.00000000E+00  0.00000000E+00  0.00000000E+00  0.00000000E+00  0.10000000E-01  0.10000000E+01
 0.39000000E-09  0.10926632E-01  0.00000000E+00  0.44758972E-01  0.00000000E+00  0.00000000E+00  0.19405365E+09  0.00000000E+00  0.00000000E+00  0.00000000E+00  0.00000000E+00  0.00000000E+00  0.10000000E-01  0.10000000E+01
 0.40000000E-09  0.10926632E-01  0.00000000E+00  0.46699508E-01  0.00000000E+00  0.00000000E+00  0.19405365E+09  0.00000000E+00  0.00000000E+00  0.00000000E+00  0.00000000E+00  0.00000000E+00  0.10000000E-01  0.10000000E+01
 0.41000000E-09  0.10926632E-01  0.00000000E+00  0.48640045E-01  0.00000000E+00  0.00000000E+00  0.19405365E+09  0.00000000E+00  0.00000000E+00  0.00000000E+00  0.00000000E+00  0.00000000E+00  0.10000000E-01  0.10000000E+01
 0.42000000E-09  0.10926632E-01  0.00000000E+00  0.50580581E-01  0.00000000E+00  0.00000000E+00  0.19405365E+09  0.00000000E+00  0.00000000E+00  0.00000000E+00  0.00000000E+00  0.00000000E+00  0.10000000E-01  0.10000000E+01
 0.43000000E-09  0.10926632E-01  0.00000000E+00  0.52521118E-01  0.00000000E+00  0.00000000E+00  0.19405365E+09  0.00000000E+00  0.00000000E+00  0.00000000E+00  0.00000000E+00  0.00000000E+00  0.10000000E-01  0.10000000E+01
 0.44000000E-09  0.10926632E-01  0.00000000E+00  0.54461654E-01  0.00000000E+00  0.00000000E+00  0.19405365E+09  0.00000000E+00  0.00000000E+00  0.00000000E+00  0.00000000E+00  0.00000000E+00  0.10000000E-01  0.10000000E+01
 0.45000000E-09  0.10926632E-01  0.00000000E+00  0.56402191E-01  0.00000000E+00  0.00000000E+00  0.19405365E+09  0.00000000E+00  0.00000000E+00  0.00000000E+00  0.00000000E+00  0.00000000E+00  0.10000000E-01  0.10000000E+01
 0.46000000E-09  0.10926632E-01  0.00000000E+00  0.58342728E-01  0.00000000E+00  0.00000000E+00  0.19405365E+09  0.00000000E+00  0.00000000E+00  0.00000000E+00  0.00000000E+00  0.00000000E+00  0.10000000E-01  0.10000000E+01
 0.47000000E-09  0.10926632E-01  0.00000000E+00  0.60283264E-01  0.00000000E+00  0.00000000E+00  0.19405365E+09  0.00000000E+00  0.00000000E+00  0.00000000E+00  0.00000000E+00  0.00000000E+00  0.10000000E-01  0.10000000E+01
 0.48000000E-09  0.10926632E-01  0.00000000E+00  0.62223801E-01  0.00000000E+00  0.00000000E+00  0.19405365E+09  0.00000000E+00  0.00000000E+00  0.00000000E+00  0.00000000E+00  0.00000000E+00  0.10000000E-01  0.10000000E+01
 0.49000000E-09  0.10926632E-01  0.00000000E+00  0.64164337E-01  0.00000000E+00  0.00000000E+00  0.19405365E+09  0.00000000E+00  0.00000000E+00  0.00000000E+00  0.00000000E+00  0.00000000E+00  0.10000000E-01  0.10000000E+01
 0.50000000E-09  0.10926632E-01  0.00000000E+00  0.66104874E-01  0.00000000E+00  0.00000000E+00  0.19405365E+09  0.00000000E+00  0.00000000E+00  0.00000000E+00  0.00000000E+00  0.00000000E+00  0.10000000E-01  0.10000000E+01
 0.51000000E-09  0.10926632E-01  0.00000000E+00  0.68045410E-01  0.00000000E+00  0.00000000E+00  0.19405365E+09  0.00000000E+00  0.00000000E+00  0.00000000E+00  0.00000000E+00  0.00000000E+00  0.10000000E-01  0.10000000E+01
 0.52000000E-09  0.10926632E-01  0.00000000E+00  0.69985947E-01  0.00000000E+00  0.00000000E+00  0.19405365E+09  0.00000000E+00  0.00000000E+00  0.00000000E+00  0.00000000E+00  0.00000000E+00  0.10000000E-01  0.10000000E+01
 0.53000000E-09  0.10926632E-01  0.00000000E+00  0.71926483E-01  0.00000000E+00  0.00000000E+00  0.19405365E+09  0.00000000E+00  0.00000000E+00  0.00000000E+00  0.00000000E+00  0.00000000E+00  0.10000000E-01  0.10000000E+01
 0.54000000E-09  0.10926632E-01  0.00000000E+00  0.73867020E-01  0.00000000E+00  0.00000000E+00  0.19405365E+09  0.00000000E+00  0.00000000E+00  0.00000000E+00  0.00000000E+00  0.00000000E+00  0.10000000E-01  0.10000000E+01
 0.55002000E-09  0.10926632E-01  0.00000000E+00  0.75811437E-01  0.00000000E+00  0.00000000E+00  0.19405365E+09  0.00000000E+00  0.00000000E+00  0.00000000E+00  0.00000000E+00  0.00000000E+00  0.10000000E-01  0.10000000E+01
 0.56002000E-09  0.10926632E-01  0.00000000E+00  0.77751974E-01  0.00000000E+00  0.00000000E+00  0.19405365E+09  0.00000000E+00  0.00000000E+00  0.00000000E+00  0.00000000E+00  0.00000000E+00  0.10000000E-01  0.10000000E+01
 0.57002000E-09  0.10926632E-01  0.00000000E+00  0.79692510E-01  0.00000000E+00  0.00000000E+00  0.19405365E+09  0.00000000E+00  0.00000000E+00  0.00000000E+00  0.00000000E+00  0.00000000E+00  0.10000000E-01  0.10000000E+01
 0.58002000E-09  0.10926632E-01  0.00000000E+00  0.81633047E-01  0.00000000E+00  0.00000000E+00  0.19405365E+09  0.00000000E+00  0.00000000E+00  0.00000000E+00  0.00000000E+00  0.00000000E+00  0.10000000E-01  0.10000000E+01
 0.59002000E-09  0.10926632E-01  0.00000000E+00  0.83573583E-01  0.00000000E+00  0.00000000E+00  0.19405365E+09  0.00000000E+00  0.00000000E+00  0.00000000E+00  0.00000000E+00  0.00000000E+00  0.10000000E-01  0.10000000E+01
 0.60002000E-09  0.10926632E-01  0.00000000E+00  0.85514120E-01  0.00000000E+00  0.00000000E+00  0.19405365E+09  0.00000000E+00  0.00000000E+00  0.00000000E+00  0.00000000E+00  0.00000000E+00  0.10000000E-01  0.10000000E+01
 0.61002000E-09  0.10926632E-01  0.00000000E+00  0.87454656E-01  0.00000000E+00  0.00000000E+00  0.19405365E+09  0.00000000E+00  0.00000000E+00  0.00000000E+00  0.00000000E+00  0.00000000E+00  0.10000000E-01  0.10000000E+01
 0.62002000E-09  0.10926632E-01  0.00000000E+00  0.89395193E-01  0.00000000E+00  0.00000000E+00  0.19405365E+09  0.00000000E+00  0.00000000E+00  0.00000000E+00  0.00000000E+00  0.00000000E+00  0.10000000E-01  0.10000000E+01
 0.63002000E-09  0.10926632E-01  0.00000000E+00  0.91335729E-01  0.00000000E+00  0.00000000E+00  0.19405365E+09  0.00000000E+00  0.00000000E+00  0.00000000E+00  0.00000000E+00  0.00000000E+00  0.10000000E-01  0.10000000E+01
 0.64002000E-09  0.10926632E-01  0.00000000E+00  0.93276266E-01  0.00000000E+00  0.00000000E+00  0.19405365E+09  0.00000000E+00  0.00000000E+00  0.00000000E+00  0.00000000E+00  0.00000000E+00  0.10000000E-01  0.10000000E+01
 0.65002000E-09  0.10926632E-01  0.00000000E+00  0.95216802E-01  0.00000000E+00  0.00000000E+00  0.19405365E+09  0.00000000E+00  0.00000000E+00  0.00000000E+00  0.00000000E+00  0.00000000E+00  0.10000000E-01  0.10000000E+01
 0.66002000E-09  0.10926632E-01  0.00000000E+00  0.97157339E-01  0.00000000E+00  0.00000000E+00  0.19405365E+09  0.00000000E+00  0.00000000E+00  0.00000000E+00  0.00000000E+00  0.00000000E+00  0.10000000E-01  0.10000000E+01
 0.67002000E-09  0.10926632E-01  0.00000000E+00  0.99097876E-01  0.00000000E+00  0.00000000E+00  0.19405365E+09  0.00000000E+00  0.00000000E+00  0.00000000E+00  0.00000000E+00  0.00000000E+00  0.10000000E-01  0.10000000E+01
 0.68002000E-09  0.10926632E-01  0.00000000E+00  0.10103841E+00  0.00000000E+00  0.00000000E+00  0.19405365E+09  0.00000000E+00  0.00000000E+00  0.00000000E+00  0.00000000E+00  0.00000000E+00  0.10000000E-01  0.10000000E+01
 0.69002000E-09  0.10926632E-01  0.00000000E+00  0.10297895E+00  0.00000000E+00  0.00000000E+00  0.19405365E+09  0.00000000E+00  0.00000000E+00  0.00000000E+00  0.00000000E+00  0.00000000E+00  0.10000000E-01  0.10000000E+01
 0.70002000E-09  0.10926632E-01  0.00000000E+00  0.10491949E+00  0.00000000E+00  0.00000000E+00  0.19405365E+09  0.00000000E+00  0.00000000E+00  0.00000000E+00  0.00000000E+00  0.00000000E+00  0.10000000E-01  0.10000000E+01
 0.71002000E-09  0.10926632E-01  0.00000000E+00  0.10686002E+00  0.00000000E+00  0.00000000E+00  0.19405365E+09  0.00000000E+00  0.00000000E+00  0.00000000E+00  0.00000000E+00  0.00000000E+00  0.10000000E-01  0.10000000E+01
 0.72002000E-09  0.10926632E-01  0.00000000E+00  0.10880056E+00  0.00000000E+00  0.00000000E+00  0.19405365E+09  0.00000000E+00  0.00000000E+00  0.00000000E+00  0.00000000E+00  0.00000000E+00  0.10000000E-01  0.10000000E+01
 0.73002000E-09  0.10926632E-01  0.00000000E+00  0.11074109E+00  0.00000000E+00  0.00000000E+00  0.19405365E+09  0.00000000E+00  0.00000000E+00  0.00000000E+00  0.00000000E+00  0.00000000E+00  0.10000000E-01  0.10000000E+01
 0.74002000E-09  0.10926632E-01  0.00000000E+00  0.11268163E+00  0.00000000E+00  0.00000000E+00  0.19405365E+09  0.00000000E+00  0.00000000E+00  0.00000000E+00  0.00000000E+00  0.00000000E+00  0.10000000E-01  0.10000000E+01
 0.75002000E-09  0.10926632E-01  0.00000000E+00  0.11462217E+00  0.00000000E+00  0.00000000E+00  0.19405365E+09  0.00000000E+00  0.00000000E+00  0.00000000E+00  0.00000000E+00  0.00000000E+00  0.10000000E-01  0.10000000E+01
 0.76002000E-09  0.10926632E-01  0.00000000E+00  0.11656270E+00  0.00000000E+00  0.00000000E+00  0.19405365E+09  0.00000000E+00  0.00000000E+00  0.00000000E+00  0.00000000E+00  0.00000000E+00  0.10000000E-01  0.10000000E+01
 0.77002000E-09  0.10926632E-01  0.00000000E+00  0.11850324E+00  0.00000000E+00  0.00000000E+00  0.19405365E+09  0.00000000E+00  0.00000000E+00  0.00000000E+00  0.00000000E+00  0.00000000E+00  0.10000000E-01  0.10000000E+01
 0.78002000E-09  0.10926632E-01  0.00000000E+00  0.12044378E+00  0.00000000E+00  0.00000000E+00  0.19405365E+09  0.00000000E+00  0.00000000E+00  0.00000000E+00  0.00000000E+00  0.00000000E+00  0.10000000E-01  0.10000000E+01
 0.79002000E-09  0.10926632E-01  0.00000000E+00  0.12238431E+00  0.00000000E+00  0.00000000E+00  0.19405365E+09  0.00000000E+00  0.00000000E+00  0.00000000E+00  0.00000000E+00  0.00000000E+00  0.10000000E-01  0.10000000E+01
 0.80002000E-09  0.10926632E-01  0.00000000E+00  0.12432485E+00  0.00000000E+00  0.00000000E+00  0.19405365E+09  0.00000000E+00  0.00000000E+00  0.00000000E+00  0.00000000E+00  0.00000000E+00  0.10000000E-01  0.10000000E+01
 0.81002000E-09  0.10926632E-01  0.00000000E+00  0.12626539E+00  0.00000000E+00  0.00000000E+00  0.19405365E+09  0.00000000E+00  0.00000000E+00  0.00000000E+00  0.00000000E+00  0.00000000E+00  0.10000000E-01  0.10000000E+01
 0.82002000E-09  0.10926632E-01  0.00000000E+00  0.12820592E+00  0.00000000E+00  0.00000000E+00  0.19405365E+09  0.00000000E+00  0.00000000E+00  0.00000000E+00  0.00000000E+00  0.00000000E+00  0.10000000E-01  0.10000000E+01
 0.83002000E-09  0.10926632E-01  0.00000000E+00  0.13014646E+00  0.00000000E+00  0.00000000E+00  0.19405365E+09  0.00000000E+00  0.00000000E+00  0.00000000E+00  0.00000000E+00  0.00000000E+00  0.10000000E-01  0.10000000E+01
 0.84002000E-09  0.10926632E-01  0.00000000E+00  0.13208700E+00  0.00000000E+00  0.00000000E+00  0.19405365E+09  0.00000000E+00  0.00000000E+00  0.00000000E+00  0.00000000E+00  0.00000000E+00  0.10000000E-01  0.10000000E+01
 0.85002000E-09  0.10926632E-01  0.00000000E+00  0.13402753E+00  0.00000000E+00  0.00000000E+00  0.19405365E+09  0.00000000E+00  0.00000000E+00  0.00000000E+00  0.00000000E+00  0.00000000E+00  0.10000000E-01  0.10000000E+01
 0.86002000E-09  0.10926632E-01  0.00000000E+00  0.13596807E+00  0.00000000E+00  0.00000000E+00  0.19405365E+09  0.00000000E+00  0.00000000E+00  0.00000000E+00  0.00000000E+00  0.00000000E+00  0.10000000E-01  0.10000000E+01
 0.87002000E-09  0.10926632E-01  0.00000000E+00  0.13790861E+00  0.00000000E+00  0.00000000E+00  0.19405365E+09  0.00000000E+00  0.00000000E+00  0.00000000E+00  0.00000000E+00  0.00000000E+00  0.10000000E-01  0.10000000E+01
 0.88002000E-09  0.10926632E-01  0.00000000E+00  0.13984914E+00  0.00000000E+00  0.00000000E+00  0.19405365E+09  0.00000000E+00  0.00000000E+00  0.00000000E+00  0.00000000E+00  0.00000000E+00  0.10000000E-01  0.10000000E+01
 0.89002000E-09  0.10926632E-01  0.00000000E+00  0.14178968E+00  0.00000000E+00  0.00000000E+00  0.19405365E+09  0.00000000E+00  0.00000000E+00  0.00000000E+00  0.00000000E+00  0.00000000E+00  0.10000000E-01  0.10000000E+01
 0.90002000E-09  0.10926632E-01  0.00000000E+00  0.14373022E+00  0.00000000E+00  0.00000000E+00  0.19405365E+09  0.00000000E+00  0.00000000E+00  0.00000000E+00  0.00000000E+00  0.00000000E+00  0.10000000E-01  0.10000000E+01
 0.91002000E-09  0.10926632E-01  0.00000000E+00  0.14567075E+00  0.00000000E+00  0.00000000E+00  0.19405365E+09  0.00000000E+00  0.00000000E+00  0.00000000E+00  0.00000000E+00  0.00000000E+00  0.10000000E-01  0.10000000E+01
 0.92002000E-09  0.10926632E-01  0.00000000E+00  0.14761129E+00  0.00000000E+00  0.00000000E+00  0.19405365E+09  0.00000000E+00  0.00000000E+00  0.00000000E+00  0.00000000E+00  0.00000000E+00  0.10000000E-01  0.10000000E+01
 0.93002000E-09  0.10926632E-01  0.00000000E+00  0.14955183E+00  0.00000000E+00  0.00000000E+00  0.19405365E+09  0.00000000E+00  0.00000000E+00  0.00000000E+00  0.00000000E+00  0.00000000E+00  0.10000000E-01  0.10000000E+01
 0.94002000E-09  0.10926632E-01  0.00000000E+00  0.15149236E+00  0.00000000E+00  0.00000000E+00  0.19405365E+09  0.00000000E+00  0.00000000E+00  0.00000000E+00  0.00000000E+00  0.00000000E+00  0.10000000E-01  0.10000000E+01
 0.95002000E-09  0.10926632E-01  0.00000000E+00  0.15343290E+00  0.00000000E+00  0.00000000E+00  0.19405365E+09  0.00000000E+00  0.00000000E+00  0.00000000E+00  0.00000000E+00  0.00000000E+00  0.10000000E-01  0.10000000E+01
 0.96002000E-09  0.10926632E-01  0.00000000E+00  0.15537343E+00  0.00000000E+00  0.00000000E+00  0.19405365E+09  0.00000000E+00  0.00000000E+00  0.00000000E+00  0.00000000E+00  0.00000000E+00  0.10000000E-01  0.10000000E+01
 0.97002000E-09  0.10926632E-01  0.00000000E+00  0.15731397E+00  0.00000000E+00  0.00000000E+00  0.19405365E+09  0.00000000E+00  0.00000000E+00  0.00000000E+00  0.00000000E+00  0.00000000E+00  0.10000000E-01  0.10000000E+01
 0.98002000E-09  0.10926632E-01  0.00000000E+00  0.15925451E+00  0.00000000E+00  0.00000000E+00  0.19405365E+09  0.00000000E+00  0.00000000E+00  0.00000000E+00  0.00000000E+00  0.00000000E+00  0.10000000E-01  0.10000000E+01
 0.99002000E-09  0.10926632E-01  0.00000000E+00  0.16119504E+00  0.00000000E+00  0.00000000E+00  0.19405365E+09  0.00000000E+00  0.00000000E+00  0.00000000E+00  0.00000000E+00  0.00000000E+00  0.10000000E-01  0.10000000E+01
 0.10000200E-08  0.10926632E-01  0.00000000E+00  0.16313558E+00  0.00000000E+00  0.00000000E+00  0.19405365E+09  0.00000000E+00  0.00000000E+00  0.00000000E+00  0.00000000E+00  0.00000000E+00  0.10000000E-01  0.10000000E+01
 0.10100200E-08  0.10926632E-01  0.00000000E+00  0.16507612E+00  0.00000000E+00  0.00000000E+00  0.19405365E+09  0.00000000E+00  0.00000000E+00  0.00000000E+00  0.00000000E+00  0.00000000E+00  0.10000000E-01  0.10000000E+01
 0.10200200E-08  0.10926632E-01  0.00000000E+00  0.16701665E+00  0.00000000E+00  0.00000000E+00  0.19405365E+09  0.00000000E+00  0.00000000E+00  0.00000000E+00  0.00000000E+00  0.00000000E+00  0.10000000E-01  0.10000000E+01
 0.10300200E-08  0.10926632E-01  0.00000000E+00  0.16895719E+00  0.00000000E+00  0.00000000E+00  0.19405365E+09  0.00000000E+00  0.00000000E+00  0.00000000E+00  0.00000000E+00  0.00000000E+00  0.10000000E-01  0.10000000E+01
 0.10400200E-08  0.10926632E-01  0.00000000E+00  0.17089773E+00  0.00000000E+00  0.00000000E+00  0.19405365E+09  0.00000000E+00  0.00000000E+00  0.00000000E+00  0.00000000E+00  0.00000000E+00  0.10000000E-01  0.10000000E+01
 0.10500200E-08  0.10926632E-01  0.00000000E+00  0.17283826E+00  0.00000000E+00  0.00000000E+00  0.19405365E+09  0.00000000E+00  0.00000000E+00  0.00000000E+00  0.00000000E+00  0.00000000E+00  0.10000000E-01  0.10000000E+01
 0.10600200E-08  0.10926632E-01  0.00000000E+00  0.17477880E+00  0.00000000E+00  0.00000000E+00  0.19405365E+09  0.00000000E+00  0.00000000E+00  0.00000000E+00  0.00000000E+00  0.00000000E+00  0.10000000E-01  0.10000000E+01
 0.10700200E-08  0.10926632E-01  0.00000000E+00  0.17671934E+00  0.00000000E+00  0.00000000E+00  0.19405365E+09  0.00000000E+00  0.00000000E+00  0.00000000E+00  0.00000000E+00  0.00000000E+00  0.10000000E-01  0.10000000E+01
 0.10800200E-08  0.10926632E-01  0.00000000E+00  0.17865987E+00  0.00000000E+00  0.00000000E+00  0.19405365E+09  0.00000000E+00  0.00000000E+00  0.00000000E+00  0.00000000E+00  0.00000000E+00  0.10000000E-01  0.10000000E+01
 0.10900200E-08  0.10926632E-01  0.00000000E+00  0.18060041E+00  0.00000000E+00  0.00000000E+00  0.19405365E+09  0.00000000E+00  0.00000000E+00  0.00000000E+00  0.00000000E+00  0.00000000E+00  0.10000000E-01  0.10000000E+01
 0.11000200E-08  0.10926632E-01  0.00000000E+00  0.18254095E+00  0.00000000E+00  0.00000000E+00  0.19405365E+09  0.00000000E+00  0.00000000E+00  0.00000000E+00  0.00000000E+00  0.00000000E+00  0.10000000E-01  0.10000000E+01
 0.11100200E-08  0.10926632E-01  0.00000000E+00  0.18448148E+00  0.00000000E+00  0.00000000E+00  0.19405365E+09  0.00000000E+00  0.00000000E+00  0.00000000E+00  0.00000000E+00  0.00000000E+00  0.10000000E-01  0.10000000E+01
 0.11200200E-08  0.10926632E-01  0.00000000E+00  0.18642202E+00  0.00000000E+00  0.00000000E+00  0.19405365E+09  0.00000000E+00  0.00000000E+00  0.00000000E+00  0.00000000E+00  0.00000000E+00  0.10000000E-01  0.10000000E+01
 0.11300200E-08  0.10926632E-01  0.00000000E+00  0.18836256E+00  0.00000000E+00  0.00000000E+00  0.19405365E+09  0.00000000E+00  0.00000000E+00  0.00000000E+00  0.00000000E+00  0.00000000E+00  0.10000000E-01  0.10000000E+01
 0.11400200E-08  0.10926632E-01  0.00000000E+00  0.19030309E+00  0.00000000E+00  0.00000000E+00  0.19405365E+09  0.00000000E+00  0.00000000E+00  0.00000000E+00  0.00000000E+00  0.00000000E+00  0.10000000E-01  0.10000000E+01
 0.11500200E-08  0.10926632E-01  0.00000000E+00  0.19224363E+00  0.00000000E+00  0.00000000E+00  0.19405365E+09  0.00000000E+00  0.00000000E+00  0.00000000E+00  0.00000000E+00  0.00000000E+00  0.10000000E-01  0.10000000E+01
 0.11600200E-08  0.10926632E-01  0.00000000E+00  0.19418416E+00  0.00000000E+00  0.00000000E+00  0.19405365E+09  0.00000000E+00  0.00000000E+00  0.00000000E+00  0.00000000E+00  0.00000000E+00  0.10000000E-01  0.10000000E+01
 0.11700200E-08  0.10926632E-01  0.00000000E+00  0.19612470E+00  0.00000000E+00  0.00000000E+00  0.19405365E+09  0.00000000E+00  0.00000000E+00  0.00000000E+00  0.00000000E+00  0.00000000E+00  0.10000000E-01  0.10000000E+01
 0.11800200E-08  0.10926632E-01  0.00000000E+00  0.19806524E+00  0.00000000E+00  0.00000000E+00  0.19405365E+09  0.00000000E+00  0.00000000E+00  0.00000000E+00  0.00000000E+00  0.00000000E+00  0.10000000E-01  0.10000000E+01
 0.11900200E-08  0.10926632E-01  0.00000000E+00  0.20000577E+00  0.00000000E+00  0.00000000E+00  0.19405365E+09  0.00000000E+00  0.00000000E+00  0.00000000E+00  0.00000000E+00  0.00000000E+00  0.10000000E-01  0.10000000E+01
 0.12000200E-08  0.10926632E-01  0.00000000E+00  0.20194631E+00  0.00000000E+00  0.00000000E+00  0.19405365E+09  0.00000000E+00  0.00000000E+00  0.00000000E+00  0.00000000E+00  0.00000000E+00  0.10000000E-01  0.10000000E+01
 0.12100200E-08  0.10926632E-01  0.00000000E+00  0.20388685E+00  0.00000000E+00  0.00000000E+00  0.19405365E+09  0.00000000E+00  0.00000000E+00  0.00000000E+00  0.00000000E+00  0.00000000E+00  0.10000000E-01  0.10000000E+01
 0.12200200E-08  0.10926632E-01  0.00000000E+00  0.20582738E+00  0.00000000E+00  0.00000000E+00  0.19405365E+09  0.00000000E+00  0.00000000E+00  0.00000000E+00  0.00000000E+00  0.00000000E+00  0.10000000E-01  0.10000000E+01
 0.12300200E-08  0.10926632E-01  0.00000000E+00  0.20776792E+00  0.00000000E+00  0.00000000E+00  0.19405365E+09  0.00000000E+00  0.00000000E+00  0.00000000E+00  0.00000000E+00  0.00000000E+00  0.10000000E-01  0.10000000E+01
 0.12400200E-08  0.10926632E-01  0.00000000E+00  0.20970846E+00  0.00000000E+00  0.00000000E+00  0.19405365E+09  0.00000000E+00  0.00000000E+00  0.00000000E+00  0.00000000E+00  0.00000000E+00  0.10000000E-01  0.10000000E+01
 0.12500200E-08  0.10926632E-01  0.00000000E+00  0.21164899E+00  0.00000000E+00  0.00000000E+00  0.19405365E+09  0.00000000E+00  0.00000000E+00  0.00000000E+00  0.00000000E+00  0.00000000E+00  0.10000000E-01  0.10000000E+01
 0.12600200E-08  0.10926632E-01  0.00000000E+00  0.21358953E+00  0.00000000E+00  0.00000000E+00  0.19405365E+09  0.00000000E+00  0.00000000E+00  0.00000000E+00  0.00000000E+00  0.00000000E+00  0.10000000E-01  0.10000000E+01
 0.12700200E-08  0.10926632E-01  0.00000000E+00  0.21553007E+00  0.00000000E+00  0.00000000E+00  0.19405365E+09  0.00000000E+00  0.00000000E+00  0.00000000E+00  0.00000000E+00  0.00000000E+00  0.10000000E-01  0.10000000E+01
 0.12800200E-08  0.10926632E-01  0.00000000E+00  0.21747060E+00  0.00000000E+00  0.00000000E+00  0.19405365E+09  0.00000000E+00  0.00000000E+00  0.00000000E+00  0.00000000E+00  0.00000000E+00  0.10000000E-01  0.10000000E+01
 0.12900200E-08  0.10926632E-01  0.00000000E+00  0.21941114E+00  0.00000000E+00  0.00000000E+00  0.19405365E+09  0.00000000E+00  0.00000000E+00  0.00000000E+00  0.00000000E+00  0.00000000E+00  0.10000000E-01  0.10000000E+01
 0.13000200E-08  0.10926632E-01  0.00000000E+00  0.22135168E+00  0.00000000E+00  0.00000000E+00  0.19405365E+09  0.00000000E+00  0.00000000E+00  0.00000000E+00  0.00000000E+00  0.00000000E+00  0.10000000E-01  0.10000000E+01
 0.13100200E-08  0.10926632E-01  0.00000000E+00  0.22329221E+00  0.00000000E+00  0.00000000E+00  0.19405365E+09  0.00000000E+00  0.00000000E+00  0.00000000E+00  0.00000000E+00  0.00000000E+00  0.10000000E-01  0.10000000E+01
 0.13200200E-08  0.10926632E-01  0.00000000E+00  0.22523275E+00  0.00000000E+00  0.00000000E+00  0.19405365E+09  0.00000000E+00  0.00000000E+00  0.00000000E+00  0.00000000E+00  0.00000000E+00  0.10000000E-01  0.10000000E+01
 0.13300200E-08  0.10926632E-01  0.00000000E+00  0.22717329E+00  0.00000000E+00  0.00000000E+00  0.19405365E+09  0.00000000E+00  0.00000000E+00  0.00000000E+00  0.00000000E+00  0.00000000E+00  0.10000000E-01  0.10000000E+01
 0.13400200E-08  0.10926632E-01  0.00000000E+00  0.22911382E+00  0.00000000E+00  0.00000000E+00  0.19405365E+09  0.00000000E+00  0.00000000E+00  0.00000000E+00  0.00000000E+00  0.00000000E+00  0.10000000E-01  0.10000000E+01
 0.13500200E-08  0.10926632E-01  0.00000000E+00  0.23105436E+00  0.00000000E+00  0.00000000E+00  0.19405365E+09  0.00000000E+00  0.00000000E+00  0.00000000E+00  0.00000000E+00  0.00000000E+00  0.10000000E-01  0.10000000E+01
 0.13600200E-08  0.10926632E-01  0.00000000E+00  0.23299490E+00  0.00000000E+00  0.00000000E+00  0.19405365E+09  0.00000000E+00  0.00000000E+00  0.00000000E+00  0.00000000E+00  0.00000000E+00  0.10000000E-01  0.10000000E+01
 0.13700200E-08  0.10926632E-01  0.00000000E+00  0.23493543E+00  0.00000000E+00  0.00000000E+00  0.19405365E+09  0.00000000E+00  0.00000000E+00  0.00000000E+00  0.00000000E+00  0.00000000E+00  0.10000000E-01  0.10000000E+01
 0.13800200E-08  0.10926632E-01  0.00000000E+00  0.23687597E+00  0.00000000E+00  0.00000000E+00  0.19405365E+09  0.00000000E+00  0.00000000E+00  0.00000000E+00  0.00000000E+00  0.00000000E+00  0.10000000E-01  0.10000000E+01
 0.13900200E-08  0.10926632E-01  0.00000000E+00  0.23881650E+00  0.00000000E+00  0.00000000E+00  0.19405365E+09  0.00000000E+00  0.00000000E+00  0.00000000E+00  0.00000000E+00  0.00000000E+00  0.10000000E-01  0.10000000E+01
 0.14000200E-08  0.10926632E-01  0.00000000E+00  0.24075704E+00  0.00000000E+00  0.00000000E+00  0.19405365E+09  0.00000000E+00  0.00000000E+00  0.00000000E+00  0.00000000E+00  0.00000000E+00  0.10000000E-01  0.10000000E+01
 0.14100200E-08  0.10926632E-01  0.00000000E+00  0.24269758E+00  0.00000000E+00  0.00000000E+00  0.19405365E+09  0.00000000E+00  0.00000000E+00  0.00000000E+00  0.00000000E+00  0.00000000E+00  0.10000000E-01  0.10000000E+01
 0.14200200E-08  0.10926632E-01  0.00000000E+00  0.24463811E+00  0.00000000E+00  0.00000000E+00  0.19405365E+09  0.00000000E+00  0.00000000E+00  0.00000000E+00  0.00000000E+00  0.00000000E+00  0.10000000E-01  0.10000000E+01
 0.14300200E-08  0.10926632E-01  0.00000000E+00  0.24657865E+00  0.00000000E+00  0.00000000E+00  0.19405365E+09  0.00000000E+00  0.00000000E+00  0.00000000E+00  0.00000000E+00  0.00000000E+00  0.10000000E-01  0.10000000E+01
 0.14400200E-08  0.10926632E-01  0.00000000E+00  0.24851919E+00  0.00000000E+00  0.00000000E+00  0.19405365E+09  0.00000000E+00  0.00000000E+00  0.00000000E+00  0.00000000E+00  0.00000000E+00  0.10000000E-01  0.10000000E+01
 0.14500200E-08  0.10926632E-01  0.00000000E+00  0.25045972E+00  0.00000000E+00  0.00000000E+00  0.19405365E+09  0.00000000E+00  0.00000000E+00  0.00000000E+00  0.00000000E+00  0.00000000E+00  0.10000000E-01  0.10000000E+01
 0.14600200E-08  0.10926632E-01  0.00000000E+00  0.25240026E+00  0.00000000E+00  0.00000000E+00  0.19405365E+09  0.00000000E+00  0.00000000E+00  0.00000000E+00  0.00000000E+00  0.00000000E+00  0.10000000E-01  0.10000000E+01
 0.14700200E-08  0.10926632E-01  0.00000000E+00  0.25434080E+00  0.00000000E+00  0.00000000E+00  0.19405365E+09  0.00000000E+00  0.00000000E+00  0.00000000E+00  0.00000000E+00  0.00000000E+00  0.10000000E-01  0.10000000E+01
 0.14800200E-08  0.10926632E-01  0.00000000E+00  0.25628133E+00  0.00000000E+00  0.00000000E+00  0.19405365E+09  0.00000000E+00  0.00000000E+00  0.00000000E+00  0.00000000E+00  0.00000000E+00  0.10000000E-01  0.10000000E+01
 0.14900200E-08  0.10926632E-01  0.00000000E+00  0.25822187E+00  0.00000000E+00  0.00000000E+00  0.19405365E+09  0.00000000E+00  0.00000000E+00  0.00000000E+00  0.00000000E+00  0.00000000E+00  0.10000000E-01  0.10000000E+01
 0.15000200E-08  0.10926632E-01  0.00000000E+00  0.26016241E+00  0.00000000E+00  0.00000000E+00  0.19405365E+09  0.00000000E+00  0.00000000E+00  0.00000000E+00  0.00000000E+00  0.00000000E+00  0.10000000E-01  0.10000000E+01
 0.15100200E-08  0.10926632E-01  0.00000000E+00  0.26210294E+00  0.00000000E+00  0.00000000E+00  0.19405365E+09  0.00000000E+00  0.00000000E+00  0.00000000E+00  0.00000000E+00  0.00000000E+00  0.10000000E-01  0.10000000E+01
 0.15200200E-08  0.10926632E-01  0.00000000E+00  0.26404348E+00  0.00000000E+00  0.00000000E+00  0.19405365E+09  0.00000000E+00  0.00000000E+00  0.00000000E+00  0.00000000E+00  0.00000000E+00  0.10000000E-01  0.10000000E+01
 0.15300200E-08  0.10926632E-01  0.00000000E+00  0.26598402E+00  0.00000000E+00  0.00000000E+00  0.19405365E+09  0.00000000E+00  0.00000000E+00  0.00000000E+00  0.00000000E+00  0.00000000E+00  0.10000000E-01  0.10000000E+01
 0.15400200E-08  0.10926632E-01  0.00000000E+00  0.26792455E+00  0.00000000E+00  0.00000000E+00  0.19405365E+09  0.00000000E+00  0.00000000E+00  0.00000000E+00  0.00000000E+00  0.00000000E+00  0.10000000E-01  0.10000000E+01
 0.15500200E-08  0.10926632E-01  0.00000000E+00  0.26986509E+00  0.00000000E+00  0.00000000E+00  0.19405365E+09  0.00000000E+00  0.00000000E+00  0.00000000E+00  0.00000000E+00  0.00000000E+00  0.10000000E-01  0.10000000E+01
 0.15600200E-08  0.10926632E-01  0.00000000E+00  0.27180563E+00  0.00000000E+00  0.00000000E+00  0.19405365E+09  0.00000000E+00  0.00000000E+00  0.00000000E+00  0.00000000E+00  0.00000000E+00  0.10000000E-01  0.10000000E+01
 0.15700200E-08  0.10926632E-01  0.00000000E+00  0.27374616E+00  0.00000000E+00  0.00000000E+00  0.19405365E+09  0.00000000E+00  0.00000000E+00  0.00000000E+00  0.00000000E+00  0.00000000E+00  0.10000000E-01  0.10000000E+01
 0.15800200E-08  0.10926632E-01  0.00000000E+00  0.27568670E+00  0.00000000E+00  0.00000000E+00  0.19405365E+09  0.00000000E+00  0.00000000E+00  0.00000000E+00  0.00000000E+00  0.00000000E+00  0.10000000E-01  0.10000000E+01
 0.15900200E-08  0.10926632E-01  0.00000000E+00  0.27762724E+00  0.00000000E+00  0.00000000E+00  0.19405365E+09  0.00000000E+00  0.00000000E+00  0.00000000E+00  0.00000000E+00  0.00000000E+00  0.10000000E-01  0.10000000E+01
 0.16000200E-08  0.10926632E-01  0.00000000E+00  0.27956777E+00  0.00000000E+00  0.00000000E+00  0.19405365E+09  0.00000000E+00  0.00000000E+00  0.00000000E+00  0.00000000E+00  0.00000000E+00  0.10000000E-01  0.10000000E+01
 0.16100200E-08  0.10926632E-01  0.00000000E+00  0.28150831E+00  0.00000000E+00  0.00000000E+00  0.19405365E+09  0.00000000E+00  0.00000000E+00  0.00000000E+00  0.00000000E+00  0.00000000E+00  0.10000000E-01  0.10000000E+01
 0.16200200E-08  0.10926632E-01  0.00000000E+00  0.28344884E+00  0.00000000E+00  0.00000000E+00  0.19405365E+09  0.00000000E+00  0.00000000E+00  0.00000000E+00  0.00000000E+00  0.00000000E+00  0.10000000E-01  0.10000000E+01
 0.16300200E-08  0.10926632E-01  0.00000000E+00  0.28538938E+00  0.00000000E+00  0.00000000E+00  0.19405365E+09  0.00000000E+00  0.00000000E+00  0.00000000E+00  0.00000000E+00  0.00000000E+00  0.10000000E-01  0.10000000E+01
 0.16400200E-08  0.10926632E-01  0.00000000E+00  0.28732992E+00  0.00000000E+00  0.00000000E+00  0.19405365E+09  0.00000000E+00  0.00000000E+00  0.00000000E+00  0.00000000E+00  0.00000000E+00  0.10000000E-01  0.10000000E+01
 0.16500200E-08  0.10926632E-01  0.00000000E+00  0.28927045E+00  0.00000000E+00  0.00000000E+00  0.19405365E+09  0.00000000E+00  0.00000000E+00  0.00000000E+00  0.00000000E+00  0.00000000E+00  0.10000000E-01  0.10000000E+01
 0.16600200E-08  0.10926632E-01  0.00000000E+00  0.29121099E+00  0.00000000E+00  0.00000000E+00  0.19405365E+09  0.00000000E+00  0.00000000E+00  0.00000000E+00  0.00000000E+00  0.00000000E+00  0.10000000E-01  0.10000000E+01
 0.16700200E-08  0.10926632E-01  0.00000000E+00  0.29315153E+00  0.00000000E+00  0.00000000E+00  0.19405365E+09  0.00000000E+00  0.00000000E+00  0.00000000E+00  0.00000000E+00  0.00000000E+00  0.10000000E-01  0.10000000E+01
 0.16800200E-08  0.10926632E-01  0.00000000E+00  0.29509206E+00  0.00000000E+00  0.00000000E+00  0.19405365E+09  0.00000000E+00  0.00000000E+00  0.00000000E+00  0.00000000E+00  0.00000000E+00  0.10000000E-01  0.10000000E+01
 0.16900200E-08  0.10926632E-01  0.00000000E+00  0.29703260E+00  0.00000000E+00  0.00000000E+00  0.19405365E+09  0.00000000E+00  0.00000000E+00  0.00000000E+00  0.00000000E+00  0.00000000E+00  0.10000000E-01  0.10000000E+01
 0.17000200E-08  0.10926632E-01  0.00000000E+00  0.29897314E+00  0.00000000E+00  0.00000000E+00  0.19405365E+09  0.00000000E+00  0.00000000E+00  0.00000000E+00  0.00000000E+00  0.00000000E+00  0.10000000E-01  0.10000000E+01
 0.17100200E-08  0.10926632E-01  0.00000000E+00  0.30091367E+00  0.00000000E+00  0.00000000E+00  0.19405365E+09  0.00000000E+00  0.00000000E+00  0.00000000E+00  0.00000000E+00  0.00000000E+00  0.10000000E-01  0.10000000E+01
 0.17200200E-08  0.10926632E-01  0.00000000E+00  0.30285421E+00  0.00000000E+00  0.00000000E+00  0.19405365E+09  0.00000000E+00  0.00000000E+00  0.00000000E+00  0.00000000E+00  0.00000000E+00  0.10000000E-01  0.10000000E+01
 0.17300200E-08  0.10926632E-01  0.00000000E+00  0.30479475E+00  0.00000000E+00  0.00000000E+00  0.19405365E+09  0.00000000E+00  0.00000000E+00  0.00000000E+00  0.00000000E+00  0.00000000E+00  0.10000000E-01  0.10000000E+01
 0.17400200E-08  0.10926632E-01  0.00000000E+00  0.30673528E+00  0.00000000E+00  0.00000000E+00  0.19405365E+09  0.00000000E+00  0.00000000E+00  0.00000000E+00  0.00000000E+00  0.00000000E+00  0.10000000E-01  0.10000000E+01
 0.17500200E-08  0.10926632E-01  0.00000000E+00  0.30867582E+00  0.00000000E+00  0.00000000E+00  0.19405365E+09  0.00000000E+00  0.00000000E+00  0.00000000E+00  0.00000000E+00  0.00000000E+00  0.10000000E-01  0.10000000E+01
 0.17600200E-08  0.10926632E-01  0.00000000E+00  0.31061636E+00  0.00000000E+00  0.00000000E+00  0.19405365E+09  0.00000000E+00  0.00000000E+00  0.00000000E+00  0.00000000E+00  0.00000000E+00  0.10000000E-01  0.10000000E+01
 0.17700200E-08  0.10926632E-01  0.00000000E+00  0.31255689E+00  0.00000000E+00  0.00000000E+00  0.19405365E+09  0.00000000E+00  0.00000000E+00  0.00000000E+00  0.00000000E+00  0.00000000E+00  0.10000000E-01  0.10000000E+01
 0.17800200E-08  0.10926632E-01  0.00000000E+00  0.31449743E+00  0.00000000E+00  0.00000000E+00  0.19405365E+09  0.00000000E+00  0.00000000E+00  0.00000000E+00  0.00000000E+00  0.00000000E+00  0.10000000E-01  0.10000000E+01
 0.17900200E-08  0.10926632E-01  0.00000000E+00  0.31643797E+00  0.00000000E+00  0.00000000E+00  0.19405365E+09  0.00000000E+00  0.00000000E+00  0.00000000E+00  0.00000000E+00  0.00000000E+00  0.10000000E-01  0.10000000E+01
 0.18000200E-08  0.10926632E-01  0.00000000E+00  0.31837850E+00  0.00000000E+00  0.00000000E+00  0.19405365E+09  0.00000000E+00  0.00000000E+00  0.00000000E+00  0.00000000E+00  0.00000000E+00  0.10000000E-01  0.10000000E+01
 0.18100200E-08  0.10926632E-01  0.00000000E+00  0.32031904E+00  0.00000000E+00  0.00000000E+00  0.19405365E+09  0.00000000E+00  0.00000000E+00  0.00000000E+00  0.00000000E+00  0.00000000E+00  0.10000000E-01  0.10000000E+01
 0.18200200E-08  0.10926632E-01  0.00000000E+00  0.32225958E+00  0.00000000E+00  0.00000000E+00  0.19405365E+09  0.00000000E+00  0.00000000E+00  0.00000000E+00  0.00000000E+00  0.00000000E+00  0.10000000E-01  0.10000000E+01
 0.18300200E-08  0.10926632E-01  0.00000000E+00  0.32420011E+00  0.00000000E+00  0.00000000E+00  0.19405365E+09  0.00000000E+00  0.00000000E+00  0.00000000E+00  0.00000000E+00  0.00000000E+00  0.10000000E-01  0.10000000E+01
 0.18400200E-08  0.10926632E-01  0.00000000E+00  0.32614065E+00  0.00000000E+00  0.00000000E+00  0.19405365E+09  0.00000000E+00  0.00000000E+00  0.00000000E+00  0.00000000E+00  0.00000000E+00  0.10000000E-01  0.10000000E+01
 0.18500200E-08  0.10926632E-01  0.00000000E+00  0.32808118E+00  0.00000000E+00  0.00000000E+00  0.19405365E+09  0.00000000E+00  0.00000000E+00  0.00000000E+00  0.00000000E+00  0.00000000E+00  0.10000000E-01  0.10000000E+01
 0.18600200E-08  0.10926632E-01  0.00000000E+00  0.33002172E+00  0.00000000E+00  0.00000000E+00  0.19405365E+09  0.00000000E+00  0.00000000E+00  0.00000000E+00  0.00000000E+00  0.00000000E+00  0.10000000E-01  0.10000000E+01
 0.18700200E-08  0.10926632E-01  0.00000000E+00  0.33196226E+00  0.00000000E+00  0.00000000E+00  0.19405365E+09  0.00000000E+00  0.00000000E+00  0.00000000E+00  0.00000000E+00  0.00000000E+00  0.10000000E-01  0.10000000E+01
 0.18800200E-08  0.10926632E-01  0.00000000E+00  0.33390279E+00  0.00000000E+00  0.00000000E+00  0.19405365E+09  0.00000000E+00  0.00000000E+00  0.00000000E+00  0.00000000E+00  0.00000000E+00  0.10000000E-01  0.10000000E+01
 0.18900200E-08  0.10926632E-01  0.00000000E+00  0.33584333E+00  0.00000000E+00  0.00000000E+00  0.19405365E+09  0.00000000E+00  0.00000000E+00  0.00000000E+00  0.00000000E+00  0.00000000E+00  0.10000000E-01  0.10000000E+01
 0.19000200E-08  0.10926632E-01  0.00000000E+00  0.33778387E+00  0.00000000E+00  0.00000000E+00  0.19405365E+09  0.00000000E+00  0.00000000E+00  0.00000000E+00  0.00000000E+00  0.00000000E+00  0.10000000E-01  0.10000000E+01
 0.19100200E-08  0.10926632E-01  0.00000000E+00  0.33972440E+00  0.00000000E+00  0.00000000E+00  0.19405365E+09  0.00000000E+00  0.00000000E+00  0.00000000E+00  0.00000000E+00  0.00000000E+00  0.10000000E-01  0.10000000E+01
 0.19200200E-08  0.10926632E-01  0.00000000E+00  0.34166494E+00  0.00000000E+00  0.00000000E+00  0.19405365E+09  0.00000000E+00  0.00000000E+00  0.00000000E+00  0.00000000E+00  0.00000000E+00  0.10000000E-01  0.10000000E+01
 0.19300200E-08  0.10926632E-01  0.00000000E+00  0.34360548E+00  0.00000000E+00  0.00000000E+00  0.19405365E+09  0.00000000E+00  0.00000000E+00  0.00000000E+00  0.00000000E+00  0.00000000E+00  0.10000000E-01  0.10000000E+01
 0.19400200E-08  0.10926632E-01  0.00000000E+00  0.34554601E+00  0.00000000E+00  0.00000000E+00  0.19405365E+09  0.00000000E+00  0.00000000E+00  0.00000000E+00  0.00000000E+00  0.00000000E+00  0.10000000E-01  0.10000000E+01
 0.19500200E-08  0.10926632E-01  0.00000000E+00  0.34748655E+00  0.00000000E+00  0.00000000E+00  0.19405365E+09  0.00000000E+00  0.00000000E+00  0.00000000E+00  0.00000000E+00  0.00000000E+00  0.10000000E-01  0.10000000E+01
 0.19600200E-08  0.10926632E-01  0.00000000E+00  0.34942709E+00  0.00000000E+00  0.00000000E+00  0.19405365E+09  0.00000000E+00  0.00000000E+00  0.00000000E+00  0.00000000E+00  0.00000000E+00  0.10000000E-01  0.10000000E+01
 0.19700200E-08  0.10926632E-01  0.00000000E+00  0.35136762E+00  0.00000000E+00  0.00000000E+00  0.19405365E+09  0.00000000E+00  0.00000000E+00  0.00000000E+00  0.00000000E+00  0.00000000E+00  0.10000000E-01  0.10000000E+01
 0.19800200E-08  0.10926632E-01  0.00000000E+00  0.35330816E+00  0.00000000E+00  0.00000000E+00  0.19405365E+09  0.00000000E+00  0.00000000E+00  0.00000000E+00  0.00000000E+00  0.00000000E+00  0.10000000E-01  0.10000000E+01
 0.19900200E-08  0.10926632E-01  0.00000000E+00  0.35524870E+00  0.00000000E+00  0.00000000E+00  0.19405365E+09  0.00000000E+00  0.00000000E+00  0.00000000E+00  0.00000000E+00  0.00000000E+00  0.10000000E-01  0.10000000E+01
