# ptime xp yp zp vx vy vz ex ey ez bx by bz wt
 0.20000000E-13  0.10071388E-01  0.00000000E+00 -0.13292531E-01  0.00000000E+00  0.00000000E+00  0.16467144E+09  0.00000000E+00  0.00000000E+00  0.00000000E+00  0.00000000E+00  0.00000000E+00  0.10000000E-01  0.10000000E+01
 0.10000000E-10  0.10071388E-01  0.00000000E+00 -0.11649110E-01  0.00000000E+00  0.00000000E+00  0.16467144E+09  0.00000000E+00  0.00000000E+00  0.00000000E+00  0.00000000E+00  0.00000000E+00  0.10000000E-01  0.10000000E+01
 0.20000000E-10  0.10071388E-01  0.00000000E+00 -0.10002396E-01  0.00000000E+00  0.00000000E+00  0.16467144E+09  0.00000000E+00  0.00000000E+00  0.00000000E+00  0.00000000E+00  0.00000000E+00  0.10000000E-01  0.10000000E+01
 0.30000000E-10  0.10071388E-01  0.00000000E+00 -0.83556813E-02  0.00000000E+00  0.00000000E+00  0.16467144E+09  0.00000000E+00  0.00000000E+00  0.00000000E+00  0.00000000E+00  0.00000000E+00  0.10000000E-01  0.10000000E+01
 0.40020000E-10  0.10071388E-01  0.00000000E+00 -0.67056734E-02  0.00000000E+00  0.00000000E+00  0.16467144E+09  0.00000000E+00  0.00000000E+00  0.00000000E+00  0.00000000E+00  0.00000000E+00  0.10000000E-01  0.10000000E+01
 0.50020000E-10  0.10071388E-01  0.00000000E+00 -0.50589590E-02  0.00000000E+00  0.00000000E+00  0.16467144E+09  0.00000000E+00  0.00000000E+00  0.00000000E+00  0.00000000E+00  0.00000000E+00  0.10000000E-01  0.10000000E+01
 0.60020000E-10  0.10071388E-01  0.00000000E+00 -0.34122446E-02  0.00000000E+00  0.00000000E+00  0.16467144E+09  0.00000000E+00  0.00000000E+00  0.00000000E+00  0.00000000E+00  0.00000000E+00  0.10000000E-01  0.10000000E+01
 0.70020000E-10  0.10071388E-01  0.00000000E+00 -0.17655302E-02  0.00000000E+00  0.00000000E+00  0.16467144E+09  0.00000000E+00  0.00000000E+00  0.00000000E+00  0.00000000E+00  0.00000000E+00  0.10000000E-01  0.10000000E+01
 0.80000000E-10  0.10071388E-01  0.00000000E+00 -0.12210922E-03  0.00000000E+00  0.00000000E+00  0.16467144E+09  0.00000000E+00  0.00000000E+00  0.00000000E+00  0.00000000E+00  0.00000000E+00  0.10000000E-01  0.10000000E+01
 0.90000000E-10  0.10071388E-01  0.00000000E+00  0.15246052E-02  0.00000000E+00  0.00000000E+00  0.16467144E+09  0.00000000E+00  0.00000000E+00  0.00000000E+00  0.00000000E+00  0.00000000E+00  0.10000000E-01  0.10000000E+01
 0.10000000E-09  0.10071388E-01  0.00000000E+00  0.31713196E-02  0.00000000E+00  0.00000000E+00  0.16467144E+09  0.00000000E+00  0.00000000E+00  0.00000000E+00  0.00000000E+00  0.00000000E+00  0.10000000E-01  0.10000000E+01
 0.11000000E-09  0.10071388E-01  0.00000000E+00  0.48180340E-02  0.00000000E+00  0.00000000E+00  0.16467144E+09  0.00000000E+00  0.00000000E+00  0.00000000E+00  0.00000000E+00  0.00000000E+00  0.10000000E-01  0.10000000E+01
 0.12000000E-09  0.10071388E-01  0.00000000E+00  0.64647484E-02  0.00000000E+00  0.00000000E+00  0.16467144E+09  0.00000000E+00  0.00000000E+00  0.00000000E+00  0.00000000E+00  0.00000000E+00  0.10000000E-01  0.10000000E+01
 0.13000000E-09  0.10071388E-01  0.00000000E+00  0.81114628E-02  0.00000000E+00  0.00000000E+00  0.16467144E+09  0.00000000E+00  0.00000000E+00  0.00000000E+00  0.00000000E+00  0.00000000E+00  0.10000000E-01  0.10000000E+01
 0.14002000E-09  0.10071388E-01  0.00000000E+00  0.97614707E-02  0.00000000E+00  0.00000000E+00  0.16467144E+09  0.00000000E+00  0.00000000E+00  0.00000000E+00  0.00000000E+00  0.00000000E+00  0.10000000E-01  0.10000000E+01
 0.15002000E-09  0.10071388E-01  0.00000000E+00  0.11408185E-01  0.00000000E+00  0.00000000E+00  0.16467144E+09  0.00000000E+00  0.00000000E+00  0.00000000E+00  0.00000000E+00  0.00000000E+00  0.10000000E-01  0.10000000E+01
 0.16002000E-09  0.10071388E-01  0.00000000E+00  0.13054899E-01  0.00000000E+00  0.00000000E+00  0.16467144E+09  0.00000000E+00  0.00000000E+00  0.00000000E+00  0.00000000E+00  0.00000000E+00  0.10000000E-01  0.10000000E+01
 0.17002000E-09  0.10071388E-01  0.00000000E+00  0.14701614E-01  0.00000000E+00  0.00000000E+00  0.16467144E+09  0.00000000E+00  0.00000000E+00  0.00000000E+00  0.00000000E+00  0.00000000E+00  0.10000000E-01  0.10000000E+01
 0.18002000E-09  0.10071388E-01  0.00000000E+00  0.16348328E-01  0.00000000E+00  0.00000000E+00  0.16467144E+09  0.00000000E+00  0.00000000E+00  0.00000000E+00  0.00000000E+00  0.00000000E+00  0.10000000E-01  0.10000000E+01
 0.19002000E-09  0.10071388E-01  0.00000000E+00  0.17995043E-01  0.00000000E+00  0.00000000E+00  0.16467144E+09  0.00000000E+00  0.00000000E+00  0.00000000E+00  0.00000000E+00  0.00000000E+00  0.10000000E-01  0.10000000E+01
 0.20002000E-09  0.10071388E-01  0.00000000E+00  0.19641757E-01  0.00000000E+00  0.00000000E+00  0.16467144E+09  0.00000000E+00  0.00000000E+00  0.00000000E+00  0.00000000E+00  0.00000000E+00  0.10000000E-01  0.10000000E+01
 0.21002000E-09  0.10071388E-01  0.00000000E+00  0.21288472E-01  0.00000000E+00  0.00000000E+00  0.16467144E+09  0.00000000E+00  0.00000000E+00  0.00000000E+00  0.00000000E+00  0.00000000E+00  0.10000000E-01  0.10000000E+01
 0.22002000E-09  0.10071388E-01  0.00000000E+00  0.22935186E-01  0.00000000E+00  0.00000000E+00  0.16467144E+09  0.00000000E+00  0.00000000E+00  0.00000000E+00  0.00000000E+00  0.00000000E+00  0.10000000E-01  0.10000000E+01
 0.23002000E-09  0.10071388E-01  0.00000000E+00  0.24581900E-01  0.00000000E+00  0.00000000E+00  0.16467144E+09  0.00000000E+00  0.00000000E+00  0.00000000E+00  0.00000000E+00  0.00000000E+00  0.10000000E-01  0.10000000E+01
 0.24002000E-09  0.10071388E-01  0.00000000E+00  0.26228615E-01  0.00000000E+00  0.00000000E+00  0.16467144E+09  0.00000000E+00  0.00000000E+00  0.00000000E+00  0.00000000E+00  0.00000000E+00  0.10000000E-01  0.10000000E+01
 0.25002000E-09  0.10071388E-01  0.00000000E+00  0.27875329E-01  0.00000000E+00  0.00000000E+00  0.16467144E+09  0.00000000E+00  0.00000000E+00  0.00000000E+00  0.00000000E+00  0.00000000E+00  0.10000000E-01  0.10000000E+01
 0.26002000E-09  0.10071388E-01  0.00000000E+00  0.29522044E-01  0.00000000E+00  0.00000000E+00  0.16467144E+09  0.00000000E+00  0.00000000E+00  0.00000000E+00  0.00000000E+00  0.00000000E+00  0.10000000E-01  0.10000000E+01
 0.27002000E-09  0.10071388E-01  0.00000000E+00  0.31168758E-01  0.00000000E+00  0.00000000E+00  0.16467144E+09  0.00000000E+00  0.00000000E+00  0.00000000E+00  0.00000000E+00  0.00000000E+00  0.10000000E-01  0.10000000E+01
 0.28002000E-09  0.10071388E-01  0.00000000E+00  0.32815472E-01  0.00000000E+00  0.00000000E+00  0.16467144E+09  0.00000000E+00  0.00000000E+00  0.00000000E+00  0.00000000E+00  0.00000000E+00  0.10000000E-01  0.10000000E+01
 0.29002000E-09  0.10071388E-01  0.00000000E+00  0.34462187E-01  0.00000000E+00  0.00000000E+00  0.16467144E+09  0.00000000E+00  0.00000000E+00  0.00000000E+00  0.00000000E+00  0.00000000E+00  0.10000000E-01  0.10000000E+01
 0.30000000E-09  0.10071388E-01  0.00000000E+00  0.36105608E-01  0.00000000E+00  0.00000000E+00  0.16467144E+09  0.00000000E+00  0.00000000E+00  0.00000000E+00  0.00000000E+00  0.00000000E+00  0.10000000E-01  0.10000000E+01
 0.31000000E-09  0.10071388E-01  0.00000000E+00  0.37752322E-01  0.00000000E+00  0.00000000E+00  0.16467144E+09  0.00000000E+00  0.00000000E+00  0.00000000E+00  0.00000000E+00  0.00000000E+00  0.10000000E-01  0.10000000E+01
 0.32000000E-09  0.10071388E-01  0.00000000E+00  0.39399037E-01  0.00000000E+00  0.00000000E+00  0.16467144E+09  0.00000000E+00  0.00000000E+00  0.00000000E+00  0.00000000E+00  0.00000000E+00  0.10000000E-01  0.10000000E+01
 0.33000000E-09  0.10071388E-01  0.00000000E+00  0.41045751E-01  0.00000000E+00  0.00000000E+00  0.16467144E+09  0.00000000E+00  0.00000000E+00  0.00000000E+00  0.00000000E+00  0.00000000E+00  0.10000000E-01  0.10000000E+01
 0.34000000E-09  0.10071388E-01  0.00000000E+00  0.42692465E-01  0.00000000E+00  0.00000000E+00  0.16467144E+09  0.00000000E+00  0.00000000E+00  0.00000000E+00  0.00000000E+00  0.00000000E+00  0.10000000E-01  0.10000000E+01
 0.35000000E-09  0.10071388E-01  0.00000000E+00  0.44339180E-01  0.00000000E+00  0.00000000E+00  0.16467144E+09  0.00000000E+00  0.00000000E+00  0.00000000E+00  0.00000000E+00  0.00000000E+00  0.10000000E-01  0.10000000E+01
 0.36000000E-09  0.10071388E-01  0.00000000E+00  0.45985894E-01  0.00000000E+00  0.00000000E+00  0.16467144E+09  0.00000000E+00  0.00000000E+00  0.00000000E+00  0.00000000E+00  0.00000000E+00  0.10000000E-01  0.10000000E+01
 0.37000000E-09  0.10071388E-01  0.00000000E+00  0.47632609E-01  0.00000000E+00  0.00000000E+00  0.16467144E+09  0.00000000E+00  0.00000000E+00  0.00000000E+00  0.00000000E+00  0.00000000E+00  0.10000000E-01  0.10000000E+01
 0.38000000E-09  0.10071388E-01  0.00000000E+00  0.49279323E-01  0.00000000E+00  0.00000000E+00  0.16467144E+09  0.00000000E+00  0.00000000E+00  0.00000000E+00  0.00000000E+00  0.00000000E+00  0.10000000E-01  0.10000000E+01
 0.39000000E-09  0.10071388E-01  0.00000000E+00  0.50926037E-01  0.00000000E+00  0.00000000E+00  0.16467144E+09  0.00000000E+00  0.00000000E+00  0.00000000E+00  0.00000000E+00  0.00000000E+00  0.10000000E-01  0.10000000E+01
 0.40000000E-09  0.10071388E-01  0.00000000E+00  0.52572752E-01  0.00000000E+00  0.00000000E+00  0.16467144E+09  0.00000000E+00  0.00000000E+00  0.00000000E+00  0.00000000E+00  0.00000000E+00  0.10000000E-01  0.10000000E+01
 0.41000000E-09  0.10071388E-01  0.00000000E+00  0.54219466E-01  0.00000000E+00  0.00000000E+00  0.16467144E+09  0.00000000E+00  0.00000000E+00  0.00000000E+00  0.00000000E+00  0.00000000E+00  0.10000000E-01  0.10000000E+01
 0.42000000E-09  0.10071388E-01  0.00000000E+00  0.55866181E-01  0.00000000E+00  0.00000000E+00  0.16467144E+09  0.00000000E+00  0.00000000E+00  0.00000000E+00  0.00000000E+00  0.00000000E+00  0.10000000E-01  0.10000000E+01
 0.43000000E-09  0.10071388E-01  0.00000000E+00  0.57512895E-01  0.00000000E+00  0.00000000E+00  0.16467144E+09  0.00000000E+00  0.00000000E+00  0.00000000E+00  0.00000000E+00  0.00000000E+00  0.10000000E-01  0.10000000E+01
 0.44000000E-09  0.10071388E-01  0.00000000E+00  0.59159610E-01  0.00000000E+00  0.00000000E+00  0.16467144E+09  0.00000000E+00  0.00000000E+00  0.00000000E+00  0.00000000E+00  0.00000000E+00  0.10000000E-01  0.10000000E+01
 0.45000000E-09  0.10071388E-01  0.00000000E+00  0.60806324E-01  0.00000000E+00  0.00000000E+00  0.16467144E+09  0.00000000E+00  0.00000000E+00  0.00000000E+00  0.00000000E+00  0.00000000E+00  0.10000000E-01  0.10000000E+01
 0.46000000E-09  0.10071388E-01  0.00000000E+00  0.62453038E-01  0.00000000E+00  0.00000000E+00  0.16467144E+09  0.00000000E+00  0.00000000E+00  0.00000000E+00  0.00000000E+00  0.00000000E+00  0.10000000E-01  0.10000000E+01
 0.47000000E-09  0.10071388E-01  0.00000000E+00  0.64099753E-01  0.00000000E+00  0.00000000E+00  0.16467144E+09  0.00000000E+00  0.00000000E+00  0.00000000E+00  0.00000000E+00  0.00000000E+00  0.10000000E-01  0.10000000E+01
 0.48000000E-09  0.10071388E-01  0.00000000E+00  0.65746467E-01  0.00000000E+00  0.00000000E+00  0.16467144E+09  0.00000000E+00  0.00000000E+00  0.00000000E+00  0.00000000E+00  0.00000000E+00  0.10000000E-01  0.10000000E+01
 0.49000000E-09  0.10071388E-01  0.00000000E+00  0.67393182E-01  0.00000000E+00  0.00000000E+00  0.16467144E+09  0.00000000E+00  0.00000000E+00  0.00000000E+00  0.00000000E+00  0.00000000E+00  0.10000000E-01  0.10000000E+01
 0.50000000E-09  0.10071388E-01  0.00000000E+00  0.69039896E-01  0.00000000E+00  0.00000000E+00  0.16467144E+09  0.00000000E+00  0.00000000E+00  0.00000000E+00  0.00000000E+00  0.00000000E+00  0.10000000E-01  0.10000000E+01
 0.51000000E-09  0.10071388E-01  0.00000000E+00  0.70686610E-01  0.00000000E+00  0.00000000E+00  0.16467144E+09  0.00000000E+00  0.00000000E+00  0.00000000E+00  0.00000000E+00  0.00000000E+00  0.10000000E-01  0.10000000E+01
 0.52000000E-09  0.10071388E-01  0.00000000E+00  0.72333325E-01  0.00000000E+00  0.00000000E+00  0.16467144E+09  0.00000000E+00  0.00000000E+00  0.00000000E+00  0.00000000E+00  0.00000000E+00  0.10000000E-01  0.10000000E+01
 0.53000000E-09  0.10071388E-01  0.00000000E+00  0.73980039E-01  0.00000000E+00  0.00000000E+00  0.16467144E+09  0.00000000E+00  0.00000000E+00  0.00000000E+00  0.00000000E+00  0.00000000E+00  0.10000000E-01  0.10000000E+01
 0.54000000E-09  0.10071388E-01  0.00000000E+00  0.75626754E-01  0.00000000E+00  0.00000000E+00  0.16467144E+09  0.00000000E+00  0.00000000E+00  0.00000000E+00  0.00000000E+00  0.00000000E+00  0.10000000E-01  0.10000000E+01
 0.55002000E-09  0.10071388E-01  0.00000000E+00  0.77276761E-01  0.00000000E+00  0.00000000E+00  0.16467144E+09  0.00000000E+00  0.00000000E+00  0.00000000E+00  0.00000000E+00  0.00000000E+00  0.10000000E-01  0.10000000E+01
 0.56002000E-09  0.10071388E-01  0.00000000E+00  0.78923476E-01  0.00000000E+00  0.00000000E+00  0.16467144E+09  0.00000000E+00  0.00000000E+00  0.00000000E+00  0.00000000E+00  0.00000000E+00  0.10000000E-01  0.10000000E+01
 0.57002000E-09  0.10071388E-01  0.00000000E+00  0.80570190E-01  0.00000000E+00  0.00000000E+00  0.16467144E+09  0.00000000E+00  0.00000000E+00  0.00000000E+00  0.00000000E+00  0.00000000E+00  0.10000000E-01  0.10000000E+01
 0.58002000E-09  0.10071388E-01  0.00000000E+00  0.82216905E-01  0.00000000E+00  0.00000000E+00  0.16467144E+09  0.00000000E+00  0.00000000E+00  0.00000000E+00  0.00000000E+00  0.00000000E+00  0.10000000E-01  0.10000000E+01
 0.59002000E-09  0.10071388E-01  0.00000000E+00  0.83863619E-01  0.00000000E+00  0.00000000E+00  0.16467144E+09  0.00000000E+00  0.00000000E+00  0.00000000E+00  0.00000000E+00  0.00000000E+00  0.10000000E-01  0.10000000E+01
 0.60002000E-09  0.10071388E-01  0.00000000E+00  0.85510334E-01  0.00000000E+00  0.00000000E+00  0.16467144E+09  0.00000000E+00  0.00000000E+00  0.00000000E+00  0.00000000E+00  0.00000000E+00  0.10000000E-01  0.10000000E+01
 0.61002000E-09  0.10071388E-01  0.00000000E+00  0.87157048E-01  0.00000000E+00  0.00000000E+00  0.16467144E+09  0.00000000E+00  0.00000000E+00  0.00000000E+00  0.00000000E+00  0.00000000E+00  0.10000000E-01  0.10000000E+01
 0.62002000E-09  0.10071388E-01  0.00000000E+00  0.88803762E-01  0.00000000E+00  0.00000000E+00  0.16467144E+09  0.00000000E+00  0.00000000E+00  0.00000000E+00  0.00000000E+00  0.00000000E+00  0.10000000E-01  0.10000000E+01
 0.63002000E-09  0.10071388E-01  0.00000000E+00  0.90450477E-01  0.00000000E+00  0.00000000E+00  0.16467144E+09  0.00000000E+00  0.00000000E+00  0.00000000E+00  0.00000000E+00  0.00000000E+00  0.10000000E-01  0.10000000E+01
 0.64002000E-09  0.10071388E-01  0.00000000E+00  0.92097191E-01  0.00000000E+00  0.00000000E+00  0.16467144E+09  0.00000000E+00  0.00000000E+00  0.00000000E+00  0.00000000E+00  0.00000000E+00  0.10000000E-01  0.10000000E+01
 0.65002000E-09  0.10071388E-01  0.00000000E+00  0.93743906E-01  0.00000000E+00  0.00000000E+00  0.16467144E+09  0.00000000E+00  0.00000000E+00  0.00000000E+00  0.00000000E+00  0.00000000E+00  0.10000000E-01  0.10000000E+01
 0.66002000E-09  0.10071388E-01  0.00000000E+00  0.95390620E-01  0.00000000E+00  0.00000000E+00  0.16467144E+09  0.00000000E+00  0.00000000E+00  0.00000000E+00  0.00000000E+00  0.00000000E+00  0.10000000E-01  0.10000000E+01
 0.67002000E-09  0.10071388E-01  0.00000000E+00  0.97037334E-01  0.00000000E+00  0.00000000E+00  0.16467144E+09  0.00000000E+00  0.00000000E+00  0.00000000E+00  0.00000000E+00  0.00000000E+00  0.10000000E-01  0.10000000E+01
 0.68002000E-09  0.10071388E-01  0.00000000E+00  0.98684049E-01  0.00000000E+00  0.00000000E+00  0.16467144E+09  0.00000000E+00  0.00000000E+00  0.00000000E+00  0.00000000E+00  0.00000000E+00  0.10000000E-01  0.10000000E+01
 0.69002000E-09  0.10071388E-01  0.00000000E+00  0.10033076E+00  0.00000000E+00  0.00000000E+00  0.16467144E+09  0.00000000E+00  0.00000000E+00  0.00000000E+00  0.00000000E+00  0.00000000E+00  0.10000000E-01  0.10000000E+01
 0.70002000E-09  0.10071388E-01  0.00000000E+00  0.10197748E+00  0.00000000E+00  0.00000000E+00  0.16467144E+09  0.00000000E+00  0.00000000E+00  0.00000000E+00  0.00000000E+00  0.00000000E+00  0.10000000E-01  0.10000000E+01
 0.71002000E-09  0.10071388E-01  0.00000000E+00  0.10362419E+00  0.00000000E+00  0.00000000E+00  0.16467144E+09  0.00000000E+00  0.00000000E+00  0.00000000E+00  0.00000000E+00  0.00000000E+00  0.10000000E-01  0.10000000E+01
 0.72002000E-09  0.10071388E-01  0.00000000E+00  0.10527091E+00  0.00000000E+00  0.00000000E+00  0.16467144E+09  0.00000000E+00  0.00000000E+00  0.00000000E+00  0.00000000E+00  0.00000000E+00  0.10000000E-01  0.10000000E+01
 0.73002000E-09  0.10071388E-01  0.00000000E+00  0.10691762E+00  0.00000000E+00  0.00000000E+00  0.16467144E+09  0.00000000E+00  0.00000000E+00  0.00000000E+00  0.00000000E+00  0.00000000E+00  0.10000000E-01  0.10000000E+01
 0.74002000E-09  0.10071388E-01  0.00000000E+00  0.10856434E+00  0.00000000E+00  0.00000000E+00  0.16467144E+09  0.00000000E+00  0.00000000E+00  0.00000000E+00  0.00000000E+00  0.00000000E+00  0.10000000E-01  0.10000000E+01
 0.75002000E-09  0.10071388E-01  0.00000000E+00  0.11021105E+00  0.00000000E+00  0.00000000E+00  0.16467144E+09  0.00000000E+00  0.00000000E+00  0.00000000E+00  0.00000000E+00  0.00000000E+00  0.10000000E-01  0.10000000E+01
 0.76002000E-09  0.10071388E-01  0.00000000E+00  0.11185776E+00  0.00000000E+00  0.00000000E+00  0.16467144E+09  0.00000000E+00  0.00000000E+00  0.00000000E+00  0.00000000E+00  0.00000000E+00  0.10000000E-01  0.10000000E+01
 0.77002000E-09  0.10071388E-01  0.00000000E+00  0.11350448E+00  0.00000000E+00  0.00000000E+00  0.16467144E+09  0.00000000E+00  0.00000000E+00  0.00000000E+00  0.00000000E+00  0.00000000E+00  0.10000000E-01  0.10000000E+01
 0.78002000E-09  0.10071388E-01  0.00000000E+00  0.11515119E+00  0.00000000E+00  0.00000000E+00  0.16467144E+09  0.00000000E+00  0.00000000E+00  0.00000000E+00  0.00000000E+00  0.00000000E+00  0.10000000E-01  0.10000000E+01
 0.79002000E-09  0.10071388E-01  0.00000000E+00  0.11679791E+00  0.00000000E+00  0.00000000E+00  0.16467144E+09  0.00000000E+00  0.00000000E+00  0.00000000E+00  0.00000000E+00  0.00000000E+00  0.10000000E-01  0.10000000E+01
 0.80002000E-09  0.10071388E-01  0.00000000E+00  0.11844462E+00  0.00000000E+00  0.00000000E+00  0.16467144E+09  0.00000000E+00  0.00000000E+00  0.00000000E+00  0.00000000E+00  0.00000000E+00  0.10000000E-01  0.10000000E+01
 0.81002000E-09  0.10071388E-01  0.00000000E+00  0.12009134E+00  0.00000000E+00  0.00000000E+00  0.16467144E+09  0.00000000E+00  0.00000000E+00  0.00000000E+00  0.00000000E+00  0.00000000E+00  0.10000000E-01  0.10000000E+01
 0.82002000E-09  0.10071388E-01  0.00000000E+00  0.12173805E+00  0.00000000E+00  0.00000000E+00  0.16467144E+09  0.00000000E+00  0.00000000E+00  0.00000000E+00  0.00000000E+00  0.00000000E+00  0.10000000E-01  0.10000000E+01
 0.83002000E-09  0.10071388E-01  0.00000000E+00  0.12338476E+00  0.00000000E+00  0.00000000E+00  0.16467144E+09  0.00000000E+00  0.00000000E+00  0.00000000E+00  0.00000000E+00  0.00000000E+00  0.10000000E-01  0.10000000E+01
 0.84002000E-09  0.10071388E-01  0.00000000E+00  0.12503148E+00  0.00000000E+00  0.00000000E+00  0.16467144E+09  0.00000000E+00  0.00000000E+00  0.00000000E+00  0.00000000E+00  0.00000000E+00  0.10000000E-01  0.10000000E+01
 0.85002000E-09  0.10071388E-01  0.00000000E+00  0.12667819E+00  0.00000000E+00  0.00000000E+00  0.16467144E+09  0.00000000E+00  0.00000000E+00  0.00000000E+00  0.00000000E+00  0.00000000E+00  0.10000000E-01  0.10000000E+01
 0.86002000E-09  0.10071388E-01  0.00000000E+00  0.12832491E+00  0.00000000E+00  0.00000000E+00  0.16467144E+09  0.00000000E+00  0.00000000E+00  0.00000000E+00  0.00000000E+00  0.00000000E+00  0.10000000E-01  0.10000000E+01
 0.87002000E-09  0.10071388E-01  0.00000000E+00  0.12997162E+00  0.00000000E+00  0.00000000E+00  0.16467144E+09  0.00000000E+00  0.00000000E+00  0.00000000E+00  0.00000000E+00  0.00000000E+00  0.10000000E-01  0.10000000E+01
 0.88002000E-09  0.10071388E-01  0.00000000E+00  0.13161834E+00  0.00000000E+00  0.00000000E+00  0.16467144E+09  0.00000000E+00  0.00000000E+00  0.00000000E+00  0.00000000E+00  0.00000000E+00  0.10000000E-01  0.10000000E+01
 0.89002000E-09  0.10071388E-01  0.00000000E+00  0.13326505E+00  0.00000000E+00  0.00000000E+00  0.16467144E+09  0.00000000E+00  0.00000000E+00  0.00000000E+00  0.00000000E+00  0.00000000E+00  0.10000000E-01  0.10000000E+01
 0.90002000E-09  0.10071388E-01  0.00000000E+00  0.13491177E+00  0.00000000E+00  0.00000000E+00  0.16467144E+09  0.00000000E+00  0.00000000E+00  0.00000000E+00  0.00000000E+00  0.00000000E+00  0.10000000E-01  0.10000000E+01
 0.91002000E-09  0.10071388E-01  0.00000000E+00  0.13655848E+00  0.00000000E+00  0.00000000E+00  0.16467144E+09  0.00000000E+00  0.00000000E+00  0.00000000E+00  0.00000000E+00  0.00000000E+00  0.10000000E-01  0.10000000E+01
 0.92002000E-09  0.10071388E-01  0.00000000E+00  0.13820519E+00  0.00000000E+00  0.00000000E+00  0.16467144E+09  0.00000000E+00  0.00000000E+00  0.00000000E+00  0.00000000E+00  0.00000000E+00  0.10000000E-01  0.10000000E+01
 0.93002000E-09  0.10071388E-01  0.00000000E+00  0.13985191E+00  0.00000000E+00  0.00000000E+00  0.16467144E+09  0.00000000E+00  0.00000000E+00  0.00000000E+00  0.00000000E+00  0.00000000E+00  0.10000000E-01  0.10000000E+01
 0.94002000E-09  0.10071388E-01  0.00000000E+00  0.14149862E+00  0.00000000E+00  0.00000000E+00  0.16467144E+09  0.00000000E+00  0.00000000E+00  0.00000000E+00  0.00000000E+00  0.00000000E+00  0.10000000E-01  0.10000000E+01
 0.95002000E-09  0.10071388E-01  0.00000000E+00  0.14314534E+00  0.00000000E+00  0.00000000E+00  0.16467144E+09  0.00000000E+00  0.00000000E+00  0.00000000E+00  0.00000000E+00  0.00000000E+00  0.10000000E-01  0.10000000E+01
 0.96002000E-09  0.10071388E-01  0.00000000E+00  0.14479205E+00  0.00000000E+00  0.00000000E+00  0.16467144E+09  0.00000000E+00  0.00000000E+00  0.00000000E+00  0.00000000E+00  0.00000000E+00  0.10000000E-01  0.10000000E+01
 0.97002000E-09  0.10071388E-01  0.00000000E+00  0.14643877E+00  0.00000000E+00  0.00000000E+00  0.16467144E+09  0.00000000E+00  0.00000000E+00  0.00000000E+00  0.00000000E+00  0.00000000E+00  0.10000000E-01  0.10000000E+01
 0.98002000E-09  0.10071388E-01  0.00000000E+00  0.14808548E+00  0.00000000E+00  0.00000000E+00  0.16467144E+09  0.00000000E+00  0.00000000E+00  0.00000000E+00  0.00000000E+00  0.00000000E+00  0.10000000E-01  0.10000000E+01
 0.99002000E-09  0.10071388E-01  0.00000000E+00  0.14973220E+00  0.00000000E+00  0.00000000E+00  0.16467144E+09  0.00000000E+00  0.00000000E+00  0.00000000E+00  0.00000000E+00  0.00000000E+00  0.10000000E-01  0.10000000E+01
 0.10000200E-08  0.10071388E-01  0.00000000E+00  0.15137891E+00  0.00000000E+00  0.00000000E+00  0.16467144E+09  0.00000000E+00  0.00000000E+00  0.00000000E+00  0.00000000E+00  0.00000000E+00  0.10000000E-01  0.10000000E+01
 0.10100200E-08  0.10071388E-01  0.00000000E+00  0.15302562E+00  0.00000000E+00  0.00000000E+00  0.16467144E+09  0.00000000E+00  0.00000000E+00  0.00000000E+00  0.00000000E+00  0.00000000E+00  0.10000000E-01  0.10000000E+01
 0.10200200E-08  0.10071388E-01  0.00000000E+00  0.15467234E+00  0.00000000E+00  0.00000000E+00  0.16467144E+09  0.00000000E+00  0.00000000E+00  0.00000000E+00  0.00000000E+00  0.00000000E+00  0.10000000E-01  0.10000000E+01
 0.10300200E-08  0.10071388E-01  0.00000000E+00  0.15631905E+00  0.00000000E+00  0.00000000E+00  0.16467144E+09  0.00000000E+00  0.00000000E+00  0.00000000E+00  0.00000000E+00  0.00000000E+00  0.10000000E-01  0.10000000E+01
 0.10400200E-08  0.10071388E-01  0.00000000E+00  0.15796577E+00  0.00000000E+00  0.00000000E+00  0.16467144E+09  0.00000000E+00  0.00000000E+00  0.00000000E+00  0.00000000E+00  0.00000000E+00  0.10000000E-01  0.10000000E+01
 0.10500200E-08  0.10071388E-01  0.00000000E+00  0.15961248E+00  0.00000000E+00  0.00000000E+00  0.16467144E+09  0.00000000E+00  0.00000000E+00  0.00000000E+00  0.00000000E+00  0.00000000E+00  0.10000000E-01  0.10000000E+01
 0.10600200E-08  0.10071388E-01  0.00000000E+00  0.16125920E+00  0.00000000E+00  0.00000000E+00  0.16467144E+09  0.00000000E+00  0.00000000E+00  0.00000000E+00  0.00000000E+00  0.00000000E+00  0.10000000E-01  0.10000000E+01
 0.10700200E-08  0.10071388E-01  0.00000000E+00  0.16290591E+00  0.00000000E+00  0.00000000E+00  0.16467144E+09  0.00000000E+00  0.00000000E+00  0.00000000E+00  0.00000000E+00  0.00000000E+00  0.10000000E-01  0.10000000E+01
 0.10800200E-08  0.10071388E-01  0.00000000E+00  0.16455263E+00  0.00000000E+00  0.00000000E+00  0.16467144E+09  0.00000000E+00  0.00000000E+00  0.00000000E+00  0.00000000E+00  0.00000000E+00  0.10000000E-01  0.10000000E+01
 0.10900200E-08  0.10071388E-01  0.00000000E+00  0.16619934E+00  0.00000000E+00  0.00000000E+00  0.16467144E+09  0.00000000E+00  0.00000000E+00  0.00000000E+00  0.00000000E+00  0.00000000E+00  0.10000000E-01  0.10000000E+01
 0.11000200E-08  0.10071388E-01  0.00000000E+00  0.16784605E+00  0.00000000E+00  0.00000000E+00  0.16467144E+09  0.00000000E+00  0.00000000E+00  0.00000000E+00  0.00000000E+00  0.00000000E+00  0.10000000E-01  0.10000000E+01
 0.11100200E-08  0.10071388E-01  0.00000000E+00  0.16949277E+00  0.00000000E+00  0.00000000E+00  0.16467144E+09  0.00000000E+00  0.00000000E+00  0.00000000E+00  0.00000000E+00  0.00000000E+00  0.10000000E-01  0.10000000E+01
 0.11200200E-08  0.10071388E-01  0.00000000E+00  0.17113948E+00  0.00000000E+00  0.00000000E+00  0.16467144E+09  0.00000000E+00  0.00000000E+00  0.00000000E+00  0.00000000E+00  0.00000000E+00  0.10000000E-01  0.10000000E+01
 0.11300200E-08  0.10071388E-01  0.00000000E+00  0.17278620E+00  0.00000000E+00  0.00000000E+00  0.16467144E+09  0.00000000E+00  0.00000000E+00  0.00000000E+00  0.00000000E+00  0.00000000E+00  0.10000000E-01  0.10000000E+01
 0.11400200E-08  0.10071388E-01  0.00000000E+00  0.17443291E+00  0.00000000E+00  0.00000000E+00  0.16467144E+09  0.00000000E+00  0.00000000E+00  0.00000000E+00  0.00000000E+00  0.00000000E+00  0.10000000E-01  0.10000000E+01
 0.11500200E-08  0.10071388E-01  0.00000000E+00  0.17607963E+00  0.00000000E+00  0.00000000E+00  0.16467144E+09  0.00000000E+00  0.00000000E+00  0.00000000E+00  0.00000000E+00  0.00000000E+00  0.10000000E-01  0.10000000E+01
 0.11600200E-08  0.10071388E-01  0.00000000E+00  0.17772634E+00  0.00000000E+00  0.00000000E+00  0.16467144E+09  0.00000000E+00  0.00000000E+00  0.00000000E+00  0.00000000E+00  0.00000000E+00  0.10000000E-01  0.10000000E+01
 0.11700200E-08  0.10071388E-01  0.00000000E+00  0.17937305E+00  0.00000000E+00  0.00000000E+00  0.16467144E+09  0.00000000E+00  0.00000000E+00  0.00000000E+00  0.00000000E+00  0.00000000E+00  0.10000000E-01  0.10000000E+01
 0.11800200E-08  0.10071388E-01  0.00000000E+00  0.18101977E+00  0.00000000E+00  0.00000000E+00  0.16467144E+09  0.00000000E+00  0.00000000E+00  0.00000000E+00  0.00000000E+00  0.00000000E+00  0.10000000E-01  0.10000000E+01
 0.11900200E-08  0.10071388E-01  0.00000000E+00  0.18266648E+00  0.00000000E+00  0.00000000E+00  0.16467144E+09  0.00000000E+00  0.00000000E+00  0.00000000E+00  0.00000000E+00  0.00000000E+00  0.10000000E-01  0.10000000E+01
 0.12000200E-08  0.10071388E-01  0.00000000E+00  0.18431320E+00  0.00000000E+00  0.00000000E+00  0.16467144E+09  0.00000000E+00  0.00000000E+00  0.00000000E+00  0.00000000E+00  0.00000000E+00  0.10000000E-01  0.10000000E+01
 0.12100200E-08  0.10071388E-01  0.00000000E+00  0.18595991E+00  0.00000000E+00  0.00000000E+00  0.16467144E+09  0.00000000E+00  0.00000000E+00  0.00000000E+00  0.00000000E+00  0.00000000E+00  0.10000000E-01  0.10000000E+01
 0.12200200E-08  0.10071388E-01  0.00000000E+00  0.18760663E+00  0.00000000E+00  0.00000000E+00  0.16467144E+09  0.00000000E+00  0.00000000E+00  0.00000000E+00  0.00000000E+00  0.00000000E+00  0.10000000E-01  0.10000000E+01
 0.12300200E-08  0.10071388E-01  0.00000000E+00  0.18925334E+00  0.00000000E+00  0.00000000E+00  0.16467144E+09  0.00000000E+00  0.00000000E+00  0.00000000E+00  0.00000000E+00  0.00000000E+00  0.10000000E-01  0.10000000E+01
 0.12400200E-08  0.10071388E-01  0.00000000E+00  0.19090006E+00  0.00000000E+00  0.00000000E+00  0.16467144E+09  0.00000000E+00  0.00000000E+00  0.00000000E+00  0.00000000E+00  0.00000000E+00  0.10000000E-01  0.10000000E+01
 0.12500200E-08  0.10071388E-01  0.00000000E+00  0.19254677E+00  0.00000000E+00  0.00000000E+00  0.16467144E+09  0.00000000E+00  0.00000000E+00  0.00000000E+00  0.00000000E+00  0.00000000E+00  0.10000000E-01  0.10000000E+01
 0.12600200E-08  0.10071388E-01  0.00000000E+00  0.19419348E+00  0.00000000E+00  0.00000000E+00  0.16467144E+09  0.00000000E+00  0.00000000E+00  0.00000000E+00  0.00000000E+00  0.00000000E+00  0.10000000E-01  0.10000000E+01
 0.12700200E-08  0.10071388E-01  0.00000000E+00  0.19584020E+00  0.00000000E+00  0.00000000E+00  0.16467144E+09  0.00000000E+00  0.00000000E+00  0.00000000E+00  0.00000000E+00  0.00000000E+00  0.10000000E-01  0.10000000E+01
 0.12800200E-08  0.10071388E-01  0.00000000E+00  0.19748691E+00  0.00000000E+00  0.00000000E+00  0.16467144E+09  0.00000000E+00  0.00000000E+00  0.00000000E+00  0.00000000E+00  0.00000000E+00  0.10000000E-01  0.10000000E+01
 0.12900200E-08  0.10071388E-01  0.00000000E+00  0.19913363E+00  0.00000000E+00  0.00000000E+00  0.16467144E+09  0.00000000E+00  0.00000000E+00  0.00000000E+00  0.00000000E+00  0.00000000E+00  0.10000000E-01  0.10000000E+01
 0.13000200E-08  0.10071388E-01  0.00000000E+00  0.20078034E+00  0.00000000E+00  0.00000000E+00  0.16467144E+09  0.00000000E+00  0.00000000E+00  0.00000000E+00  0.00000000E+00  0.00000000E+00  0.10000000E-01  0.10000000E+01
 0.13100200E-08  0.10071388E-01  0.00000000E+00  0.20242706E+00  0.00000000E+00  0.00000000E+00  0.16467144E+09  0.00000000E+00  0.00000000E+00  0.00000000E+00  0.00000000E+00  0.00000000E+00  0.10000000E-01  0.10000000E+01
 0.13200200E-08  0.10071388E-01  0.00000000E+00  0.20407377E+00  0.00000000E+00  0.00000000E+00  0.16467144E+09  0.00000000E+00  0.00000000E+00  0.00000000E+00  0.00000000E+00  0.00000000E+00  0.10000000E-01  0.10000000E+01
 0.13300200E-08  0.10071388E-01  0.00000000E+00  0.20572049E+00  0.00000000E+00  0.00000000E+00  0.16467144E+09  0.00000000E+00  0.00000000E+00  0.00000000E+00  0.00000000E+00  0.00000000E+00  0.10000000E-01  0.10000000E+01
 0.13400200E-08  0.10071388E-01  0.00000000E+00  0.20736720E+00  0.00000000E+00  0.00000000E+00  0.16467144E+09  0.00000000E+00  0.00000000E+00  0.00000000E+00  0.00000000E+00  0.00000000E+00  0.10000000E-01  0.10000000E+01
 0.13500200E-08  0.10071388E-01  0.00000000E+00  0.20901391E+00  0.00000000E+00  0.00000000E+00  0.16467144E+09  0.00000000E+00  0.00000000E+00  0.00000000E+00  0.00000000E+00  0.00000000E+00  0.10000000E-01  0.10000000E+01
 0.13600200E-08  0.10071388E-01  0.00000000E+00  0.21066063E+00  0.00000000E+00  0.00000000E+00  0.16467144E+09  0.00000000E+00  0.00000000E+00  0.00000000E+00  0.00000000E+00  0.00000000E+00  0.10000000E-01  0.10000000E+01
 0.13700200E-08  0.10071388E-01  0.00000000E+00  0.21230734E+00  0.00000000E+00  0.00000000E+00  0.16467144E+09  0.00000000E+00  0.00000000E+00  0.00000000E+00  0.00000000E+00  0.00000000E+00  0.10000000E-01  0.10000000E+01
 0.13800200E-08  0.10071388E-01  0.00000000E+00  0.21395406E+00  0.00000000E+00  0.00000000E+00  0.16467144E+09  0.00000000E+00  0.00000000E+00  0.00000000E+00  0.00000000E+00  0.00000000E+00  0.10000000E-01  0.10000000E+01
 0.13900200E-08  0.10071388E-01  0.00000000E+00  0.21560077E+00  0.00000000E+00  0.00000000E+00  0.16467144E+09  0.00000000E+00  0.00000000E+00  0.00000000E+00  0.00000000E+00  0.00000000E+00  0.10000000E-01  0.10000000E+01
 0.14000200E-08  0.10071388E-01  0.00000000E+00  0.21724749E+00  0.00000000E+00  0.00000000E+00  0.16467144E+09  0.00000000E+00  0.00000000E+00  0.00000000E+00  0.00000000E+00  0.00000000E+00  0.10000000E-01  0.10000000E+01
 0.14100200E-08  0.10071388E-01  0.00000000E+00  0.21889420E+00  0.00000000E+00  0.00000000E+00  0.16467144E+09  0.00000000E+00  0.00000000E+00  0.00000000E+00  0.00000000E+00  0.00000000E+00  0.10000000E-01  0.10000000E+01
 0.14200200E-08  0.10071388E-01  0.00000000E+00  0.22054092E+00  0.00000000E+00  0.00000000E+00  0.16467144E+09  0.00000000E+00  0.00000000E+00  0.00000000E+00  0.00000000E+00  0.00000000E+00  0.10000000E-01  0.10000000E+01
 0.14300200E-08  0.10071388E-01  0.00000000E+00  0.22218763E+00  0.00000000E+00  0.00000000E+00  0.16467144E+09  0.00000000E+00  0.00000000E+00  0.00000000E+00  0.00000000E+00  0.00000000E+00  0.10000000E-01  0.10000000E+01
 0.14400200E-08  0.10071388E-01  0.00000000E+00  0.22383434E+00  0.00000000E+00  0.00000000E+00  0.16467144E+09  0.00000000E+00  0.00000000E+00  0.00000000E+00  0.00000000E+00  0.00000000E+00  0.10000000E-01  0.10000000E+01
 0.14500200E-08  0.10071388E-01  0.00000000E+00  0.22548106E+00  0.00000000E+00  0.00000000E+00  0.16467144E+09  0.00000000E+00  0.00000000E+00  0.00000000E+00  0.00000000E+00  0.00000000E+00  0.10000000E-01  0.10000000E+01
 0.14600200E-08  0.10071388E-01  0.00000000E+00  0.22712777E+00  0.00000000E+00  0.00000000E+00  0.16467144E+09  0.00000000E+00  0.00000000E+00  0.00000000E+00  0.00000000E+00  0.00000000E+00  0.10000000E-01  0.10000000E+01
 0.14700200E-08  0.10071388E-01  0.00000000E+00  0.22877449E+00  0.00000000E+00  0.00000000E+00  0.16467144E+09  0.00000000E+00  0.00000000E+00  0.00000000E+00  0.00000000E+00  0.00000000E+00  0.10000000E-01  0.10000000E+01
 0.14800200E-08  0.10071388E-01  0.00000000E+00  0.23042120E+00  0.00000000E+00  0.00000000E+00  0.16467144E+09  0.00000000E+00  0.00000000E+00  0.00000000E+00  0.00000000E+00  0.00000000E+00  0.10000000E-01  0.10000000E+01
 0.14900200E-08  0.10071388E-01  0.00000000E+00  0.23206792E+00  0.00000000E+00  0.00000000E+00  0.16467144E+09  0.00000000E+00  0.00000000E+00  0.00000000E+00  0.00000000E+00  0.00000000E+00  0.10000000E-01  0.10000000E+01
 0.15000200E-08  0.10071388E-01  0.00000000E+00  0.23371463E+00  0.00000000E+00  0.00000000E+00  0.16467144E+09  0.00000000E+00  0.00000000E+00  0.00000000E+00  0.00000000E+00  0.00000000E+00  0.10000000E-01  0.10000000E+01
 0.15100200E-08  0.10071388E-01  0.00000000E+00  0.23536134E+00  0.00000000E+00  0.00000000E+00  0.16467144E+09  0.00000000E+00  0.00000000E+00  0.00000000E+00  0.00000000E+00  0.00000000E+00  0.10000000E-01  0.10000000E+01
 0.15200200E-08  0.10071388E-01  0.00000000E+00  0.23700806E+00  0.00000000E+00  0.00000000E+00  0.16467144E+09  0.00000000E+00  0.00000000E+00  0.00000000E+00  0.00000000E+00  0.00000000E+00  0.10000000E-01  0.10000000E+01
 0.15300200E-08  0.10071388E-01  0.00000000E+00  0.23865477E+00  0.00000000E+00  0.00000000E+00  0.16467144E+09  0.00000000E+00  0.00000000E+00  0.00000000E+00  0.00000000E+00  0.00000000E+00  0.10000000E-01  0.10000000E+01
 0.15400200E-08  0.10071388E-01  0.00000000E+00  0.24030149E+00  0.00000000E+00  0.00000000E+00  0.16467144E+09  0.00000000E+00  0.00000000E+00  0.00000000E+00  0.00000000E+00  0.00000000E+00  0.10000000E-01  0.10000000E+01
 0.15500200E-08  0.10071388E-01  0.00000000E+00  0.24194820E+00  0.00000000E+00  0.00000000E+00  0.16467144E+09  0.00000000E+00  0.00000000E+00  0.00000000E+00  0.00000000E+00  0.00000000E+00  0.10000000E-01  0.10000000E+01
 0.15600200E-08  0.10071388E-01  0.00000000E+00  0.24359492E+00  0.00000000E+00  0.00000000E+00  0.16467144E+09  0.00000000E+00  0.00000000E+00  0.00000000E+00  0.00000000E+00  0.00000000E+00  0.10000000E-01  0.10000000E+01
 0.15700200E-08  0.10071388E-01  0.00000000E+00  0.24524163E+00  0.00000000E+00  0.00000000E+00  0.16467144E+09  0.00000000E+00  0.00000000E+00  0.00000000E+00  0.00000000E+00  0.00000000E+00  0.10000000E-01  0.10000000E+01
 0.15800200E-08  0.10071388E-01  0.00000000E+00  0.24688835E+00  0.00000000E+00  0.00000000E+00  0.16467144E+09  0.00000000E+00  0.00000000E+00  0.00000000E+00  0.00000000E+00  0.00000000E+00  0.10000000E-01  0.10000000E+01
 0.15900200E-08  0.10071388E-01  0.00000000E+00  0.24853506E+00  0.00000000E+00  0.00000000E+00  0.16467144E+09  0.00000000E+00  0.00000000E+00  0.00000000E+00  0.00000000E+00  0.00000000E+00  0.10000000E-01  0.10000000E+01
 0.16000200E-08  0.10071388E-01  0.00000000E+00  0.25018177E+00  0.00000000E+00  0.00000000E+00  0.16467144E+09  0.00000000E+00  0.00000000E+00  0.00000000E+00  0.00000000E+00  0.00000000E+00  0.10000000E-01  0.10000000E+01
 0.16100200E-08  0.10071388E-01  0.00000000E+00  0.25182849E+00  0.00000000E+00  0.00000000E+00  0.16467144E+09  0.00000000E+00  0.00000000E+00  0.00000000E+00  0.00000000E+00  0.00000000E+00  0.10000000E-01  0.10000000E+01
 0.16200200E-08  0.10071388E-01  0.00000000E+00  0.25347520E+00  0.00000000E+00  0.00000000E+00  0.16467144E+09  0.00000000E+00  0.00000000E+00  0.00000000E+00  0.00000000E+00  0.00000000E+00  0.10000000E-01  0.10000000E+01
 0.16300200E-08  0.10071388E-01  0.00000000E+00  0.25512192E+00  0.00000000E+00  0.00000000E+00  0.16467144E+09  0.00000000E+00  0.00000000E+00  0.00000000E+00  0.00000000E+00  0.00000000E+00  0.10000000E-01  0.10000000E+01
 0.16400200E-08  0.10071388E-01  0.00000000E+00  0.25676863E+00  0.00000000E+00  0.00000000E+00  0.16467144E+09  0.00000000E+00  0.00000000E+00  0.00000000E+00  0.00000000E+00  0.00000000E+00  0.10000000E-01  0.10000000E+01
 0.16500200E-08  0.10071388E-01  0.00000000E+00  0.25841535E+00  0.00000000E+00  0.00000000E+00  0.16467144E+09  0.00000000E+00  0.00000000E+00  0.00000000E+00  0.00000000E+00  0.00000000E+00  0.10000000E-01  0.10000000E+01
 0.16600200E-08  0.10071388E-01  0.00000000E+00  0.26006206E+00  0.00000000E+00  0.00000000E+00  0.16467144E+09  0.00000000E+00  0.00000000E+00  0.00000000E+00  0.00000000E+00  0.00000000E+00  0.10000000E-01  0.10000000E+01
 0.16700200E-08  0.10071388E-01  0.00000000E+00  0.26170878E+00  0.00000000E+00  0.00000000E+00  0.16467144E+09  0.00000000E+00  0.00000000E+00  0.00000000E+00  0.00000000E+00  0.00000000E+00  0.10000000E-01  0.10000000E+01
 0.16800200E-08  0.10071388E-01  0.00000000E+00  0.26335549E+00  0.00000000E+00  0.00000000E+00  0.16467144E+09  0.00000000E+00  0.00000000E+00  0.00000000E+00  0.00000000E+00  0.00000000E+00  0.10000000E-01  0.10000000E+01
 0.16900200E-08  0.10071388E-01  0.00000000E+00  0.26500220E+00  0.00000000E+00  0.00000000E+00  0.16467144E+09  0.00000000E+00  0.00000000E+00  0.00000000E+00  0.00000000E+00  0.00000000E+00  0.10000000E-01  0.10000000E+01
 0.17000200E-08  0.10071388E-01  0.00000000E+00  0.26664892E+00  0.00000000E+00  0.00000000E+00  0.16467144E+09  0.00000000E+00  0.00000000E+00  0.00000000E+00  0.00000000E+00  0.00000000E+00  0.10000000E-01  0.10000000E+01
 0.17100200E-08  0.10071388E-01  0.00000000E+00  0.26829563E+00  0.00000000E+00  0.00000000E+00  0.16467144E+09  0.00000000E+00  0.00000000E+00  0.00000000E+00  0.00000000E+00  0.00000000E+00  0.10000000E-01  0.10000000E+01
 0.17200200E-08  0.10071388E-01  0.00000000E+00  0.26994235E+00  0.00000000E+00  0.00000000E+00  0.16467144E+09  0.00000000E+00  0.00000000E+00  0.00000000E+00  0.00000000E+00  0.00000000E+00  0.10000000E-01  0.10000000E+01
 0.17300200E-08  0.10071388E-01  0.00000000E+00  0.27158906E+00  0.00000000E+00  0.00000000E+00  0.16467144E+09  0.00000000E+00  0.00000000E+00  0.00000000E+00  0.00000000E+00  0.00000000E+00  0.10000000E-01  0.10000000E+01
 0.17400200E-08  0.10071388E-01  0.00000000E+00  0.27323578E+00  0.00000000E+00  0.00000000E+00  0.16467144E+09  0.00000000E+00  0.00000000E+00  0.00000000E+00  0.00000000E+00  0.00000000E+00  0.10000000E-01  0.10000000E+01
 0.17500200E-08  0.10071388E-01  0.00000000E+00  0.27488249E+00  0.00000000E+00  0.00000000E+00  0.16467144E+09  0.00000000E+00  0.00000000E+00  0.00000000E+00  0.00000000E+00  0.00000000E+00  0.10000000E-01  0.10000000E+01
 0.17600200E-08  0.10071388E-01  0.00000000E+00  0.27652921E+00  0.00000000E+00  0.00000000E+00  0.16467144E+09  0.00000000E+00  0.00000000E+00  0.00000000E+00  0.00000000E+00  0.00000000E+00  0.10000000E-01  0.10000000E+01
 0.17700200E-08  0.10071388E-01  0.00000000E+00  0.27817592E+00  0.00000000E+00  0.00000000E+00  0.16467144E+09  0.00000000E+00  0.00000000E+00  0.00000000E+00  0.00000000E+00  0.00000000E+00  0.10000000E-01  0.10000000E+01
 0.17800200E-08  0.10071388E-01  0.00000000E+00  0.27982263E+00  0.00000000E+00  0.00000000E+00  0.16467144E+09  0.00000000E+00  0.00000000E+00  0.00000000E+00  0.00000000E+00  0.00000000E+00  0.10000000E-01  0.10000000E+01
 0.17900200E-08  0.10071388E-01  0.00000000E+00  0.28146935E+00  0.00000000E+00  0.00000000E+00  0.16467144E+09  0.00000000E+00  0.00000000E+00  0.00000000E+00  0.00000000E+00  0.00000000E+00  0.10000000E-01  0.10000000E+01
 0.18000200E-08  0.10071388E-01  0.00000000E+00  0.28311606E+00  0.00000000E+00  0.00000000E+00  0.16467144E+09  0.00000000E+00  0.00000000E+00  0.00000000E+00  0.00000000E+00  0.00000000E+00  0.10000000E-01  0.10000000E+01
 0.18100200E-08  0.10071388E-01  0.00000000E+00  0.28476278E+00  0.00000000E+00  0.00000000E+00  0.16467144E+09  0.00000000E+00  0.00000000E+00  0.00000000E+00  0.00000000E+00  0.00000000E+00  0.10000000E-01  0.10000000E+01
 0.18200200E-08  0.10071388E-01  0.00000000E+00  0.28640949E+00  0.00000000E+00  0.00000000E+00  0.16467144E+09  0.00000000E+00  0.00000000E+00  0.00000000E+00  0.00000000E+00  0.00000000E+00  0.10000000E-01  0.10000000E+01
 0.18300200E-08  0.10071388E-01  0.00000000E+00  0.28805621E+00  0.00000000E+00  0.00000000E+00  0.16467144E+09  0.00000000E+00  0.00000000E+00  0.00000000E+00  0.00000000E+00  0.00000000E+00  0.10000000E-01  0.10000000E+01
 0.18400200E-08  0.10071388E-01  0.00000000E+00  0.28970292E+00  0.00000000E+00  0.00000000E+00  0.16467144E+09  0.00000000E+00  0.00000000E+00  0.00000000E+00  0.00000000E+00  0.00000000E+00  0.10000000E-01  0.10000000E+01
 0.18500200E-08  0.10071388E-01  0.00000000E+00  0.29134963E+00  0.00000000E+00  0.00000000E+00  0.16467144E+09  0.00000000E+00  0.00000000E+00  0.00000000E+00  0.00000000E+00  0.00000000E+00  0.10000000E-01  0.10000000E+01
 0.18600200E-08  0.10071388E-01  0.00000000E+00  0.29299635E+00  0.00000000E+00  0.00000000E+00  0.16467144E+09  0.00000000E+00  0.00000000E+00  0.00000000E+00  0.00000000E+00  0.00000000E+00  0.10000000E-01  0.10000000E+01
 0.18700200E-08  0.10071388E-01  0.00000000E+00  0.29464306E+00  0.00000000E+00  0.00000000E+00  0.16467144E+09  0.00000000E+00  0.00000000E+00  0.00000000E+00  0.00000000E+00  0.00000000E+00  0.10000000E-01  0.10000000E+01
 0.18800200E-08  0.10071388E-01  0.00000000E+00  0.29628978E+00  0.00000000E+00  0.00000000E+00  0.16467144E+09  0.00000000E+00  0.00000000E+00  0.00000000E+00  0.00000000E+00  0.00000000E+00  0.10000000E-01  0.10000000E+01
 0.18900200E-08  0.10071388E-01  0.00000000E+00  0.29793649E+00  0.00000000E+00  0.00000000E+00  0.16467144E+09  0.00000000E+00  0.00000000E+00  0.00000000E+00  0.00000000E+00  0.00000000E+00  0.10000000E-01  0.10000000E+01
 0.19000200E-08  0.10071388E-01  0.00000000E+00  0.29958321E+00  0.00000000E+00  0.00000000E+00  0.16467144E+09  0.00000000E+00  0.00000000E+00  0.00000000E+00  0.00000000E+00  0.00000000E+00  0.10000000E-01  0.10000000E+01
 0.19100200E-08  0.10071388E-01  0.00000000E+00  0.30122992E+00  0.00000000E+00  0.00000000E+00  0.16467144E+09  0.00000000E+00  0.00000000E+00  0.00000000E+00  0.00000000E+00  0.00000000E+00  0.10000000E-01  0.10000000E+01
 0.19200200E-08  0.10071388E-01  0.00000000E+00  0.30287664E+00  0.00000000E+00  0.00000000E+00  0.16467144E+09  0.00000000E+00  0.00000000E+00  0.00000000E+00  0.00000000E+00  0.00000000E+00  0.10000000E-01  0.10000000E+01
 0.19300200E-08  0.10071388E-01  0.00000000E+00  0.30452335E+00  0.00000000E+00  0.00000000E+00  0.16467144E+09  0.00000000E+00  0.00000000E+00  0.00000000E+00  0.00000000E+00  0.00000000E+00  0.10000000E-01  0.10000000E+01
 0.19400200E-08  0.10071388E-01  0.00000000E+00  0.30617006E+00  0.00000000E+00  0.00000000E+00  0.16467144E+09  0.00000000E+00  0.00000000E+00  0.00000000E+00  0.00000000E+00  0.00000000E+00  0.10000000E-01  0.10000000E+01
 0.19500200E-08  0.10071388E-01  0.00000000E+00  0.30781678E+00  0.00000000E+00  0.00000000E+00  0.16467144E+09  0.00000000E+00  0.00000000E+00  0.00000000E+00  0.00000000E+00  0.00000000E+00  0.10000000E-01  0.10000000E+01
 0.19600200E-08  0.10071388E-01  0.00000000E+00  0.30946349E+00  0.00000000E+00  0.00000000E+00  0.16467144E+09  0.00000000E+00  0.00000000E+00  0.00000000E+00  0.00000000E+00  0.00000000E+00  0.10000000E-01  0.10000000E+01
 0.19700200E-08  0.10071388E-01  0.00000000E+00  0.31111021E+00  0.00000000E+00  0.00000000E+00  0.16467144E+09  0.00000000E+00  0.00000000E+00  0.00000000E+00  0.00000000E+00  0.00000000E+00  0.10000000E-01  0.10000000E+01
 0.19800200E-08  0.10071388E-01  0.00000000E+00  0.31275692E+00  0.00000000E+00  0.00000000E+00  0.16467144E+09  0.00000000E+00  0.00000000E+00  0.00000000E+00  0.00000000E+00  0.00000000E+00  0.10000000E-01  0.10000000E+01
 0.19900200E-08  0.10071388E-01  0.00000000E+00  0.31440364E+00  0.00000000E+00  0.00000000E+00  0.16467144E+09  0.00000000E+00  0.00000000E+00  0.00000000E+00  0.00000000E+00  0.00000000E+00  0.10000000E-01  0.10000000E+01
