# ptime xp yp zp vx vy vz ex ey ez bx by bz wt
 0.20000000E-13  0.11256917E-01  0.00000000E+00 -0.96464043E-02  0.00000000E+00  0.00000000E+00  0.19019901E+09  0.00000000E+00  0.00000000E+00  0.00000000E+00  0.00000000E+00  0.00000000E+00  0.10000000E-01  0.10000000E+01
 0.10000000E-10  0.11256917E-01  0.00000000E+00 -0.77482182E-02  0.00000000E+00  0.00000000E+00  0.19019901E+09  0.00000000E+00  0.00000000E+00  0.00000000E+00  0.00000000E+00  0.00000000E+00  0.10000000E-01  0.10000000E+01
 0.20000000E-10  0.11256917E-01  0.00000000E+00 -0.58462281E-02  0.00000000E+00  0.00000000E+00  0.19019901E+09  0.00000000E+00  0.00000000E+00  0.00000000E+00  0.00000000E+00  0.00000000E+00  0.10000000E-01  0.10000000E+01
 0.30000000E-10  0.11256917E-01  0.00000000E+00 -0.39442381E-02  0.00000000E+00  0.00000000E+00  0.19019901E+09  0.00000000E+00  0.00000000E+00  0.00000000E+00  0.00000000E+00  0.00000000E+00  0.10000000E-01  0.10000000E+01
 0.40020000E-10  0.11256917E-01  0.00000000E+00 -0.20384440E-02  0.00000000E+00  0.00000000E+00  0.19019901E+09  0.00000000E+00  0.00000000E+00  0.00000000E+00  0.00000000E+00  0.00000000E+00  0.10000000E-01  0.10000000E+01
 0.50020000E-10  0.11256917E-01  0.00000000E+00 -0.13645398E-03  0.00000000E+00  0.00000000E+00  0.19019901E+09  0.00000000E+00  0.00000000E+00  0.00000000E+00  0.00000000E+00  0.00000000E+00  0.10000000E-01  0.10000000E+01
 0.60020000E-10  0.11256917E-01  0.00000000E+00  0.17655361E-02  0.00000000E+00  0.00000000E+00  0.19019901E+09  0.00000000E+00  0.00000000E+00  0.00000000E+00  0.00000000E+00  0.00000000E+00  0.10000000E-01  0.10000000E+01
 0.70020000E-10  0.11256917E-01  0.00000000E+00  0.36675261E-02  0.00000000E+00  0.00000000E+00  0.19019901E+09  0.00000000E+00  0.00000000E+00  0.00000000E+00  0.00000000E+00  0.00000000E+00  0.10000000E-01  0.10000000E+01
 0.80000000E-10  0.11256917E-01  0.00000000E+00  0.55657122E-02  0.00000000E+00  0.00000000E+00  0.19019901E+09  0.00000000E+00  0.00000000E+00  0.00000000E+00  0.00000000E+00  0.00000000E+00  0.10000000E-01  0.10000000E+01
 0.90000000E-10  0.11256917E-01  0.00000000E+00  0.74677023E-02  0.00000000E+00  0.00000000E+00  0.19019901E+09  0.00000000E+00  0.00000000E+00  0.00000000E+00  0.00000000E+00  0.00000000E+00  0.10000000E-01  0.10000000E+01
 0.10000000E-09  0.11256917E-01  0.00000000E+00  0.93696923E-02  0.00000000E+00  0.00000000E+00  0.19019901E+09  0.00000000E+00  0.00000000E+00  0.00000000E+00  0.00000000E+00  0.00000000E+00  0.10000000E-01  0.10000000E+01
 0.11000000E-09  0.11256917E-01  0.00000000E+00  0.11271682E-01  0.00000000E+00  0.00000000E+00  0.19019901E+09  0.00000000E+00  0.00000000E+00  0.00000000E+00  0.00000000E+00  0.00000000E+00  0.10000000E-01  0.10000000E+01
 0.12000000E-09  0.11256917E-01  0.00000000E+00  0.13173672E-01  0.00000000E+00  0.00000000E+00  0.19019901E+09  0.00000000E+00  0.00000000E+00  0.00000000E+00  0.00000000E+00  0.00000000E+00  0.10000000E-01  0.10000000E+01
 0.13000000E-09  0.11256917E-01  0.00000000E+00  0.15075663E-01  0.00000000E+00  0.00000000E+00  0.19019901E+09  0.00000000E+00  0.00000000E+00  0.00000000E+00  0.00000000E+00  0.00000000E+00  0.10000000E-01  0.10000000E+01
 0.14002000E-09  0.11256917E-01  0.00000000E+00  0.16981457E-01  0.00000000E+00  0.00000000E+00  0.19019901E+09  0.00000000E+00  0.00000000E+00  0.00000000E+00  0.00000000E+00  0.00000000E+00  0.10000000E-01  0.10000000E+01
 0.15002000E-09  0.11256917E-01  0.00000000E+00  0.18883447E-01  0.00000000E+00  0.00000000E+00  0.19019901E+09  0.00000000E+00  0.00000000E+00  0.00000000E+00  0.00000000E+00  0.00000000E+00  0.10000000E-01  0.10000000E+01
 0.16002000E-09  0.11256917E-01  0.00000000E+00  0.20785437E-01  0.00000000E+00  0.00000000E+00  0.19019901E+09  0.00000000E+00  0.00000000E+00  0.00000000E+00  0.00000000E+00  0.00000000E+00  0.10000000E-01  0.10000000E+01
 0.17002000E-09  0.11256917E-01  0.00000000E+00  0.22687427E-01  0.00000000E+00  0.00000000E+00  0.19019901E+09  0.00000000E+00  0.00000000E+00  0.00000000E+00  0.00000000E+00  0.00000000E+00  0.10000000E-01  0.10000000E+01
 0.18002000E-09  0.11256917E-01  0.00000000E+00  0.24589417E-01  0.00000000E+00  0.00000000E+00  0.19019901E+09  0.00000000E+00  0.00000000E+00  0.00000000E+00  0.00000000E+00  0.00000000E+00  0.10000000E-01  0.10000000E+01
 0.19002000E-09  0.11256917E-01  0.00000000E+00  0.26491407E-01  0.00000000E+00  0.00000000E+00  0.19019901E+09  0.00000000E+00  0.00000000E+00  0.00000000E+00  0.00000000E+00  0.00000000E+00  0.10000000E-01  0.10000000E+01
 0.20002000E-09  0.11256917E-01  0.00000000E+00  0.28393397E-01  0.00000000E+00  0.00000000E+00  0.19019901E+09  0.00000000E+00  0.00000000E+00  0.00000000E+00  0.00000000E+00  0.00000000E+00  0.10000000E-01  0.10000000E+01
 0.21002000E-09  0.11256917E-01  0.00000000E+00  0.30295387E-01  0.00000000E+00  0.00000000E+00  0.19019901E+09  0.00000000E+00  0.00000000E+00  0.00000000E+00  0.00000000E+00  0.00000000E+00  0.10000000E-01  0.10000000E+01
 0.22002000E-09  0.11256917E-01  0.00000000E+00  0.32197377E-01  0.00000000E+00  0.00000000E+00  0.19019901E+09  0.00000000E+00  0.00000000E+00  0.00000000E+00  0.00000000E+00  0.00000000E+00  0.10000000E-01  0.10000000E+01
 0.23002000E-09  0.11256917E-01  0.00000000E+00  0.34099367E-01  0.00000000E+00  0.00000000E+00  0.19019901E+09  0.00000000E+00  0.00000000E+00  0.00000000E+00  0.00000000E+00  0.00000000E+00  0.10000000E-01  0.10000000E+01
 0.24002000E-09  0.11256917E-01  0.00000000E+00  0.36001357E-01  0.00000000E+00  0.00000000E+00  0.19019901E+09  0.00000000E+00  0.00000000E+00  0.00000000E+00  0.00000000E+00  0.00000000E+00  0.10000000E-01  0.10000000E+01
 0.25002000E-09  0.11256917E-01  0.00000000E+00  0.37903347E-01  0.00000000E+00  0.00000000E+00  0.19019901E+09  0.00000000E+00  0.00000000E+00  0.00000000E+00  0.00000000E+00  0.00000000E+00  0.10000000E-01  0.10000000E+01
 0.26002000E-09  0.11256917E-01  0.00000000E+00  0.39805337E-01  0.00000000E+00  0.00000000E+00  0.19019901E+09  0.00000000E+00  0.00000000E+00  0.00000000E+00  0.00000000E+00  0.00000000E+00  0.10000000E-01  0.10000000E+01
 0.27002000E-09  0.11256917E-01  0.00000000E+00  0.41707327E-01  0.00000000E+00  0.00000000E+00  0.19019901E+09  0.00000000E+00  0.00000000E+00  0.00000000E+00  0.00000000E+00  0.00000000E+00  0.10000000E-01  0.10000000E+01
 0.28002000E-09  0.11256917E-01  0.00000000E+00  0.43609317E-01  0.00000000E+00  0.00000000E+00  0.19019901E+09  0.00000000E+00  0.00000000E+00  0.00000000E+00  0.00000000E+00  0.00000000E+00  0.10000000E-01  0.10000000E+01
 0.29002000E-09  0.11256917E-01  0.00000000E+00  0.45511307E-01  0.00000000E+00  0.00000000E+00  0.19019901E+09  0.00000000E+00  0.00000000E+00  0.00000000E+00  0.00000000E+00  0.00000000E+00  0.10000000E-01  0.10000000E+01
 0.30000000E-09  0.11256917E-01  0.00000000E+00  0.47409494E-01  0.00000000E+00  0.00000000E+00  0.19019901E+09  0.00000000E+00  0.00000000E+00  0.00000000E+00  0.00000000E+00  0.00000000E+00  0.10000000E-01  0.10000000E+01
 0.31000000E-09  0.11256917E-01  0.00000000E+00  0.49311484E-01  0.00000000E+00  0.00000000E+00  0.19019901E+09  0.00000000E+00  0.00000000E+00  0.00000000E+00  0.00000000E+00  0.00000000E+00  0.10000000E-01  0.10000000E+01
 0.32000000E-09  0.11256917E-01  0.00000000E+00  0.51213474E-01  0.00000000E+00  0.00000000E+00  0.19019901E+09  0.00000000E+00  0.00000000E+00  0.00000000E+00  0.00000000E+00  0.00000000E+00  0.10000000E-01  0.10000000E+01
 0.33000000E-09  0.11256917E-01  0.00000000E+00  0.53115464E-01  0.00000000E+00  0.00000000E+00  0.19019901E+09  0.00000000E+00  0.00000000E+00  0.00000000E+00  0.00000000E+00  0.00000000E+00  0.10000000E-01  0.10000000E+01
 0.34000000E-09  0.11256917E-01  0.00000000E+00  0.55017454E-01  0.00000000E+00  0.00000000E+00  0.19019901E+09  0.00000000E+00  0.00000000E+00  0.00000000E+00  0.00000000E+00  0.00000000E+00  0.10000000E-01  0.10000000E+01
 0.35000000E-09  0.11256917E-01  0.00000000E+00  0.56919444E-01  0.00000000E+00  0.00000000E+00  0.19019901E+09  0.00000000E+00  0.00000000E+00  0.00000000E+00  0.00000000E+00  0.00000000E+00  0.10000000E-01  0.10000000E+01
 0.36000000E-09  0.11256917E-01  0.00000000E+00  0.58821434E-01  0.00000000E+00  0.00000000E+00  0.19019901E+09  0.00000000E+00  0.00000000E+00  0.00000000E+00  0.00000000E+00  0.00000000E+00  0.10000000E-01  0.10000000E+01
 0.37000000E-09  0.11256917E-01  0.00000000E+00  0.60723424E-01  0.00000000E+00  0.00000000E+00  0.19019901E+09  0.00000000E+00  0.00000000E+00  0.00000000E+00  0.00000000E+00  0.00000000E+00  0.10000000E-01  0.10000000E+01
 0.38000000E-09  0.11256917E-01  0.00000000E+00  0.62625414E-01  0.00000000E+00  0.00000000E+00  0.19019901E+09  0.00000000E+00  0.00000000E+00  0.00000000E+00  0.00000000E+00  0.00000000E+00  0.10000000E-01  0.10000000E+01
 0.39000000E-09  0.11256917E-01  0.00000000E+00  0.64527404E-01  0.00000000E+00  0.00000000E+00  0.19019901E+09  0.00000000E+00  0.00000000E+00  0.00000000E+00  0.00000000E+00  0.00000000E+00  0.10000000E-01  0.10000000E+01
 0.40000000E-09  0.11256917E-01  0.00000000E+00  0.66429394E-01  0.00000000E+00  0.00000000E+00  0.19019901E+09  0.00000000E+00  0.00000000E+00  0.00000000E+00  0.00000000E+00  0.00000000E+00  0.10000000E-01  0.10000000E+01
 0.41000000E-09  0.11256917E-01  0.00000000E+00  0.68331384E-01  0.00000000E+00  0.00000000E+00  0.19019901E+09  0.00000000E+00  0.00000000E+00  0.00000000E+00  0.00000000E+00  0.00000000E+00  0.10000000E-01  0.10000000E+01
 0.42000000E-09  0.11256917E-01  0.00000000E+00  0.70233374E-01  0.00000000E+00  0.00000000E+00  0.19019901E+09  0.00000000E+00  0.00000000E+00  0.00000000E+00  0.00000000E+00  0.00000000E+00  0.10000000E-01  0.10000000E+01
 0.43000000E-09  0.11256917E-01  0.00000000E+00  0.72135364E-01  0.00000000E+00  0.00000000E+00  0.19019901E+09  0.00000000E+00  0.00000000E+00  0.00000000E+00  0.00000000E+00  0.00000000E+00  0.10000000E-01  0.10000000E+01
 0.44000000E-09  0.11256917E-01  0.00000000E+00  0.74037354E-01  0.00000000E+00  0.00000000E+00  0.19019901E+09  0.00000000E+00  0.00000000E+00  0.00000000E+00  0.00000000E+00  0.00000000E+00  0.10000000E-01  0.10000000E+01
 0.45000000E-09  0.11256917E-01  0.00000000E+00  0.75939344E-01  0.00000000E+00  0.00000000E+00  0.19019901E+09  0.00000000E+00  0.00000000E+00  0.00000000E+00  0.00000000E+00  0.00000000E+00  0.10000000E-01  0.10000000E+01
 0.46000000E-09  0.11256917E-01  0.00000000E+00  0.77841334E-01  0.00000000E+00  0.00000000E+00  0.19019901E+09  0.00000000E+00  0.00000000E+00  0.00000000E+00  0.00000000E+00  0.00000000E+00  0.10000000E-01  0.10000000E+01
 0.47000000E-09  0.11256917E-01  0.00000000E+00  0.79743325E-01  0.00000000E+00  0.00000000E+00  0.19019901E+09  0.00000000E+00  0.00000000E+00  0.00000000E+00  0.00000000E+00  0.00000000E+00  0.10000000E-01  0.10000000E+01
 0.48000000E-09  0.11256917E-01  0.00000000E+00  0.81645315E-01  0.00000000E+00  0.00000000E+00  0.19019901E+09  0.00000000E+00  0.00000000E+00  0.00000000E+00  0.00000000E+00  0.00000000E+00  0.10000000E-01  0.10000000E+01
 0.49000000E-09  0.11256917E-01  0.00000000E+00  0.83547305E-01  0.00000000E+00  0.00000000E+00  0.19019901E+09  0.00000000E+00  0.00000000E+00  0.00000000E+00  0.00000000E+00  0.00000000E+00  0.10000000E-01  0.10000000E+01
 0.50000000E-09  0.11256917E-01  0.00000000E+00  0.85449295E-01  0.00000000E+00  0.00000000E+00  0.19019901E+09  0.00000000E+00  0.00000000E+00  0.00000000E+00  0.00000000E+00  0.00000000E+00  0.10000000E-01  0.10000000E+01
 0.51000000E-09  0.11256917E-01  0.00000000E+00  0.87351285E-01  0.00000000E+00  0.00000000E+00  0.19019901E+09  0.00000000E+00  0.00000000E+00  0.00000000E+00  0.00000000E+00  0.00000000E+00  0.10000000E-01  0.10000000E+01
 0.52000000E-09  0.11256917E-01  0.00000000E+00  0.89253275E-01  0.00000000E+00  0.00000000E+00  0.19019901E+09  0.00000000E+00  0.00000000E+00  0.00000000E+00  0.00000000E+00  0.00000000E+00  0.10000000E-01  0.10000000E+01
 0.53000000E-09  0.11256917E-01  0.00000000E+00  0.91155265E-01  0.00000000E+00  0.00000000E+00  0.19019901E+09  0.00000000E+00  0.00000000E+00  0.00000000E+00  0.00000000E+00  0.00000000E+00  0.10000000E-01  0.10000000E+01
 0.54000000E-09  0.11256917E-01  0.00000000E+00  0.93057255E-01  0.00000000E+00  0.00000000E+00  0.19019901E+09  0.00000000E+00  0.00000000E+00  0.00000000E+00  0.00000000E+00  0.00000000E+00  0.10000000E-01  0.10000000E+01
 0.55002000E-09  0.11256917E-01  0.00000000E+00  0.94963049E-01  0.00000000E+00  0.00000000E+00  0.19019901E+09  0.00000000E+00  0.00000000E+00  0.00000000E+00  0.00000000E+00  0.00000000E+00  0.10000000E-01  0.10000000E+01
 0.56002000E-09  0.11256917E-01  0.00000000E+00  0.96865039E-01  0.00000000E+00  0.00000000E+00  0.19019901E+09  0.00000000E+00  0.00000000E+00  0.00000000E+00  0.00000000E+00  0.00000000E+00  0.10000000E-01  0.10000000E+01
 0.57002000E-09  0.11256917E-01  0.00000000E+00  0.98767029E-01  0.00000000E+00  0.00000000E+00  0.19019901E+09  0.00000000E+00  0.00000000E+00  0.00000000E+00  0.00000000E+00  0.00000000E+00  0.10000000E-01  0.10000000E+01
 0.58002000E-09  0.11256917E-01  0.00000000E+00  0.10066902E+00  0.00000000E+00  0.00000000E+00  0.19019901E+09  0.00000000E+00  0.00000000E+00  0.00000000E+00  0.00000000E+00  0.00000000E+00  0.10000000E-01  0.10000000E+01
 0.59002000E-09  0.11256917E-01  0.00000000E+00  0.10257101E+00  0.00000000E+00  0.00000000E+00  0.19019901E+09  0.00000000E+00  0.00000000E+00  0.00000000E+00  0.00000000E+00  0.00000000E+00  0.10000000E-01  0.10000000E+01
 0.60002000E-09  0.11256917E-01  0.00000000E+00  0.10447300E+00  0.00000000E+00  0.00000000E+00  0.19019901E+09  0.00000000E+00  0.00000000E+00  0.00000000E+00  0.00000000E+00  0.00000000E+00  0.10000000E-01  0.10000000E+01
 0.61002000E-09  0.11256917E-01  0.00000000E+00  0.10637499E+00  0.00000000E+00  0.00000000E+00  0.19019901E+09  0.00000000E+00  0.00000000E+00  0.00000000E+00  0.00000000E+00  0.00000000E+00  0.10000000E-01  0.10000000E+01
 0.62002000E-09  0.11256917E-01  0.00000000E+00  0.10827698E+00  0.00000000E+00  0.00000000E+00  0.19019901E+09  0.00000000E+00  0.00000000E+00  0.00000000E+00  0.00000000E+00  0.00000000E+00  0.10000000E-01  0.10000000E+01
 0.63002000E-09  0.11256917E-01  0.00000000E+00  0.11017897E+00  0.00000000E+00  0.00000000E+00  0.19019901E+09  0.00000000E+00  0.00000000E+00  0.00000000E+00  0.00000000E+00  0.00000000E+00  0.10000000E-01  0.10000000E+01
 0.64002000E-09  0.11256917E-01  0.00000000E+00  0.11208096E+00  0.00000000E+00  0.00000000E+00  0.19019901E+09  0.00000000E+00  0.00000000E+00  0.00000000E+00  0.00000000E+00  0.00000000E+00  0.10000000E-01  0.10000000E+01
 0.65002000E-09  0.11256917E-01  0.00000000E+00  0.11398295E+00  0.00000000E+00  0.00000000E+00  0.19019901E+09  0.00000000E+00  0.00000000E+00  0.00000000E+00  0.00000000E+00  0.00000000E+00  0.10000000E-01  0.10000000E+01
 0.66002000E-09  0.11256917E-01  0.00000000E+00  0.11588494E+00  0.00000000E+00  0.00000000E+00  0.19019901E+09  0.00000000E+00  0.00000000E+00  0.00000000E+00  0.00000000E+00  0.00000000E+00  0.10000000E-01  0.10000000E+01
 0.67002000E-09  0.11256917E-01  0.00000000E+00  0.11778693E+00  0.00000000E+00  0.00000000E+00  0.19019901E+09  0.00000000E+00  0.00000000E+00  0.00000000E+00  0.00000000E+00  0.00000000E+00  0.10000000E-01  0.10000000E+01
 0.68002000E-09  0.11256917E-01  0.00000000E+00  0.11968892E+00  0.00000000E+00  0.00000000E+00  0.19019901E+09  0.00000000E+00  0.00000000E+00  0.00000000E+00  0.00000000E+00  0.00000000E+00  0.10000000E-01  0.10000000E+01
 0.69002000E-09  0.11256917E-01  0.00000000E+00  0.12159091E+00  0.00000000E+00  0.00000000E+00  0.19019901E+09  0.00000000E+00  0.00000000E+00  0.00000000E+00  0.00000000E+00  0.00000000E+00  0.10000000E-01  0.10000000E+01
 0.70002000E-09  0.11256917E-01  0.00000000E+00  0.12349290E+00  0.00000000E+00  0.00000000E+00  0.19019901E+09  0.00000000E+00  0.00000000E+00  0.00000000E+00  0.00000000E+00  0.00000000E+00  0.10000000E-01  0.10000000E+01
 0.71002000E-09  0.11256917E-01  0.00000000E+00  0.12539489E+00  0.00000000E+00  0.00000000E+00  0.19019901E+09  0.00000000E+00  0.00000000E+00  0.00000000E+00  0.00000000E+00  0.00000000E+00  0.10000000E-01  0.10000000E+01
 0.72002000E-09  0.11256917E-01  0.00000000E+00  0.12729688E+00  0.00000000E+00  0.00000000E+00  0.19019901E+09  0.00000000E+00  0.00000000E+00  0.00000000E+00  0.00000000E+00  0.00000000E+00  0.10000000E-01  0.10000000E+01
 0.73002000E-09  0.11256917E-01  0.00000000E+00  0.12919887E+00  0.00000000E+00  0.00000000E+00  0.19019901E+09  0.00000000E+00  0.00000000E+00  0.00000000E+00  0.00000000E+00  0.00000000E+00  0.10000000E-01  0.10000000E+01
 0.74002000E-09  0.11256917E-01  0.00000000E+00  0.13110086E+00  0.00000000E+00  0.00000000E+00  0.19019901E+09  0.00000000E+00  0.00000000E+00  0.00000000E+00  0.00000000E+00  0.00000000E+00  0.10000000E-01  0.10000000E+01
 0.75002000E-09  0.11256917E-01  0.00000000E+00  0.13300285E+00  0.00000000E+00  0.00000000E+00  0.19019901E+09  0.00000000E+00  0.00000000E+00  0.00000000E+00  0.00000000E+00  0.00000000E+00  0.10000000E-01  0.10000000E+01
 0.76002000E-09  0.11256917E-01  0.00000000E+00  0.13490484E+00  0.00000000E+00  0.00000000E+00  0.19019901E+09  0.00000000E+00  0.00000000E+00  0.00000000E+00  0.00000000E+00  0.00000000E+00  0.10000000E-01  0.10000000E+01
 0.77002000E-09  0.11256917E-01  0.00000000E+00  0.13680683E+00  0.00000000E+00  0.00000000E+00  0.19019901E+09  0.00000000E+00  0.00000000E+00  0.00000000E+00  0.00000000E+00  0.00000000E+00  0.10000000E-01  0.10000000E+01
 0.78002000E-09  0.11256917E-01  0.00000000E+00  0.13870882E+00  0.00000000E+00  0.00000000E+00  0.19019901E+09  0.00000000E+00  0.00000000E+00  0.00000000E+00  0.00000000E+00  0.00000000E+00  0.10000000E-01  0.10000000E+01
 0.79002000E-09  0.11256917E-01  0.00000000E+00  0.14061081E+00  0.00000000E+00  0.00000000E+00  0.19019901E+09  0.00000000E+00  0.00000000E+00  0.00000000E+00  0.00000000E+00  0.00000000E+00  0.10000000E-01  0.10000000E+01
 0.80002000E-09  0.11256917E-01  0.00000000E+00  0.14251280E+00  0.00000000E+00  0.00000000E+00  0.19019901E+09  0.00000000E+00  0.00000000E+00  0.00000000E+00  0.00000000E+00  0.00000000E+00  0.10000000E-01  0.10000000E+01
 0.81002000E-09  0.11256917E-01  0.00000000E+00  0.14441479E+00  0.00000000E+00  0.00000000E+00  0.19019901E+09  0.00000000E+00  0.00000000E+00  0.00000000E+00  0.00000000E+00  0.00000000E+00  0.10000000E-01  0.10000000E+01
 0.82002000E-09  0.11256917E-01  0.00000000E+00  0.14631678E+00  0.00000000E+00  0.00000000E+00  0.19019901E+09  0.00000000E+00  0.00000000E+00  0.00000000E+00  0.00000000E+00  0.00000000E+00  0.10000000E-01  0.10000000E+01
 0.83002000E-09  0.11256917E-01  0.00000000E+00  0.14821877E+00  0.00000000E+00  0.00000000E+00  0.19019901E+09  0.00000000E+00  0.00000000E+00  0.00000000E+00  0.00000000E+00  0.00000000E+00  0.10000000E-01  0.10000000E+01
 0.84002000E-09  0.11256917E-01  0.00000000E+00  0.15012076E+00  0.00000000E+00  0.00000000E+00  0.19019901E+09  0.00000000E+00  0.00000000E+00  0.00000000E+00  0.00000000E+00  0.00000000E+00  0.10000000E-01  0.10000000E+01
 0.85002000E-09  0.11256917E-01  0.00000000E+00  0.15202275E+00  0.00000000E+00  0.00000000E+00  0.19019901E+09  0.00000000E+00  0.00000000E+00  0.00000000E+00  0.00000000E+00  0.00000000E+00  0.10000000E-01  0.10000000E+01
 0.86002000E-09  0.11256917E-01  0.00000000E+00  0.15392474E+00  0.00000000E+00  0.00000000E+00  0.19019901E+09  0.00000000E+00  0.00000000E+00  0.00000000E+00  0.00000000E+00  0.00000000E+00  0.10000000E-01  0.10000000E+01
 0.87002000E-09  0.11256917E-01  0.00000000E+00  0.15582673E+00  0.00000000E+00  0.00000000E+00  0.19019901E+09  0.00000000E+00  0.00000000E+00  0.00000000E+00  0.00000000E+00  0.00000000E+00  0.10000000E-01  0.10000000E+01
 0.88002000E-09  0.11256917E-01  0.00000000E+00  0.15772872E+00  0.00000000E+00  0.00000000E+00  0.19019901E+09  0.00000000E+00  0.00000000E+00  0.00000000E+00  0.00000000E+00  0.00000000E+00  0.10000000E-01  0.10000000E+01
 0.89002000E-09  0.11256917E-01  0.00000000E+00  0.15963071E+00  0.00000000E+00  0.00000000E+00  0.19019901E+09  0.00000000E+00  0.00000000E+00  0.00000000E+00  0.00000000E+00  0.00000000E+00  0.10000000E-01  0.10000000E+01
 0.90002000E-09  0.11256917E-01  0.00000000E+00  0.16153270E+00  0.00000000E+00  0.00000000E+00  0.19019901E+09  0.00000000E+00  0.00000000E+00  0.00000000E+00  0.00000000E+00  0.00000000E+00  0.10000000E-01  0.10000000E+01
 0.91002000E-09  0.11256917E-01  0.00000000E+00  0.16343469E+00  0.00000000E+00  0.00000000E+00  0.19019901E+09  0.00000000E+00  0.00000000E+00  0.00000000E+00  0.00000000E+00  0.00000000E+00  0.10000000E-01  0.10000000E+01
 0.92002000E-09  0.11256917E-01  0.00000000E+00  0.16533668E+00  0.00000000E+00  0.00000000E+00  0.19019901E+09  0.00000000E+00  0.00000000E+00  0.00000000E+00  0.00000000E+00  0.00000000E+00  0.10000000E-01  0.10000000E+01
 0.93002000E-09  0.11256917E-01  0.00000000E+00  0.16723867E+00  0.00000000E+00  0.00000000E+00  0.19019901E+09  0.00000000E+00  0.00000000E+00  0.00000000E+00  0.00000000E+00  0.00000000E+00  0.10000000E-01  0.10000000E+01
 0.94002000E-09  0.11256917E-01  0.00000000E+00  0.16914066E+00  0.00000000E+00  0.00000000E+00  0.19019901E+09  0.00000000E+00  0.00000000E+00  0.00000000E+00  0.00000000E+00  0.00000000E+00  0.10000000E-01  0.10000000E+01
 0.95002000E-09  0.11256917E-01  0.00000000E+00  0.17104265E+00  0.00000000E+00  0.00000000E+00  0.19019901E+09  0.00000000E+00  0.00000000E+00  0.00000000E+00  0.00000000E+00  0.00000000E+00  0.10000000E-01  0.10000000E+01
 0.96002000E-09  0.11256917E-01  0.00000000E+00  0.17294464E+00  0.00000000E+00  0.00000000E+00  0.19019901E+09  0.00000000E+00  0.00000000E+00  0.00000000E+00  0.00000000E+00  0.00000000E+00  0.10000000E-01  0.10000000E+01
 0.97002000E-09  0.11256917E-01  0.00000000E+00  0.17484663E+00  0.00000000E+00  0.00000000E+00  0.19019901E+09  0.00000000E+00  0.00000000E+00  0.00000000E+00  0.00000000E+00  0.00000000E+00  0.10000000E-01  0.10000000E+01
 0.98002000E-09  0.11256917E-01  0.00000000E+00  0.17674862E+00  0.00000000E+00  0.00000000E+00  0.19019901E+09  0.00000000E+00  0.00000000E+00  0.00000000E+00  0.00000000E+00  0.00000000E+00  0.10000000E-01  0.10000000E+01
 0.99002000E-09  0.11256917E-01  0.00000000E+00  0.17865061E+00  0.00000000E+00  0.00000000E+00  0.19019901E+09  0.00000000E+00  0.00000000E+00  0.00000000E+00  0.00000000E+00  0.00000000E+00  0.10000000E-01  0.10000000E+01
 0.10000200E-08  0.11256917E-01  0.00000000E+00  0.18055260E+00  0.00000000E+00  0.00000000E+00  0.19019901E+09  0.00000000E+00  0.00000000E+00  0.00000000E+00  0.00000000E+00  0.00000000E+00  0.10000000E-01  0.10000000E+01
 0.10100200E-08  0.11256917E-01  0.00000000E+00  0.18245459E+00  0.00000000E+00  0.00000000E+00  0.19019901E+09  0.00000000E+00  0.00000000E+00  0.00000000E+00  0.00000000E+00  0.00000000E+00  0.10000000E-01  0.10000000E+01
 0.10200200E-08  0.11256917E-01  0.00000000E+00  0.18435658E+00  0.00000000E+00  0.00000000E+00  0.19019901E+09  0.00000000E+00  0.00000000E+00  0.00000000E+00  0.00000000E+00  0.00000000E+00  0.10000000E-01  0.10000000E+01
 0.10300200E-08  0.11256917E-01  0.00000000E+00  0.18625857E+00  0.00000000E+00  0.00000000E+00  0.19019901E+09  0.00000000E+00  0.00000000E+00  0.00000000E+00  0.00000000E+00  0.00000000E+00  0.10000000E-01  0.10000000E+01
 0.10400200E-08  0.11256917E-01  0.00000000E+00  0.18816056E+00  0.00000000E+00  0.00000000E+00  0.19019901E+09  0.00000000E+00  0.00000000E+00  0.00000000E+00  0.00000000E+00  0.00000000E+00  0.10000000E-01  0.10000000E+01
 0.10500200E-08  0.11256917E-01  0.00000000E+00  0.19006255E+00  0.00000000E+00  0.00000000E+00  0.19019901E+09  0.00000000E+00  0.00000000E+00  0.00000000E+00  0.00000000E+00  0.00000000E+00  0.10000000E-01  0.10000000E+01
 0.10600200E-08  0.11256917E-01  0.00000000E+00  0.19196454E+00  0.00000000E+00  0.00000000E+00  0.19019901E+09  0.00000000E+00  0.00000000E+00  0.00000000E+00  0.00000000E+00  0.00000000E+00  0.10000000E-01  0.10000000E+01
 0.10700200E-08  0.11256917E-01  0.00000000E+00  0.19386653E+00  0.00000000E+00  0.00000000E+00  0.19019901E+09  0.00000000E+00  0.00000000E+00  0.00000000E+00  0.00000000E+00  0.00000000E+00  0.10000000E-01  0.10000000E+01
 0.10800200E-08  0.11256917E-01  0.00000000E+00  0.19576852E+00  0.00000000E+00  0.00000000E+00  0.19019901E+09  0.00000000E+00  0.00000000E+00  0.00000000E+00  0.00000000E+00  0.00000000E+00  0.10000000E-01  0.10000000E+01
 0.10900200E-08  0.11256917E-01  0.00000000E+00  0.19767051E+00  0.00000000E+00  0.00000000E+00  0.19019901E+09  0.00000000E+00  0.00000000E+00  0.00000000E+00  0.00000000E+00  0.00000000E+00  0.10000000E-01  0.10000000E+01
 0.11000200E-08  0.11256917E-01  0.00000000E+00  0.19957250E+00  0.00000000E+00  0.00000000E+00  0.19019901E+09  0.00000000E+00  0.00000000E+00  0.00000000E+00  0.00000000E+00  0.00000000E+00  0.10000000E-01  0.10000000E+01
 0.11100200E-08  0.11256917E-01  0.00000000E+00  0.20147449E+00  0.00000000E+00  0.00000000E+00  0.19019901E+09  0.00000000E+00  0.00000000E+00  0.00000000E+00  0.00000000E+00  0.00000000E+00  0.10000000E-01  0.10000000E+01
 0.11200200E-08  0.11256917E-01  0.00000000E+00  0.20337648E+00  0.00000000E+00  0.00000000E+00  0.19019901E+09  0.00000000E+00  0.00000000E+00  0.00000000E+00  0.00000000E+00  0.00000000E+00  0.10000000E-01  0.10000000E+01
 0.11300200E-08  0.11256917E-01  0.00000000E+00  0.20527847E+00  0.00000000E+00  0.00000000E+00  0.19019901E+09  0.00000000E+00  0.00000000E+00  0.00000000E+00  0.00000000E+00  0.00000000E+00  0.10000000E-01  0.10000000E+01
 0.11400200E-08  0.11256917E-01  0.00000000E+00  0.20718046E+00  0.00000000E+00  0.00000000E+00  0.19019901E+09  0.00000000E+00  0.00000000E+00  0.00000000E+00  0.00000000E+00  0.00000000E+00  0.10000000E-01  0.10000000E+01
 0.11500200E-08  0.11256917E-01  0.00000000E+00  0.20908245E+00  0.00000000E+00  0.00000000E+00  0.19019901E+09  0.00000000E+00  0.00000000E+00  0.00000000E+00  0.00000000E+00  0.00000000E+00  0.10000000E-01  0.10000000E+01
 0.11600200E-08  0.11256917E-01  0.00000000E+00  0.21098444E+00  0.00000000E+00  0.00000000E+00  0.19019901E+09  0.00000000E+00  0.00000000E+00  0.00000000E+00  0.00000000E+00  0.00000000E+00  0.10000000E-01  0.10000000E+01
 0.11700200E-08  0.11256917E-01  0.00000000E+00  0.21288643E+00  0.00000000E+00  0.00000000E+00  0.19019901E+09  0.00000000E+00  0.00000000E+00  0.00000000E+00  0.00000000E+00  0.00000000E+00  0.10000000E-01  0.10000000E+01
 0.11800200E-08  0.11256917E-01  0.00000000E+00  0.21478842E+00  0.00000000E+00  0.00000000E+00  0.19019901E+09  0.00000000E+00  0.00000000E+00  0.00000000E+00  0.00000000E+00  0.00000000E+00  0.10000000E-01  0.10000000E+01
 0.11900200E-08  0.11256917E-01  0.00000000E+00  0.21669041E+00  0.00000000E+00  0.00000000E+00  0.19019901E+09  0.00000000E+00  0.00000000E+00  0.00000000E+00  0.00000000E+00  0.00000000E+00  0.10000000E-01  0.10000000E+01
 0.12000200E-08  0.11256917E-01  0.00000000E+00  0.21859240E+00  0.00000000E+00  0.00000000E+00  0.19019901E+09  0.00000000E+00  0.00000000E+00  0.00000000E+00  0.00000000E+00  0.00000000E+00  0.10000000E-01  0.10000000E+01
 0.12100200E-08  0.11256917E-01  0.00000000E+00  0.22049439E+00  0.00000000E+00  0.00000000E+00  0.19019901E+09  0.00000000E+00  0.00000000E+00  0.00000000E+00  0.00000000E+00  0.00000000E+00  0.10000000E-01  0.10000000E+01
 0.12200200E-08  0.11256917E-01  0.00000000E+00  0.22239638E+00  0.00000000E+00  0.00000000E+00  0.19019901E+09  0.00000000E+00  0.00000000E+00  0.00000000E+00  0.00000000E+00  0.00000000E+00  0.10000000E-01  0.10000000E+01
 0.12300200E-08  0.11256917E-01  0.00000000E+00  0.22429837E+00  0.00000000E+00  0.00000000E+00  0.19019901E+09  0.00000000E+00  0.00000000E+00  0.00000000E+00  0.00000000E+00  0.00000000E+00  0.10000000E-01  0.10000000E+01
 0.12400200E-08  0.11256917E-01  0.00000000E+00  0.22620036E+00  0.00000000E+00  0.00000000E+00  0.19019901E+09  0.00000000E+00  0.00000000E+00  0.00000000E+00  0.00000000E+00  0.00000000E+00  0.10000000E-01  0.10000000E+01
 0.12500200E-08  0.11256917E-01  0.00000000E+00  0.22810235E+00  0.00000000E+00  0.00000000E+00  0.19019901E+09  0.00000000E+00  0.00000000E+00  0.00000000E+00  0.00000000E+00  0.00000000E+00  0.10000000E-01  0.10000000E+01
 0.12600200E-08  0.11256917E-01  0.00000000E+00  0.23000434E+00  0.00000000E+00  0.00000000E+00  0.19019901E+09  0.00000000E+00  0.00000000E+00  0.00000000E+00  0.00000000E+00  0.00000000E+00  0.10000000E-01  0.10000000E+01
 0.12700200E-08  0.11256917E-01  0.00000000E+00  0.23190633E+00  0.00000000E+00  0.00000000E+00  0.19019901E+09  0.00000000E+00  0.00000000E+00  0.00000000E+00  0.00000000E+00  0.00000000E+00  0.10000000E-01  0.10000000E+01
 0.12800200E-08  0.11256917E-01  0.00000000E+00  0.23380832E+00  0.00000000E+00  0.00000000E+00  0.19019901E+09  0.00000000E+00  0.00000000E+00  0.00000000E+00  0.00000000E+00  0.00000000E+00  0.10000000E-01  0.10000000E+01
 0.12900200E-08  0.11256917E-01  0.00000000E+00  0.23571031E+00  0.00000000E+00  0.00000000E+00  0.19019901E+09  0.00000000E+00  0.00000000E+00  0.00000000E+00  0.00000000E+00  0.00000000E+00  0.10000000E-01  0.10000000E+01
 0.13000200E-08  0.11256917E-01  0.00000000E+00  0.23761230E+00  0.00000000E+00  0.00000000E+00  0.19019901E+09  0.00000000E+00  0.00000000E+00  0.00000000E+00  0.00000000E+00  0.00000000E+00  0.10000000E-01  0.10000000E+01
 0.13100200E-08  0.11256917E-01  0.00000000E+00  0.23951429E+00  0.00000000E+00  0.00000000E+00  0.19019901E+09  0.00000000E+00  0.00000000E+00  0.00000000E+00  0.00000000E+00  0.00000000E+00  0.10000000E-01  0.10000000E+01
 0.13200200E-08  0.11256917E-01  0.00000000E+00  0.24141628E+00  0.00000000E+00  0.00000000E+00  0.19019901E+09  0.00000000E+00  0.00000000E+00  0.00000000E+00  0.00000000E+00  0.00000000E+00  0.10000000E-01  0.10000000E+01
 0.13300200E-08  0.11256917E-01  0.00000000E+00  0.24331827E+00  0.00000000E+00  0.00000000E+00  0.19019901E+09  0.00000000E+00  0.00000000E+00  0.00000000E+00  0.00000000E+00  0.00000000E+00  0.10000000E-01  0.10000000E+01
 0.13400200E-08  0.11256917E-01  0.00000000E+00  0.24522026E+00  0.00000000E+00  0.00000000E+00  0.19019901E+09  0.00000000E+00  0.00000000E+00  0.00000000E+00  0.00000000E+00  0.00000000E+00  0.10000000E-01  0.10000000E+01
 0.13500200E-08  0.11256917E-01  0.00000000E+00  0.24712225E+00  0.00000000E+00  0.00000000E+00  0.19019901E+09  0.00000000E+00  0.00000000E+00  0.00000000E+00  0.00000000E+00  0.00000000E+00  0.10000000E-01  0.10000000E+01
 0.13600200E-08  0.11256917E-01  0.00000000E+00  0.24902424E+00  0.00000000E+00  0.00000000E+00  0.19019901E+09  0.00000000E+00  0.00000000E+00  0.00000000E+00  0.00000000E+00  0.00000000E+00  0.10000000E-01  0.10000000E+01
 0.13700200E-08  0.11256917E-01  0.00000000E+00  0.25092623E+00  0.00000000E+00  0.00000000E+00  0.19019901E+09  0.00000000E+00  0.00000000E+00  0.00000000E+00  0.00000000E+00  0.00000000E+00  0.10000000E-01  0.10000000E+01
 0.13800200E-08  0.11256917E-01  0.00000000E+00  0.25282822E+00  0.00000000E+00  0.00000000E+00  0.19019901E+09  0.00000000E+00  0.00000000E+00  0.00000000E+00  0.00000000E+00  0.00000000E+00  0.10000000E-01  0.10000000E+01
 0.13900200E-08  0.11256917E-01  0.00000000E+00  0.25473021E+00  0.00000000E+00  0.00000000E+00  0.19019901E+09  0.00000000E+00  0.00000000E+00  0.00000000E+00  0.00000000E+00  0.00000000E+00  0.10000000E-01  0.10000000E+01
 0.14000200E-08  0.11256917E-01  0.00000000E+00  0.25663220E+00  0.00000000E+00  0.00000000E+00  0.19019901E+09  0.00000000E+00  0.00000000E+00  0.00000000E+00  0.00000000E+00  0.00000000E+00  0.10000000E-01  0.10000000E+01
 0.14100200E-08  0.11256917E-01  0.00000000E+00  0.25853419E+00  0.00000000E+00  0.00000000E+00  0.19019901E+09  0.00000000E+00  0.00000000E+00  0.00000000E+00  0.00000000E+00  0.00000000E+00  0.10000000E-01  0.10000000E+01
 0.14200200E-08  0.11256917E-01  0.00000000E+00  0.26043618E+00  0.00000000E+00  0.00000000E+00  0.19019901E+09  0.00000000E+00  0.00000000E+00  0.00000000E+00  0.00000000E+00  0.00000000E+00  0.10000000E-01  0.10000000E+01
 0.14300200E-08  0.11256917E-01  0.00000000E+00  0.26233817E+00  0.00000000E+00  0.00000000E+00  0.19019901E+09  0.00000000E+00  0.00000000E+00  0.00000000E+00  0.00000000E+00  0.00000000E+00  0.10000000E-01  0.10000000E+01
 0.14400200E-08  0.11256917E-01  0.00000000E+00  0.26424016E+00  0.00000000E+00  0.00000000E+00  0.19019901E+09  0.00000000E+00  0.00000000E+00  0.00000000E+00  0.00000000E+00  0.00000000E+00  0.10000000E-01  0.10000000E+01
 0.14500200E-08  0.11256917E-01  0.00000000E+00  0.26614215E+00  0.00000000E+00  0.00000000E+00  0.19019901E+09  0.00000000E+00  0.00000000E+00  0.00000000E+00  0.00000000E+00  0.00000000E+00  0.10000000E-01  0.10000000E+01
 0.14600200E-08  0.11256917E-01  0.00000000E+00  0.26804414E+00  0.00000000E+00  0.00000000E+00  0.19019901E+09  0.00000000E+00  0.00000000E+00  0.00000000E+00  0.00000000E+00  0.00000000E+00  0.10000000E-01  0.10000000E+01
 0.14700200E-08  0.11256917E-01  0.00000000E+00  0.26994613E+00  0.00000000E+00  0.00000000E+00  0.19019901E+09  0.00000000E+00  0.00000000E+00  0.00000000E+00  0.00000000E+00  0.00000000E+00  0.10000000E-01  0.10000000E+01
 0.14800200E-08  0.11256917E-01  0.00000000E+00  0.27184812E+00  0.00000000E+00  0.00000000E+00  0.19019901E+09  0.00000000E+00  0.00000000E+00  0.00000000E+00  0.00000000E+00  0.00000000E+00  0.10000000E-01  0.10000000E+01
 0.14900200E-08  0.11256917E-01  0.00000000E+00  0.27375011E+00  0.00000000E+00  0.00000000E+00  0.19019901E+09  0.00000000E+00  0.00000000E+00  0.00000000E+00  0.00000000E+00  0.00000000E+00  0.10000000E-01  0.10000000E+01
 0.15000200E-08  0.11256917E-01  0.00000000E+00  0.27565210E+00  0.00000000E+00  0.00000000E+00  0.19019901E+09  0.00000000E+00  0.00000000E+00  0.00000000E+00  0.00000000E+00  0.00000000E+00  0.10000000E-01  0.10000000E+01
 0.15100200E-08  0.11256917E-01  0.00000000E+00  0.27755409E+00  0.00000000E+00  0.00000000E+00  0.19019901E+09  0.00000000E+00  0.00000000E+00  0.00000000E+00  0.00000000E+00  0.00000000E+00  0.10000000E-01  0.10000000E+01
 0.15200200E-08  0.11256917E-01  0.00000000E+00  0.27945608E+00  0.00000000E+00  0.00000000E+00  0.19019901E+09  0.00000000E+00  0.00000000E+00  0.00000000E+00  0.00000000E+00  0.00000000E+00  0.10000000E-01  0.10000000E+01
 0.15300200E-08  0.11256917E-01  0.00000000E+00  0.28135807E+00  0.00000000E+00  0.00000000E+00  0.19019901E+09  0.00000000E+00  0.00000000E+00  0.00000000E+00  0.00000000E+00  0.00000000E+00  0.10000000E-01  0.10000000E+01
 0.15400200E-08  0.11256917E-01  0.00000000E+00  0.28326006E+00  0.00000000E+00  0.00000000E+00  0.19019901E+09  0.00000000E+00  0.00000000E+00  0.00000000E+00  0.00000000E+00  0.00000000E+00  0.10000000E-01  0.10000000E+01
 0.15500200E-08  0.11256917E-01  0.00000000E+00  0.28516206E+00  0.00000000E+00  0.00000000E+00  0.19019901E+09  0.00000000E+00  0.00000000E+00  0.00000000E+00  0.00000000E+00  0.00000000E+00  0.10000000E-01  0.10000000E+01
 0.15600200E-08  0.11256917E-01  0.00000000E+00  0.28706405E+00  0.00000000E+00  0.00000000E+00  0.19019901E+09  0.00000000E+00  0.00000000E+00  0.00000000E+00  0.00000000E+00  0.00000000E+00  0.10000000E-01  0.10000000E+01
 0.15700200E-08  0.11256917E-01  0.00000000E+00  0.28896604E+00  0.00000000E+00  0.00000000E+00  0.19019901E+09  0.00000000E+00  0.00000000E+00  0.00000000E+00  0.00000000E+00  0.00000000E+00  0.10000000E-01  0.10000000E+01
 0.15800200E-08  0.11256917E-01  0.00000000E+00  0.29086803E+00  0.00000000E+00  0.00000000E+00  0.19019901E+09  0.00000000E+00  0.00000000E+00  0.00000000E+00  0.00000000E+00  0.00000000E+00  0.10000000E-01  0.10000000E+01
 0.15900200E-08  0.11256917E-01  0.00000000E+00  0.29277002E+00  0.00000000E+00  0.00000000E+00  0.19019901E+09  0.00000000E+00  0.00000000E+00  0.00000000E+00  0.00000000E+00  0.00000000E+00  0.10000000E-01  0.10000000E+01
 0.16000200E-08  0.11256917E-01  0.00000000E+00  0.29467201E+00  0.00000000E+00  0.00000000E+00  0.19019901E+09  0.00000000E+00  0.00000000E+00  0.00000000E+00  0.00000000E+00  0.00000000E+00  0.10000000E-01  0.10000000E+01
 0.16100200E-08  0.11256917E-01  0.00000000E+00  0.29657400E+00  0.00000000E+00  0.00000000E+00  0.19019901E+09  0.00000000E+00  0.00000000E+00  0.00000000E+00  0.00000000E+00  0.00000000E+00  0.10000000E-01  0.10000000E+01
 0.16200200E-08  0.11256917E-01  0.00000000E+00  0.29847599E+00  0.00000000E+00  0.00000000E+00  0.19019901E+09  0.00000000E+00  0.00000000E+00  0.00000000E+00  0.00000000E+00  0.00000000E+00  0.10000000E-01  0.10000000E+01
 0.16300200E-08  0.11256917E-01  0.00000000E+00  0.30037798E+00  0.00000000E+00  0.00000000E+00  0.19019901E+09  0.00000000E+00  0.00000000E+00  0.00000000E+00  0.00000000E+00  0.00000000E+00  0.10000000E-01  0.10000000E+01
 0.16400200E-08  0.11256917E-01  0.00000000E+00  0.30227997E+00  0.00000000E+00  0.00000000E+00  0.19019901E+09  0.00000000E+00  0.00000000E+00  0.00000000E+00  0.00000000E+00  0.00000000E+00  0.10000000E-01  0.10000000E+01
 0.16500200E-08  0.11256917E-01  0.00000000E+00  0.30418196E+00  0.00000000E+00  0.00000000E+00  0.19019901E+09  0.00000000E+00  0.00000000E+00  0.00000000E+00  0.00000000E+00  0.00000000E+00  0.10000000E-01  0.10000000E+01
 0.16600200E-08  0.11256917E-01  0.00000000E+00  0.30608395E+00  0.00000000E+00  0.00000000E+00  0.19019901E+09  0.00000000E+00  0.00000000E+00  0.00000000E+00  0.00000000E+00  0.00000000E+00  0.10000000E-01  0.10000000E+01
 0.16700200E-08  0.11256917E-01  0.00000000E+00  0.30798594E+00  0.00000000E+00  0.00000000E+00  0.19019901E+09  0.00000000E+00  0.00000000E+00  0.00000000E+00  0.00000000E+00  0.00000000E+00  0.10000000E-01  0.10000000E+01
 0.16800200E-08  0.11256917E-01  0.00000000E+00  0.30988793E+00  0.00000000E+00  0.00000000E+00  0.19019901E+09  0.00000000E+00  0.00000000E+00  0.00000000E+00  0.00000000E+00  0.00000000E+00  0.10000000E-01  0.10000000E+01
 0.16900200E-08  0.11256917E-01  0.00000000E+00  0.31178992E+00  0.00000000E+00  0.00000000E+00  0.19019901E+09  0.00000000E+00  0.00000000E+00  0.00000000E+00  0.00000000E+00  0.00000000E+00  0.10000000E-01  0.10000000E+01
 0.17000200E-08  0.11256917E-01  0.00000000E+00  0.31369191E+00  0.00000000E+00  0.00000000E+00  0.19019901E+09  0.00000000E+00  0.00000000E+00  0.00000000E+00  0.00000000E+00  0.00000000E+00  0.10000000E-01  0.10000000E+01
 0.17100200E-08  0.11256917E-01  0.00000000E+00  0.31559390E+00  0.00000000E+00  0.00000000E+00  0.19019901E+09  0.00000000E+00  0.00000000E+00  0.00000000E+00  0.00000000E+00  0.00000000E+00  0.10000000E-01  0.10000000E+01
 0.17200200E-08  0.11256917E-01  0.00000000E+00  0.31749589E+00  0.00000000E+00  0.00000000E+00  0.19019901E+09  0.00000000E+00  0.00000000E+00  0.00000000E+00  0.00000000E+00  0.00000000E+00  0.10000000E-01  0.10000000E+01
 0.17300200E-08  0.11256917E-01  0.00000000E+00  0.31939788E+00  0.00000000E+00  0.00000000E+00  0.19019901E+09  0.00000000E+00  0.00000000E+00  0.00000000E+00  0.00000000E+00  0.00000000E+00  0.10000000E-01  0.10000000E+01
 0.17400200E-08  0.11256917E-01  0.00000000E+00  0.32129987E+00  0.00000000E+00  0.00000000E+00  0.19019901E+09  0.00000000E+00  0.00000000E+00  0.00000000E+00  0.00000000E+00  0.00000000E+00  0.10000000E-01  0.10000000E+01
 0.17500200E-08  0.11256917E-01  0.00000000E+00  0.32320186E+00  0.00000000E+00  0.00000000E+00  0.19019901E+09  0.00000000E+00  0.00000000E+00  0.00000000E+00  0.00000000E+00  0.00000000E+00  0.10000000E-01  0.10000000E+01
 0.17600200E-08  0.11256917E-01  0.00000000E+00  0.32510385E+00  0.00000000E+00  0.00000000E+00  0.19019901E+09  0.00000000E+00  0.00000000E+00  0.00000000E+00  0.00000000E+00  0.00000000E+00  0.10000000E-01  0.10000000E+01
 0.17700200E-08  0.11256917E-01  0.00000000E+00  0.32700584E+00  0.00000000E+00  0.00000000E+00  0.19019901E+09  0.00000000E+00  0.00000000E+00  0.00000000E+00  0.00000000E+00  0.00000000E+00  0.10000000E-01  0.10000000E+01
 0.17800200E-08  0.11256917E-01  0.00000000E+00  0.32890783E+00  0.00000000E+00  0.00000000E+00  0.19019901E+09  0.00000000E+00  0.00000000E+00  0.00000000E+00  0.00000000E+00  0.00000000E+00  0.10000000E-01  0.10000000E+01
 0.17900200E-08  0.11256917E-01  0.00000000E+00  0.33080982E+00  0.00000000E+00  0.00000000E+00  0.19019901E+09  0.00000000E+00  0.00000000E+00  0.00000000E+00  0.00000000E+00  0.00000000E+00  0.10000000E-01  0.10000000E+01
 0.18000200E-08  0.11256917E-01  0.00000000E+00  0.33271181E+00  0.00000000E+00  0.00000000E+00  0.19019901E+09  0.00000000E+00  0.00000000E+00  0.00000000E+00  0.00000000E+00  0.00000000E+00  0.10000000E-01  0.10000000E+01
 0.18100200E-08  0.11256917E-01  0.00000000E+00  0.33461380E+00  0.00000000E+00  0.00000000E+00  0.19019901E+09  0.00000000E+00  0.00000000E+00  0.00000000E+00  0.00000000E+00  0.00000000E+00  0.10000000E-01  0.10000000E+01
 0.18200200E-08  0.11256917E-01  0.00000000E+00  0.33651579E+00  0.00000000E+00  0.00000000E+00  0.19019901E+09  0.00000000E+00  0.00000000E+00  0.00000000E+00  0.00000000E+00  0.00000000E+00  0.10000000E-01  0.10000000E+01
 0.18300200E-08  0.11256917E-01  0.00000000E+00  0.33841778E+00  0.00000000E+00  0.00000000E+00  0.19019901E+09  0.00000000E+00  0.00000000E+00  0.00000000E+00  0.00000000E+00  0.00000000E+00  0.10000000E-01  0.10000000E+01
 0.18400200E-08  0.11256917E-01  0.00000000E+00  0.34031977E+00  0.00000000E+00  0.00000000E+00  0.19019901E+09  0.00000000E+00  0.00000000E+00  0.00000000E+00  0.00000000E+00  0.00000000E+00  0.10000000E-01  0.10000000E+01
 0.18500200E-08  0.11256917E-01  0.00000000E+00  0.34222176E+00  0.00000000E+00  0.00000000E+00  0.19019901E+09  0.00000000E+00  0.00000000E+00  0.00000000E+00  0.00000000E+00  0.00000000E+00  0.10000000E-01  0.10000000E+01
 0.18600200E-08  0.11256917E-01  0.00000000E+00  0.34412375E+00  0.00000000E+00  0.00000000E+00  0.19019901E+09  0.00000000E+00  0.00000000E+00  0.00000000E+00  0.00000000E+00  0.00000000E+00  0.10000000E-01  0.10000000E+01
 0.18700200E-08  0.11256917E-01  0.00000000E+00  0.34602574E+00  0.00000000E+00  0.00000000E+00  0.19019901E+09  0.00000000E+00  0.00000000E+00  0.00000000E+00  0.00000000E+00  0.00000000E+00  0.10000000E-01  0.10000000E+01
 0.18800200E-08  0.11256917E-01  0.00000000E+00  0.34792773E+00  0.00000000E+00  0.00000000E+00  0.19019901E+09  0.00000000E+00  0.00000000E+00  0.00000000E+00  0.00000000E+00  0.00000000E+00  0.10000000E-01  0.10000000E+01
 0.18900200E-08  0.11256917E-01  0.00000000E+00  0.34982972E+00  0.00000000E+00  0.00000000E+00  0.19019901E+09  0.00000000E+00  0.00000000E+00  0.00000000E+00  0.00000000E+00  0.00000000E+00  0.10000000E-01  0.10000000E+01
 0.19000200E-08  0.11256917E-01  0.00000000E+00  0.35173171E+00  0.00000000E+00  0.00000000E+00  0.19019901E+09  0.00000000E+00  0.00000000E+00  0.00000000E+00  0.00000000E+00  0.00000000E+00  0.10000000E-01  0.10000000E+01
 0.19100200E-08  0.11256917E-01  0.00000000E+00  0.35363370E+00  0.00000000E+00  0.00000000E+00  0.19019901E+09  0.00000000E+00  0.00000000E+00  0.00000000E+00  0.00000000E+00  0.00000000E+00  0.10000000E-01  0.10000000E+01
 0.19200200E-08  0.11256917E-01  0.00000000E+00  0.35553569E+00  0.00000000E+00  0.00000000E+00  0.19019901E+09  0.00000000E+00  0.00000000E+00  0.00000000E+00  0.00000000E+00  0.00000000E+00  0.10000000E-01  0.10000000E+01
 0.19300200E-08  0.11256917E-01  0.00000000E+00  0.35743768E+00  0.00000000E+00  0.00000000E+00  0.19019901E+09  0.00000000E+00  0.00000000E+00  0.00000000E+00  0.00000000E+00  0.00000000E+00  0.10000000E-01  0.10000000E+01
 0.19400200E-08  0.11256917E-01  0.00000000E+00  0.35933967E+00  0.00000000E+00  0.00000000E+00  0.19019901E+09  0.00000000E+00  0.00000000E+00  0.00000000E+00  0.00000000E+00  0.00000000E+00  0.10000000E-01  0.10000000E+01
 0.19500200E-08  0.11256917E-01  0.00000000E+00  0.36124166E+00  0.00000000E+00  0.00000000E+00  0.19019901E+09  0.00000000E+00  0.00000000E+00  0.00000000E+00  0.00000000E+00  0.00000000E+00  0.10000000E-01  0.10000000E+01
 0.19600200E-08  0.11256917E-01  0.00000000E+00  0.36314365E+00  0.00000000E+00  0.00000000E+00  0.19019901E+09  0.00000000E+00  0.00000000E+00  0.00000000E+00  0.00000000E+00  0.00000000E+00  0.10000000E-01  0.10000000E+01
 0.19700200E-08  0.11256917E-01  0.00000000E+00  0.36504564E+00  0.00000000E+00  0.00000000E+00  0.19019901E+09  0.00000000E+00  0.00000000E+00  0.00000000E+00  0.00000000E+00  0.00000000E+00  0.10000000E-01  0.10000000E+01
 0.19800200E-08  0.11256917E-01  0.00000000E+00  0.36694763E+00  0.00000000E+00  0.00000000E+00  0.19019901E+09  0.00000000E+00  0.00000000E+00  0.00000000E+00  0.00000000E+00  0.00000000E+00  0.10000000E-01  0.10000000E+01
 0.19900200E-08  0.11256917E-01  0.00000000E+00  0.36884962E+00  0.00000000E+00  0.00000000E+00  0.19019901E+09  0.00000000E+00  0.00000000E+00  0.00000000E+00  0.00000000E+00  0.00000000E+00  0.10000000E-01  0.10000000E+01
