# ptime xp yp zp vx vy vz ex ey ez bx by bz wt
 0.20000000E-13  0.10599162E-01  0.00000000E+00 -0.14988986E-01  0.00000000E+00  0.00000000E+00  0.18569578E+09  0.00000000E+00  0.00000000E+00  0.00000000E+00  0.00000000E+00  0.00000000E+00  0.10000000E-01  0.10000000E+01
 0.10000000E-10  0.10599162E-01  0.00000000E+00 -0.13135742E-01  0.00000000E+00  0.00000000E+00  0.18569578E+09  0.00000000E+00  0.00000000E+00  0.00000000E+00  0.00000000E+00  0.00000000E+00  0.10000000E-01  0.10000000E+01
 0.20000000E-10  0.10599162E-01  0.00000000E+00 -0.11278784E-01  0.00000000E+00  0.00000000E+00  0.18569578E+09  0.00000000E+00  0.00000000E+00  0.00000000E+00  0.00000000E+00  0.00000000E+00  0.10000000E-01  0.10000000E+01
 0.30000000E-10  0.10599162E-01  0.00000000E+00 -0.94218266E-02  0.00000000E+00  0.00000000E+00  0.18569578E+09  0.00000000E+00  0.00000000E+00  0.00000000E+00  0.00000000E+00  0.00000000E+00  0.10000000E-01  0.10000000E+01
 0.40020000E-10  0.10599162E-01  0.00000000E+00 -0.75611549E-02  0.00000000E+00  0.00000000E+00  0.18569578E+09  0.00000000E+00  0.00000000E+00  0.00000000E+00  0.00000000E+00  0.00000000E+00  0.10000000E-01  0.10000000E+01
 0.50020000E-10  0.10599162E-01  0.00000000E+00 -0.57041971E-02  0.00000000E+00  0.00000000E+00  0.18569578E+09  0.00000000E+00  0.00000000E+00  0.00000000E+00  0.00000000E+00  0.00000000E+00  0.10000000E-01  0.10000000E+01
 0.60020000E-10  0.10599162E-01  0.00000000E+00 -0.38472393E-02  0.00000000E+00  0.00000000E+00  0.18569578E+09  0.00000000E+00  0.00000000E+00  0.00000000E+00  0.00000000E+00  0.00000000E+00  0.10000000E-01  0.10000000E+01
 0.70020000E-10  0.10599162E-01  0.00000000E+00 -0.19902815E-02  0.00000000E+00  0.00000000E+00  0.18569578E+09  0.00000000E+00  0.00000000E+00  0.00000000E+00  0.00000000E+00  0.00000000E+00  0.10000000E-01  0.10000000E+01
 0.80000000E-10  0.10599162E-01  0.00000000E+00 -0.13703766E-03  0.00000000E+00  0.00000000E+00  0.18569578E+09  0.00000000E+00  0.00000000E+00  0.00000000E+00  0.00000000E+00  0.00000000E+00  0.10000000E-01  0.10000000E+01
 0.90000000E-10  0.10599162E-01  0.00000000E+00  0.17199201E-02  0.00000000E+00  0.00000000E+00  0.18569578E+09  0.00000000E+00  0.00000000E+00  0.00000000E+00  0.00000000E+00  0.00000000E+00  0.10000000E-01  0.10000000E+01
 0.10000000E-09  0.10599162E-01  0.00000000E+00  0.35768779E-02  0.00000000E+00  0.00000000E+00  0.18569578E+09  0.00000000E+00  0.00000000E+00  0.00000000E+00  0.00000000E+00  0.00000000E+00  0.10000000E-01  0.10000000E+01
 0.11000000E-09  0.10599162E-01  0.00000000E+00  0.54338357E-02  0.00000000E+00  0.00000000E+00  0.18569578E+09  0.00000000E+00  0.00000000E+00  0.00000000E+00  0.00000000E+00  0.00000000E+00  0.10000000E-01  0.10000000E+01
 0.12000000E-09  0.10599162E-01  0.00000000E+00  0.72907935E-02  0.00000000E+00  0.00000000E+00  0.18569578E+09  0.00000000E+00  0.00000000E+00  0.00000000E+00  0.00000000E+00  0.00000000E+00  0.10000000E-01  0.10000000E+01
 0.13000000E-09  0.10599162E-01  0.00000000E+00  0.91477512E-02  0.00000000E+00  0.00000000E+00  0.18569578E+09  0.00000000E+00  0.00000000E+00  0.00000000E+00  0.00000000E+00  0.00000000E+00  0.10000000E-01  0.10000000E+01
 0.14002000E-09  0.10599162E-01  0.00000000E+00  0.11008423E-01  0.00000000E+00  0.00000000E+00  0.18569578E+09  0.00000000E+00  0.00000000E+00  0.00000000E+00  0.00000000E+00  0.00000000E+00  0.10000000E-01  0.10000000E+01
 0.15002000E-09  0.10599162E-01  0.00000000E+00  0.12865381E-01  0.00000000E+00  0.00000000E+00  0.18569578E+09  0.00000000E+00  0.00000000E+00  0.00000000E+00  0.00000000E+00  0.00000000E+00  0.10000000E-01  0.10000000E+01
 0.16002000E-09  0.10599162E-01  0.00000000E+00  0.14722338E-01  0.00000000E+00  0.00000000E+00  0.18569578E+09  0.00000000E+00  0.00000000E+00  0.00000000E+00  0.00000000E+00  0.00000000E+00  0.10000000E-01  0.10000000E+01
 0.17002000E-09  0.10599162E-01  0.00000000E+00  0.16579296E-01  0.00000000E+00  0.00000000E+00  0.18569578E+09  0.00000000E+00  0.00000000E+00  0.00000000E+00  0.00000000E+00  0.00000000E+00  0.10000000E-01  0.10000000E+01
 0.18002000E-09  0.10599162E-01  0.00000000E+00  0.18436254E-01  0.00000000E+00  0.00000000E+00  0.18569578E+09  0.00000000E+00  0.00000000E+00  0.00000000E+00  0.00000000E+00  0.00000000E+00  0.10000000E-01  0.10000000E+01
 0.19002000E-09  0.10599162E-01  0.00000000E+00  0.20293212E-01  0.00000000E+00  0.00000000E+00  0.18569578E+09  0.00000000E+00  0.00000000E+00  0.00000000E+00  0.00000000E+00  0.00000000E+00  0.10000000E-01  0.10000000E+01
 0.20002000E-09  0.10599162E-01  0.00000000E+00  0.22150170E-01  0.00000000E+00  0.00000000E+00  0.18569578E+09  0.00000000E+00  0.00000000E+00  0.00000000E+00  0.00000000E+00  0.00000000E+00  0.10000000E-01  0.10000000E+01
 0.21002000E-09  0.10599162E-01  0.00000000E+00  0.24007127E-01  0.00000000E+00  0.00000000E+00  0.18569578E+09  0.00000000E+00  0.00000000E+00  0.00000000E+00  0.00000000E+00  0.00000000E+00  0.10000000E-01  0.10000000E+01
 0.22002000E-09  0.10599162E-01  0.00000000E+00  0.25864085E-01  0.00000000E+00  0.00000000E+00  0.18569578E+09  0.00000000E+00  0.00000000E+00  0.00000000E+00  0.00000000E+00  0.00000000E+00  0.10000000E-01  0.10000000E+01
 0.23002000E-09  0.10599162E-01  0.00000000E+00  0.27721043E-01  0.00000000E+00  0.00000000E+00  0.18569578E+09  0.00000000E+00  0.00000000E+00  0.00000000E+00  0.00000000E+00  0.00000000E+00  0.10000000E-01  0.10000000E+01
 0.24002000E-09  0.10599162E-01  0.00000000E+00  0.29578001E-01  0.00000000E+00  0.00000000E+00  0.18569578E+09  0.00000000E+00  0.00000000E+00  0.00000000E+00  0.00000000E+00  0.00000000E+00  0.10000000E-01  0.10000000E+01
 0.25002000E-09  0.10599162E-01  0.00000000E+00  0.31434959E-01  0.00000000E+00  0.00000000E+00  0.18569578E+09  0.00000000E+00  0.00000000E+00  0.00000000E+00  0.00000000E+00  0.00000000E+00  0.10000000E-01  0.10000000E+01
 0.26002000E-09  0.10599162E-01  0.00000000E+00  0.33291916E-01  0.00000000E+00  0.00000000E+00  0.18569578E+09  0.00000000E+00  0.00000000E+00  0.00000000E+00  0.00000000E+00  0.00000000E+00  0.10000000E-01  0.10000000E+01
 0.27002000E-09  0.10599162E-01  0.00000000E+00  0.35148874E-01  0.00000000E+00  0.00000000E+00  0.18569578E+09  0.00000000E+00  0.00000000E+00  0.00000000E+00  0.00000000E+00  0.00000000E+00  0.10000000E-01  0.10000000E+01
 0.28002000E-09  0.10599162E-01  0.00000000E+00  0.37005832E-01  0.00000000E+00  0.00000000E+00  0.18569578E+09  0.00000000E+00  0.00000000E+00  0.00000000E+00  0.00000000E+00  0.00000000E+00  0.10000000E-01  0.10000000E+01
 0.29002000E-09  0.10599162E-01  0.00000000E+00  0.38862790E-01  0.00000000E+00  0.00000000E+00  0.18569578E+09  0.00000000E+00  0.00000000E+00  0.00000000E+00  0.00000000E+00  0.00000000E+00  0.10000000E-01  0.10000000E+01
 0.30000000E-09  0.10599162E-01  0.00000000E+00  0.40716033E-01  0.00000000E+00  0.00000000E+00  0.18569578E+09  0.00000000E+00  0.00000000E+00  0.00000000E+00  0.00000000E+00  0.00000000E+00  0.10000000E-01  0.10000000E+01
 0.31000000E-09  0.10599162E-01  0.00000000E+00  0.42572991E-01  0.00000000E+00  0.00000000E+00  0.18569578E+09  0.00000000E+00  0.00000000E+00  0.00000000E+00  0.00000000E+00  0.00000000E+00  0.10000000E-01  0.10000000E+01
 0.32000000E-09  0.10599162E-01  0.00000000E+00  0.44429949E-01  0.00000000E+00  0.00000000E+00  0.18569578E+09  0.00000000E+00  0.00000000E+00  0.00000000E+00  0.00000000E+00  0.00000000E+00  0.10000000E-01  0.10000000E+01
 0.33000000E-09  0.10599162E-01  0.00000000E+00  0.46286907E-01  0.00000000E+00  0.00000000E+00  0.18569578E+09  0.00000000E+00  0.00000000E+00  0.00000000E+00  0.00000000E+00  0.00000000E+00  0.10000000E-01  0.10000000E+01
 0.34000000E-09  0.10599162E-01  0.00000000E+00  0.48143865E-01  0.00000000E+00  0.00000000E+00  0.18569578E+09  0.00000000E+00  0.00000000E+00  0.00000000E+00  0.00000000E+00  0.00000000E+00  0.10000000E-01  0.10000000E+01
 0.35000000E-09  0.10599162E-01  0.00000000E+00  0.50000822E-01  0.00000000E+00  0.00000000E+00  0.18569578E+09  0.00000000E+00  0.00000000E+00  0.00000000E+00  0.00000000E+00  0.00000000E+00  0.10000000E-01  0.10000000E+01
 0.36000000E-09  0.10599162E-01  0.00000000E+00  0.51857780E-01  0.00000000E+00  0.00000000E+00  0.18569578E+09  0.00000000E+00  0.00000000E+00  0.00000000E+00  0.00000000E+00  0.00000000E+00  0.10000000E-01  0.10000000E+01
 0.37000000E-09  0.10599162E-01  0.00000000E+00  0.53714738E-01  0.00000000E+00  0.00000000E+00  0.18569578E+09  0.00000000E+00  0.00000000E+00  0.00000000E+00  0.00000000E+00  0.00000000E+00  0.10000000E-01  0.10000000E+01
 0.38000000E-09  0.10599162E-01  0.00000000E+00  0.55571696E-01  0.00000000E+00  0.00000000E+00  0.18569578E+09  0.00000000E+00  0.00000000E+00  0.00000000E+00  0.00000000E+00  0.00000000E+00  0.10000000E-01  0.10000000E+01
 0.39000000E-09  0.10599162E-01  0.00000000E+00  0.57428654E-01  0.00000000E+00  0.00000000E+00  0.18569578E+09  0.00000000E+00  0.00000000E+00  0.00000000E+00  0.00000000E+00  0.00000000E+00  0.10000000E-01  0.10000000E+01
 0.40000000E-09  0.10599162E-01  0.00000000E+00  0.59285611E-01  0.00000000E+00  0.00000000E+00  0.18569578E+09  0.00000000E+00  0.00000000E+00  0.00000000E+00  0.00000000E+00  0.00000000E+00  0.10000000E-01  0.10000000E+01
 0.41000000E-09  0.10599162E-01  0.00000000E+00  0.61142569E-01  0.00000000E+00  0.00000000E+00  0.18569578E+09  0.00000000E+00  0.00000000E+00  0.00000000E+00  0.00000000E+00  0.00000000E+00  0.10000000E-01  0.10000000E+01
 0.42000000E-09  0.10599162E-01  0.00000000E+00  0.62999527E-01  0.00000000E+00  0.00000000E+00  0.18569578E+09  0.00000000E+00  0.00000000E+00  0.00000000E+00  0.00000000E+00  0.00000000E+00  0.10000000E-01  0.10000000E+01
 0.43000000E-09  0.10599162E-01  0.00000000E+00  0.64856485E-01  0.00000000E+00  0.00000000E+00  0.18569578E+09  0.00000000E+00  0.00000000E+00  0.00000000E+00  0.00000000E+00  0.00000000E+00  0.10000000E-01  0.10000000E+01
 0.44000000E-09  0.10599162E-01  0.00000000E+00  0.66713442E-01  0.00000000E+00  0.00000000E+00  0.18569578E+09  0.00000000E+00  0.00000000E+00  0.00000000E+00  0.00000000E+00  0.00000000E+00  0.10000000E-01  0.10000000E+01
 0.45000000E-09  0.10599162E-01  0.00000000E+00  0.68570400E-01  0.00000000E+00  0.00000000E+00  0.18569578E+09  0.00000000E+00  0.00000000E+00  0.00000000E+00  0.00000000E+00  0.00000000E+00  0.10000000E-01  0.10000000E+01
 0.46000000E-09  0.10599162E-01  0.00000000E+00  0.70427358E-01  0.00000000E+00  0.00000000E+00  0.18569578E+09  0.00000000E+00  0.00000000E+00  0.00000000E+00  0.00000000E+00  0.00000000E+00  0.10000000E-01  0.10000000E+01
 0.47000000E-09  0.10599162E-01  0.00000000E+00  0.72284316E-01  0.00000000E+00  0.00000000E+00  0.18569578E+09  0.00000000E+00  0.00000000E+00  0.00000000E+00  0.00000000E+00  0.00000000E+00  0.10000000E-01  0.10000000E+01
 0.48000000E-09  0.10599162E-01  0.00000000E+00  0.74141274E-01  0.00000000E+00  0.00000000E+00  0.18569578E+09  0.00000000E+00  0.00000000E+00  0.00000000E+00  0.00000000E+00  0.00000000E+00  0.10000000E-01  0.10000000E+01
 0.49000000E-09  0.10599162E-01  0.00000000E+00  0.75998231E-01  0.00000000E+00  0.00000000E+00  0.18569578E+09  0.00000000E+00  0.00000000E+00  0.00000000E+00  0.00000000E+00  0.00000000E+00  0.10000000E-01  0.10000000E+01
 0.50000000E-09  0.10599162E-01  0.00000000E+00  0.77855189E-01  0.00000000E+00  0.00000000E+00  0.18569578E+09  0.00000000E+00  0.00000000E+00  0.00000000E+00  0.00000000E+00  0.00000000E+00  0.10000000E-01  0.10000000E+01
 0.51000000E-09  0.10599162E-01  0.00000000E+00  0.79712147E-01  0.00000000E+00  0.00000000E+00  0.18569578E+09  0.00000000E+00  0.00000000E+00  0.00000000E+00  0.00000000E+00  0.00000000E+00  0.10000000E-01  0.10000000E+01
 0.52000000E-09  0.10599162E-01  0.00000000E+00  0.81569105E-01  0.00000000E+00  0.00000000E+00  0.18569578E+09  0.00000000E+00  0.00000000E+00  0.00000000E+00  0.00000000E+00  0.00000000E+00  0.10000000E-01  0.10000000E+01
 0.53000000E-09  0.10599162E-01  0.00000000E+00  0.83426062E-01  0.00000000E+00  0.00000000E+00  0.18569578E+09  0.00000000E+00  0.00000000E+00  0.00000000E+00  0.00000000E+00  0.00000000E+00  0.10000000E-01  0.10000000E+01
 0.54000000E-09  0.10599162E-01  0.00000000E+00  0.85283020E-01  0.00000000E+00  0.00000000E+00  0.18569578E+09  0.00000000E+00  0.00000000E+00  0.00000000E+00  0.00000000E+00  0.00000000E+00  0.10000000E-01  0.10000000E+01
 0.55002000E-09  0.10599162E-01  0.00000000E+00  0.87143692E-01  0.00000000E+00  0.00000000E+00  0.18569578E+09  0.00000000E+00  0.00000000E+00  0.00000000E+00  0.00000000E+00  0.00000000E+00  0.10000000E-01  0.10000000E+01
 0.56002000E-09  0.10599162E-01  0.00000000E+00  0.89000650E-01  0.00000000E+00  0.00000000E+00  0.18569578E+09  0.00000000E+00  0.00000000E+00  0.00000000E+00  0.00000000E+00  0.00000000E+00  0.10000000E-01  0.10000000E+01
 0.57002000E-09  0.10599162E-01  0.00000000E+00  0.90857607E-01  0.00000000E+00  0.00000000E+00  0.18569578E+09  0.00000000E+00  0.00000000E+00  0.00000000E+00  0.00000000E+00  0.00000000E+00  0.10000000E-01  0.10000000E+01
 0.58002000E-09  0.10599162E-01  0.00000000E+00  0.92714565E-01  0.00000000E+00  0.00000000E+00  0.18569578E+09  0.00000000E+00  0.00000000E+00  0.00000000E+00  0.00000000E+00  0.00000000E+00  0.10000000E-01  0.10000000E+01
 0.59002000E-09  0.10599162E-01  0.00000000E+00  0.94571523E-01  0.00000000E+00  0.00000000E+00  0.18569578E+09  0.00000000E+00  0.00000000E+00  0.00000000E+00  0.00000000E+00  0.00000000E+00  0.10000000E-01  0.10000000E+01
 0.60002000E-09  0.10599162E-01  0.00000000E+00  0.96428481E-01  0.00000000E+00  0.00000000E+00  0.18569578E+09  0.00000000E+00  0.00000000E+00  0.00000000E+00  0.00000000E+00  0.00000000E+00  0.10000000E-01  0.10000000E+01
 0.61002000E-09  0.10599162E-01  0.00000000E+00  0.98285439E-01  0.00000000E+00  0.00000000E+00  0.18569578E+09  0.00000000E+00  0.00000000E+00  0.00000000E+00  0.00000000E+00  0.00000000E+00  0.10000000E-01  0.10000000E+01
 0.62002000E-09  0.10599162E-01  0.00000000E+00  0.10014240E+00  0.00000000E+00  0.00000000E+00  0.18569578E+09  0.00000000E+00  0.00000000E+00  0.00000000E+00  0.00000000E+00  0.00000000E+00  0.10000000E-01  0.10000000E+01
 0.63002000E-09  0.10599162E-01  0.00000000E+00  0.10199935E+00  0.00000000E+00  0.00000000E+00  0.18569578E+09  0.00000000E+00  0.00000000E+00  0.00000000E+00  0.00000000E+00  0.00000000E+00  0.10000000E-01  0.10000000E+01
 0.64002000E-09  0.10599162E-01  0.00000000E+00  0.10385631E+00  0.00000000E+00  0.00000000E+00  0.18569578E+09  0.00000000E+00  0.00000000E+00  0.00000000E+00  0.00000000E+00  0.00000000E+00  0.10000000E-01  0.10000000E+01
 0.65002000E-09  0.10599162E-01  0.00000000E+00  0.10571327E+00  0.00000000E+00  0.00000000E+00  0.18569578E+09  0.00000000E+00  0.00000000E+00  0.00000000E+00  0.00000000E+00  0.00000000E+00  0.10000000E-01  0.10000000E+01
 0.66002000E-09  0.10599162E-01  0.00000000E+00  0.10757023E+00  0.00000000E+00  0.00000000E+00  0.18569578E+09  0.00000000E+00  0.00000000E+00  0.00000000E+00  0.00000000E+00  0.00000000E+00  0.10000000E-01  0.10000000E+01
 0.67002000E-09  0.10599162E-01  0.00000000E+00  0.10942719E+00  0.00000000E+00  0.00000000E+00  0.18569578E+09  0.00000000E+00  0.00000000E+00  0.00000000E+00  0.00000000E+00  0.00000000E+00  0.10000000E-01  0.10000000E+01
 0.68002000E-09  0.10599162E-01  0.00000000E+00  0.11128414E+00  0.00000000E+00  0.00000000E+00  0.18569578E+09  0.00000000E+00  0.00000000E+00  0.00000000E+00  0.00000000E+00  0.00000000E+00  0.10000000E-01  0.10000000E+01
 0.69002000E-09  0.10599162E-01  0.00000000E+00  0.11314110E+00  0.00000000E+00  0.00000000E+00  0.18569578E+09  0.00000000E+00  0.00000000E+00  0.00000000E+00  0.00000000E+00  0.00000000E+00  0.10000000E-01  0.10000000E+01
 0.70002000E-09  0.10599162E-01  0.00000000E+00  0.11499806E+00  0.00000000E+00  0.00000000E+00  0.18569578E+09  0.00000000E+00  0.00000000E+00  0.00000000E+00  0.00000000E+00  0.00000000E+00  0.10000000E-01  0.10000000E+01
 0.71002000E-09  0.10599162E-01  0.00000000E+00  0.11685502E+00  0.00000000E+00  0.00000000E+00  0.18569578E+09  0.00000000E+00  0.00000000E+00  0.00000000E+00  0.00000000E+00  0.00000000E+00  0.10000000E-01  0.10000000E+01
 0.72002000E-09  0.10599162E-01  0.00000000E+00  0.11871197E+00  0.00000000E+00  0.00000000E+00  0.18569578E+09  0.00000000E+00  0.00000000E+00  0.00000000E+00  0.00000000E+00  0.00000000E+00  0.10000000E-01  0.10000000E+01
 0.73002000E-09  0.10599162E-01  0.00000000E+00  0.12056893E+00  0.00000000E+00  0.00000000E+00  0.18569578E+09  0.00000000E+00  0.00000000E+00  0.00000000E+00  0.00000000E+00  0.00000000E+00  0.10000000E-01  0.10000000E+01
 0.74002000E-09  0.10599162E-01  0.00000000E+00  0.12242589E+00  0.00000000E+00  0.00000000E+00  0.18569578E+09  0.00000000E+00  0.00000000E+00  0.00000000E+00  0.00000000E+00  0.00000000E+00  0.10000000E-01  0.10000000E+01
 0.75002000E-09  0.10599162E-01  0.00000000E+00  0.12428285E+00  0.00000000E+00  0.00000000E+00  0.18569578E+09  0.00000000E+00  0.00000000E+00  0.00000000E+00  0.00000000E+00  0.00000000E+00  0.10000000E-01  0.10000000E+01
 0.76002000E-09  0.10599162E-01  0.00000000E+00  0.12613981E+00  0.00000000E+00  0.00000000E+00  0.18569578E+09  0.00000000E+00  0.00000000E+00  0.00000000E+00  0.00000000E+00  0.00000000E+00  0.10000000E-01  0.10000000E+01
 0.77002000E-09  0.10599162E-01  0.00000000E+00  0.12799676E+00  0.00000000E+00  0.00000000E+00  0.18569578E+09  0.00000000E+00  0.00000000E+00  0.00000000E+00  0.00000000E+00  0.00000000E+00  0.10000000E-01  0.10000000E+01
 0.78002000E-09  0.10599162E-01  0.00000000E+00  0.12985372E+00  0.00000000E+00  0.00000000E+00  0.18569578E+09  0.00000000E+00  0.00000000E+00  0.00000000E+00  0.00000000E+00  0.00000000E+00  0.10000000E-01  0.10000000E+01
 0.79002000E-09  0.10599162E-01  0.00000000E+00  0.13171068E+00  0.00000000E+00  0.00000000E+00  0.18569578E+09  0.00000000E+00  0.00000000E+00  0.00000000E+00  0.00000000E+00  0.00000000E+00  0.10000000E-01  0.10000000E+01
 0.80002000E-09  0.10599162E-01  0.00000000E+00  0.13356764E+00  0.00000000E+00  0.00000000E+00  0.18569578E+09  0.00000000E+00  0.00000000E+00  0.00000000E+00  0.00000000E+00  0.00000000E+00  0.10000000E-01  0.10000000E+01
 0.81002000E-09  0.10599162E-01  0.00000000E+00  0.13542459E+00  0.00000000E+00  0.00000000E+00  0.18569578E+09  0.00000000E+00  0.00000000E+00  0.00000000E+00  0.00000000E+00  0.00000000E+00  0.10000000E-01  0.10000000E+01
 0.82002000E-09  0.10599162E-01  0.00000000E+00  0.13728155E+00  0.00000000E+00  0.00000000E+00  0.18569578E+09  0.00000000E+00  0.00000000E+00  0.00000000E+00  0.00000000E+00  0.00000000E+00  0.10000000E-01  0.10000000E+01
 0.83002000E-09  0.10599162E-01  0.00000000E+00  0.13913851E+00  0.00000000E+00  0.00000000E+00  0.18569578E+09  0.00000000E+00  0.00000000E+00  0.00000000E+00  0.00000000E+00  0.00000000E+00  0.10000000E-01  0.10000000E+01
 0.84002000E-09  0.10599162E-01  0.00000000E+00  0.14099547E+00  0.00000000E+00  0.00000000E+00  0.18569578E+09  0.00000000E+00  0.00000000E+00  0.00000000E+00  0.00000000E+00  0.00000000E+00  0.10000000E-01  0.10000000E+01
 0.85002000E-09  0.10599162E-01  0.00000000E+00  0.14285243E+00  0.00000000E+00  0.00000000E+00  0.18569578E+09  0.00000000E+00  0.00000000E+00  0.00000000E+00  0.00000000E+00  0.00000000E+00  0.10000000E-01  0.10000000E+01
 0.86002000E-09  0.10599162E-01  0.00000000E+00  0.14470938E+00  0.00000000E+00  0.00000000E+00  0.18569578E+09  0.00000000E+00  0.00000000E+00  0.00000000E+00  0.00000000E+00  0.00000000E+00  0.10000000E-01  0.10000000E+01
 0.87002000E-09  0.10599162E-01  0.00000000E+00  0.14656634E+00  0.00000000E+00  0.00000000E+00  0.18569578E+09  0.00000000E+00  0.00000000E+00  0.00000000E+00  0.00000000E+00  0.00000000E+00  0.10000000E-01  0.10000000E+01
 0.88002000E-09  0.10599162E-01  0.00000000E+00  0.14842330E+00  0.00000000E+00  0.00000000E+00  0.18569578E+09  0.00000000E+00  0.00000000E+00  0.00000000E+00  0.00000000E+00  0.00000000E+00  0.10000000E-01  0.10000000E+01
 0.89002000E-09  0.10599162E-01  0.00000000E+00  0.15028026E+00  0.00000000E+00  0.00000000E+00  0.18569578E+09  0.00000000E+00  0.00000000E+00  0.00000000E+00  0.00000000E+00  0.00000000E+00  0.10000000E-01  0.10000000E+01
 0.90002000E-09  0.10599162E-01  0.00000000E+00  0.15213721E+00  0.00000000E+00  0.00000000E+00  0.18569578E+09  0.00000000E+00  0.00000000E+00  0.00000000E+00  0.00000000E+00  0.00000000E+00  0.10000000E-01  0.10000000E+01
 0.91002000E-09  0.10599162E-01  0.00000000E+00  0.15399417E+00  0.00000000E+00  0.00000000E+00  0.18569578E+09  0.00000000E+00  0.00000000E+00  0.00000000E+00  0.00000000E+00  0.00000000E+00  0.10000000E-01  0.10000000E+01
 0.92002000E-09  0.10599162E-01  0.00000000E+00  0.15585113E+00  0.00000000E+00  0.00000000E+00  0.18569578E+09  0.00000000E+00  0.00000000E+00  0.00000000E+00  0.00000000E+00  0.00000000E+00  0.10000000E-01  0.10000000E+01
 0.93002000E-09  0.10599162E-01  0.00000000E+00  0.15770809E+00  0.00000000E+00  0.00000000E+00  0.18569578E+09  0.00000000E+00  0.00000000E+00  0.00000000E+00  0.00000000E+00  0.00000000E+00  0.10000000E-01  0.10000000E+01
 0.94002000E-09  0.10599162E-01  0.00000000E+00  0.15956505E+00  0.00000000E+00  0.00000000E+00  0.18569578E+09  0.00000000E+00  0.00000000E+00  0.00000000E+00  0.00000000E+00  0.00000000E+00  0.10000000E-01  0.10000000E+01
 0.95002000E-09  0.10599162E-01  0.00000000E+00  0.16142200E+00  0.00000000E+00  0.00000000E+00  0.18569578E+09  0.00000000E+00  0.00000000E+00  0.00000000E+00  0.00000000E+00  0.00000000E+00  0.10000000E-01  0.10000000E+01
 0.96002000E-09  0.10599162E-01  0.00000000E+00  0.16327896E+00  0.00000000E+00  0.00000000E+00  0.18569578E+09  0.00000000E+00  0.00000000E+00  0.00000000E+00  0.00000000E+00  0.00000000E+00  0.10000000E-01  0.10000000E+01
 0.97002000E-09  0.10599162E-01  0.00000000E+00  0.16513592E+00  0.00000000E+00  0.00000000E+00  0.18569578E+09  0.00000000E+00  0.00000000E+00  0.00000000E+00  0.00000000E+00  0.00000000E+00  0.10000000E-01  0.10000000E+01
 0.98002000E-09  0.10599162E-01  0.00000000E+00  0.16699288E+00  0.00000000E+00  0.00000000E+00  0.18569578E+09  0.00000000E+00  0.00000000E+00  0.00000000E+00  0.00000000E+00  0.00000000E+00  0.10000000E-01  0.10000000E+01
 0.99002000E-09  0.10599162E-01  0.00000000E+00  0.16884983E+00  0.00000000E+00  0.00000000E+00  0.18569578E+09  0.00000000E+00  0.00000000E+00  0.00000000E+00  0.00000000E+00  0.00000000E+00  0.10000000E-01  0.10000000E+01
 0.10000200E-08  0.10599162E-01  0.00000000E+00  0.17070679E+00  0.00000000E+00  0.00000000E+00  0.18569578E+09  0.00000000E+00  0.00000000E+00  0.00000000E+00  0.00000000E+00  0.00000000E+00  0.10000000E-01  0.10000000E+01
 0.10100200E-08  0.10599162E-01  0.00000000E+00  0.17256375E+00  0.00000000E+00  0.00000000E+00  0.18569578E+09  0.00000000E+00  0.00000000E+00  0.00000000E+00  0.00000000E+00  0.00000000E+00  0.10000000E-01  0.10000000E+01
 0.10200200E-08  0.10599162E-01  0.00000000E+00  0.17442071E+00  0.00000000E+00  0.00000000E+00  0.18569578E+09  0.00000000E+00  0.00000000E+00  0.00000000E+00  0.00000000E+00  0.00000000E+00  0.10000000E-01  0.10000000E+01
 0.10300200E-08  0.10599162E-01  0.00000000E+00  0.17627767E+00  0.00000000E+00  0.00000000E+00  0.18569578E+09  0.00000000E+00  0.00000000E+00  0.00000000E+00  0.00000000E+00  0.00000000E+00  0.10000000E-01  0.10000000E+01
 0.10400200E-08  0.10599162E-01  0.00000000E+00  0.17813462E+00  0.00000000E+00  0.00000000E+00  0.18569578E+09  0.00000000E+00  0.00000000E+00  0.00000000E+00  0.00000000E+00  0.00000000E+00  0.10000000E-01  0.10000000E+01
 0.10500200E-08  0.10599162E-01  0.00000000E+00  0.17999158E+00  0.00000000E+00  0.00000000E+00  0.18569578E+09  0.00000000E+00  0.00000000E+00  0.00000000E+00  0.00000000E+00  0.00000000E+00  0.10000000E-01  0.10000000E+01
 0.10600200E-08  0.10599162E-01  0.00000000E+00  0.18184854E+00  0.00000000E+00  0.00000000E+00  0.18569578E+09  0.00000000E+00  0.00000000E+00  0.00000000E+00  0.00000000E+00  0.00000000E+00  0.10000000E-01  0.10000000E+01
 0.10700200E-08  0.10599162E-01  0.00000000E+00  0.18370550E+00  0.00000000E+00  0.00000000E+00  0.18569578E+09  0.00000000E+00  0.00000000E+00  0.00000000E+00  0.00000000E+00  0.00000000E+00  0.10000000E-01  0.10000000E+01
 0.10800200E-08  0.10599162E-01  0.00000000E+00  0.18556245E+00  0.00000000E+00  0.00000000E+00  0.18569578E+09  0.00000000E+00  0.00000000E+00  0.00000000E+00  0.00000000E+00  0.00000000E+00  0.10000000E-01  0.10000000E+01
 0.10900200E-08  0.10599162E-01  0.00000000E+00  0.18741941E+00  0.00000000E+00  0.00000000E+00  0.18569578E+09  0.00000000E+00  0.00000000E+00  0.00000000E+00  0.00000000E+00  0.00000000E+00  0.10000000E-01  0.10000000E+01
 0.11000200E-08  0.10599162E-01  0.00000000E+00  0.18927637E+00  0.00000000E+00  0.00000000E+00  0.18569578E+09  0.00000000E+00  0.00000000E+00  0.00000000E+00  0.00000000E+00  0.00000000E+00  0.10000000E-01  0.10000000E+01
 0.11100200E-08  0.10599162E-01  0.00000000E+00  0.19113333E+00  0.00000000E+00  0.00000000E+00  0.18569578E+09  0.00000000E+00  0.00000000E+00  0.00000000E+00  0.00000000E+00  0.00000000E+00  0.10000000E-01  0.10000000E+01
 0.11200200E-08  0.10599162E-01  0.00000000E+00  0.19299029E+00  0.00000000E+00  0.00000000E+00  0.18569578E+09  0.00000000E+00  0.00000000E+00  0.00000000E+00  0.00000000E+00  0.00000000E+00  0.10000000E-01  0.10000000E+01
 0.11300200E-08  0.10599162E-01  0.00000000E+00  0.19484724E+00  0.00000000E+00  0.00000000E+00  0.18569578E+09  0.00000000E+00  0.00000000E+00  0.00000000E+00  0.00000000E+00  0.00000000E+00  0.10000000E-01  0.10000000E+01
 0.11400200E-08  0.10599162E-01  0.00000000E+00  0.19670420E+00  0.00000000E+00  0.00000000E+00  0.18569578E+09  0.00000000E+00  0.00000000E+00  0.00000000E+00  0.00000000E+00  0.00000000E+00  0.10000000E-01  0.10000000E+01
 0.11500200E-08  0.10599162E-01  0.00000000E+00  0.19856116E+00  0.00000000E+00  0.00000000E+00  0.18569578E+09  0.00000000E+00  0.00000000E+00  0.00000000E+00  0.00000000E+00  0.00000000E+00  0.10000000E-01  0.10000000E+01
 0.11600200E-08  0.10599162E-01  0.00000000E+00  0.20041812E+00  0.00000000E+00  0.00000000E+00  0.18569578E+09  0.00000000E+00  0.00000000E+00  0.00000000E+00  0.00000000E+00  0.00000000E+00  0.10000000E-01  0.10000000E+01
 0.11700200E-08  0.10599162E-01  0.00000000E+00  0.20227507E+00  0.00000000E+00  0.00000000E+00  0.18569578E+09  0.00000000E+00  0.00000000E+00  0.00000000E+00  0.00000000E+00  0.00000000E+00  0.10000000E-01  0.10000000E+01
 0.11800200E-08  0.10599162E-01  0.00000000E+00  0.20413203E+00  0.00000000E+00  0.00000000E+00  0.18569578E+09  0.00000000E+00  0.00000000E+00  0.00000000E+00  0.00000000E+00  0.00000000E+00  0.10000000E-01  0.10000000E+01
 0.11900200E-08  0.10599162E-01  0.00000000E+00  0.20598899E+00  0.00000000E+00  0.00000000E+00  0.18569578E+09  0.00000000E+00  0.00000000E+00  0.00000000E+00  0.00000000E+00  0.00000000E+00  0.10000000E-01  0.10000000E+01
 0.12000200E-08  0.10599162E-01  0.00000000E+00  0.20784595E+00  0.00000000E+00  0.00000000E+00  0.18569578E+09  0.00000000E+00  0.00000000E+00  0.00000000E+00  0.00000000E+00  0.00000000E+00  0.10000000E-01  0.10000000E+01
 0.12100200E-08  0.10599162E-01  0.00000000E+00  0.20970291E+00  0.00000000E+00  0.00000000E+00  0.18569578E+09  0.00000000E+00  0.00000000E+00  0.00000000E+00  0.00000000E+00  0.00000000E+00  0.10000000E-01  0.10000000E+01
 0.12200200E-08  0.10599162E-01  0.00000000E+00  0.21155986E+00  0.00000000E+00  0.00000000E+00  0.18569578E+09  0.00000000E+00  0.00000000E+00  0.00000000E+00  0.00000000E+00  0.00000000E+00  0.10000000E-01  0.10000000E+01
 0.12300200E-08  0.10599162E-01  0.00000000E+00  0.21341682E+00  0.00000000E+00  0.00000000E+00  0.18569578E+09  0.00000000E+00  0.00000000E+00  0.00000000E+00  0.00000000E+00  0.00000000E+00  0.10000000E-01  0.10000000E+01
 0.12400200E-08  0.10599162E-01  0.00000000E+00  0.21527378E+00  0.00000000E+00  0.00000000E+00  0.18569578E+09  0.00000000E+00  0.00000000E+00  0.00000000E+00  0.00000000E+00  0.00000000E+00  0.10000000E-01  0.10000000E+01
 0.12500200E-08  0.10599162E-01  0.00000000E+00  0.21713074E+00  0.00000000E+00  0.00000000E+00  0.18569578E+09  0.00000000E+00  0.00000000E+00  0.00000000E+00  0.00000000E+00  0.00000000E+00  0.10000000E-01  0.10000000E+01
 0.12600200E-08  0.10599162E-01  0.00000000E+00  0.21898769E+00  0.00000000E+00  0.00000000E+00  0.18569578E+09  0.00000000E+00  0.00000000E+00  0.00000000E+00  0.00000000E+00  0.00000000E+00  0.10000000E-01  0.10000000E+01
 0.12700200E-08  0.10599162E-01  0.00000000E+00  0.22084465E+00  0.00000000E+00  0.00000000E+00  0.18569578E+09  0.00000000E+00  0.00000000E+00  0.00000000E+00  0.00000000E+00  0.00000000E+00  0.10000000E-01  0.10000000E+01
 0.12800200E-08  0.10599162E-01  0.00000000E+00  0.22270161E+00  0.00000000E+00  0.00000000E+00  0.18569578E+09  0.00000000E+00  0.00000000E+00  0.00000000E+00  0.00000000E+00  0.00000000E+00  0.10000000E-01  0.10000000E+01
 0.12900200E-08  0.10599162E-01  0.00000000E+00  0.22455857E+00  0.00000000E+00  0.00000000E+00  0.18569578E+09  0.00000000E+00  0.00000000E+00  0.00000000E+00  0.00000000E+00  0.00000000E+00  0.10000000E-01  0.10000000E+01
 0.13000200E-08  0.10599162E-01  0.00000000E+00  0.22641553E+00  0.00000000E+00  0.00000000E+00  0.18569578E+09  0.00000000E+00  0.00000000E+00  0.00000000E+00  0.00000000E+00  0.00000000E+00  0.10000000E-01  0.10000000E+01
 0.13100200E-08  0.10599162E-01  0.00000000E+00  0.22827248E+00  0.00000000E+00  0.00000000E+00  0.18569578E+09  0.00000000E+00  0.00000000E+00  0.00000000E+00  0.00000000E+00  0.00000000E+00  0.10000000E-01  0.10000000E+01
 0.13200200E-08  0.10599162E-01  0.00000000E+00  0.23012944E+00  0.00000000E+00  0.00000000E+00  0.18569578E+09  0.00000000E+00  0.00000000E+00  0.00000000E+00  0.00000000E+00  0.00000000E+00  0.10000000E-01  0.10000000E+01
 0.13300200E-08  0.10599162E-01  0.00000000E+00  0.23198640E+00  0.00000000E+00  0.00000000E+00  0.18569578E+09  0.00000000E+00  0.00000000E+00  0.00000000E+00  0.00000000E+00  0.00000000E+00  0.10000000E-01  0.10000000E+01
 0.13400200E-08  0.10599162E-01  0.00000000E+00  0.23384336E+00  0.00000000E+00  0.00000000E+00  0.18569578E+09  0.00000000E+00  0.00000000E+00  0.00000000E+00  0.00000000E+00  0.00000000E+00  0.10000000E-01  0.10000000E+01
 0.13500200E-08  0.10599162E-01  0.00000000E+00  0.23570031E+00  0.00000000E+00  0.00000000E+00  0.18569578E+09  0.00000000E+00  0.00000000E+00  0.00000000E+00  0.00000000E+00  0.00000000E+00  0.10000000E-01  0.10000000E+01
 0.13600200E-08  0.10599162E-01  0.00000000E+00  0.23755727E+00  0.00000000E+00  0.00000000E+00  0.18569578E+09  0.00000000E+00  0.00000000E+00  0.00000000E+00  0.00000000E+00  0.00000000E+00  0.10000000E-01  0.10000000E+01
 0.13700200E-08  0.10599162E-01  0.00000000E+00  0.23941423E+00  0.00000000E+00  0.00000000E+00  0.18569578E+09  0.00000000E+00  0.00000000E+00  0.00000000E+00  0.00000000E+00  0.00000000E+00  0.10000000E-01  0.10000000E+01
 0.13800200E-08  0.10599162E-01  0.00000000E+00  0.24127119E+00  0.00000000E+00  0.00000000E+00  0.18569578E+09  0.00000000E+00  0.00000000E+00  0.00000000E+00  0.00000000E+00  0.00000000E+00  0.10000000E-01  0.10000000E+01
 0.13900200E-08  0.10599162E-01  0.00000000E+00  0.24312815E+00  0.00000000E+00  0.00000000E+00  0.18569578E+09  0.00000000E+00  0.00000000E+00  0.00000000E+00  0.00000000E+00  0.00000000E+00  0.10000000E-01  0.10000000E+01
 0.14000200E-08  0.10599162E-01  0.00000000E+00  0.24498510E+00  0.00000000E+00  0.00000000E+00  0.18569578E+09  0.00000000E+00  0.00000000E+00  0.00000000E+00  0.00000000E+00  0.00000000E+00  0.10000000E-01  0.10000000E+01
 0.14100200E-08  0.10599162E-01  0.00000000E+00  0.24684206E+00  0.00000000E+00  0.00000000E+00  0.18569578E+09  0.00000000E+00  0.00000000E+00  0.00000000E+00  0.00000000E+00  0.00000000E+00  0.10000000E-01  0.10000000E+01
 0.14200200E-08  0.10599162E-01  0.00000000E+00  0.24869902E+00  0.00000000E+00  0.00000000E+00  0.18569578E+09  0.00000000E+00  0.00000000E+00  0.00000000E+00  0.00000000E+00  0.00000000E+00  0.10000000E-01  0.10000000E+01
 0.14300200E-08  0.10599162E-01  0.00000000E+00  0.25055598E+00  0.00000000E+00  0.00000000E+00  0.18569578E+09  0.00000000E+00  0.00000000E+00  0.00000000E+00  0.00000000E+00  0.00000000E+00  0.10000000E-01  0.10000000E+01
 0.14400200E-08  0.10599162E-01  0.00000000E+00  0.25241293E+00  0.00000000E+00  0.00000000E+00  0.18569578E+09  0.00000000E+00  0.00000000E+00  0.00000000E+00  0.00000000E+00  0.00000000E+00  0.10000000E-01  0.10000000E+01
 0.14500200E-08  0.10599162E-01  0.00000000E+00  0.25426989E+00  0.00000000E+00  0.00000000E+00  0.18569578E+09  0.00000000E+00  0.00000000E+00  0.00000000E+00  0.00000000E+00  0.00000000E+00  0.10000000E-01  0.10000000E+01
 0.14600200E-08  0.10599162E-01  0.00000000E+00  0.25612685E+00  0.00000000E+00  0.00000000E+00  0.18569578E+09  0.00000000E+00  0.00000000E+00  0.00000000E+00  0.00000000E+00  0.00000000E+00  0.10000000E-01  0.10000000E+01
 0.14700200E-08  0.10599162E-01  0.00000000E+00  0.25798381E+00  0.00000000E+00  0.00000000E+00  0.18569578E+09  0.00000000E+00  0.00000000E+00  0.00000000E+00  0.00000000E+00  0.00000000E+00  0.10000000E-01  0.10000000E+01
 0.14800200E-08  0.10599162E-01  0.00000000E+00  0.25984077E+00  0.00000000E+00  0.00000000E+00  0.18569578E+09  0.00000000E+00  0.00000000E+00  0.00000000E+00  0.00000000E+00  0.00000000E+00  0.10000000E-01  0.10000000E+01
 0.14900200E-08  0.10599162E-01  0.00000000E+00  0.26169772E+00  0.00000000E+00  0.00000000E+00  0.18569578E+09  0.00000000E+00  0.00000000E+00  0.00000000E+00  0.00000000E+00  0.00000000E+00  0.10000000E-01  0.10000000E+01
 0.15000200E-08  0.10599162E-01  0.00000000E+00  0.26355468E+00  0.00000000E+00  0.00000000E+00  0.18569578E+09  0.00000000E+00  0.00000000E+00  0.00000000E+00  0.00000000E+00  0.00000000E+00  0.10000000E-01  0.10000000E+01
 0.15100200E-08  0.10599162E-01  0.00000000E+00  0.26541164E+00  0.00000000E+00  0.00000000E+00  0.18569578E+09  0.00000000E+00  0.00000000E+00  0.00000000E+00  0.00000000E+00  0.00000000E+00  0.10000000E-01  0.10000000E+01
 0.15200200E-08  0.10599162E-01  0.00000000E+00  0.26726860E+00  0.00000000E+00  0.00000000E+00  0.18569578E+09  0.00000000E+00  0.00000000E+00  0.00000000E+00  0.00000000E+00  0.00000000E+00  0.10000000E-01  0.10000000E+01
 0.15300200E-08  0.10599162E-01  0.00000000E+00  0.26912555E+00  0.00000000E+00  0.00000000E+00  0.18569578E+09  0.00000000E+00  0.00000000E+00  0.00000000E+00  0.00000000E+00  0.00000000E+00  0.10000000E-01  0.10000000E+01
 0.15400200E-08  0.10599162E-01  0.00000000E+00  0.27098251E+00  0.00000000E+00  0.00000000E+00  0.18569578E+09  0.00000000E+00  0.00000000E+00  0.00000000E+00  0.00000000E+00  0.00000000E+00  0.10000000E-01  0.10000000E+01
 0.15500200E-08  0.10599162E-01  0.00000000E+00  0.27283947E+00  0.00000000E+00  0.00000000E+00  0.18569578E+09  0.00000000E+00  0.00000000E+00  0.00000000E+00  0.00000000E+00  0.00000000E+00  0.10000000E-01  0.10000000E+01
 0.15600200E-08  0.10599162E-01  0.00000000E+00  0.27469643E+00  0.00000000E+00  0.00000000E+00  0.18569578E+09  0.00000000E+00  0.00000000E+00  0.00000000E+00  0.00000000E+00  0.00000000E+00  0.10000000E-01  0.10000000E+01
 0.15700200E-08  0.10599162E-01  0.00000000E+00  0.27655339E+00  0.00000000E+00  0.00000000E+00  0.18569578E+09  0.00000000E+00  0.00000000E+00  0.00000000E+00  0.00000000E+00  0.00000000E+00  0.10000000E-01  0.10000000E+01
 0.15800200E-08  0.10599162E-01  0.00000000E+00  0.27841034E+00  0.00000000E+00  0.00000000E+00  0.18569578E+09  0.00000000E+00  0.00000000E+00  0.00000000E+00  0.00000000E+00  0.00000000E+00  0.10000000E-01  0.10000000E+01
 0.15900200E-08  0.10599162E-01  0.00000000E+00  0.28026730E+00  0.00000000E+00  0.00000000E+00  0.18569578E+09  0.00000000E+00  0.00000000E+00  0.00000000E+00  0.00000000E+00  0.00000000E+00  0.10000000E-01  0.10000000E+01
 0.16000200E-08  0.10599162E-01  0.00000000E+00  0.28212426E+00  0.00000000E+00  0.00000000E+00  0.18569578E+09  0.00000000E+00  0.00000000E+00  0.00000000E+00  0.00000000E+00  0.00000000E+00  0.10000000E-01  0.10000000E+01
 0.16100200E-08  0.10599162E-01  0.00000000E+00  0.28398122E+00  0.00000000E+00  0.00000000E+00  0.18569578E+09  0.00000000E+00  0.00000000E+00  0.00000000E+00  0.00000000E+00  0.00000000E+00  0.10000000E-01  0.10000000E+01
 0.16200200E-08  0.10599162E-01  0.00000000E+00  0.28583817E+00  0.00000000E+00  0.00000000E+00  0.18569578E+09  0.00000000E+00  0.00000000E+00  0.00000000E+00  0.00000000E+00  0.00000000E+00  0.10000000E-01  0.10000000E+01
 0.16300200E-08  0.10599162E-01  0.00000000E+00  0.28769513E+00  0.00000000E+00  0.00000000E+00  0.18569578E+09  0.00000000E+00  0.00000000E+00  0.00000000E+00  0.00000000E+00  0.00000000E+00  0.10000000E-01  0.10000000E+01
 0.16400200E-08  0.10599162E-01  0.00000000E+00  0.28955209E+00  0.00000000E+00  0.00000000E+00  0.18569578E+09  0.00000000E+00  0.00000000E+00  0.00000000E+00  0.00000000E+00  0.00000000E+00  0.10000000E-01  0.10000000E+01
 0.16500200E-08  0.10599162E-01  0.00000000E+00  0.29140905E+00  0.00000000E+00  0.00000000E+00  0.18569578E+09  0.00000000E+00  0.00000000E+00  0.00000000E+00  0.00000000E+00  0.00000000E+00  0.10000000E-01  0.10000000E+01
 0.16600200E-08  0.10599162E-01  0.00000000E+00  0.29326601E+00  0.00000000E+00  0.00000000E+00  0.18569578E+09  0.00000000E+00  0.00000000E+00  0.00000000E+00  0.00000000E+00  0.00000000E+00  0.10000000E-01  0.10000000E+01
 0.16700200E-08  0.10599162E-01  0.00000000E+00  0.29512296E+00  0.00000000E+00  0.00000000E+00  0.18569578E+09  0.00000000E+00  0.00000000E+00  0.00000000E+00  0.00000000E+00  0.00000000E+00  0.10000000E-01  0.10000000E+01
 0.16800200E-08  0.10599162E-01  0.00000000E+00  0.29697992E+00  0.00000000E+00  0.00000000E+00  0.18569578E+09  0.00000000E+00  0.00000000E+00  0.00000000E+00  0.00000000E+00  0.00000000E+00  0.10000000E-01  0.10000000E+01
 0.16900200E-08  0.10599162E-01  0.00000000E+00  0.29883688E+00  0.00000000E+00  0.00000000E+00  0.18569578E+09  0.00000000E+00  0.00000000E+00  0.00000000E+00  0.00000000E+00  0.00000000E+00  0.10000000E-01  0.10000000E+01
 0.17000200E-08  0.10599162E-01  0.00000000E+00  0.30069384E+00  0.00000000E+00  0.00000000E+00  0.18569578E+09  0.00000000E+00  0.00000000E+00  0.00000000E+00  0.00000000E+00  0.00000000E+00  0.10000000E-01  0.10000000E+01
 0.17100200E-08  0.10599162E-01  0.00000000E+00  0.30255079E+00  0.00000000E+00  0.00000000E+00  0.18569578E+09  0.00000000E+00  0.00000000E+00  0.00000000E+00  0.00000000E+00  0.00000000E+00  0.10000000E-01  0.10000000E+01
 0.17200200E-08  0.10599162E-01  0.00000000E+00  0.30440775E+00  0.00000000E+00  0.00000000E+00  0.18569578E+09  0.00000000E+00  0.00000000E+00  0.00000000E+00  0.00000000E+00  0.00000000E+00  0.10000000E-01  0.10000000E+01
 0.17300200E-08  0.10599162E-01  0.00000000E+00  0.30626471E+00  0.00000000E+00  0.00000000E+00  0.18569578E+09  0.00000000E+00  0.00000000E+00  0.00000000E+00  0.00000000E+00  0.00000000E+00  0.10000000E-01  0.10000000E+01
 0.17400200E-08  0.10599162E-01  0.00000000E+00  0.30812167E+00  0.00000000E+00  0.00000000E+00  0.18569578E+09  0.00000000E+00  0.00000000E+00  0.00000000E+00  0.00000000E+00  0.00000000E+00  0.10000000E-01  0.10000000E+01
 0.17500200E-08  0.10599162E-01  0.00000000E+00  0.30997863E+00  0.00000000E+00  0.00000000E+00  0.18569578E+09  0.00000000E+00  0.00000000E+00  0.00000000E+00  0.00000000E+00  0.00000000E+00  0.10000000E-01  0.10000000E+01
 0.17600200E-08  0.10599162E-01  0.00000000E+00  0.31183558E+00  0.00000000E+00  0.00000000E+00  0.18569578E+09  0.00000000E+00  0.00000000E+00  0.00000000E+00  0.00000000E+00  0.00000000E+00  0.10000000E-01  0.10000000E+01
 0.17700200E-08  0.10599162E-01  0.00000000E+00  0.31369254E+00  0.00000000E+00  0.00000000E+00  0.18569578E+09  0.00000000E+00  0.00000000E+00  0.00000000E+00  0.00000000E+00  0.00000000E+00  0.10000000E-01  0.10000000E+01
 0.17800200E-08  0.10599162E-01  0.00000000E+00  0.31554950E+00  0.00000000E+00  0.00000000E+00  0.18569578E+09  0.00000000E+00  0.00000000E+00  0.00000000E+00  0.00000000E+00  0.00000000E+00  0.10000000E-01  0.10000000E+01
 0.17900200E-08  0.10599162E-01  0.00000000E+00  0.31740646E+00  0.00000000E+00  0.00000000E+00  0.18569578E+09  0.00000000E+00  0.00000000E+00  0.00000000E+00  0.00000000E+00  0.00000000E+00  0.10000000E-01  0.10000000E+01
 0.18000200E-08  0.10599162E-01  0.00000000E+00  0.31926341E+00  0.00000000E+00  0.00000000E+00  0.18569578E+09  0.00000000E+00  0.00000000E+00  0.00000000E+00  0.00000000E+00  0.00000000E+00  0.10000000E-01  0.10000000E+01
 0.18100200E-08  0.10599162E-01  0.00000000E+00  0.32112037E+00  0.00000000E+00  0.00000000E+00  0.18569578E+09  0.00000000E+00  0.00000000E+00  0.00000000E+00  0.00000000E+00  0.00000000E+00  0.10000000E-01  0.10000000E+01
 0.18200200E-08  0.10599162E-01  0.00000000E+00  0.32297733E+00  0.00000000E+00  0.00000000E+00  0.18569578E+09  0.00000000E+00  0.00000000E+00  0.00000000E+00  0.00000000E+00  0.00000000E+00  0.10000000E-01  0.10000000E+01
 0.18300200E-08  0.10599162E-01  0.00000000E+00  0.32483429E+00  0.00000000E+00  0.00000000E+00  0.18569578E+09  0.00000000E+00  0.00000000E+00  0.00000000E+00  0.00000000E+00  0.00000000E+00  0.10000000E-01  0.10000000E+01
 0.18400200E-08  0.10599162E-01  0.00000000E+00  0.32669125E+00  0.00000000E+00  0.00000000E+00  0.18569578E+09  0.00000000E+00  0.00000000E+00  0.00000000E+00  0.00000000E+00  0.00000000E+00  0.10000000E-01  0.10000000E+01
 0.18500200E-08  0.10599162E-01  0.00000000E+00  0.32854820E+00  0.00000000E+00  0.00000000E+00  0.18569578E+09  0.00000000E+00  0.00000000E+00  0.00000000E+00  0.00000000E+00  0.00000000E+00  0.10000000E-01  0.10000000E+01
 0.18600200E-08  0.10599162E-01  0.00000000E+00  0.33040516E+00  0.00000000E+00  0.00000000E+00  0.18569578E+09  0.00000000E+00  0.00000000E+00  0.00000000E+00  0.00000000E+00  0.00000000E+00  0.10000000E-01  0.10000000E+01
 0.18700200E-08  0.10599162E-01  0.00000000E+00  0.33226212E+00  0.00000000E+00  0.00000000E+00  0.18569578E+09  0.00000000E+00  0.00000000E+00  0.00000000E+00  0.00000000E+00  0.00000000E+00  0.10000000E-01  0.10000000E+01
 0.18800200E-08  0.10599162E-01  0.00000000E+00  0.33411908E+00  0.00000000E+00  0.00000000E+00  0.18569578E+09  0.00000000E+00  0.00000000E+00  0.00000000E+00  0.00000000E+00  0.00000000E+00  0.10000000E-01  0.10000000E+01
 0.18900200E-08  0.10599162E-01  0.00000000E+00  0.33597603E+00  0.00000000E+00  0.00000000E+00  0.18569578E+09  0.00000000E+00  0.00000000E+00  0.00000000E+00  0.00000000E+00  0.00000000E+00  0.10000000E-01  0.10000000E+01
 0.19000200E-08  0.10599162E-01  0.00000000E+00  0.33783299E+00  0.00000000E+00  0.00000000E+00  0.18569578E+09  0.00000000E+00  0.00000000E+00  0.00000000E+00  0.00000000E+00  0.00000000E+00  0.10000000E-01  0.10000000E+01
 0.19100200E-08  0.10599162E-01  0.00000000E+00  0.33968995E+00  0.00000000E+00  0.00000000E+00  0.18569578E+09  0.00000000E+00  0.00000000E+00  0.00000000E+00  0.00000000E+00  0.00000000E+00  0.10000000E-01  0.10000000E+01
 0.19200200E-08  0.10599162E-01  0.00000000E+00  0.34154691E+00  0.00000000E+00  0.00000000E+00  0.18569578E+09  0.00000000E+00  0.00000000E+00  0.00000000E+00  0.00000000E+00  0.00000000E+00  0.10000000E-01  0.10000000E+01
 0.19300200E-08  0.10599162E-01  0.00000000E+00  0.34340387E+00  0.00000000E+00  0.00000000E+00  0.18569578E+09  0.00000000E+00  0.00000000E+00  0.00000000E+00  0.00000000E+00  0.00000000E+00  0.10000000E-01  0.10000000E+01
 0.19400200E-08  0.10599162E-01  0.00000000E+00  0.34526082E+00  0.00000000E+00  0.00000000E+00  0.18569578E+09  0.00000000E+00  0.00000000E+00  0.00000000E+00  0.00000000E+00  0.00000000E+00  0.10000000E-01  0.10000000E+01
 0.19500200E-08  0.10599162E-01  0.00000000E+00  0.34711778E+00  0.00000000E+00  0.00000000E+00  0.18569578E+09  0.00000000E+00  0.00000000E+00  0.00000000E+00  0.00000000E+00  0.00000000E+00  0.10000000E-01  0.10000000E+01
 0.19600200E-08  0.10599162E-01  0.00000000E+00  0.34897474E+00  0.00000000E+00  0.00000000E+00  0.18569578E+09  0.00000000E+00  0.00000000E+00  0.00000000E+00  0.00000000E+00  0.00000000E+00  0.10000000E-01  0.10000000E+01
 0.19700200E-08  0.10599162E-01  0.00000000E+00  0.35083170E+00  0.00000000E+00  0.00000000E+00  0.18569578E+09  0.00000000E+00  0.00000000E+00  0.00000000E+00  0.00000000E+00  0.00000000E+00  0.10000000E-01  0.10000000E+01
 0.19800200E-08  0.10599162E-01  0.00000000E+00  0.35268865E+00  0.00000000E+00  0.00000000E+00  0.18569578E+09  0.00000000E+00  0.00000000E+00  0.00000000E+00  0.00000000E+00  0.00000000E+00  0.10000000E-01  0.10000000E+01
 0.19900200E-08  0.10599162E-01  0.00000000E+00  0.35454561E+00  0.00000000E+00  0.00000000E+00  0.18569578E+09  0.00000000E+00  0.00000000E+00  0.00000000E+00  0.00000000E+00  0.00000000E+00  0.10000000E-01  0.10000000E+01
