# ptime xp yp zp vx vy vz ex ey ez bx by bz wt
 0.20000000E-13  0.37606605E-02  0.00000000E+00 -0.66822098E-02  0.00000000E+00  0.00000000E+00  0.19213006E+09  0.00000000E+00  0.00000000E+00  0.00000000E+00  0.00000000E+00  0.00000000E+00  0.10000000E-01  0.10000000E+01
 0.10000000E-10  0.37606605E-02  0.00000000E+00 -0.47647517E-02  0.00000000E+00  0.00000000E+00  0.19213006E+09  0.00000000E+00  0.00000000E+00  0.00000000E+00  0.00000000E+00  0.00000000E+00  0.10000000E-01  0.10000000E+01
 0.20000000E-10  0.37606605E-02  0.00000000E+00 -0.28434511E-02  0.00000000E+00  0.00000000E+00  0.19213006E+09  0.00000000E+00  0.00000000E+00  0.00000000E+00  0.00000000E+00  0.00000000E+00  0.10000000E-01  0.10000000E+01
 0.30000000E-10  0.37606605E-02  0.00000000E+00 -0.92215044E-03  0.00000000E+00  0.00000000E+00  0.19213006E+09  0.00000000E+00  0.00000000E+00  0.00000000E+00  0.00000000E+00  0.00000000E+00  0.10000000E-01  0.10000000E+01
 0.40020000E-10  0.37606605E-02  0.00000000E+00  0.10029928E-02  0.00000000E+00  0.00000000E+00  0.19213006E+09  0.00000000E+00  0.00000000E+00  0.00000000E+00  0.00000000E+00  0.00000000E+00  0.10000000E-01  0.10000000E+01
 0.50020000E-10  0.37606605E-02  0.00000000E+00  0.29242935E-02  0.00000000E+00  0.00000000E+00  0.19213006E+09  0.00000000E+00  0.00000000E+00  0.00000000E+00  0.00000000E+00  0.00000000E+00  0.10000000E-01  0.10000000E+01
 0.60020000E-10  0.37606605E-02  0.00000000E+00  0.48455941E-02  0.00000000E+00  0.00000000E+00  0.19213006E+09  0.00000000E+00  0.00000000E+00  0.00000000E+00  0.00000000E+00  0.00000000E+00  0.10000000E-01  0.10000000E+01
 0.70020000E-10  0.37606605E-02  0.00000000E+00  0.67668948E-02  0.00000000E+00  0.00000000E+00  0.19213006E+09  0.00000000E+00  0.00000000E+00  0.00000000E+00  0.00000000E+00  0.00000000E+00  0.10000000E-01  0.10000000E+01
 0.80000000E-10  0.37606605E-02  0.00000000E+00  0.86843528E-02  0.00000000E+00  0.00000000E+00  0.19213006E+09  0.00000000E+00  0.00000000E+00  0.00000000E+00  0.00000000E+00  0.00000000E+00  0.10000000E-01  0.10000000E+01
 0.90000000E-10  0.37606605E-02  0.00000000E+00  0.10605653E-01  0.00000000E+00  0.00000000E+00  0.19213006E+09  0.00000000E+00  0.00000000E+00  0.00000000E+00  0.00000000E+00  0.00000000E+00  0.10000000E-01  0.10000000E+01
 0.10000000E-09  0.37606605E-02  0.00000000E+00  0.12526954E-01  0.00000000E+00  0.00000000E+00  0.19213006E+09  0.00000000E+00  0.00000000E+00  0.00000000E+00  0.00000000E+00  0.00000000E+00  0.10000000E-01  0.10000000E+01
 0.11000000E-09  0.37606605E-02  0.00000000E+00  0.14448255E-01  0.00000000E+00  0.00000000E+00  0.19213006E+09  0.00000000E+00  0.00000000E+00  0.00000000E+00  0.00000000E+00  0.00000000E+00  0.10000000E-01  0.10000000E+01
 0.12000000E-09  0.37606605E-02  0.00000000E+00  0.16369555E-01  0.00000000E+00  0.00000000E+00  0.19213006E+09  0.00000000E+00  0.00000000E+00  0.00000000E+00  0.00000000E+00  0.00000000E+00  0.10000000E-01  0.10000000E+01
 0.13000000E-09  0.37606605E-02  0.00000000E+00  0.18290856E-01  0.00000000E+00  0.00000000E+00  0.19213006E+09  0.00000000E+00  0.00000000E+00  0.00000000E+00  0.00000000E+00  0.00000000E+00  0.10000000E-01  0.10000000E+01
 0.14002000E-09  0.37606605E-02  0.00000000E+00  0.20215999E-01  0.00000000E+00  0.00000000E+00  0.19213006E+09  0.00000000E+00  0.00000000E+00  0.00000000E+00  0.00000000E+00  0.00000000E+00  0.10000000E-01  0.10000000E+01
 0.15002000E-09  0.37606605E-02  0.00000000E+00  0.22137300E-01  0.00000000E+00  0.00000000E+00  0.19213006E+09  0.00000000E+00  0.00000000E+00  0.00000000E+00  0.00000000E+00  0.00000000E+00  0.10000000E-01  0.10000000E+01
 0.16002000E-09  0.37606605E-02  0.00000000E+00  0.24058601E-01  0.00000000E+00  0.00000000E+00  0.19213006E+09  0.00000000E+00  0.00000000E+00  0.00000000E+00  0.00000000E+00  0.00000000E+00  0.10000000E-01  0.10000000E+01
 0.17002000E-09  0.37606605E-02  0.00000000E+00  0.25979901E-01  0.00000000E+00  0.00000000E+00  0.19213006E+09  0.00000000E+00  0.00000000E+00  0.00000000E+00  0.00000000E+00  0.00000000E+00  0.10000000E-01  0.10000000E+01
 0.18002000E-09  0.37606605E-02  0.00000000E+00  0.27901202E-01  0.00000000E+00  0.00000000E+00  0.19213006E+09  0.00000000E+00  0.00000000E+00  0.00000000E+00  0.00000000E+00  0.00000000E+00  0.10000000E-01  0.10000000E+01
 0.19002000E-09  0.37606605E-02  0.00000000E+00  0.29822503E-01  0.00000000E+00  0.00000000E+00  0.19213006E+09  0.00000000E+00  0.00000000E+00  0.00000000E+00  0.00000000E+00  0.00000000E+00  0.10000000E-01  0.10000000E+01
 0.20002000E-09  0.37606605E-02  0.00000000E+00  0.31743803E-01  0.00000000E+00  0.00000000E+00  0.19213006E+09  0.00000000E+00  0.00000000E+00  0.00000000E+00  0.00000000E+00  0.00000000E+00  0.10000000E-01  0.10000000E+01
 0.21002000E-09  0.37606605E-02  0.00000000E+00  0.33665104E-01  0.00000000E+00  0.00000000E+00  0.19213006E+09  0.00000000E+00  0.00000000E+00  0.00000000E+00  0.00000000E+00  0.00000000E+00  0.10000000E-01  0.10000000E+01
 0.22002000E-09  0.37606605E-02  0.00000000E+00  0.35586405E-01  0.00000000E+00  0.00000000E+00  0.19213006E+09  0.00000000E+00  0.00000000E+00  0.00000000E+00  0.00000000E+00  0.00000000E+00  0.10000000E-01  0.10000000E+01
 0.23002000E-09  0.37606605E-02  0.00000000E+00  0.37507705E-01  0.00000000E+00  0.00000000E+00  0.19213006E+09  0.00000000E+00  0.00000000E+00  0.00000000E+00  0.00000000E+00  0.00000000E+00  0.10000000E-01  0.10000000E+01
 0.24002000E-09  0.37606605E-02  0.00000000E+00  0.39429006E-01  0.00000000E+00  0.00000000E+00  0.19213006E+09  0.00000000E+00  0.00000000E+00  0.00000000E+00  0.00000000E+00  0.00000000E+00  0.10000000E-01  0.10000000E+01
 0.25002000E-09  0.37606605E-02  0.00000000E+00  0.41350306E-01  0.00000000E+00  0.00000000E+00  0.19213006E+09  0.00000000E+00  0.00000000E+00  0.00000000E+00  0.00000000E+00  0.00000000E+00  0.10000000E-01  0.10000000E+01
 0.26002000E-09  0.37606605E-02  0.00000000E+00  0.43271607E-01  0.00000000E+00  0.00000000E+00  0.19213006E+09  0.00000000E+00  0.00000000E+00  0.00000000E+00  0.00000000E+00  0.00000000E+00  0.10000000E-01  0.10000000E+01
 0.27002000E-09  0.37606605E-02  0.00000000E+00  0.45192908E-01  0.00000000E+00  0.00000000E+00  0.19213006E+09  0.00000000E+00  0.00000000E+00  0.00000000E+00  0.00000000E+00  0.00000000E+00  0.10000000E-01  0.10000000E+01
 0.28002000E-09  0.37606605E-02  0.00000000E+00  0.47114208E-01  0.00000000E+00  0.00000000E+00  0.19213006E+09  0.00000000E+00  0.00000000E+00  0.00000000E+00  0.00000000E+00  0.00000000E+00  0.10000000E-01  0.10000000E+01
 0.29002000E-09  0.37606605E-02  0.00000000E+00  0.49035509E-01  0.00000000E+00  0.00000000E+00  0.19213006E+09  0.00000000E+00  0.00000000E+00  0.00000000E+00  0.00000000E+00  0.00000000E+00  0.10000000E-01  0.10000000E+01
 0.30000000E-09  0.37606605E-02  0.00000000E+00  0.50952967E-01  0.00000000E+00  0.00000000E+00  0.19213006E+09  0.00000000E+00  0.00000000E+00  0.00000000E+00  0.00000000E+00  0.00000000E+00  0.10000000E-01  0.10000000E+01
 0.31000000E-09  0.37606605E-02  0.00000000E+00  0.52874268E-01  0.00000000E+00  0.00000000E+00  0.19213006E+09  0.00000000E+00  0.00000000E+00  0.00000000E+00  0.00000000E+00  0.00000000E+00  0.10000000E-01  0.10000000E+01
 0.32000000E-09  0.37606605E-02  0.00000000E+00  0.54795568E-01  0.00000000E+00  0.00000000E+00  0.19213006E+09  0.00000000E+00  0.00000000E+00  0.00000000E+00  0.00000000E+00  0.00000000E+00  0.10000000E-01  0.10000000E+01
 0.33000000E-09  0.37606605E-02  0.00000000E+00  0.56716869E-01  0.00000000E+00  0.00000000E+00  0.19213006E+09  0.00000000E+00  0.00000000E+00  0.00000000E+00  0.00000000E+00  0.00000000E+00  0.10000000E-01  0.10000000E+01
 0.34000000E-09  0.37606605E-02  0.00000000E+00  0.58638170E-01  0.00000000E+00  0.00000000E+00  0.19213006E+09  0.00000000E+00  0.00000000E+00  0.00000000E+00  0.00000000E+00  0.00000000E+00  0.10000000E-01  0.10000000E+01
 0.35000000E-09  0.37606605E-02  0.00000000E+00  0.60559470E-01  0.00000000E+00  0.00000000E+00  0.19213006E+09  0.00000000E+00  0.00000000E+00  0.00000000E+00  0.00000000E+00  0.00000000E+00  0.10000000E-01  0.10000000E+01
 0.36000000E-09  0.37606605E-02  0.00000000E+00  0.62480771E-01  0.00000000E+00  0.00000000E+00  0.19213006E+09  0.00000000E+00  0.00000000E+00  0.00000000E+00  0.00000000E+00  0.00000000E+00  0.10000000E-01  0.10000000E+01
 0.37000000E-09  0.37606605E-02  0.00000000E+00  0.64402072E-01  0.00000000E+00  0.00000000E+00  0.19213006E+09  0.00000000E+00  0.00000000E+00  0.00000000E+00  0.00000000E+00  0.00000000E+00  0.10000000E-01  0.10000000E+01
 0.38000000E-09  0.37606605E-02  0.00000000E+00  0.66323372E-01  0.00000000E+00  0.00000000E+00  0.19213006E+09  0.00000000E+00  0.00000000E+00  0.00000000E+00  0.00000000E+00  0.00000000E+00  0.10000000E-01  0.10000000E+01
 0.39000000E-09  0.37606605E-02  0.00000000E+00  0.68244673E-01  0.00000000E+00  0.00000000E+00  0.19213006E+09  0.00000000E+00  0.00000000E+00  0.00000000E+00  0.00000000E+00  0.00000000E+00  0.10000000E-01  0.10000000E+01
 0.40000000E-09  0.37606605E-02  0.00000000E+00  0.70165974E-01  0.00000000E+00  0.00000000E+00  0.19213006E+09  0.00000000E+00  0.00000000E+00  0.00000000E+00  0.00000000E+00  0.00000000E+00  0.10000000E-01  0.10000000E+01
 0.41000000E-09  0.37606605E-02  0.00000000E+00  0.72087274E-01  0.00000000E+00  0.00000000E+00  0.19213006E+09  0.00000000E+00  0.00000000E+00  0.00000000E+00  0.00000000E+00  0.00000000E+00  0.10000000E-01  0.10000000E+01
 0.42000000E-09  0.37606605E-02  0.00000000E+00  0.74008575E-01  0.00000000E+00  0.00000000E+00  0.19213006E+09  0.00000000E+00  0.00000000E+00  0.00000000E+00  0.00000000E+00  0.00000000E+00  0.10000000E-01  0.10000000E+01
 0.43000000E-09  0.37606605E-02  0.00000000E+00  0.75929876E-01  0.00000000E+00  0.00000000E+00  0.19213006E+09  0.00000000E+00  0.00000000E+00  0.00000000E+00  0.00000000E+00  0.00000000E+00  0.10000000E-01  0.10000000E+01
 0.44000000E-09  0.37606605E-02  0.00000000E+00  0.77851176E-01  0.00000000E+00  0.00000000E+00  0.19213006E+09  0.00000000E+00  0.00000000E+00  0.00000000E+00  0.00000000E+00  0.00000000E+00  0.10000000E-01  0.10000000E+01
 0.45000000E-09  0.37606605E-02  0.00000000E+00  0.79772477E-01  0.00000000E+00  0.00000000E+00  0.19213006E+09  0.00000000E+00  0.00000000E+00  0.00000000E+00  0.00000000E+00  0.00000000E+00  0.10000000E-01  0.10000000E+01
 0.46000000E-09  0.37606605E-02  0.00000000E+00  0.81693778E-01  0.00000000E+00  0.00000000E+00  0.19213006E+09  0.00000000E+00  0.00000000E+00  0.00000000E+00  0.00000000E+00  0.00000000E+00  0.10000000E-01  0.10000000E+01
 0.47000000E-09  0.37606605E-02  0.00000000E+00  0.83615078E-01  0.00000000E+00  0.00000000E+00  0.19213006E+09  0.00000000E+00  0.00000000E+00  0.00000000E+00  0.00000000E+00  0.00000000E+00  0.10000000E-01  0.10000000E+01
 0.48000000E-09  0.37606605E-02  0.00000000E+00  0.85536379E-01  0.00000000E+00  0.00000000E+00  0.19213006E+09  0.00000000E+00  0.00000000E+00  0.00000000E+00  0.00000000E+00  0.00000000E+00  0.10000000E-01  0.10000000E+01
 0.49000000E-09  0.37606605E-02  0.00000000E+00  0.87457679E-01  0.00000000E+00  0.00000000E+00  0.19213006E+09  0.00000000E+00  0.00000000E+00  0.00000000E+00  0.00000000E+00  0.00000000E+00  0.10000000E-01  0.10000000E+01
 0.50000000E-09  0.37606605E-02  0.00000000E+00  0.89378980E-01  0.00000000E+00  0.00000000E+00  0.19213006E+09  0.00000000E+00  0.00000000E+00  0.00000000E+00  0.00000000E+00  0.00000000E+00  0.10000000E-01  0.10000000E+01
 0.51000000E-09  0.37606605E-02  0.00000000E+00  0.91300281E-01  0.00000000E+00  0.00000000E+00  0.19213006E+09  0.00000000E+00  0.00000000E+00  0.00000000E+00  0.00000000E+00  0.00000000E+00  0.10000000E-01  0.10000000E+01
 0.52000000E-09  0.37606605E-02  0.00000000E+00  0.93221581E-01  0.00000000E+00  0.00000000E+00  0.19213006E+09  0.00000000E+00  0.00000000E+00  0.00000000E+00  0.00000000E+00  0.00000000E+00  0.10000000E-01  0.10000000E+01
 0.53000000E-09  0.37606605E-02  0.00000000E+00  0.95142882E-01  0.00000000E+00  0.00000000E+00  0.19213006E+09  0.00000000E+00  0.00000000E+00  0.00000000E+00  0.00000000E+00  0.00000000E+00  0.10000000E-01  0.10000000E+01
 0.54000000E-09  0.37606605E-02  0.00000000E+00  0.97064183E-01  0.00000000E+00  0.00000000E+00  0.19213006E+09  0.00000000E+00  0.00000000E+00  0.00000000E+00  0.00000000E+00  0.00000000E+00  0.10000000E-01  0.10000000E+01
 0.55002000E-09  0.37606605E-02  0.00000000E+00  0.98989326E-01  0.00000000E+00  0.00000000E+00  0.19213006E+09  0.00000000E+00  0.00000000E+00  0.00000000E+00  0.00000000E+00  0.00000000E+00  0.10000000E-01  0.10000000E+01
 0.56002000E-09  0.37606605E-02  0.00000000E+00  0.10091063E+00  0.00000000E+00  0.00000000E+00  0.19213006E+09  0.00000000E+00  0.00000000E+00  0.00000000E+00  0.00000000E+00  0.00000000E+00  0.10000000E-01  0.10000000E+01
 0.57002000E-09  0.37606605E-02  0.00000000E+00  0.10283193E+00  0.00000000E+00  0.00000000E+00  0.19213006E+09  0.00000000E+00  0.00000000E+00  0.00000000E+00  0.00000000E+00  0.00000000E+00  0.10000000E-01  0.10000000E+01
 0.58002000E-09  0.37606605E-02  0.00000000E+00  0.10475323E+00  0.00000000E+00  0.00000000E+00  0.19213006E+09  0.00000000E+00  0.00000000E+00  0.00000000E+00  0.00000000E+00  0.00000000E+00  0.10000000E-01  0.10000000E+01
 0.59002000E-09  0.37606605E-02  0.00000000E+00  0.10667453E+00  0.00000000E+00  0.00000000E+00  0.19213006E+09  0.00000000E+00  0.00000000E+00  0.00000000E+00  0.00000000E+00  0.00000000E+00  0.10000000E-01  0.10000000E+01
 0.60002000E-09  0.37606605E-02  0.00000000E+00  0.10859583E+00  0.00000000E+00  0.00000000E+00  0.19213006E+09  0.00000000E+00  0.00000000E+00  0.00000000E+00  0.00000000E+00  0.00000000E+00  0.10000000E-01  0.10000000E+01
 0.61002000E-09  0.37606605E-02  0.00000000E+00  0.11051713E+00  0.00000000E+00  0.00000000E+00  0.19213006E+09  0.00000000E+00  0.00000000E+00  0.00000000E+00  0.00000000E+00  0.00000000E+00  0.10000000E-01  0.10000000E+01
 0.62002000E-09  0.37606605E-02  0.00000000E+00  0.11243843E+00  0.00000000E+00  0.00000000E+00  0.19213006E+09  0.00000000E+00  0.00000000E+00  0.00000000E+00  0.00000000E+00  0.00000000E+00  0.10000000E-01  0.10000000E+01
 0.63002000E-09  0.37606605E-02  0.00000000E+00  0.11435973E+00  0.00000000E+00  0.00000000E+00  0.19213006E+09  0.00000000E+00  0.00000000E+00  0.00000000E+00  0.00000000E+00  0.00000000E+00  0.10000000E-01  0.10000000E+01
 0.64002000E-09  0.37606605E-02  0.00000000E+00  0.11628103E+00  0.00000000E+00  0.00000000E+00  0.19213006E+09  0.00000000E+00  0.00000000E+00  0.00000000E+00  0.00000000E+00  0.00000000E+00  0.10000000E-01  0.10000000E+01
 0.65002000E-09  0.37606605E-02  0.00000000E+00  0.11820233E+00  0.00000000E+00  0.00000000E+00  0.19213006E+09  0.00000000E+00  0.00000000E+00  0.00000000E+00  0.00000000E+00  0.00000000E+00  0.10000000E-01  0.10000000E+01
 0.66002000E-09  0.37606605E-02  0.00000000E+00  0.12012363E+00  0.00000000E+00  0.00000000E+00  0.19213006E+09  0.00000000E+00  0.00000000E+00  0.00000000E+00  0.00000000E+00  0.00000000E+00  0.10000000E-01  0.10000000E+01
 0.67002000E-09  0.37606605E-02  0.00000000E+00  0.12204493E+00  0.00000000E+00  0.00000000E+00  0.19213006E+09  0.00000000E+00  0.00000000E+00  0.00000000E+00  0.00000000E+00  0.00000000E+00  0.10000000E-01  0.10000000E+01
 0.68002000E-09  0.37606605E-02  0.00000000E+00  0.12396623E+00  0.00000000E+00  0.00000000E+00  0.19213006E+09  0.00000000E+00  0.00000000E+00  0.00000000E+00  0.00000000E+00  0.00000000E+00  0.10000000E-01  0.10000000E+01
 0.69002000E-09  0.37606605E-02  0.00000000E+00  0.12588754E+00  0.00000000E+00  0.00000000E+00  0.19213006E+09  0.00000000E+00  0.00000000E+00  0.00000000E+00  0.00000000E+00  0.00000000E+00  0.10000000E-01  0.10000000E+01
 0.70002000E-09  0.37606605E-02  0.00000000E+00  0.12780884E+00  0.00000000E+00  0.00000000E+00  0.19213006E+09  0.00000000E+00  0.00000000E+00  0.00000000E+00  0.00000000E+00  0.00000000E+00  0.10000000E-01  0.10000000E+01
 0.71002000E-09  0.37606605E-02  0.00000000E+00  0.12973014E+00  0.00000000E+00  0.00000000E+00  0.19213006E+09  0.00000000E+00  0.00000000E+00  0.00000000E+00  0.00000000E+00  0.00000000E+00  0.10000000E-01  0.10000000E+01
 0.72002000E-09  0.37606605E-02  0.00000000E+00  0.13165144E+00  0.00000000E+00  0.00000000E+00  0.19213006E+09  0.00000000E+00  0.00000000E+00  0.00000000E+00  0.00000000E+00  0.00000000E+00  0.10000000E-01  0.10000000E+01
 0.73002000E-09  0.37606605E-02  0.00000000E+00  0.13357274E+00  0.00000000E+00  0.00000000E+00  0.19213006E+09  0.00000000E+00  0.00000000E+00  0.00000000E+00  0.00000000E+00  0.00000000E+00  0.10000000E-01  0.10000000E+01
 0.74002000E-09  0.37606605E-02  0.00000000E+00  0.13549404E+00  0.00000000E+00  0.00000000E+00  0.19213006E+09  0.00000000E+00  0.00000000E+00  0.00000000E+00  0.00000000E+00  0.00000000E+00  0.10000000E-01  0.10000000E+01
 0.75002000E-09  0.37606605E-02  0.00000000E+00  0.13741534E+00  0.00000000E+00  0.00000000E+00  0.19213006E+09  0.00000000E+00  0.00000000E+00  0.00000000E+00  0.00000000E+00  0.00000000E+00  0.10000000E-01  0.10000000E+01
 0.76002000E-09  0.37606605E-02  0.00000000E+00  0.13933664E+00  0.00000000E+00  0.00000000E+00  0.19213006E+09  0.00000000E+00  0.00000000E+00  0.00000000E+00  0.00000000E+00  0.00000000E+00  0.10000000E-01  0.10000000E+01
 0.77002000E-09  0.37606605E-02  0.00000000E+00  0.14125794E+00  0.00000000E+00  0.00000000E+00  0.19213006E+09  0.00000000E+00  0.00000000E+00  0.00000000E+00  0.00000000E+00  0.00000000E+00  0.10000000E-01  0.10000000E+01
 0.78002000E-09  0.37606605E-02  0.00000000E+00  0.14317924E+00  0.00000000E+00  0.00000000E+00  0.19213006E+09  0.00000000E+00  0.00000000E+00  0.00000000E+00  0.00000000E+00  0.00000000E+00  0.10000000E-01  0.10000000E+01
 0.79002000E-09  0.37606605E-02  0.00000000E+00  0.14510054E+00  0.00000000E+00  0.00000000E+00  0.19213006E+09  0.00000000E+00  0.00000000E+00  0.00000000E+00  0.00000000E+00  0.00000000E+00  0.10000000E-01  0.10000000E+01
 0.80002000E-09  0.37606605E-02  0.00000000E+00  0.14702184E+00  0.00000000E+00  0.00000000E+00  0.19213006E+09  0.00000000E+00  0.00000000E+00  0.00000000E+00  0.00000000E+00  0.00000000E+00  0.10000000E-01  0.10000000E+01
 0.81002000E-09  0.37606605E-02  0.00000000E+00  0.14894314E+00  0.00000000E+00  0.00000000E+00  0.19213006E+09  0.00000000E+00  0.00000000E+00  0.00000000E+00  0.00000000E+00  0.00000000E+00  0.10000000E-01  0.10000000E+01
 0.82002000E-09  0.37606605E-02  0.00000000E+00  0.15086444E+00  0.00000000E+00  0.00000000E+00  0.19213006E+09  0.00000000E+00  0.00000000E+00  0.00000000E+00  0.00000000E+00  0.00000000E+00  0.10000000E-01  0.10000000E+01
 0.83002000E-09  0.37606605E-02  0.00000000E+00  0.15278574E+00  0.00000000E+00  0.00000000E+00  0.19213006E+09  0.00000000E+00  0.00000000E+00  0.00000000E+00  0.00000000E+00  0.00000000E+00  0.10000000E-01  0.10000000E+01
 0.84002000E-09  0.37606605E-02  0.00000000E+00  0.15470704E+00  0.00000000E+00  0.00000000E+00  0.19213006E+09  0.00000000E+00  0.00000000E+00  0.00000000E+00  0.00000000E+00  0.00000000E+00  0.10000000E-01  0.10000000E+01
 0.85002000E-09  0.37606605E-02  0.00000000E+00  0.15662835E+00  0.00000000E+00  0.00000000E+00  0.19213006E+09  0.00000000E+00  0.00000000E+00  0.00000000E+00  0.00000000E+00  0.00000000E+00  0.10000000E-01  0.10000000E+01
 0.86002000E-09  0.37606605E-02  0.00000000E+00  0.15854965E+00  0.00000000E+00  0.00000000E+00  0.19213006E+09  0.00000000E+00  0.00000000E+00  0.00000000E+00  0.00000000E+00  0.00000000E+00  0.10000000E-01  0.10000000E+01
 0.87002000E-09  0.37606605E-02  0.00000000E+00  0.16047095E+00  0.00000000E+00  0.00000000E+00  0.19213006E+09  0.00000000E+00  0.00000000E+00  0.00000000E+00  0.00000000E+00  0.00000000E+00  0.10000000E-01  0.10000000E+01
 0.88002000E-09  0.37606605E-02  0.00000000E+00  0.16239225E+00  0.00000000E+00  0.00000000E+00  0.19213006E+09  0.00000000E+00  0.00000000E+00  0.00000000E+00  0.00000000E+00  0.00000000E+00  0.10000000E-01  0.10000000E+01
 0.89002000E-09  0.37606605E-02  0.00000000E+00  0.16431355E+00  0.00000000E+00  0.00000000E+00  0.19213006E+09  0.00000000E+00  0.00000000E+00  0.00000000E+00  0.00000000E+00  0.00000000E+00  0.10000000E-01  0.10000000E+01
 0.90002000E-09  0.37606605E-02  0.00000000E+00  0.16623485E+00  0.00000000E+00  0.00000000E+00  0.19213006E+09  0.00000000E+00  0.00000000E+00  0.00000000E+00  0.00000000E+00  0.00000000E+00  0.10000000E-01  0.10000000E+01
 0.91002000E-09  0.37606605E-02  0.00000000E+00  0.16815615E+00  0.00000000E+00  0.00000000E+00  0.19213006E+09  0.00000000E+00  0.00000000E+00  0.00000000E+00  0.00000000E+00  0.00000000E+00  0.10000000E-01  0.10000000E+01
 0.92002000E-09  0.37606605E-02  0.00000000E+00  0.17007745E+00  0.00000000E+00  0.00000000E+00  0.19213006E+09  0.00000000E+00  0.00000000E+00  0.00000000E+00  0.00000000E+00  0.00000000E+00  0.10000000E-01  0.10000000E+01
 0.93002000E-09  0.37606605E-02  0.00000000E+00  0.17199875E+00  0.00000000E+00  0.00000000E+00  0.19213006E+09  0.00000000E+00  0.00000000E+00  0.00000000E+00  0.00000000E+00  0.00000000E+00  0.10000000E-01  0.10000000E+01
 0.94002000E-09  0.37606605E-02  0.00000000E+00  0.17392005E+00  0.00000000E+00  0.00000000E+00  0.19213006E+09  0.00000000E+00  0.00000000E+00  0.00000000E+00  0.00000000E+00  0.00000000E+00  0.10000000E-01  0.10000000E+01
 0.95002000E-09  0.37606605E-02  0.00000000E+00  0.17584135E+00  0.00000000E+00  0.00000000E+00  0.19213006E+09  0.00000000E+00  0.00000000E+00  0.00000000E+00  0.00000000E+00  0.00000000E+00  0.10000000E-01  0.10000000E+01
 0.96002000E-09  0.37606605E-02  0.00000000E+00  0.17776265E+00  0.00000000E+00  0.00000000E+00  0.19213006E+09  0.00000000E+00  0.00000000E+00  0.00000000E+00  0.00000000E+00  0.00000000E+00  0.10000000E-01  0.10000000E+01
 0.97002000E-09  0.37606605E-02  0.00000000E+00  0.17968395E+00  0.00000000E+00  0.00000000E+00  0.19213006E+09  0.00000000E+00  0.00000000E+00  0.00000000E+00  0.00000000E+00  0.00000000E+00  0.10000000E-01  0.10000000E+01
 0.98002000E-09  0.37606605E-02  0.00000000E+00  0.18160525E+00  0.00000000E+00  0.00000000E+00  0.19213006E+09  0.00000000E+00  0.00000000E+00  0.00000000E+00  0.00000000E+00  0.00000000E+00  0.10000000E-01  0.10000000E+01
 0.99002000E-09  0.37606605E-02  0.00000000E+00  0.18352655E+00  0.00000000E+00  0.00000000E+00  0.19213006E+09  0.00000000E+00  0.00000000E+00  0.00000000E+00  0.00000000E+00  0.00000000E+00  0.10000000E-01  0.10000000E+01
 0.10000200E-08  0.37606605E-02  0.00000000E+00  0.18544786E+00  0.00000000E+00  0.00000000E+00  0.19213006E+09  0.00000000E+00  0.00000000E+00  0.00000000E+00  0.00000000E+00  0.00000000E+00  0.10000000E-01  0.10000000E+01
 0.10100200E-08  0.37606605E-02  0.00000000E+00  0.18736916E+00  0.00000000E+00  0.00000000E+00  0.19213006E+09  0.00000000E+00  0.00000000E+00  0.00000000E+00  0.00000000E+00  0.00000000E+00  0.10000000E-01  0.10000000E+01
 0.10200200E-08  0.37606605E-02  0.00000000E+00  0.18929046E+00  0.00000000E+00  0.00000000E+00  0.19213006E+09  0.00000000E+00  0.00000000E+00  0.00000000E+00  0.00000000E+00  0.00000000E+00  0.10000000E-01  0.10000000E+01
 0.10300200E-08  0.37606605E-02  0.00000000E+00  0.19121176E+00  0.00000000E+00  0.00000000E+00  0.19213006E+09  0.00000000E+00  0.00000000E+00  0.00000000E+00  0.00000000E+00  0.00000000E+00  0.10000000E-01  0.10000000E+01
 0.10400200E-08  0.37606605E-02  0.00000000E+00  0.19313306E+00  0.00000000E+00  0.00000000E+00  0.19213006E+09  0.00000000E+00  0.00000000E+00  0.00000000E+00  0.00000000E+00  0.00000000E+00  0.10000000E-01  0.10000000E+01
 0.10500200E-08  0.37606605E-02  0.00000000E+00  0.19505436E+00  0.00000000E+00  0.00000000E+00  0.19213006E+09  0.00000000E+00  0.00000000E+00  0.00000000E+00  0.00000000E+00  0.00000000E+00  0.10000000E-01  0.10000000E+01
 0.10600200E-08  0.37606605E-02  0.00000000E+00  0.19697566E+00  0.00000000E+00  0.00000000E+00  0.19213006E+09  0.00000000E+00  0.00000000E+00  0.00000000E+00  0.00000000E+00  0.00000000E+00  0.10000000E-01  0.10000000E+01
 0.10700200E-08  0.37606605E-02  0.00000000E+00  0.19889696E+00  0.00000000E+00  0.00000000E+00  0.19213006E+09  0.00000000E+00  0.00000000E+00  0.00000000E+00  0.00000000E+00  0.00000000E+00  0.10000000E-01  0.10000000E+01
 0.10800200E-08  0.37606605E-02  0.00000000E+00  0.20081826E+00  0.00000000E+00  0.00000000E+00  0.19213006E+09  0.00000000E+00  0.00000000E+00  0.00000000E+00  0.00000000E+00  0.00000000E+00  0.10000000E-01  0.10000000E+01
 0.10900200E-08  0.37606605E-02  0.00000000E+00  0.20273956E+00  0.00000000E+00  0.00000000E+00  0.19213006E+09  0.00000000E+00  0.00000000E+00  0.00000000E+00  0.00000000E+00  0.00000000E+00  0.10000000E-01  0.10000000E+01
 0.11000200E-08  0.37606605E-02  0.00000000E+00  0.20466086E+00  0.00000000E+00  0.00000000E+00  0.19213006E+09  0.00000000E+00  0.00000000E+00  0.00000000E+00  0.00000000E+00  0.00000000E+00  0.10000000E-01  0.10000000E+01
 0.11100200E-08  0.37606605E-02  0.00000000E+00  0.20658216E+00  0.00000000E+00  0.00000000E+00  0.19213006E+09  0.00000000E+00  0.00000000E+00  0.00000000E+00  0.00000000E+00  0.00000000E+00  0.10000000E-01  0.10000000E+01
 0.11200200E-08  0.37606605E-02  0.00000000E+00  0.20850346E+00  0.00000000E+00  0.00000000E+00  0.19213006E+09  0.00000000E+00  0.00000000E+00  0.00000000E+00  0.00000000E+00  0.00000000E+00  0.10000000E-01  0.10000000E+01
 0.11300200E-08  0.37606605E-02  0.00000000E+00  0.21042476E+00  0.00000000E+00  0.00000000E+00  0.19213006E+09  0.00000000E+00  0.00000000E+00  0.00000000E+00  0.00000000E+00  0.00000000E+00  0.10000000E-01  0.10000000E+01
 0.11400200E-08  0.37606605E-02  0.00000000E+00  0.21234606E+00  0.00000000E+00  0.00000000E+00  0.19213006E+09  0.00000000E+00  0.00000000E+00  0.00000000E+00  0.00000000E+00  0.00000000E+00  0.10000000E-01  0.10000000E+01
 0.11500200E-08  0.37606605E-02  0.00000000E+00  0.21426736E+00  0.00000000E+00  0.00000000E+00  0.19213006E+09  0.00000000E+00  0.00000000E+00  0.00000000E+00  0.00000000E+00  0.00000000E+00  0.10000000E-01  0.10000000E+01
 0.11600200E-08  0.37606605E-02  0.00000000E+00  0.21618867E+00  0.00000000E+00  0.00000000E+00  0.19213006E+09  0.00000000E+00  0.00000000E+00  0.00000000E+00  0.00000000E+00  0.00000000E+00  0.10000000E-01  0.10000000E+01
 0.11700200E-08  0.37606605E-02  0.00000000E+00  0.21810997E+00  0.00000000E+00  0.00000000E+00  0.19213006E+09  0.00000000E+00  0.00000000E+00  0.00000000E+00  0.00000000E+00  0.00000000E+00  0.10000000E-01  0.10000000E+01
 0.11800200E-08  0.37606605E-02  0.00000000E+00  0.22003127E+00  0.00000000E+00  0.00000000E+00  0.19213006E+09  0.00000000E+00  0.00000000E+00  0.00000000E+00  0.00000000E+00  0.00000000E+00  0.10000000E-01  0.10000000E+01
 0.11900200E-08  0.37606605E-02  0.00000000E+00  0.22195257E+00  0.00000000E+00  0.00000000E+00  0.19213006E+09  0.00000000E+00  0.00000000E+00  0.00000000E+00  0.00000000E+00  0.00000000E+00  0.10000000E-01  0.10000000E+01
 0.12000200E-08  0.37606605E-02  0.00000000E+00  0.22387387E+00  0.00000000E+00  0.00000000E+00  0.19213006E+09  0.00000000E+00  0.00000000E+00  0.00000000E+00  0.00000000E+00  0.00000000E+00  0.10000000E-01  0.10000000E+01
 0.12100200E-08  0.37606605E-02  0.00000000E+00  0.22579517E+00  0.00000000E+00  0.00000000E+00  0.19213006E+09  0.00000000E+00  0.00000000E+00  0.00000000E+00  0.00000000E+00  0.00000000E+00  0.10000000E-01  0.10000000E+01
 0.12200200E-08  0.37606605E-02  0.00000000E+00  0.22771647E+00  0.00000000E+00  0.00000000E+00  0.19213006E+09  0.00000000E+00  0.00000000E+00  0.00000000E+00  0.00000000E+00  0.00000000E+00  0.10000000E-01  0.10000000E+01
 0.12300200E-08  0.37606605E-02  0.00000000E+00  0.22963777E+00  0.00000000E+00  0.00000000E+00  0.19213006E+09  0.00000000E+00  0.00000000E+00  0.00000000E+00  0.00000000E+00  0.00000000E+00  0.10000000E-01  0.10000000E+01
 0.12400200E-08  0.37606605E-02  0.00000000E+00  0.23155907E+00  0.00000000E+00  0.00000000E+00  0.19213006E+09  0.00000000E+00  0.00000000E+00  0.00000000E+00  0.00000000E+00  0.00000000E+00  0.10000000E-01  0.10000000E+01
 0.12500200E-08  0.37606605E-02  0.00000000E+00  0.23348037E+00  0.00000000E+00  0.00000000E+00  0.19213006E+09  0.00000000E+00  0.00000000E+00  0.00000000E+00  0.00000000E+00  0.00000000E+00  0.10000000E-01  0.10000000E+01
 0.12600200E-08  0.37606605E-02  0.00000000E+00  0.23540167E+00  0.00000000E+00  0.00000000E+00  0.19213006E+09  0.00000000E+00  0.00000000E+00  0.00000000E+00  0.00000000E+00  0.00000000E+00  0.10000000E-01  0.10000000E+01
 0.12700200E-08  0.37606605E-02  0.00000000E+00  0.23732297E+00  0.00000000E+00  0.00000000E+00  0.19213006E+09  0.00000000E+00  0.00000000E+00  0.00000000E+00  0.00000000E+00  0.00000000E+00  0.10000000E-01  0.10000000E+01
 0.12800200E-08  0.37606605E-02  0.00000000E+00  0.23924427E+00  0.00000000E+00  0.00000000E+00  0.19213006E+09  0.00000000E+00  0.00000000E+00  0.00000000E+00  0.00000000E+00  0.00000000E+00  0.10000000E-01  0.10000000E+01
 0.12900200E-08  0.37606605E-02  0.00000000E+00  0.24116557E+00  0.00000000E+00  0.00000000E+00  0.19213006E+09  0.00000000E+00  0.00000000E+00  0.00000000E+00  0.00000000E+00  0.00000000E+00  0.10000000E-01  0.10000000E+01
 0.13000200E-08  0.37606605E-02  0.00000000E+00  0.24308687E+00  0.00000000E+00  0.00000000E+00  0.19213006E+09  0.00000000E+00  0.00000000E+00  0.00000000E+00  0.00000000E+00  0.00000000E+00  0.10000000E-01  0.10000000E+01
 0.13100200E-08  0.37606605E-02  0.00000000E+00  0.24500818E+00  0.00000000E+00  0.00000000E+00  0.19213006E+09  0.00000000E+00  0.00000000E+00  0.00000000E+00  0.00000000E+00  0.00000000E+00  0.10000000E-01  0.10000000E+01
 0.13200200E-08  0.37606605E-02  0.00000000E+00  0.24692948E+00  0.00000000E+00  0.00000000E+00  0.19213006E+09  0.00000000E+00  0.00000000E+00  0.00000000E+00  0.00000000E+00  0.00000000E+00  0.10000000E-01  0.10000000E+01
 0.13300200E-08  0.37606605E-02  0.00000000E+00  0.24885078E+00  0.00000000E+00  0.00000000E+00  0.19213006E+09  0.00000000E+00  0.00000000E+00  0.00000000E+00  0.00000000E+00  0.00000000E+00  0.10000000E-01  0.10000000E+01
 0.13400200E-08  0.37606605E-02  0.00000000E+00  0.25077208E+00  0.00000000E+00  0.00000000E+00  0.19213006E+09  0.00000000E+00  0.00000000E+00  0.00000000E+00  0.00000000E+00  0.00000000E+00  0.10000000E-01  0.10000000E+01
 0.13500200E-08  0.37606605E-02  0.00000000E+00  0.25269338E+00  0.00000000E+00  0.00000000E+00  0.19213006E+09  0.00000000E+00  0.00000000E+00  0.00000000E+00  0.00000000E+00  0.00000000E+00  0.10000000E-01  0.10000000E+01
 0.13600200E-08  0.37606605E-02  0.00000000E+00  0.25461468E+00  0.00000000E+00  0.00000000E+00  0.19213006E+09  0.00000000E+00  0.00000000E+00  0.00000000E+00  0.00000000E+00  0.00000000E+00  0.10000000E-01  0.10000000E+01
 0.13700200E-08  0.37606605E-02  0.00000000E+00  0.25653598E+00  0.00000000E+00  0.00000000E+00  0.19213006E+09  0.00000000E+00  0.00000000E+00  0.00000000E+00  0.00000000E+00  0.00000000E+00  0.10000000E-01  0.10000000E+01
 0.13800200E-08  0.37606605E-02  0.00000000E+00  0.25845728E+00  0.00000000E+00  0.00000000E+00  0.19213006E+09  0.00000000E+00  0.00000000E+00  0.00000000E+00  0.00000000E+00  0.00000000E+00  0.10000000E-01  0.10000000E+01
 0.13900200E-08  0.37606605E-02  0.00000000E+00  0.26037858E+00  0.00000000E+00  0.00000000E+00  0.19213006E+09  0.00000000E+00  0.00000000E+00  0.00000000E+00  0.00000000E+00  0.00000000E+00  0.10000000E-01  0.10000000E+01
 0.14000200E-08  0.37606605E-02  0.00000000E+00  0.26229988E+00  0.00000000E+00  0.00000000E+00  0.19213006E+09  0.00000000E+00  0.00000000E+00  0.00000000E+00  0.00000000E+00  0.00000000E+00  0.10000000E-01  0.10000000E+01
 0.14100200E-08  0.37606605E-02  0.00000000E+00  0.26422118E+00  0.00000000E+00  0.00000000E+00  0.19213006E+09  0.00000000E+00  0.00000000E+00  0.00000000E+00  0.00000000E+00  0.00000000E+00  0.10000000E-01  0.10000000E+01
 0.14200200E-08  0.37606605E-02  0.00000000E+00  0.26614248E+00  0.00000000E+00  0.00000000E+00  0.19213006E+09  0.00000000E+00  0.00000000E+00  0.00000000E+00  0.00000000E+00  0.00000000E+00  0.10000000E-01  0.10000000E+01
 0.14300200E-08  0.37606605E-02  0.00000000E+00  0.26806378E+00  0.00000000E+00  0.00000000E+00  0.19213006E+09  0.00000000E+00  0.00000000E+00  0.00000000E+00  0.00000000E+00  0.00000000E+00  0.10000000E-01  0.10000000E+01
 0.14400200E-08  0.37606605E-02  0.00000000E+00  0.26998508E+00  0.00000000E+00  0.00000000E+00  0.19213006E+09  0.00000000E+00  0.00000000E+00  0.00000000E+00  0.00000000E+00  0.00000000E+00  0.10000000E-01  0.10000000E+01
 0.14500200E-08  0.37606605E-02  0.00000000E+00  0.27190638E+00  0.00000000E+00  0.00000000E+00  0.19213006E+09  0.00000000E+00  0.00000000E+00  0.00000000E+00  0.00000000E+00  0.00000000E+00  0.10000000E-01  0.10000000E+01
 0.14600200E-08  0.37606605E-02  0.00000000E+00  0.27382769E+00  0.00000000E+00  0.00000000E+00  0.19213006E+09  0.00000000E+00  0.00000000E+00  0.00000000E+00  0.00000000E+00  0.00000000E+00  0.10000000E-01  0.10000000E+01
 0.14700200E-08  0.37606605E-02  0.00000000E+00  0.27574899E+00  0.00000000E+00  0.00000000E+00  0.19213006E+09  0.00000000E+00  0.00000000E+00  0.00000000E+00  0.00000000E+00  0.00000000E+00  0.10000000E-01  0.10000000E+01
 0.14800200E-08  0.37606605E-02  0.00000000E+00  0.27767029E+00  0.00000000E+00  0.00000000E+00  0.19213006E+09  0.00000000E+00  0.00000000E+00  0.00000000E+00  0.00000000E+00  0.00000000E+00  0.10000000E-01  0.10000000E+01
 0.14900200E-08  0.37606605E-02  0.00000000E+00  0.27959159E+00  0.00000000E+00  0.00000000E+00  0.19213006E+09  0.00000000E+00  0.00000000E+00  0.00000000E+00  0.00000000E+00  0.00000000E+00  0.10000000E-01  0.10000000E+01
 0.15000200E-08  0.37606605E-02  0.00000000E+00  0.28151289E+00  0.00000000E+00  0.00000000E+00  0.19213006E+09  0.00000000E+00  0.00000000E+00  0.00000000E+00  0.00000000E+00  0.00000000E+00  0.10000000E-01  0.10000000E+01
 0.15100200E-08  0.37606605E-02  0.00000000E+00  0.28343419E+00  0.00000000E+00  0.00000000E+00  0.19213006E+09  0.00000000E+00  0.00000000E+00  0.00000000E+00  0.00000000E+00  0.00000000E+00  0.10000000E-01  0.10000000E+01
 0.15200200E-08  0.37606605E-02  0.00000000E+00  0.28535549E+00  0.00000000E+00  0.00000000E+00  0.19213006E+09  0.00000000E+00  0.00000000E+00  0.00000000E+00  0.00000000E+00  0.00000000E+00  0.10000000E-01  0.10000000E+01
 0.15300200E-08  0.37606605E-02  0.00000000E+00  0.28727679E+00  0.00000000E+00  0.00000000E+00  0.19213006E+09  0.00000000E+00  0.00000000E+00  0.00000000E+00  0.00000000E+00  0.00000000E+00  0.10000000E-01  0.10000000E+01
 0.15400200E-08  0.37606605E-02  0.00000000E+00  0.28919809E+00  0.00000000E+00  0.00000000E+00  0.19213006E+09  0.00000000E+00  0.00000000E+00  0.00000000E+00  0.00000000E+00  0.00000000E+00  0.10000000E-01  0.10000000E+01
 0.15500200E-08  0.37606605E-02  0.00000000E+00  0.29111939E+00  0.00000000E+00  0.00000000E+00  0.19213006E+09  0.00000000E+00  0.00000000E+00  0.00000000E+00  0.00000000E+00  0.00000000E+00  0.10000000E-01  0.10000000E+01
 0.15600200E-08  0.37606605E-02  0.00000000E+00  0.29304069E+00  0.00000000E+00  0.00000000E+00  0.19213006E+09  0.00000000E+00  0.00000000E+00  0.00000000E+00  0.00000000E+00  0.00000000E+00  0.10000000E-01  0.10000000E+01
 0.15700200E-08  0.37606605E-02  0.00000000E+00  0.29496199E+00  0.00000000E+00  0.00000000E+00  0.19213006E+09  0.00000000E+00  0.00000000E+00  0.00000000E+00  0.00000000E+00  0.00000000E+00  0.10000000E-01  0.10000000E+01
 0.15800200E-08  0.37606605E-02  0.00000000E+00  0.29688329E+00  0.00000000E+00  0.00000000E+00  0.19213006E+09  0.00000000E+00  0.00000000E+00  0.00000000E+00  0.00000000E+00  0.00000000E+00  0.10000000E-01  0.10000000E+01
 0.15900200E-08  0.37606605E-02  0.00000000E+00  0.29880459E+00  0.00000000E+00  0.00000000E+00  0.19213006E+09  0.00000000E+00  0.00000000E+00  0.00000000E+00  0.00000000E+00  0.00000000E+00  0.10000000E-01  0.10000000E+01
 0.16000200E-08  0.37606605E-02  0.00000000E+00  0.30072589E+00  0.00000000E+00  0.00000000E+00  0.19213006E+09  0.00000000E+00  0.00000000E+00  0.00000000E+00  0.00000000E+00  0.00000000E+00  0.10000000E-01  0.10000000E+01
 0.16100200E-08  0.37606605E-02  0.00000000E+00  0.30264719E+00  0.00000000E+00  0.00000000E+00  0.19213006E+09  0.00000000E+00  0.00000000E+00  0.00000000E+00  0.00000000E+00  0.00000000E+00  0.10000000E-01  0.10000000E+01
 0.16200200E-08  0.37606605E-02  0.00000000E+00  0.30456850E+00  0.00000000E+00  0.00000000E+00  0.19213006E+09  0.00000000E+00  0.00000000E+00  0.00000000E+00  0.00000000E+00  0.00000000E+00  0.10000000E-01  0.10000000E+01
 0.16300200E-08  0.37606605E-02  0.00000000E+00  0.30648980E+00  0.00000000E+00  0.00000000E+00  0.19213006E+09  0.00000000E+00  0.00000000E+00  0.00000000E+00  0.00000000E+00  0.00000000E+00  0.10000000E-01  0.10000000E+01
 0.16400200E-08  0.37606605E-02  0.00000000E+00  0.30841110E+00  0.00000000E+00  0.00000000E+00  0.19213006E+09  0.00000000E+00  0.00000000E+00  0.00000000E+00  0.00000000E+00  0.00000000E+00  0.10000000E-01  0.10000000E+01
 0.16500200E-08  0.37606605E-02  0.00000000E+00  0.31033240E+00  0.00000000E+00  0.00000000E+00  0.19213006E+09  0.00000000E+00  0.00000000E+00  0.00000000E+00  0.00000000E+00  0.00000000E+00  0.10000000E-01  0.10000000E+01
 0.16600200E-08  0.37606605E-02  0.00000000E+00  0.31225370E+00  0.00000000E+00  0.00000000E+00  0.19213006E+09  0.00000000E+00  0.00000000E+00  0.00000000E+00  0.00000000E+00  0.00000000E+00  0.10000000E-01  0.10000000E+01
 0.16700200E-08  0.37606605E-02  0.00000000E+00  0.31417500E+00  0.00000000E+00  0.00000000E+00  0.19213006E+09  0.00000000E+00  0.00000000E+00  0.00000000E+00  0.00000000E+00  0.00000000E+00  0.10000000E-01  0.10000000E+01
 0.16800200E-08  0.37606605E-02  0.00000000E+00  0.31609630E+00  0.00000000E+00  0.00000000E+00  0.19213006E+09  0.00000000E+00  0.00000000E+00  0.00000000E+00  0.00000000E+00  0.00000000E+00  0.10000000E-01  0.10000000E+01
 0.16900200E-08  0.37606605E-02  0.00000000E+00  0.31801760E+00  0.00000000E+00  0.00000000E+00  0.19213006E+09  0.00000000E+00  0.00000000E+00  0.00000000E+00  0.00000000E+00  0.00000000E+00  0.10000000E-01  0.10000000E+01
 0.17000200E-08  0.37606605E-02  0.00000000E+00  0.31993890E+00  0.00000000E+00  0.00000000E+00  0.19213006E+09  0.00000000E+00  0.00000000E+00  0.00000000E+00  0.00000000E+00  0.00000000E+00  0.10000000E-01  0.10000000E+01
 0.17100200E-08  0.37606605E-02  0.00000000E+00  0.32186020E+00  0.00000000E+00  0.00000000E+00  0.19213006E+09  0.00000000E+00  0.00000000E+00  0.00000000E+00  0.00000000E+00  0.00000000E+00  0.10000000E-01  0.10000000E+01
 0.17200200E-08  0.37606605E-02  0.00000000E+00  0.32378150E+00  0.00000000E+00  0.00000000E+00  0.19213006E+09  0.00000000E+00  0.00000000E+00  0.00000000E+00  0.00000000E+00  0.00000000E+00  0.10000000E-01  0.10000000E+01
 0.17300200E-08  0.37606605E-02  0.00000000E+00  0.32570280E+00  0.00000000E+00  0.00000000E+00  0.19213006E+09  0.00000000E+00  0.00000000E+00  0.00000000E+00  0.00000000E+00  0.00000000E+00  0.10000000E-01  0.10000000E+01
 0.17400200E-08  0.37606605E-02  0.00000000E+00  0.32762410E+00  0.00000000E+00  0.00000000E+00  0.19213006E+09  0.00000000E+00  0.00000000E+00  0.00000000E+00  0.00000000E+00  0.00000000E+00  0.10000000E-01  0.10000000E+01
 0.17500200E-08  0.37606605E-02  0.00000000E+00  0.32954540E+00  0.00000000E+00  0.00000000E+00  0.19213006E+09  0.00000000E+00  0.00000000E+00  0.00000000E+00  0.00000000E+00  0.00000000E+00  0.10000000E-01  0.10000000E+01
 0.17600200E-08  0.37606605E-02  0.00000000E+00  0.33146670E+00  0.00000000E+00  0.00000000E+00  0.19213006E+09  0.00000000E+00  0.00000000E+00  0.00000000E+00  0.00000000E+00  0.00000000E+00  0.10000000E-01  0.10000000E+01
 0.17700200E-08  0.37606605E-02  0.00000000E+00  0.33338801E+00  0.00000000E+00  0.00000000E+00  0.19213006E+09  0.00000000E+00  0.00000000E+00  0.00000000E+00  0.00000000E+00  0.00000000E+00  0.10000000E-01  0.10000000E+01
 0.17800200E-08  0.37606605E-02  0.00000000E+00  0.33530931E+00  0.00000000E+00  0.00000000E+00  0.19213006E+09  0.00000000E+00  0.00000000E+00  0.00000000E+00  0.00000000E+00  0.00000000E+00  0.10000000E-01  0.10000000E+01
 0.17900200E-08  0.37606605E-02  0.00000000E+00  0.33723061E+00  0.00000000E+00  0.00000000E+00  0.19213006E+09  0.00000000E+00  0.00000000E+00  0.00000000E+00  0.00000000E+00  0.00000000E+00  0.10000000E-01  0.10000000E+01
 0.18000200E-08  0.37606605E-02  0.00000000E+00  0.33915191E+00  0.00000000E+00  0.00000000E+00  0.19213006E+09  0.00000000E+00  0.00000000E+00  0.00000000E+00  0.00000000E+00  0.00000000E+00  0.10000000E-01  0.10000000E+01
 0.18100200E-08  0.37606605E-02  0.00000000E+00  0.34107321E+00  0.00000000E+00  0.00000000E+00  0.19213006E+09  0.00000000E+00  0.00000000E+00  0.00000000E+00  0.00000000E+00  0.00000000E+00  0.10000000E-01  0.10000000E+01
 0.18200200E-08  0.37606605E-02  0.00000000E+00  0.34299451E+00  0.00000000E+00  0.00000000E+00  0.19213006E+09  0.00000000E+00  0.00000000E+00  0.00000000E+00  0.00000000E+00  0.00000000E+00  0.10000000E-01  0.10000000E+01
 0.18300200E-08  0.37606605E-02  0.00000000E+00  0.34491581E+00  0.00000000E+00  0.00000000E+00  0.19213006E+09  0.00000000E+00  0.00000000E+00  0.00000000E+00  0.00000000E+00  0.00000000E+00  0.10000000E-01  0.10000000E+01
 0.18400200E-08  0.37606605E-02  0.00000000E+00  0.34683711E+00  0.00000000E+00  0.00000000E+00  0.19213006E+09  0.00000000E+00  0.00000000E+00  0.00000000E+00  0.00000000E+00  0.00000000E+00  0.10000000E-01  0.10000000E+01
 0.18500200E-08  0.37606605E-02  0.00000000E+00  0.34875841E+00  0.00000000E+00  0.00000000E+00  0.19213006E+09  0.00000000E+00  0.00000000E+00  0.00000000E+00  0.00000000E+00  0.00000000E+00  0.10000000E-01  0.10000000E+01
 0.18600200E-08  0.37606605E-02  0.00000000E+00  0.35067971E+00  0.00000000E+00  0.00000000E+00  0.19213006E+09  0.00000000E+00  0.00000000E+00  0.00000000E+00  0.00000000E+00  0.00000000E+00  0.10000000E-01  0.10000000E+01
 0.18700200E-08  0.37606605E-02  0.00000000E+00  0.35260101E+00  0.00000000E+00  0.00000000E+00  0.19213006E+09  0.00000000E+00  0.00000000E+00  0.00000000E+00  0.00000000E+00  0.00000000E+00  0.10000000E-01  0.10000000E+01
 0.18800200E-08  0.37606605E-02  0.00000000E+00  0.35452231E+00  0.00000000E+00  0.00000000E+00  0.19213006E+09  0.00000000E+00  0.00000000E+00  0.00000000E+00  0.00000000E+00  0.00000000E+00  0.10000000E-01  0.10000000E+01
 0.18900200E-08  0.37606605E-02  0.00000000E+00  0.35644361E+00  0.00000000E+00  0.00000000E+00  0.19213006E+09  0.00000000E+00  0.00000000E+00  0.00000000E+00  0.00000000E+00  0.00000000E+00  0.10000000E-01  0.10000000E+01
 0.19000200E-08  0.37606605E-02  0.00000000E+00  0.35836491E+00  0.00000000E+00  0.00000000E+00  0.19213006E+09  0.00000000E+00  0.00000000E+00  0.00000000E+00  0.00000000E+00  0.00000000E+00  0.10000000E-01  0.10000000E+01
 0.19100200E-08  0.37606605E-02  0.00000000E+00  0.36028621E+00  0.00000000E+00  0.00000000E+00  0.19213006E+09  0.00000000E+00  0.00000000E+00  0.00000000E+00  0.00000000E+00  0.00000000E+00  0.10000000E-01  0.10000000E+01
 0.19200200E-08  0.37606605E-02  0.00000000E+00  0.36220752E+00  0.00000000E+00  0.00000000E+00  0.19213006E+09  0.00000000E+00  0.00000000E+00  0.00000000E+00  0.00000000E+00  0.00000000E+00  0.10000000E-01  0.10000000E+01
 0.19300200E-08  0.37606605E-02  0.00000000E+00  0.36412882E+00  0.00000000E+00  0.00000000E+00  0.19213006E+09  0.00000000E+00  0.00000000E+00  0.00000000E+00  0.00000000E+00  0.00000000E+00  0.10000000E-01  0.10000000E+01
 0.19400200E-08  0.37606605E-02  0.00000000E+00  0.36605012E+00  0.00000000E+00  0.00000000E+00  0.19213006E+09  0.00000000E+00  0.00000000E+00  0.00000000E+00  0.00000000E+00  0.00000000E+00  0.10000000E-01  0.10000000E+01
 0.19500200E-08  0.37606605E-02  0.00000000E+00  0.36797142E+00  0.00000000E+00  0.00000000E+00  0.19213006E+09  0.00000000E+00  0.00000000E+00  0.00000000E+00  0.00000000E+00  0.00000000E+00  0.10000000E-01  0.10000000E+01
 0.19600200E-08  0.37606605E-02  0.00000000E+00  0.36989272E+00  0.00000000E+00  0.00000000E+00  0.19213006E+09  0.00000000E+00  0.00000000E+00  0.00000000E+00  0.00000000E+00  0.00000000E+00  0.10000000E-01  0.10000000E+01
 0.19700200E-08  0.37606605E-02  0.00000000E+00  0.37181402E+00  0.00000000E+00  0.00000000E+00  0.19213006E+09  0.00000000E+00  0.00000000E+00  0.00000000E+00  0.00000000E+00  0.00000000E+00  0.10000000E-01  0.10000000E+01
 0.19800200E-08  0.37606605E-02  0.00000000E+00  0.37373532E+00  0.00000000E+00  0.00000000E+00  0.19213006E+09  0.00000000E+00  0.00000000E+00  0.00000000E+00  0.00000000E+00  0.00000000E+00  0.10000000E-01  0.10000000E+01
 0.19900200E-08  0.37606605E-02  0.00000000E+00  0.37565662E+00  0.00000000E+00  0.00000000E+00  0.19213006E+09  0.00000000E+00  0.00000000E+00  0.00000000E+00  0.00000000E+00  0.00000000E+00  0.10000000E-01  0.10000000E+01
