# ptime xp yp zp vx vy vz ex ey ez bx by bz wt
 0.20000000E-13  0.17209283E-01  0.00000000E+00 -0.12287353E-01  0.00000000E+00  0.00000000E+00  0.19446435E+09  0.00000000E+00  0.00000000E+00  0.00000000E+00  0.00000000E+00  0.00000000E+00  0.10000000E-01  0.10000000E+01
 0.10000000E-10  0.17209283E-01  0.00000000E+00 -0.10346599E-01  0.00000000E+00  0.00000000E+00  0.19446435E+09  0.00000000E+00  0.00000000E+00  0.00000000E+00  0.00000000E+00  0.00000000E+00  0.10000000E-01  0.10000000E+01
 0.20000000E-10  0.17209283E-01  0.00000000E+00 -0.84019551E-02  0.00000000E+00  0.00000000E+00  0.19446435E+09  0.00000000E+00  0.00000000E+00  0.00000000E+00  0.00000000E+00  0.00000000E+00  0.10000000E-01  0.10000000E+01
 0.30000000E-10  0.17209283E-01  0.00000000E+00 -0.64573117E-02  0.00000000E+00  0.00000000E+00  0.19446435E+09  0.00000000E+00  0.00000000E+00  0.00000000E+00  0.00000000E+00  0.00000000E+00  0.10000000E-01  0.10000000E+01
 0.40020000E-10  0.17209283E-01  0.00000000E+00 -0.45087789E-02  0.00000000E+00  0.00000000E+00  0.19446435E+09  0.00000000E+00  0.00000000E+00  0.00000000E+00  0.00000000E+00  0.00000000E+00  0.10000000E-01  0.10000000E+01
 0.50020000E-10  0.17209283E-01  0.00000000E+00 -0.25641354E-02  0.00000000E+00  0.00000000E+00  0.19446435E+09  0.00000000E+00  0.00000000E+00  0.00000000E+00  0.00000000E+00  0.00000000E+00  0.10000000E-01  0.10000000E+01
 0.60020000E-10  0.17209283E-01  0.00000000E+00 -0.61949193E-03  0.00000000E+00  0.00000000E+00  0.19446435E+09  0.00000000E+00  0.00000000E+00  0.00000000E+00  0.00000000E+00  0.00000000E+00  0.10000000E-01  0.10000000E+01
 0.70020000E-10  0.17209283E-01  0.00000000E+00  0.13251515E-02  0.00000000E+00  0.00000000E+00  0.19446435E+09  0.00000000E+00  0.00000000E+00  0.00000000E+00  0.00000000E+00  0.00000000E+00  0.10000000E-01  0.10000000E+01
 0.80000000E-10  0.17209283E-01  0.00000000E+00  0.32659057E-02  0.00000000E+00  0.00000000E+00  0.19446435E+09  0.00000000E+00  0.00000000E+00  0.00000000E+00  0.00000000E+00  0.00000000E+00  0.10000000E-01  0.10000000E+01
 0.90000000E-10  0.17209283E-01  0.00000000E+00  0.52105492E-02  0.00000000E+00  0.00000000E+00  0.19446435E+09  0.00000000E+00  0.00000000E+00  0.00000000E+00  0.00000000E+00  0.00000000E+00  0.10000000E-01  0.10000000E+01
 0.10000000E-09  0.17209283E-01  0.00000000E+00  0.71551927E-02  0.00000000E+00  0.00000000E+00  0.19446435E+09  0.00000000E+00  0.00000000E+00  0.00000000E+00  0.00000000E+00  0.00000000E+00  0.10000000E-01  0.10000000E+01
 0.11000000E-09  0.17209283E-01  0.00000000E+00  0.90998362E-02  0.00000000E+00  0.00000000E+00  0.19446435E+09  0.00000000E+00  0.00000000E+00  0.00000000E+00  0.00000000E+00  0.00000000E+00  0.10000000E-01  0.10000000E+01
 0.12000000E-09  0.17209283E-01  0.00000000E+00  0.11044480E-01  0.00000000E+00  0.00000000E+00  0.19446435E+09  0.00000000E+00  0.00000000E+00  0.00000000E+00  0.00000000E+00  0.00000000E+00  0.10000000E-01  0.10000000E+01
 0.13000000E-09  0.17209283E-01  0.00000000E+00  0.12989123E-01  0.00000000E+00  0.00000000E+00  0.19446435E+09  0.00000000E+00  0.00000000E+00  0.00000000E+00  0.00000000E+00  0.00000000E+00  0.10000000E-01  0.10000000E+01
 0.14002000E-09  0.17209283E-01  0.00000000E+00  0.14937656E-01  0.00000000E+00  0.00000000E+00  0.19446435E+09  0.00000000E+00  0.00000000E+00  0.00000000E+00  0.00000000E+00  0.00000000E+00  0.10000000E-01  0.10000000E+01
 0.15002000E-09  0.17209283E-01  0.00000000E+00  0.16882299E-01  0.00000000E+00  0.00000000E+00  0.19446435E+09  0.00000000E+00  0.00000000E+00  0.00000000E+00  0.00000000E+00  0.00000000E+00  0.10000000E-01  0.10000000E+01
 0.16002000E-09  0.17209283E-01  0.00000000E+00  0.18826943E-01  0.00000000E+00  0.00000000E+00  0.19446435E+09  0.00000000E+00  0.00000000E+00  0.00000000E+00  0.00000000E+00  0.00000000E+00  0.10000000E-01  0.10000000E+01
 0.17002000E-09  0.17209283E-01  0.00000000E+00  0.20771586E-01  0.00000000E+00  0.00000000E+00  0.19446435E+09  0.00000000E+00  0.00000000E+00  0.00000000E+00  0.00000000E+00  0.00000000E+00  0.10000000E-01  0.10000000E+01
 0.18002000E-09  0.17209283E-01  0.00000000E+00  0.22716230E-01  0.00000000E+00  0.00000000E+00  0.19446435E+09  0.00000000E+00  0.00000000E+00  0.00000000E+00  0.00000000E+00  0.00000000E+00  0.10000000E-01  0.10000000E+01
 0.19002000E-09  0.17209283E-01  0.00000000E+00  0.24660873E-01  0.00000000E+00  0.00000000E+00  0.19446435E+09  0.00000000E+00  0.00000000E+00  0.00000000E+00  0.00000000E+00  0.00000000E+00  0.10000000E-01  0.10000000E+01
 0.20002000E-09  0.17209283E-01  0.00000000E+00  0.26605517E-01  0.00000000E+00  0.00000000E+00  0.19446435E+09  0.00000000E+00  0.00000000E+00  0.00000000E+00  0.00000000E+00  0.00000000E+00  0.10000000E-01  0.10000000E+01
 0.21002000E-09  0.17209283E-01  0.00000000E+00  0.28550160E-01  0.00000000E+00  0.00000000E+00  0.19446435E+09  0.00000000E+00  0.00000000E+00  0.00000000E+00  0.00000000E+00  0.00000000E+00  0.10000000E-01  0.10000000E+01
 0.22002000E-09  0.17209283E-01  0.00000000E+00  0.30494804E-01  0.00000000E+00  0.00000000E+00  0.19446435E+09  0.00000000E+00  0.00000000E+00  0.00000000E+00  0.00000000E+00  0.00000000E+00  0.10000000E-01  0.10000000E+01
 0.23002000E-09  0.17209283E-01  0.00000000E+00  0.32439447E-01  0.00000000E+00  0.00000000E+00  0.19446435E+09  0.00000000E+00  0.00000000E+00  0.00000000E+00  0.00000000E+00  0.00000000E+00  0.10000000E-01  0.10000000E+01
 0.24002000E-09  0.17209283E-01  0.00000000E+00  0.34384091E-01  0.00000000E+00  0.00000000E+00  0.19446435E+09  0.00000000E+00  0.00000000E+00  0.00000000E+00  0.00000000E+00  0.00000000E+00  0.10000000E-01  0.10000000E+01
 0.25002000E-09  0.17209283E-01  0.00000000E+00  0.36328734E-01  0.00000000E+00  0.00000000E+00  0.19446435E+09  0.00000000E+00  0.00000000E+00  0.00000000E+00  0.00000000E+00  0.00000000E+00  0.10000000E-01  0.10000000E+01
 0.26002000E-09  0.17209283E-01  0.00000000E+00  0.38273378E-01  0.00000000E+00  0.00000000E+00  0.19446435E+09  0.00000000E+00  0.00000000E+00  0.00000000E+00  0.00000000E+00  0.00000000E+00  0.10000000E-01  0.10000000E+01
 0.27002000E-09  0.17209283E-01  0.00000000E+00  0.40218021E-01  0.00000000E+00  0.00000000E+00  0.19446435E+09  0.00000000E+00  0.00000000E+00  0.00000000E+00  0.00000000E+00  0.00000000E+00  0.10000000E-01  0.10000000E+01
 0.28002000E-09  0.17209283E-01  0.00000000E+00  0.42162665E-01  0.00000000E+00  0.00000000E+00  0.19446435E+09  0.00000000E+00  0.00000000E+00  0.00000000E+00  0.00000000E+00  0.00000000E+00  0.10000000E-01  0.10000000E+01
 0.29002000E-09  0.17209283E-01  0.00000000E+00  0.44107308E-01  0.00000000E+00  0.00000000E+00  0.19446435E+09  0.00000000E+00  0.00000000E+00  0.00000000E+00  0.00000000E+00  0.00000000E+00  0.10000000E-01  0.10000000E+01
 0.30000000E-09  0.17209283E-01  0.00000000E+00  0.46048062E-01  0.00000000E+00  0.00000000E+00  0.19446435E+09  0.00000000E+00  0.00000000E+00  0.00000000E+00  0.00000000E+00  0.00000000E+00  0.10000000E-01  0.10000000E+01
 0.31000000E-09  0.17209283E-01  0.00000000E+00  0.47992706E-01  0.00000000E+00  0.00000000E+00  0.19446435E+09  0.00000000E+00  0.00000000E+00  0.00000000E+00  0.00000000E+00  0.00000000E+00  0.10000000E-01  0.10000000E+01
 0.32000000E-09  0.17209283E-01  0.00000000E+00  0.49937349E-01  0.00000000E+00  0.00000000E+00  0.19446435E+09  0.00000000E+00  0.00000000E+00  0.00000000E+00  0.00000000E+00  0.00000000E+00  0.10000000E-01  0.10000000E+01
 0.33000000E-09  0.17209283E-01  0.00000000E+00  0.51881993E-01  0.00000000E+00  0.00000000E+00  0.19446435E+09  0.00000000E+00  0.00000000E+00  0.00000000E+00  0.00000000E+00  0.00000000E+00  0.10000000E-01  0.10000000E+01
 0.34000000E-09  0.17209283E-01  0.00000000E+00  0.53826636E-01  0.00000000E+00  0.00000000E+00  0.19446435E+09  0.00000000E+00  0.00000000E+00  0.00000000E+00  0.00000000E+00  0.00000000E+00  0.10000000E-01  0.10000000E+01
 0.35000000E-09  0.17209283E-01  0.00000000E+00  0.55771280E-01  0.00000000E+00  0.00000000E+00  0.19446435E+09  0.00000000E+00  0.00000000E+00  0.00000000E+00  0.00000000E+00  0.00000000E+00  0.10000000E-01  0.10000000E+01
 0.36000000E-09  0.17209283E-01  0.00000000E+00  0.57715923E-01  0.00000000E+00  0.00000000E+00  0.19446435E+09  0.00000000E+00  0.00000000E+00  0.00000000E+00  0.00000000E+00  0.00000000E+00  0.10000000E-01  0.10000000E+01
 0.37000000E-09  0.17209283E-01  0.00000000E+00  0.59660567E-01  0.00000000E+00  0.00000000E+00  0.19446435E+09  0.00000000E+00  0.00000000E+00  0.00000000E+00  0.00000000E+00  0.00000000E+00  0.10000000E-01  0.10000000E+01
 0.38000000E-09  0.17209283E-01  0.00000000E+00  0.61605210E-01  0.00000000E+00  0.00000000E+00  0.19446435E+09  0.00000000E+00  0.00000000E+00  0.00000000E+00  0.00000000E+00  0.00000000E+00  0.10000000E-01  0.10000000E+01
 0.39000000E-09  0.17209283E-01  0.00000000E+00  0.63549854E-01  0.00000000E+00  0.00000000E+00  0.19446435E+09  0.00000000E+00  0.00000000E+00  0.00000000E+00  0.00000000E+00  0.00000000E+00  0.10000000E-01  0.10000000E+01
 0.40000000E-09  0.17209283E-01  0.00000000E+00  0.65494497E-01  0.00000000E+00  0.00000000E+00  0.19446435E+09  0.00000000E+00  0.00000000E+00  0.00000000E+00  0.00000000E+00  0.00000000E+00  0.10000000E-01  0.10000000E+01
 0.41000000E-09  0.17209283E-01  0.00000000E+00  0.67439141E-01  0.00000000E+00  0.00000000E+00  0.19446435E+09  0.00000000E+00  0.00000000E+00  0.00000000E+00  0.00000000E+00  0.00000000E+00  0.10000000E-01  0.10000000E+01
 0.42000000E-09  0.17209283E-01  0.00000000E+00  0.69383784E-01  0.00000000E+00  0.00000000E+00  0.19446435E+09  0.00000000E+00  0.00000000E+00  0.00000000E+00  0.00000000E+00  0.00000000E+00  0.10000000E-01  0.10000000E+01
 0.43000000E-09  0.17209283E-01  0.00000000E+00  0.71328428E-01  0.00000000E+00  0.00000000E+00  0.19446435E+09  0.00000000E+00  0.00000000E+00  0.00000000E+00  0.00000000E+00  0.00000000E+00  0.10000000E-01  0.10000000E+01
 0.44000000E-09  0.17209283E-01  0.00000000E+00  0.73273071E-01  0.00000000E+00  0.00000000E+00  0.19446435E+09  0.00000000E+00  0.00000000E+00  0.00000000E+00  0.00000000E+00  0.00000000E+00  0.10000000E-01  0.10000000E+01
 0.45000000E-09  0.17209283E-01  0.00000000E+00  0.75217714E-01  0.00000000E+00  0.00000000E+00  0.19446435E+09  0.00000000E+00  0.00000000E+00  0.00000000E+00  0.00000000E+00  0.00000000E+00  0.10000000E-01  0.10000000E+01
 0.46000000E-09  0.17209283E-01  0.00000000E+00  0.77162358E-01  0.00000000E+00  0.00000000E+00  0.19446435E+09  0.00000000E+00  0.00000000E+00  0.00000000E+00  0.00000000E+00  0.00000000E+00  0.10000000E-01  0.10000000E+01
 0.47000000E-09  0.17209283E-01  0.00000000E+00  0.79107001E-01  0.00000000E+00  0.00000000E+00  0.19446435E+09  0.00000000E+00  0.00000000E+00  0.00000000E+00  0.00000000E+00  0.00000000E+00  0.10000000E-01  0.10000000E+01
 0.48000000E-09  0.17209283E-01  0.00000000E+00  0.81051645E-01  0.00000000E+00  0.00000000E+00  0.19446435E+09  0.00000000E+00  0.00000000E+00  0.00000000E+00  0.00000000E+00  0.00000000E+00  0.10000000E-01  0.10000000E+01
 0.49000000E-09  0.17209283E-01  0.00000000E+00  0.82996288E-01  0.00000000E+00  0.00000000E+00  0.19446435E+09  0.00000000E+00  0.00000000E+00  0.00000000E+00  0.00000000E+00  0.00000000E+00  0.10000000E-01  0.10000000E+01
 0.50000000E-09  0.17209283E-01  0.00000000E+00  0.84940932E-01  0.00000000E+00  0.00000000E+00  0.19446435E+09  0.00000000E+00  0.00000000E+00  0.00000000E+00  0.00000000E+00  0.00000000E+00  0.10000000E-01  0.10000000E+01
 0.51000000E-09  0.17209283E-01  0.00000000E+00  0.86885575E-01  0.00000000E+00  0.00000000E+00  0.19446435E+09  0.00000000E+00  0.00000000E+00  0.00000000E+00  0.00000000E+00  0.00000000E+00  0.10000000E-01  0.10000000E+01
 0.52000000E-09  0.17209283E-01  0.00000000E+00  0.88830219E-01  0.00000000E+00  0.00000000E+00  0.19446435E+09  0.00000000E+00  0.00000000E+00  0.00000000E+00  0.00000000E+00  0.00000000E+00  0.10000000E-01  0.10000000E+01
 0.53000000E-09  0.17209283E-01  0.00000000E+00  0.90774862E-01  0.00000000E+00  0.00000000E+00  0.19446435E+09  0.00000000E+00  0.00000000E+00  0.00000000E+00  0.00000000E+00  0.00000000E+00  0.10000000E-01  0.10000000E+01
 0.54000000E-09  0.17209283E-01  0.00000000E+00  0.92719506E-01  0.00000000E+00  0.00000000E+00  0.19446435E+09  0.00000000E+00  0.00000000E+00  0.00000000E+00  0.00000000E+00  0.00000000E+00  0.10000000E-01  0.10000000E+01
 0.55002000E-09  0.17209283E-01  0.00000000E+00  0.94668039E-01  0.00000000E+00  0.00000000E+00  0.19446435E+09  0.00000000E+00  0.00000000E+00  0.00000000E+00  0.00000000E+00  0.00000000E+00  0.10000000E-01  0.10000000E+01
 0.56002000E-09  0.17209283E-01  0.00000000E+00  0.96612682E-01  0.00000000E+00  0.00000000E+00  0.19446435E+09  0.00000000E+00  0.00000000E+00  0.00000000E+00  0.00000000E+00  0.00000000E+00  0.10000000E-01  0.10000000E+01
 0.57002000E-09  0.17209283E-01  0.00000000E+00  0.98557326E-01  0.00000000E+00  0.00000000E+00  0.19446435E+09  0.00000000E+00  0.00000000E+00  0.00000000E+00  0.00000000E+00  0.00000000E+00  0.10000000E-01  0.10000000E+01
 0.58002000E-09  0.17209283E-01  0.00000000E+00  0.10050197E+00  0.00000000E+00  0.00000000E+00  0.19446435E+09  0.00000000E+00  0.00000000E+00  0.00000000E+00  0.00000000E+00  0.00000000E+00  0.10000000E-01  0.10000000E+01
 0.59002000E-09  0.17209283E-01  0.00000000E+00  0.10244661E+00  0.00000000E+00  0.00000000E+00  0.19446435E+09  0.00000000E+00  0.00000000E+00  0.00000000E+00  0.00000000E+00  0.00000000E+00  0.10000000E-01  0.10000000E+01
 0.60002000E-09  0.17209283E-01  0.00000000E+00  0.10439126E+00  0.00000000E+00  0.00000000E+00  0.19446435E+09  0.00000000E+00  0.00000000E+00  0.00000000E+00  0.00000000E+00  0.00000000E+00  0.10000000E-01  0.10000000E+01
 0.61002000E-09  0.17209283E-01  0.00000000E+00  0.10633590E+00  0.00000000E+00  0.00000000E+00  0.19446435E+09  0.00000000E+00  0.00000000E+00  0.00000000E+00  0.00000000E+00  0.00000000E+00  0.10000000E-01  0.10000000E+01
 0.62002000E-09  0.17209283E-01  0.00000000E+00  0.10828054E+00  0.00000000E+00  0.00000000E+00  0.19446435E+09  0.00000000E+00  0.00000000E+00  0.00000000E+00  0.00000000E+00  0.00000000E+00  0.10000000E-01  0.10000000E+01
 0.63002000E-09  0.17209283E-01  0.00000000E+00  0.11022519E+00  0.00000000E+00  0.00000000E+00  0.19446435E+09  0.00000000E+00  0.00000000E+00  0.00000000E+00  0.00000000E+00  0.00000000E+00  0.10000000E-01  0.10000000E+01
 0.64002000E-09  0.17209283E-01  0.00000000E+00  0.11216983E+00  0.00000000E+00  0.00000000E+00  0.19446435E+09  0.00000000E+00  0.00000000E+00  0.00000000E+00  0.00000000E+00  0.00000000E+00  0.10000000E-01  0.10000000E+01
 0.65002000E-09  0.17209283E-01  0.00000000E+00  0.11411447E+00  0.00000000E+00  0.00000000E+00  0.19446435E+09  0.00000000E+00  0.00000000E+00  0.00000000E+00  0.00000000E+00  0.00000000E+00  0.10000000E-01  0.10000000E+01
 0.66002000E-09  0.17209283E-01  0.00000000E+00  0.11605912E+00  0.00000000E+00  0.00000000E+00  0.19446435E+09  0.00000000E+00  0.00000000E+00  0.00000000E+00  0.00000000E+00  0.00000000E+00  0.10000000E-01  0.10000000E+01
 0.67002000E-09  0.17209283E-01  0.00000000E+00  0.11800376E+00  0.00000000E+00  0.00000000E+00  0.19446435E+09  0.00000000E+00  0.00000000E+00  0.00000000E+00  0.00000000E+00  0.00000000E+00  0.10000000E-01  0.10000000E+01
 0.68002000E-09  0.17209283E-01  0.00000000E+00  0.11994840E+00  0.00000000E+00  0.00000000E+00  0.19446435E+09  0.00000000E+00  0.00000000E+00  0.00000000E+00  0.00000000E+00  0.00000000E+00  0.10000000E-01  0.10000000E+01
 0.69002000E-09  0.17209283E-01  0.00000000E+00  0.12189305E+00  0.00000000E+00  0.00000000E+00  0.19446435E+09  0.00000000E+00  0.00000000E+00  0.00000000E+00  0.00000000E+00  0.00000000E+00  0.10000000E-01  0.10000000E+01
 0.70002000E-09  0.17209283E-01  0.00000000E+00  0.12383769E+00  0.00000000E+00  0.00000000E+00  0.19446435E+09  0.00000000E+00  0.00000000E+00  0.00000000E+00  0.00000000E+00  0.00000000E+00  0.10000000E-01  0.10000000E+01
 0.71002000E-09  0.17209283E-01  0.00000000E+00  0.12578233E+00  0.00000000E+00  0.00000000E+00  0.19446435E+09  0.00000000E+00  0.00000000E+00  0.00000000E+00  0.00000000E+00  0.00000000E+00  0.10000000E-01  0.10000000E+01
 0.72002000E-09  0.17209283E-01  0.00000000E+00  0.12772698E+00  0.00000000E+00  0.00000000E+00  0.19446435E+09  0.00000000E+00  0.00000000E+00  0.00000000E+00  0.00000000E+00  0.00000000E+00  0.10000000E-01  0.10000000E+01
 0.73002000E-09  0.17209283E-01  0.00000000E+00  0.12967162E+00  0.00000000E+00  0.00000000E+00  0.19446435E+09  0.00000000E+00  0.00000000E+00  0.00000000E+00  0.00000000E+00  0.00000000E+00  0.10000000E-01  0.10000000E+01
 0.74002000E-09  0.17209283E-01  0.00000000E+00  0.13161626E+00  0.00000000E+00  0.00000000E+00  0.19446435E+09  0.00000000E+00  0.00000000E+00  0.00000000E+00  0.00000000E+00  0.00000000E+00  0.10000000E-01  0.10000000E+01
 0.75002000E-09  0.17209283E-01  0.00000000E+00  0.13356091E+00  0.00000000E+00  0.00000000E+00  0.19446435E+09  0.00000000E+00  0.00000000E+00  0.00000000E+00  0.00000000E+00  0.00000000E+00  0.10000000E-01  0.10000000E+01
 0.76002000E-09  0.17209283E-01  0.00000000E+00  0.13550555E+00  0.00000000E+00  0.00000000E+00  0.19446435E+09  0.00000000E+00  0.00000000E+00  0.00000000E+00  0.00000000E+00  0.00000000E+00  0.10000000E-01  0.10000000E+01
 0.77002000E-09  0.17209283E-01  0.00000000E+00  0.13745020E+00  0.00000000E+00  0.00000000E+00  0.19446435E+09  0.00000000E+00  0.00000000E+00  0.00000000E+00  0.00000000E+00  0.00000000E+00  0.10000000E-01  0.10000000E+01
 0.78002000E-09  0.17209283E-01  0.00000000E+00  0.13939484E+00  0.00000000E+00  0.00000000E+00  0.19446435E+09  0.00000000E+00  0.00000000E+00  0.00000000E+00  0.00000000E+00  0.00000000E+00  0.10000000E-01  0.10000000E+01
 0.79002000E-09  0.17209283E-01  0.00000000E+00  0.14133948E+00  0.00000000E+00  0.00000000E+00  0.19446435E+09  0.00000000E+00  0.00000000E+00  0.00000000E+00  0.00000000E+00  0.00000000E+00  0.10000000E-01  0.10000000E+01
 0.80002000E-09  0.17209283E-01  0.00000000E+00  0.14328413E+00  0.00000000E+00  0.00000000E+00  0.19446435E+09  0.00000000E+00  0.00000000E+00  0.00000000E+00  0.00000000E+00  0.00000000E+00  0.10000000E-01  0.10000000E+01
 0.81002000E-09  0.17209283E-01  0.00000000E+00  0.14522877E+00  0.00000000E+00  0.00000000E+00  0.19446435E+09  0.00000000E+00  0.00000000E+00  0.00000000E+00  0.00000000E+00  0.00000000E+00  0.10000000E-01  0.10000000E+01
 0.82002000E-09  0.17209283E-01  0.00000000E+00  0.14717341E+00  0.00000000E+00  0.00000000E+00  0.19446435E+09  0.00000000E+00  0.00000000E+00  0.00000000E+00  0.00000000E+00  0.00000000E+00  0.10000000E-01  0.10000000E+01
 0.83002000E-09  0.17209283E-01  0.00000000E+00  0.14911806E+00  0.00000000E+00  0.00000000E+00  0.19446435E+09  0.00000000E+00  0.00000000E+00  0.00000000E+00  0.00000000E+00  0.00000000E+00  0.10000000E-01  0.10000000E+01
 0.84002000E-09  0.17209283E-01  0.00000000E+00  0.15106270E+00  0.00000000E+00  0.00000000E+00  0.19446435E+09  0.00000000E+00  0.00000000E+00  0.00000000E+00  0.00000000E+00  0.00000000E+00  0.10000000E-01  0.10000000E+01
 0.85002000E-09  0.17209283E-01  0.00000000E+00  0.15300734E+00  0.00000000E+00  0.00000000E+00  0.19446435E+09  0.00000000E+00  0.00000000E+00  0.00000000E+00  0.00000000E+00  0.00000000E+00  0.10000000E-01  0.10000000E+01
 0.86002000E-09  0.17209283E-01  0.00000000E+00  0.15495199E+00  0.00000000E+00  0.00000000E+00  0.19446435E+09  0.00000000E+00  0.00000000E+00  0.00000000E+00  0.00000000E+00  0.00000000E+00  0.10000000E-01  0.10000000E+01
 0.87002000E-09  0.17209283E-01  0.00000000E+00  0.15689663E+00  0.00000000E+00  0.00000000E+00  0.19446435E+09  0.00000000E+00  0.00000000E+00  0.00000000E+00  0.00000000E+00  0.00000000E+00  0.10000000E-01  0.10000000E+01
 0.88002000E-09  0.17209283E-01  0.00000000E+00  0.15884127E+00  0.00000000E+00  0.00000000E+00  0.19446435E+09  0.00000000E+00  0.00000000E+00  0.00000000E+00  0.00000000E+00  0.00000000E+00  0.10000000E-01  0.10000000E+01
 0.89002000E-09  0.17209283E-01  0.00000000E+00  0.16078592E+00  0.00000000E+00  0.00000000E+00  0.19446435E+09  0.00000000E+00  0.00000000E+00  0.00000000E+00  0.00000000E+00  0.00000000E+00  0.10000000E-01  0.10000000E+01
 0.90002000E-09  0.17209283E-01  0.00000000E+00  0.16273056E+00  0.00000000E+00  0.00000000E+00  0.19446435E+09  0.00000000E+00  0.00000000E+00  0.00000000E+00  0.00000000E+00  0.00000000E+00  0.10000000E-01  0.10000000E+01
 0.91002000E-09  0.17209283E-01  0.00000000E+00  0.16467520E+00  0.00000000E+00  0.00000000E+00  0.19446435E+09  0.00000000E+00  0.00000000E+00  0.00000000E+00  0.00000000E+00  0.00000000E+00  0.10000000E-01  0.10000000E+01
 0.92002000E-09  0.17209283E-01  0.00000000E+00  0.16661985E+00  0.00000000E+00  0.00000000E+00  0.19446435E+09  0.00000000E+00  0.00000000E+00  0.00000000E+00  0.00000000E+00  0.00000000E+00  0.10000000E-01  0.10000000E+01
 0.93002000E-09  0.17209283E-01  0.00000000E+00  0.16856449E+00  0.00000000E+00  0.00000000E+00  0.19446435E+09  0.00000000E+00  0.00000000E+00  0.00000000E+00  0.00000000E+00  0.00000000E+00  0.10000000E-01  0.10000000E+01
 0.94002000E-09  0.17209283E-01  0.00000000E+00  0.17050913E+00  0.00000000E+00  0.00000000E+00  0.19446435E+09  0.00000000E+00  0.00000000E+00  0.00000000E+00  0.00000000E+00  0.00000000E+00  0.10000000E-01  0.10000000E+01
 0.95002000E-09  0.17209283E-01  0.00000000E+00  0.17245378E+00  0.00000000E+00  0.00000000E+00  0.19446435E+09  0.00000000E+00  0.00000000E+00  0.00000000E+00  0.00000000E+00  0.00000000E+00  0.10000000E-01  0.10000000E+01
 0.96002000E-09  0.17209283E-01  0.00000000E+00  0.17439842E+00  0.00000000E+00  0.00000000E+00  0.19446435E+09  0.00000000E+00  0.00000000E+00  0.00000000E+00  0.00000000E+00  0.00000000E+00  0.10000000E-01  0.10000000E+01
 0.97002000E-09  0.17209283E-01  0.00000000E+00  0.17634306E+00  0.00000000E+00  0.00000000E+00  0.19446435E+09  0.00000000E+00  0.00000000E+00  0.00000000E+00  0.00000000E+00  0.00000000E+00  0.10000000E-01  0.10000000E+01
 0.98002000E-09  0.17209283E-01  0.00000000E+00  0.17828771E+00  0.00000000E+00  0.00000000E+00  0.19446435E+09  0.00000000E+00  0.00000000E+00  0.00000000E+00  0.00000000E+00  0.00000000E+00  0.10000000E-01  0.10000000E+01
 0.99002000E-09  0.17209283E-01  0.00000000E+00  0.18023235E+00  0.00000000E+00  0.00000000E+00  0.19446435E+09  0.00000000E+00  0.00000000E+00  0.00000000E+00  0.00000000E+00  0.00000000E+00  0.10000000E-01  0.10000000E+01
 0.10000200E-08  0.17209283E-01  0.00000000E+00  0.18217700E+00  0.00000000E+00  0.00000000E+00  0.19446435E+09  0.00000000E+00  0.00000000E+00  0.00000000E+00  0.00000000E+00  0.00000000E+00  0.10000000E-01  0.10000000E+01
 0.10100200E-08  0.17209283E-01  0.00000000E+00  0.18412164E+00  0.00000000E+00  0.00000000E+00  0.19446435E+09  0.00000000E+00  0.00000000E+00  0.00000000E+00  0.00000000E+00  0.00000000E+00  0.10000000E-01  0.10000000E+01
 0.10200200E-08  0.17209283E-01  0.00000000E+00  0.18606628E+00  0.00000000E+00  0.00000000E+00  0.19446435E+09  0.00000000E+00  0.00000000E+00  0.00000000E+00  0.00000000E+00  0.00000000E+00  0.10000000E-01  0.10000000E+01
 0.10300200E-08  0.17209283E-01  0.00000000E+00  0.18801093E+00  0.00000000E+00  0.00000000E+00  0.19446435E+09  0.00000000E+00  0.00000000E+00  0.00000000E+00  0.00000000E+00  0.00000000E+00  0.10000000E-01  0.10000000E+01
 0.10400200E-08  0.17209283E-01  0.00000000E+00  0.18995557E+00  0.00000000E+00  0.00000000E+00  0.19446435E+09  0.00000000E+00  0.00000000E+00  0.00000000E+00  0.00000000E+00  0.00000000E+00  0.10000000E-01  0.10000000E+01
 0.10500200E-08  0.17209283E-01  0.00000000E+00  0.19190021E+00  0.00000000E+00  0.00000000E+00  0.19446435E+09  0.00000000E+00  0.00000000E+00  0.00000000E+00  0.00000000E+00  0.00000000E+00  0.10000000E-01  0.10000000E+01
 0.10600200E-08  0.17209283E-01  0.00000000E+00  0.19384486E+00  0.00000000E+00  0.00000000E+00  0.19446435E+09  0.00000000E+00  0.00000000E+00  0.00000000E+00  0.00000000E+00  0.00000000E+00  0.10000000E-01  0.10000000E+01
 0.10700200E-08  0.17209283E-01  0.00000000E+00  0.19578950E+00  0.00000000E+00  0.00000000E+00  0.19446435E+09  0.00000000E+00  0.00000000E+00  0.00000000E+00  0.00000000E+00  0.00000000E+00  0.10000000E-01  0.10000000E+01
 0.10800200E-08  0.17209283E-01  0.00000000E+00  0.19773414E+00  0.00000000E+00  0.00000000E+00  0.19446435E+09  0.00000000E+00  0.00000000E+00  0.00000000E+00  0.00000000E+00  0.00000000E+00  0.10000000E-01  0.10000000E+01
 0.10900200E-08  0.17209283E-01  0.00000000E+00  0.19967879E+00  0.00000000E+00  0.00000000E+00  0.19446435E+09  0.00000000E+00  0.00000000E+00  0.00000000E+00  0.00000000E+00  0.00000000E+00  0.10000000E-01  0.10000000E+01
 0.11000200E-08  0.17209283E-01  0.00000000E+00  0.20162343E+00  0.00000000E+00  0.00000000E+00  0.19446435E+09  0.00000000E+00  0.00000000E+00  0.00000000E+00  0.00000000E+00  0.00000000E+00  0.10000000E-01  0.10000000E+01
 0.11100200E-08  0.17209283E-01  0.00000000E+00  0.20356807E+00  0.00000000E+00  0.00000000E+00  0.19446435E+09  0.00000000E+00  0.00000000E+00  0.00000000E+00  0.00000000E+00  0.00000000E+00  0.10000000E-01  0.10000000E+01
 0.11200200E-08  0.17209283E-01  0.00000000E+00  0.20551272E+00  0.00000000E+00  0.00000000E+00  0.19446435E+09  0.00000000E+00  0.00000000E+00  0.00000000E+00  0.00000000E+00  0.00000000E+00  0.10000000E-01  0.10000000E+01
 0.11300200E-08  0.17209283E-01  0.00000000E+00  0.20745736E+00  0.00000000E+00  0.00000000E+00  0.19446435E+09  0.00000000E+00  0.00000000E+00  0.00000000E+00  0.00000000E+00  0.00000000E+00  0.10000000E-01  0.10000000E+01
 0.11400200E-08  0.17209283E-01  0.00000000E+00  0.20940200E+00  0.00000000E+00  0.00000000E+00  0.19446435E+09  0.00000000E+00  0.00000000E+00  0.00000000E+00  0.00000000E+00  0.00000000E+00  0.10000000E-01  0.10000000E+01
 0.11500200E-08  0.17209283E-01  0.00000000E+00  0.21134665E+00  0.00000000E+00  0.00000000E+00  0.19446435E+09  0.00000000E+00  0.00000000E+00  0.00000000E+00  0.00000000E+00  0.00000000E+00  0.10000000E-01  0.10000000E+01
 0.11600200E-08  0.17209283E-01  0.00000000E+00  0.21329129E+00  0.00000000E+00  0.00000000E+00  0.19446435E+09  0.00000000E+00  0.00000000E+00  0.00000000E+00  0.00000000E+00  0.00000000E+00  0.10000000E-01  0.10000000E+01
 0.11700200E-08  0.17209283E-01  0.00000000E+00  0.21523593E+00  0.00000000E+00  0.00000000E+00  0.19446435E+09  0.00000000E+00  0.00000000E+00  0.00000000E+00  0.00000000E+00  0.00000000E+00  0.10000000E-01  0.10000000E+01
 0.11800200E-08  0.17209283E-01  0.00000000E+00  0.21718058E+00  0.00000000E+00  0.00000000E+00  0.19446435E+09  0.00000000E+00  0.00000000E+00  0.00000000E+00  0.00000000E+00  0.00000000E+00  0.10000000E-01  0.10000000E+01
 0.11900200E-08  0.17209283E-01  0.00000000E+00  0.21912522E+00  0.00000000E+00  0.00000000E+00  0.19446435E+09  0.00000000E+00  0.00000000E+00  0.00000000E+00  0.00000000E+00  0.00000000E+00  0.10000000E-01  0.10000000E+01
 0.12000200E-08  0.17209283E-01  0.00000000E+00  0.22106986E+00  0.00000000E+00  0.00000000E+00  0.19446435E+09  0.00000000E+00  0.00000000E+00  0.00000000E+00  0.00000000E+00  0.00000000E+00  0.10000000E-01  0.10000000E+01
 0.12100200E-08  0.17209283E-01  0.00000000E+00  0.22301451E+00  0.00000000E+00  0.00000000E+00  0.19446435E+09  0.00000000E+00  0.00000000E+00  0.00000000E+00  0.00000000E+00  0.00000000E+00  0.10000000E-01  0.10000000E+01
 0.12200200E-08  0.17209283E-01  0.00000000E+00  0.22495915E+00  0.00000000E+00  0.00000000E+00  0.19446435E+09  0.00000000E+00  0.00000000E+00  0.00000000E+00  0.00000000E+00  0.00000000E+00  0.10000000E-01  0.10000000E+01
 0.12300200E-08  0.17209283E-01  0.00000000E+00  0.22690380E+00  0.00000000E+00  0.00000000E+00  0.19446435E+09  0.00000000E+00  0.00000000E+00  0.00000000E+00  0.00000000E+00  0.00000000E+00  0.10000000E-01  0.10000000E+01
 0.12400200E-08  0.17209283E-01  0.00000000E+00  0.22884844E+00  0.00000000E+00  0.00000000E+00  0.19446435E+09  0.00000000E+00  0.00000000E+00  0.00000000E+00  0.00000000E+00  0.00000000E+00  0.10000000E-01  0.10000000E+01
 0.12500200E-08  0.17209283E-01  0.00000000E+00  0.23079308E+00  0.00000000E+00  0.00000000E+00  0.19446435E+09  0.00000000E+00  0.00000000E+00  0.00000000E+00  0.00000000E+00  0.00000000E+00  0.10000000E-01  0.10000000E+01
 0.12600200E-08  0.17209283E-01  0.00000000E+00  0.23273773E+00  0.00000000E+00  0.00000000E+00  0.19446435E+09  0.00000000E+00  0.00000000E+00  0.00000000E+00  0.00000000E+00  0.00000000E+00  0.10000000E-01  0.10000000E+01
 0.12700200E-08  0.17209283E-01  0.00000000E+00  0.23468237E+00  0.00000000E+00  0.00000000E+00  0.19446435E+09  0.00000000E+00  0.00000000E+00  0.00000000E+00  0.00000000E+00  0.00000000E+00  0.10000000E-01  0.10000000E+01
 0.12800200E-08  0.17209283E-01  0.00000000E+00  0.23662701E+00  0.00000000E+00  0.00000000E+00  0.19446435E+09  0.00000000E+00  0.00000000E+00  0.00000000E+00  0.00000000E+00  0.00000000E+00  0.10000000E-01  0.10000000E+01
 0.12900200E-08  0.17209283E-01  0.00000000E+00  0.23857166E+00  0.00000000E+00  0.00000000E+00  0.19446435E+09  0.00000000E+00  0.00000000E+00  0.00000000E+00  0.00000000E+00  0.00000000E+00  0.10000000E-01  0.10000000E+01
 0.13000200E-08  0.17209283E-01  0.00000000E+00  0.24051630E+00  0.00000000E+00  0.00000000E+00  0.19446435E+09  0.00000000E+00  0.00000000E+00  0.00000000E+00  0.00000000E+00  0.00000000E+00  0.10000000E-01  0.10000000E+01
 0.13100200E-08  0.17209283E-01  0.00000000E+00  0.24246094E+00  0.00000000E+00  0.00000000E+00  0.19446435E+09  0.00000000E+00  0.00000000E+00  0.00000000E+00  0.00000000E+00  0.00000000E+00  0.10000000E-01  0.10000000E+01
 0.13200200E-08  0.17209283E-01  0.00000000E+00  0.24440559E+00  0.00000000E+00  0.00000000E+00  0.19446435E+09  0.00000000E+00  0.00000000E+00  0.00000000E+00  0.00000000E+00  0.00000000E+00  0.10000000E-01  0.10000000E+01
 0.13300200E-08  0.17209283E-01  0.00000000E+00  0.24635023E+00  0.00000000E+00  0.00000000E+00  0.19446435E+09  0.00000000E+00  0.00000000E+00  0.00000000E+00  0.00000000E+00  0.00000000E+00  0.10000000E-01  0.10000000E+01
 0.13400200E-08  0.17209283E-01  0.00000000E+00  0.24829487E+00  0.00000000E+00  0.00000000E+00  0.19446435E+09  0.00000000E+00  0.00000000E+00  0.00000000E+00  0.00000000E+00  0.00000000E+00  0.10000000E-01  0.10000000E+01
 0.13500200E-08  0.17209283E-01  0.00000000E+00  0.25023952E+00  0.00000000E+00  0.00000000E+00  0.19446435E+09  0.00000000E+00  0.00000000E+00  0.00000000E+00  0.00000000E+00  0.00000000E+00  0.10000000E-01  0.10000000E+01
 0.13600200E-08  0.17209283E-01  0.00000000E+00  0.25218416E+00  0.00000000E+00  0.00000000E+00  0.19446435E+09  0.00000000E+00  0.00000000E+00  0.00000000E+00  0.00000000E+00  0.00000000E+00  0.10000000E-01  0.10000000E+01
 0.13700200E-08  0.17209283E-01  0.00000000E+00  0.25412880E+00  0.00000000E+00  0.00000000E+00  0.19446435E+09  0.00000000E+00  0.00000000E+00  0.00000000E+00  0.00000000E+00  0.00000000E+00  0.10000000E-01  0.10000000E+01
 0.13800200E-08  0.17209283E-01  0.00000000E+00  0.25607345E+00  0.00000000E+00  0.00000000E+00  0.19446435E+09  0.00000000E+00  0.00000000E+00  0.00000000E+00  0.00000000E+00  0.00000000E+00  0.10000000E-01  0.10000000E+01
 0.13900200E-08  0.17209283E-01  0.00000000E+00  0.25801809E+00  0.00000000E+00  0.00000000E+00  0.19446435E+09  0.00000000E+00  0.00000000E+00  0.00000000E+00  0.00000000E+00  0.00000000E+00  0.10000000E-01  0.10000000E+01
 0.14000200E-08  0.17209283E-01  0.00000000E+00  0.25996273E+00  0.00000000E+00  0.00000000E+00  0.19446435E+09  0.00000000E+00  0.00000000E+00  0.00000000E+00  0.00000000E+00  0.00000000E+00  0.10000000E-01  0.10000000E+01
 0.14100200E-08  0.17209283E-01  0.00000000E+00  0.26190738E+00  0.00000000E+00  0.00000000E+00  0.19446435E+09  0.00000000E+00  0.00000000E+00  0.00000000E+00  0.00000000E+00  0.00000000E+00  0.10000000E-01  0.10000000E+01
 0.14200200E-08  0.17209283E-01  0.00000000E+00  0.26385202E+00  0.00000000E+00  0.00000000E+00  0.19446435E+09  0.00000000E+00  0.00000000E+00  0.00000000E+00  0.00000000E+00  0.00000000E+00  0.10000000E-01  0.10000000E+01
 0.14300200E-08  0.17209283E-01  0.00000000E+00  0.26579666E+00  0.00000000E+00  0.00000000E+00  0.19446435E+09  0.00000000E+00  0.00000000E+00  0.00000000E+00  0.00000000E+00  0.00000000E+00  0.10000000E-01  0.10000000E+01
 0.14400200E-08  0.17209283E-01  0.00000000E+00  0.26774131E+00  0.00000000E+00  0.00000000E+00  0.19446435E+09  0.00000000E+00  0.00000000E+00  0.00000000E+00  0.00000000E+00  0.00000000E+00  0.10000000E-01  0.10000000E+01
 0.14500200E-08  0.17209283E-01  0.00000000E+00  0.26968595E+00  0.00000000E+00  0.00000000E+00  0.19446435E+09  0.00000000E+00  0.00000000E+00  0.00000000E+00  0.00000000E+00  0.00000000E+00  0.10000000E-01  0.10000000E+01
 0.14600200E-08  0.17209283E-01  0.00000000E+00  0.27163060E+00  0.00000000E+00  0.00000000E+00  0.19446435E+09  0.00000000E+00  0.00000000E+00  0.00000000E+00  0.00000000E+00  0.00000000E+00  0.10000000E-01  0.10000000E+01
 0.14700200E-08  0.17209283E-01  0.00000000E+00  0.27357524E+00  0.00000000E+00  0.00000000E+00  0.19446435E+09  0.00000000E+00  0.00000000E+00  0.00000000E+00  0.00000000E+00  0.00000000E+00  0.10000000E-01  0.10000000E+01
 0.14800200E-08  0.17209283E-01  0.00000000E+00  0.27551988E+00  0.00000000E+00  0.00000000E+00  0.19446435E+09  0.00000000E+00  0.00000000E+00  0.00000000E+00  0.00000000E+00  0.00000000E+00  0.10000000E-01  0.10000000E+01
 0.14900200E-08  0.17209283E-01  0.00000000E+00  0.27746453E+00  0.00000000E+00  0.00000000E+00  0.19446435E+09  0.00000000E+00  0.00000000E+00  0.00000000E+00  0.00000000E+00  0.00000000E+00  0.10000000E-01  0.10000000E+01
 0.15000200E-08  0.17209283E-01  0.00000000E+00  0.27940917E+00  0.00000000E+00  0.00000000E+00  0.19446435E+09  0.00000000E+00  0.00000000E+00  0.00000000E+00  0.00000000E+00  0.00000000E+00  0.10000000E-01  0.10000000E+01
 0.15100200E-08  0.17209283E-01  0.00000000E+00  0.28135381E+00  0.00000000E+00  0.00000000E+00  0.19446435E+09  0.00000000E+00  0.00000000E+00  0.00000000E+00  0.00000000E+00  0.00000000E+00  0.10000000E-01  0.10000000E+01
 0.15200200E-08  0.17209283E-01  0.00000000E+00  0.28329846E+00  0.00000000E+00  0.00000000E+00  0.19446435E+09  0.00000000E+00  0.00000000E+00  0.00000000E+00  0.00000000E+00  0.00000000E+00  0.10000000E-01  0.10000000E+01
 0.15300200E-08  0.17209283E-01  0.00000000E+00  0.28524310E+00  0.00000000E+00  0.00000000E+00  0.19446435E+09  0.00000000E+00  0.00000000E+00  0.00000000E+00  0.00000000E+00  0.00000000E+00  0.10000000E-01  0.10000000E+01
 0.15400200E-08  0.17209283E-01  0.00000000E+00  0.28718774E+00  0.00000000E+00  0.00000000E+00  0.19446435E+09  0.00000000E+00  0.00000000E+00  0.00000000E+00  0.00000000E+00  0.00000000E+00  0.10000000E-01  0.10000000E+01
 0.15500200E-08  0.17209283E-01  0.00000000E+00  0.28913239E+00  0.00000000E+00  0.00000000E+00  0.19446435E+09  0.00000000E+00  0.00000000E+00  0.00000000E+00  0.00000000E+00  0.00000000E+00  0.10000000E-01  0.10000000E+01
 0.15600200E-08  0.17209283E-01  0.00000000E+00  0.29107703E+00  0.00000000E+00  0.00000000E+00  0.19446435E+09  0.00000000E+00  0.00000000E+00  0.00000000E+00  0.00000000E+00  0.00000000E+00  0.10000000E-01  0.10000000E+01
 0.15700200E-08  0.17209283E-01  0.00000000E+00  0.29302167E+00  0.00000000E+00  0.00000000E+00  0.19446435E+09  0.00000000E+00  0.00000000E+00  0.00000000E+00  0.00000000E+00  0.00000000E+00  0.10000000E-01  0.10000000E+01
 0.15800200E-08  0.17209283E-01  0.00000000E+00  0.29496632E+00  0.00000000E+00  0.00000000E+00  0.19446435E+09  0.00000000E+00  0.00000000E+00  0.00000000E+00  0.00000000E+00  0.00000000E+00  0.10000000E-01  0.10000000E+01
 0.15900200E-08  0.17209283E-01  0.00000000E+00  0.29691096E+00  0.00000000E+00  0.00000000E+00  0.19446435E+09  0.00000000E+00  0.00000000E+00  0.00000000E+00  0.00000000E+00  0.00000000E+00  0.10000000E-01  0.10000000E+01
 0.16000200E-08  0.17209283E-01  0.00000000E+00  0.29885560E+00  0.00000000E+00  0.00000000E+00  0.19446435E+09  0.00000000E+00  0.00000000E+00  0.00000000E+00  0.00000000E+00  0.00000000E+00  0.10000000E-01  0.10000000E+01
 0.16100200E-08  0.17209283E-01  0.00000000E+00  0.30080025E+00  0.00000000E+00  0.00000000E+00  0.19446435E+09  0.00000000E+00  0.00000000E+00  0.00000000E+00  0.00000000E+00  0.00000000E+00  0.10000000E-01  0.10000000E+01
 0.16200200E-08  0.17209283E-01  0.00000000E+00  0.30274489E+00  0.00000000E+00  0.00000000E+00  0.19446435E+09  0.00000000E+00  0.00000000E+00  0.00000000E+00  0.00000000E+00  0.00000000E+00  0.10000000E-01  0.10000000E+01
 0.16300200E-08  0.17209283E-01  0.00000000E+00  0.30468953E+00  0.00000000E+00  0.00000000E+00  0.19446435E+09  0.00000000E+00  0.00000000E+00  0.00000000E+00  0.00000000E+00  0.00000000E+00  0.10000000E-01  0.10000000E+01
 0.16400200E-08  0.17209283E-01  0.00000000E+00  0.30663418E+00  0.00000000E+00  0.00000000E+00  0.19446435E+09  0.00000000E+00  0.00000000E+00  0.00000000E+00  0.00000000E+00  0.00000000E+00  0.10000000E-01  0.10000000E+01
 0.16500200E-08  0.17209283E-01  0.00000000E+00  0.30857882E+00  0.00000000E+00  0.00000000E+00  0.19446435E+09  0.00000000E+00  0.00000000E+00  0.00000000E+00  0.00000000E+00  0.00000000E+00  0.10000000E-01  0.10000000E+01
 0.16600200E-08  0.17209283E-01  0.00000000E+00  0.31052346E+00  0.00000000E+00  0.00000000E+00  0.19446435E+09  0.00000000E+00  0.00000000E+00  0.00000000E+00  0.00000000E+00  0.00000000E+00  0.10000000E-01  0.10000000E+01
 0.16700200E-08  0.17209283E-01  0.00000000E+00  0.31246811E+00  0.00000000E+00  0.00000000E+00  0.19446435E+09  0.00000000E+00  0.00000000E+00  0.00000000E+00  0.00000000E+00  0.00000000E+00  0.10000000E-01  0.10000000E+01
 0.16800200E-08  0.17209283E-01  0.00000000E+00  0.31441275E+00  0.00000000E+00  0.00000000E+00  0.19446435E+09  0.00000000E+00  0.00000000E+00  0.00000000E+00  0.00000000E+00  0.00000000E+00  0.10000000E-01  0.10000000E+01
 0.16900200E-08  0.17209283E-01  0.00000000E+00  0.31635740E+00  0.00000000E+00  0.00000000E+00  0.19446435E+09  0.00000000E+00  0.00000000E+00  0.00000000E+00  0.00000000E+00  0.00000000E+00  0.10000000E-01  0.10000000E+01
 0.17000200E-08  0.17209283E-01  0.00000000E+00  0.31830204E+00  0.00000000E+00  0.00000000E+00  0.19446435E+09  0.00000000E+00  0.00000000E+00  0.00000000E+00  0.00000000E+00  0.00000000E+00  0.10000000E-01  0.10000000E+01
 0.17100200E-08  0.17209283E-01  0.00000000E+00  0.32024668E+00  0.00000000E+00  0.00000000E+00  0.19446435E+09  0.00000000E+00  0.00000000E+00  0.00000000E+00  0.00000000E+00  0.00000000E+00  0.10000000E-01  0.10000000E+01
 0.17200200E-08  0.17209283E-01  0.00000000E+00  0.32219133E+00  0.00000000E+00  0.00000000E+00  0.19446435E+09  0.00000000E+00  0.00000000E+00  0.00000000E+00  0.00000000E+00  0.00000000E+00  0.10000000E-01  0.10000000E+01
 0.17300200E-08  0.17209283E-01  0.00000000E+00  0.32413597E+00  0.00000000E+00  0.00000000E+00  0.19446435E+09  0.00000000E+00  0.00000000E+00  0.00000000E+00  0.00000000E+00  0.00000000E+00  0.10000000E-01  0.10000000E+01
 0.17400200E-08  0.17209283E-01  0.00000000E+00  0.32608061E+00  0.00000000E+00  0.00000000E+00  0.19446435E+09  0.00000000E+00  0.00000000E+00  0.00000000E+00  0.00000000E+00  0.00000000E+00  0.10000000E-01  0.10000000E+01
 0.17500200E-08  0.17209283E-01  0.00000000E+00  0.32802526E+00  0.00000000E+00  0.00000000E+00  0.19446435E+09  0.00000000E+00  0.00000000E+00  0.00000000E+00  0.00000000E+00  0.00000000E+00  0.10000000E-01  0.10000000E+01
 0.17600200E-08  0.17209283E-01  0.00000000E+00  0.32996990E+00  0.00000000E+00  0.00000000E+00  0.19446435E+09  0.00000000E+00  0.00000000E+00  0.00000000E+00  0.00000000E+00  0.00000000E+00  0.10000000E-01  0.10000000E+01
 0.17700200E-08  0.17209283E-01  0.00000000E+00  0.33191454E+00  0.00000000E+00  0.00000000E+00  0.19446435E+09  0.00000000E+00  0.00000000E+00  0.00000000E+00  0.00000000E+00  0.00000000E+00  0.10000000E-01  0.10000000E+01
 0.17800200E-08  0.17209283E-01  0.00000000E+00  0.33385919E+00  0.00000000E+00  0.00000000E+00  0.19446435E+09  0.00000000E+00  0.00000000E+00  0.00000000E+00  0.00000000E+00  0.00000000E+00  0.10000000E-01  0.10000000E+01
 0.17900200E-08  0.17209283E-01  0.00000000E+00  0.33580383E+00  0.00000000E+00  0.00000000E+00  0.19446435E+09  0.00000000E+00  0.00000000E+00  0.00000000E+00  0.00000000E+00  0.00000000E+00  0.10000000E-01  0.10000000E+01
 0.18000200E-08  0.17209283E-01  0.00000000E+00  0.33774847E+00  0.00000000E+00  0.00000000E+00  0.19446435E+09  0.00000000E+00  0.00000000E+00  0.00000000E+00  0.00000000E+00  0.00000000E+00  0.10000000E-01  0.10000000E+01
 0.18100200E-08  0.17209283E-01  0.00000000E+00  0.33969312E+00  0.00000000E+00  0.00000000E+00  0.19446435E+09  0.00000000E+00  0.00000000E+00  0.00000000E+00  0.00000000E+00  0.00000000E+00  0.10000000E-01  0.10000000E+01
 0.18200200E-08  0.17209283E-01  0.00000000E+00  0.34163776E+00  0.00000000E+00  0.00000000E+00  0.19446435E+09  0.00000000E+00  0.00000000E+00  0.00000000E+00  0.00000000E+00  0.00000000E+00  0.10000000E-01  0.10000000E+01
 0.18300200E-08  0.17209283E-01  0.00000000E+00  0.34358240E+00  0.00000000E+00  0.00000000E+00  0.19446435E+09  0.00000000E+00  0.00000000E+00  0.00000000E+00  0.00000000E+00  0.00000000E+00  0.10000000E-01  0.10000000E+01
 0.18400200E-08  0.17209283E-01  0.00000000E+00  0.34552705E+00  0.00000000E+00  0.00000000E+00  0.19446435E+09  0.00000000E+00  0.00000000E+00  0.00000000E+00  0.00000000E+00  0.00000000E+00  0.10000000E-01  0.10000000E+01
 0.18500200E-08  0.17209283E-01  0.00000000E+00  0.34747169E+00  0.00000000E+00  0.00000000E+00  0.19446435E+09  0.00000000E+00  0.00000000E+00  0.00000000E+00  0.00000000E+00  0.00000000E+00  0.10000000E-01  0.10000000E+01
 0.18600200E-08  0.17209283E-01  0.00000000E+00  0.34941633E+00  0.00000000E+00  0.00000000E+00  0.19446435E+09  0.00000000E+00  0.00000000E+00  0.00000000E+00  0.00000000E+00  0.00000000E+00  0.10000000E-01  0.10000000E+01
 0.18700200E-08  0.17209283E-01  0.00000000E+00  0.35136098E+00  0.00000000E+00  0.00000000E+00  0.19446435E+09  0.00000000E+00  0.00000000E+00  0.00000000E+00  0.00000000E+00  0.00000000E+00  0.10000000E-01  0.10000000E+01
 0.18800200E-08  0.17209283E-01  0.00000000E+00  0.35330562E+00  0.00000000E+00  0.00000000E+00  0.19446435E+09  0.00000000E+00  0.00000000E+00  0.00000000E+00  0.00000000E+00  0.00000000E+00  0.10000000E-01  0.10000000E+01
 0.18900200E-08  0.17209283E-01  0.00000000E+00  0.35525026E+00  0.00000000E+00  0.00000000E+00  0.19446435E+09  0.00000000E+00  0.00000000E+00  0.00000000E+00  0.00000000E+00  0.00000000E+00  0.10000000E-01  0.10000000E+01
 0.19000200E-08  0.17209283E-01  0.00000000E+00  0.35719491E+00  0.00000000E+00  0.00000000E+00  0.19446435E+09  0.00000000E+00  0.00000000E+00  0.00000000E+00  0.00000000E+00  0.00000000E+00  0.10000000E-01  0.10000000E+01
 0.19100200E-08  0.17209283E-01  0.00000000E+00  0.35913955E+00  0.00000000E+00  0.00000000E+00  0.19446435E+09  0.00000000E+00  0.00000000E+00  0.00000000E+00  0.00000000E+00  0.00000000E+00  0.10000000E-01  0.10000000E+01
 0.19200200E-08  0.17209283E-01  0.00000000E+00  0.36108420E+00  0.00000000E+00  0.00000000E+00  0.19446435E+09  0.00000000E+00  0.00000000E+00  0.00000000E+00  0.00000000E+00  0.00000000E+00  0.10000000E-01  0.10000000E+01
 0.19300200E-08  0.17209283E-01  0.00000000E+00  0.36302884E+00  0.00000000E+00  0.00000000E+00  0.19446435E+09  0.00000000E+00  0.00000000E+00  0.00000000E+00  0.00000000E+00  0.00000000E+00  0.10000000E-01  0.10000000E+01
 0.19400200E-08  0.17209283E-01  0.00000000E+00  0.36497348E+00  0.00000000E+00  0.00000000E+00  0.19446435E+09  0.00000000E+00  0.00000000E+00  0.00000000E+00  0.00000000E+00  0.00000000E+00  0.10000000E-01  0.10000000E+01
 0.19500200E-08  0.17209283E-01  0.00000000E+00  0.36691813E+00  0.00000000E+00  0.00000000E+00  0.19446435E+09  0.00000000E+00  0.00000000E+00  0.00000000E+00  0.00000000E+00  0.00000000E+00  0.10000000E-01  0.10000000E+01
 0.19600200E-08  0.17209283E-01  0.00000000E+00  0.36886277E+00  0.00000000E+00  0.00000000E+00  0.19446435E+09  0.00000000E+00  0.00000000E+00  0.00000000E+00  0.00000000E+00  0.00000000E+00  0.10000000E-01  0.10000000E+01
 0.19700200E-08  0.17209283E-01  0.00000000E+00  0.37080741E+00  0.00000000E+00  0.00000000E+00  0.19446435E+09  0.00000000E+00  0.00000000E+00  0.00000000E+00  0.00000000E+00  0.00000000E+00  0.10000000E-01  0.10000000E+01
 0.19800200E-08  0.17209283E-01  0.00000000E+00  0.37275206E+00  0.00000000E+00  0.00000000E+00  0.19446435E+09  0.00000000E+00  0.00000000E+00  0.00000000E+00  0.00000000E+00  0.00000000E+00  0.10000000E-01  0.10000000E+01
 0.19900200E-08  0.17209283E-01  0.00000000E+00  0.37469670E+00  0.00000000E+00  0.00000000E+00  0.19446435E+09  0.00000000E+00  0.00000000E+00  0.00000000E+00  0.00000000E+00  0.00000000E+00  0.10000000E-01  0.10000000E+01
