# ptime xp yp zp vx vy vz ex ey ez bx by bz wt
 0.20000000E-13  0.30057482E-02  0.00000000E+00 -0.56193471E-02  0.00000000E+00  0.00000000E+00  0.18918373E+09  0.00000000E+00  0.00000000E+00  0.00000000E+00  0.00000000E+00  0.00000000E+00  0.10000000E-01  0.10000000E+01
 0.10000000E-10  0.30057482E-02  0.00000000E+00 -0.37312934E-02  0.00000000E+00  0.00000000E+00  0.18918373E+09  0.00000000E+00  0.00000000E+00  0.00000000E+00  0.00000000E+00  0.00000000E+00  0.10000000E-01  0.10000000E+01
 0.20000000E-10  0.30057482E-02  0.00000000E+00 -0.18394561E-02  0.00000000E+00  0.00000000E+00  0.18918373E+09  0.00000000E+00  0.00000000E+00  0.00000000E+00  0.00000000E+00  0.00000000E+00  0.10000000E-01  0.10000000E+01
 0.30000000E-10  0.30057482E-02  0.00000000E+00  0.52381190E-04  0.00000000E+00  0.00000000E+00  0.18918373E+09  0.00000000E+00  0.00000000E+00  0.00000000E+00  0.00000000E+00  0.00000000E+00  0.10000000E-01  0.10000000E+01
 0.40020000E-10  0.30057482E-02  0.00000000E+00  0.19480022E-02  0.00000000E+00  0.00000000E+00  0.18918373E+09  0.00000000E+00  0.00000000E+00  0.00000000E+00  0.00000000E+00  0.00000000E+00  0.10000000E-01  0.10000000E+01
 0.50020000E-10  0.30057482E-02  0.00000000E+00  0.38398395E-02  0.00000000E+00  0.00000000E+00  0.18918373E+09  0.00000000E+00  0.00000000E+00  0.00000000E+00  0.00000000E+00  0.00000000E+00  0.10000000E-01  0.10000000E+01
 0.60020000E-10  0.30057482E-02  0.00000000E+00  0.57316768E-02  0.00000000E+00  0.00000000E+00  0.18918373E+09  0.00000000E+00  0.00000000E+00  0.00000000E+00  0.00000000E+00  0.00000000E+00  0.10000000E-01  0.10000000E+01
 0.70020000E-10  0.30057482E-02  0.00000000E+00  0.76235141E-02  0.00000000E+00  0.00000000E+00  0.18918373E+09  0.00000000E+00  0.00000000E+00  0.00000000E+00  0.00000000E+00  0.00000000E+00  0.10000000E-01  0.10000000E+01
 0.80000000E-10  0.30057482E-02  0.00000000E+00  0.95115678E-02  0.00000000E+00  0.00000000E+00  0.18918373E+09  0.00000000E+00  0.00000000E+00  0.00000000E+00  0.00000000E+00  0.00000000E+00  0.10000000E-01  0.10000000E+01
 0.90000000E-10  0.30057482E-02  0.00000000E+00  0.11403405E-01  0.00000000E+00  0.00000000E+00  0.18918373E+09  0.00000000E+00  0.00000000E+00  0.00000000E+00  0.00000000E+00  0.00000000E+00  0.10000000E-01  0.10000000E+01
 0.10000000E-09  0.30057482E-02  0.00000000E+00  0.13295242E-01  0.00000000E+00  0.00000000E+00  0.18918373E+09  0.00000000E+00  0.00000000E+00  0.00000000E+00  0.00000000E+00  0.00000000E+00  0.10000000E-01  0.10000000E+01
 0.11000000E-09  0.30057482E-02  0.00000000E+00  0.15187080E-01  0.00000000E+00  0.00000000E+00  0.18918373E+09  0.00000000E+00  0.00000000E+00  0.00000000E+00  0.00000000E+00  0.00000000E+00  0.10000000E-01  0.10000000E+01
 0.12000000E-09  0.30057482E-02  0.00000000E+00  0.17078917E-01  0.00000000E+00  0.00000000E+00  0.18918373E+09  0.00000000E+00  0.00000000E+00  0.00000000E+00  0.00000000E+00  0.00000000E+00  0.10000000E-01  0.10000000E+01
 0.13000000E-09  0.30057482E-02  0.00000000E+00  0.18970754E-01  0.00000000E+00  0.00000000E+00  0.18918373E+09  0.00000000E+00  0.00000000E+00  0.00000000E+00  0.00000000E+00  0.00000000E+00  0.10000000E-01  0.10000000E+01
 0.14002000E-09  0.30057482E-02  0.00000000E+00  0.20866375E-01  0.00000000E+00  0.00000000E+00  0.18918373E+09  0.00000000E+00  0.00000000E+00  0.00000000E+00  0.00000000E+00  0.00000000E+00  0.10000000E-01  0.10000000E+01
 0.15002000E-09  0.30057482E-02  0.00000000E+00  0.22758213E-01  0.00000000E+00  0.00000000E+00  0.18918373E+09  0.00000000E+00  0.00000000E+00  0.00000000E+00  0.00000000E+00  0.00000000E+00  0.10000000E-01  0.10000000E+01
 0.16002000E-09  0.30057482E-02  0.00000000E+00  0.24650050E-01  0.00000000E+00  0.00000000E+00  0.18918373E+09  0.00000000E+00  0.00000000E+00  0.00000000E+00  0.00000000E+00  0.00000000E+00  0.10000000E-01  0.10000000E+01
 0.17002000E-09  0.30057482E-02  0.00000000E+00  0.26541887E-01  0.00000000E+00  0.00000000E+00  0.18918373E+09  0.00000000E+00  0.00000000E+00  0.00000000E+00  0.00000000E+00  0.00000000E+00  0.10000000E-01  0.10000000E+01
 0.18002000E-09  0.30057482E-02  0.00000000E+00  0.28433725E-01  0.00000000E+00  0.00000000E+00  0.18918373E+09  0.00000000E+00  0.00000000E+00  0.00000000E+00  0.00000000E+00  0.00000000E+00  0.10000000E-01  0.10000000E+01
 0.19002000E-09  0.30057482E-02  0.00000000E+00  0.30325562E-01  0.00000000E+00  0.00000000E+00  0.18918373E+09  0.00000000E+00  0.00000000E+00  0.00000000E+00  0.00000000E+00  0.00000000E+00  0.10000000E-01  0.10000000E+01
 0.20002000E-09  0.30057482E-02  0.00000000E+00  0.32217399E-01  0.00000000E+00  0.00000000E+00  0.18918373E+09  0.00000000E+00  0.00000000E+00  0.00000000E+00  0.00000000E+00  0.00000000E+00  0.10000000E-01  0.10000000E+01
 0.21002000E-09  0.30057482E-02  0.00000000E+00  0.34109237E-01  0.00000000E+00  0.00000000E+00  0.18918373E+09  0.00000000E+00  0.00000000E+00  0.00000000E+00  0.00000000E+00  0.00000000E+00  0.10000000E-01  0.10000000E+01
 0.22002000E-09  0.30057482E-02  0.00000000E+00  0.36001074E-01  0.00000000E+00  0.00000000E+00  0.18918373E+09  0.00000000E+00  0.00000000E+00  0.00000000E+00  0.00000000E+00  0.00000000E+00  0.10000000E-01  0.10000000E+01
 0.23002000E-09  0.30057482E-02  0.00000000E+00  0.37892911E-01  0.00000000E+00  0.00000000E+00  0.18918373E+09  0.00000000E+00  0.00000000E+00  0.00000000E+00  0.00000000E+00  0.00000000E+00  0.10000000E-01  0.10000000E+01
 0.24002000E-09  0.30057482E-02  0.00000000E+00  0.39784749E-01  0.00000000E+00  0.00000000E+00  0.18918373E+09  0.00000000E+00  0.00000000E+00  0.00000000E+00  0.00000000E+00  0.00000000E+00  0.10000000E-01  0.10000000E+01
 0.25002000E-09  0.30057482E-02  0.00000000E+00  0.41676586E-01  0.00000000E+00  0.00000000E+00  0.18918373E+09  0.00000000E+00  0.00000000E+00  0.00000000E+00  0.00000000E+00  0.00000000E+00  0.10000000E-01  0.10000000E+01
 0.26002000E-09  0.30057482E-02  0.00000000E+00  0.43568423E-01  0.00000000E+00  0.00000000E+00  0.18918373E+09  0.00000000E+00  0.00000000E+00  0.00000000E+00  0.00000000E+00  0.00000000E+00  0.10000000E-01  0.10000000E+01
 0.27002000E-09  0.30057482E-02  0.00000000E+00  0.45460261E-01  0.00000000E+00  0.00000000E+00  0.18918373E+09  0.00000000E+00  0.00000000E+00  0.00000000E+00  0.00000000E+00  0.00000000E+00  0.10000000E-01  0.10000000E+01
 0.28002000E-09  0.30057482E-02  0.00000000E+00  0.47352098E-01  0.00000000E+00  0.00000000E+00  0.18918373E+09  0.00000000E+00  0.00000000E+00  0.00000000E+00  0.00000000E+00  0.00000000E+00  0.10000000E-01  0.10000000E+01
 0.29002000E-09  0.30057482E-02  0.00000000E+00  0.49243935E-01  0.00000000E+00  0.00000000E+00  0.18918373E+09  0.00000000E+00  0.00000000E+00  0.00000000E+00  0.00000000E+00  0.00000000E+00  0.10000000E-01  0.10000000E+01
 0.30000000E-09  0.30057482E-02  0.00000000E+00  0.51131989E-01  0.00000000E+00  0.00000000E+00  0.18918373E+09  0.00000000E+00  0.00000000E+00  0.00000000E+00  0.00000000E+00  0.00000000E+00  0.10000000E-01  0.10000000E+01
 0.31000000E-09  0.30057482E-02  0.00000000E+00  0.53023826E-01  0.00000000E+00  0.00000000E+00  0.18918373E+09  0.00000000E+00  0.00000000E+00  0.00000000E+00  0.00000000E+00  0.00000000E+00  0.10000000E-01  0.10000000E+01
 0.32000000E-09  0.30057482E-02  0.00000000E+00  0.54915663E-01  0.00000000E+00  0.00000000E+00  0.18918373E+09  0.00000000E+00  0.00000000E+00  0.00000000E+00  0.00000000E+00  0.00000000E+00  0.10000000E-01  0.10000000E+01
 0.33000000E-09  0.30057482E-02  0.00000000E+00  0.56807501E-01  0.00000000E+00  0.00000000E+00  0.18918373E+09  0.00000000E+00  0.00000000E+00  0.00000000E+00  0.00000000E+00  0.00000000E+00  0.10000000E-01  0.10000000E+01
 0.34000000E-09  0.30057482E-02  0.00000000E+00  0.58699338E-01  0.00000000E+00  0.00000000E+00  0.18918373E+09  0.00000000E+00  0.00000000E+00  0.00000000E+00  0.00000000E+00  0.00000000E+00  0.10000000E-01  0.10000000E+01
 0.35000000E-09  0.30057482E-02  0.00000000E+00  0.60591175E-01  0.00000000E+00  0.00000000E+00  0.18918373E+09  0.00000000E+00  0.00000000E+00  0.00000000E+00  0.00000000E+00  0.00000000E+00  0.10000000E-01  0.10000000E+01
 0.36000000E-09  0.30057482E-02  0.00000000E+00  0.62483013E-01  0.00000000E+00  0.00000000E+00  0.18918373E+09  0.00000000E+00  0.00000000E+00  0.00000000E+00  0.00000000E+00  0.00000000E+00  0.10000000E-01  0.10000000E+01
 0.37000000E-09  0.30057482E-02  0.00000000E+00  0.64374850E-01  0.00000000E+00  0.00000000E+00  0.18918373E+09  0.00000000E+00  0.00000000E+00  0.00000000E+00  0.00000000E+00  0.00000000E+00  0.10000000E-01  0.10000000E+01
 0.38000000E-09  0.30057482E-02  0.00000000E+00  0.66266687E-01  0.00000000E+00  0.00000000E+00  0.18918373E+09  0.00000000E+00  0.00000000E+00  0.00000000E+00  0.00000000E+00  0.00000000E+00  0.10000000E-01  0.10000000E+01
 0.39000000E-09  0.30057482E-02  0.00000000E+00  0.68158525E-01  0.00000000E+00  0.00000000E+00  0.18918373E+09  0.00000000E+00  0.00000000E+00  0.00000000E+00  0.00000000E+00  0.00000000E+00  0.10000000E-01  0.10000000E+01
 0.40000000E-09  0.30057482E-02  0.00000000E+00  0.70050362E-01  0.00000000E+00  0.00000000E+00  0.18918373E+09  0.00000000E+00  0.00000000E+00  0.00000000E+00  0.00000000E+00  0.00000000E+00  0.10000000E-01  0.10000000E+01
 0.41000000E-09  0.30057482E-02  0.00000000E+00  0.71942199E-01  0.00000000E+00  0.00000000E+00  0.18918373E+09  0.00000000E+00  0.00000000E+00  0.00000000E+00  0.00000000E+00  0.00000000E+00  0.10000000E-01  0.10000000E+01
 0.42000000E-09  0.30057482E-02  0.00000000E+00  0.73834037E-01  0.00000000E+00  0.00000000E+00  0.18918373E+09  0.00000000E+00  0.00000000E+00  0.00000000E+00  0.00000000E+00  0.00000000E+00  0.10000000E-01  0.10000000E+01
 0.43000000E-09  0.30057482E-02  0.00000000E+00  0.75725874E-01  0.00000000E+00  0.00000000E+00  0.18918373E+09  0.00000000E+00  0.00000000E+00  0.00000000E+00  0.00000000E+00  0.00000000E+00  0.10000000E-01  0.10000000E+01
 0.44000000E-09  0.30057482E-02  0.00000000E+00  0.77617711E-01  0.00000000E+00  0.00000000E+00  0.18918373E+09  0.00000000E+00  0.00000000E+00  0.00000000E+00  0.00000000E+00  0.00000000E+00  0.10000000E-01  0.10000000E+01
 0.45000000E-09  0.30057482E-02  0.00000000E+00  0.79509549E-01  0.00000000E+00  0.00000000E+00  0.18918373E+09  0.00000000E+00  0.00000000E+00  0.00000000E+00  0.00000000E+00  0.00000000E+00  0.10000000E-01  0.10000000E+01
 0.46000000E-09  0.30057482E-02  0.00000000E+00  0.81401386E-01  0.00000000E+00  0.00000000E+00  0.18918373E+09  0.00000000E+00  0.00000000E+00  0.00000000E+00  0.00000000E+00  0.00000000E+00  0.10000000E-01  0.10000000E+01
 0.47000000E-09  0.30057482E-02  0.00000000E+00  0.83293223E-01  0.00000000E+00  0.00000000E+00  0.18918373E+09  0.00000000E+00  0.00000000E+00  0.00000000E+00  0.00000000E+00  0.00000000E+00  0.10000000E-01  0.10000000E+01
 0.48000000E-09  0.30057482E-02  0.00000000E+00  0.85185061E-01  0.00000000E+00  0.00000000E+00  0.18918373E+09  0.00000000E+00  0.00000000E+00  0.00000000E+00  0.00000000E+00  0.00000000E+00  0.10000000E-01  0.10000000E+01
 0.49000000E-09  0.30057482E-02  0.00000000E+00  0.87076898E-01  0.00000000E+00  0.00000000E+00  0.18918373E+09  0.00000000E+00  0.00000000E+00  0.00000000E+00  0.00000000E+00  0.00000000E+00  0.10000000E-01  0.10000000E+01
 0.50000000E-09  0.30057482E-02  0.00000000E+00  0.88968735E-01  0.00000000E+00  0.00000000E+00  0.18918373E+09  0.00000000E+00  0.00000000E+00  0.00000000E+00  0.00000000E+00  0.00000000E+00  0.10000000E-01  0.10000000E+01
 0.51000000E-09  0.30057482E-02  0.00000000E+00  0.90860573E-01  0.00000000E+00  0.00000000E+00  0.18918373E+09  0.00000000E+00  0.00000000E+00  0.00000000E+00  0.00000000E+00  0.00000000E+00  0.10000000E-01  0.10000000E+01
 0.52000000E-09  0.30057482E-02  0.00000000E+00  0.92752410E-01  0.00000000E+00  0.00000000E+00  0.18918373E+09  0.00000000E+00  0.00000000E+00  0.00000000E+00  0.00000000E+00  0.00000000E+00  0.10000000E-01  0.10000000E+01
 0.53000000E-09  0.30057482E-02  0.00000000E+00  0.94644247E-01  0.00000000E+00  0.00000000E+00  0.18918373E+09  0.00000000E+00  0.00000000E+00  0.00000000E+00  0.00000000E+00  0.00000000E+00  0.10000000E-01  0.10000000E+01
 0.54000000E-09  0.30057482E-02  0.00000000E+00  0.96536085E-01  0.00000000E+00  0.00000000E+00  0.18918373E+09  0.00000000E+00  0.00000000E+00  0.00000000E+00  0.00000000E+00  0.00000000E+00  0.10000000E-01  0.10000000E+01
 0.55002000E-09  0.30057482E-02  0.00000000E+00  0.98431706E-01  0.00000000E+00  0.00000000E+00  0.18918373E+09  0.00000000E+00  0.00000000E+00  0.00000000E+00  0.00000000E+00  0.00000000E+00  0.10000000E-01  0.10000000E+01
 0.56002000E-09  0.30057482E-02  0.00000000E+00  0.10032354E+00  0.00000000E+00  0.00000000E+00  0.18918373E+09  0.00000000E+00  0.00000000E+00  0.00000000E+00  0.00000000E+00  0.00000000E+00  0.10000000E-01  0.10000000E+01
 0.57002000E-09  0.30057482E-02  0.00000000E+00  0.10221538E+00  0.00000000E+00  0.00000000E+00  0.18918373E+09  0.00000000E+00  0.00000000E+00  0.00000000E+00  0.00000000E+00  0.00000000E+00  0.10000000E-01  0.10000000E+01
 0.58002000E-09  0.30057482E-02  0.00000000E+00  0.10410722E+00  0.00000000E+00  0.00000000E+00  0.18918373E+09  0.00000000E+00  0.00000000E+00  0.00000000E+00  0.00000000E+00  0.00000000E+00  0.10000000E-01  0.10000000E+01
 0.59002000E-09  0.30057482E-02  0.00000000E+00  0.10599905E+00  0.00000000E+00  0.00000000E+00  0.18918373E+09  0.00000000E+00  0.00000000E+00  0.00000000E+00  0.00000000E+00  0.00000000E+00  0.10000000E-01  0.10000000E+01
 0.60002000E-09  0.30057482E-02  0.00000000E+00  0.10789089E+00  0.00000000E+00  0.00000000E+00  0.18918373E+09  0.00000000E+00  0.00000000E+00  0.00000000E+00  0.00000000E+00  0.00000000E+00  0.10000000E-01  0.10000000E+01
 0.61002000E-09  0.30057482E-02  0.00000000E+00  0.10978273E+00  0.00000000E+00  0.00000000E+00  0.18918373E+09  0.00000000E+00  0.00000000E+00  0.00000000E+00  0.00000000E+00  0.00000000E+00  0.10000000E-01  0.10000000E+01
 0.62002000E-09  0.30057482E-02  0.00000000E+00  0.11167457E+00  0.00000000E+00  0.00000000E+00  0.18918373E+09  0.00000000E+00  0.00000000E+00  0.00000000E+00  0.00000000E+00  0.00000000E+00  0.10000000E-01  0.10000000E+01
 0.63002000E-09  0.30057482E-02  0.00000000E+00  0.11356640E+00  0.00000000E+00  0.00000000E+00  0.18918373E+09  0.00000000E+00  0.00000000E+00  0.00000000E+00  0.00000000E+00  0.00000000E+00  0.10000000E-01  0.10000000E+01
 0.64002000E-09  0.30057482E-02  0.00000000E+00  0.11545824E+00  0.00000000E+00  0.00000000E+00  0.18918373E+09  0.00000000E+00  0.00000000E+00  0.00000000E+00  0.00000000E+00  0.00000000E+00  0.10000000E-01  0.10000000E+01
 0.65002000E-09  0.30057482E-02  0.00000000E+00  0.11735008E+00  0.00000000E+00  0.00000000E+00  0.18918373E+09  0.00000000E+00  0.00000000E+00  0.00000000E+00  0.00000000E+00  0.00000000E+00  0.10000000E-01  0.10000000E+01
 0.66002000E-09  0.30057482E-02  0.00000000E+00  0.11924192E+00  0.00000000E+00  0.00000000E+00  0.18918373E+09  0.00000000E+00  0.00000000E+00  0.00000000E+00  0.00000000E+00  0.00000000E+00  0.10000000E-01  0.10000000E+01
 0.67002000E-09  0.30057482E-02  0.00000000E+00  0.12113375E+00  0.00000000E+00  0.00000000E+00  0.18918373E+09  0.00000000E+00  0.00000000E+00  0.00000000E+00  0.00000000E+00  0.00000000E+00  0.10000000E-01  0.10000000E+01
 0.68002000E-09  0.30057482E-02  0.00000000E+00  0.12302559E+00  0.00000000E+00  0.00000000E+00  0.18918373E+09  0.00000000E+00  0.00000000E+00  0.00000000E+00  0.00000000E+00  0.00000000E+00  0.10000000E-01  0.10000000E+01
 0.69002000E-09  0.30057482E-02  0.00000000E+00  0.12491743E+00  0.00000000E+00  0.00000000E+00  0.18918373E+09  0.00000000E+00  0.00000000E+00  0.00000000E+00  0.00000000E+00  0.00000000E+00  0.10000000E-01  0.10000000E+01
 0.70002000E-09  0.30057482E-02  0.00000000E+00  0.12680927E+00  0.00000000E+00  0.00000000E+00  0.18918373E+09  0.00000000E+00  0.00000000E+00  0.00000000E+00  0.00000000E+00  0.00000000E+00  0.10000000E-01  0.10000000E+01
 0.71002000E-09  0.30057482E-02  0.00000000E+00  0.12870110E+00  0.00000000E+00  0.00000000E+00  0.18918373E+09  0.00000000E+00  0.00000000E+00  0.00000000E+00  0.00000000E+00  0.00000000E+00  0.10000000E-01  0.10000000E+01
 0.72002000E-09  0.30057482E-02  0.00000000E+00  0.13059294E+00  0.00000000E+00  0.00000000E+00  0.18918373E+09  0.00000000E+00  0.00000000E+00  0.00000000E+00  0.00000000E+00  0.00000000E+00  0.10000000E-01  0.10000000E+01
 0.73002000E-09  0.30057482E-02  0.00000000E+00  0.13248478E+00  0.00000000E+00  0.00000000E+00  0.18918373E+09  0.00000000E+00  0.00000000E+00  0.00000000E+00  0.00000000E+00  0.00000000E+00  0.10000000E-01  0.10000000E+01
 0.74002000E-09  0.30057482E-02  0.00000000E+00  0.13437661E+00  0.00000000E+00  0.00000000E+00  0.18918373E+09  0.00000000E+00  0.00000000E+00  0.00000000E+00  0.00000000E+00  0.00000000E+00  0.10000000E-01  0.10000000E+01
 0.75002000E-09  0.30057482E-02  0.00000000E+00  0.13626845E+00  0.00000000E+00  0.00000000E+00  0.18918373E+09  0.00000000E+00  0.00000000E+00  0.00000000E+00  0.00000000E+00  0.00000000E+00  0.10000000E-01  0.10000000E+01
 0.76002000E-09  0.30057482E-02  0.00000000E+00  0.13816029E+00  0.00000000E+00  0.00000000E+00  0.18918373E+09  0.00000000E+00  0.00000000E+00  0.00000000E+00  0.00000000E+00  0.00000000E+00  0.10000000E-01  0.10000000E+01
 0.77002000E-09  0.30057482E-02  0.00000000E+00  0.14005213E+00  0.00000000E+00  0.00000000E+00  0.18918373E+09  0.00000000E+00  0.00000000E+00  0.00000000E+00  0.00000000E+00  0.00000000E+00  0.10000000E-01  0.10000000E+01
 0.78002000E-09  0.30057482E-02  0.00000000E+00  0.14194396E+00  0.00000000E+00  0.00000000E+00  0.18918373E+09  0.00000000E+00  0.00000000E+00  0.00000000E+00  0.00000000E+00  0.00000000E+00  0.10000000E-01  0.10000000E+01
 0.79002000E-09  0.30057482E-02  0.00000000E+00  0.14383580E+00  0.00000000E+00  0.00000000E+00  0.18918373E+09  0.00000000E+00  0.00000000E+00  0.00000000E+00  0.00000000E+00  0.00000000E+00  0.10000000E-01  0.10000000E+01
 0.80002000E-09  0.30057482E-02  0.00000000E+00  0.14572764E+00  0.00000000E+00  0.00000000E+00  0.18918373E+09  0.00000000E+00  0.00000000E+00  0.00000000E+00  0.00000000E+00  0.00000000E+00  0.10000000E-01  0.10000000E+01
 0.81002000E-09  0.30057482E-02  0.00000000E+00  0.14761948E+00  0.00000000E+00  0.00000000E+00  0.18918373E+09  0.00000000E+00  0.00000000E+00  0.00000000E+00  0.00000000E+00  0.00000000E+00  0.10000000E-01  0.10000000E+01
 0.82002000E-09  0.30057482E-02  0.00000000E+00  0.14951131E+00  0.00000000E+00  0.00000000E+00  0.18918373E+09  0.00000000E+00  0.00000000E+00  0.00000000E+00  0.00000000E+00  0.00000000E+00  0.10000000E-01  0.10000000E+01
 0.83002000E-09  0.30057482E-02  0.00000000E+00  0.15140315E+00  0.00000000E+00  0.00000000E+00  0.18918373E+09  0.00000000E+00  0.00000000E+00  0.00000000E+00  0.00000000E+00  0.00000000E+00  0.10000000E-01  0.10000000E+01
 0.84002000E-09  0.30057482E-02  0.00000000E+00  0.15329499E+00  0.00000000E+00  0.00000000E+00  0.18918373E+09  0.00000000E+00  0.00000000E+00  0.00000000E+00  0.00000000E+00  0.00000000E+00  0.10000000E-01  0.10000000E+01
 0.85002000E-09  0.30057482E-02  0.00000000E+00  0.15518683E+00  0.00000000E+00  0.00000000E+00  0.18918373E+09  0.00000000E+00  0.00000000E+00  0.00000000E+00  0.00000000E+00  0.00000000E+00  0.10000000E-01  0.10000000E+01
 0.86002000E-09  0.30057482E-02  0.00000000E+00  0.15707866E+00  0.00000000E+00  0.00000000E+00  0.18918373E+09  0.00000000E+00  0.00000000E+00  0.00000000E+00  0.00000000E+00  0.00000000E+00  0.10000000E-01  0.10000000E+01
 0.87002000E-09  0.30057482E-02  0.00000000E+00  0.15897050E+00  0.00000000E+00  0.00000000E+00  0.18918373E+09  0.00000000E+00  0.00000000E+00  0.00000000E+00  0.00000000E+00  0.00000000E+00  0.10000000E-01  0.10000000E+01
 0.88002000E-09  0.30057482E-02  0.00000000E+00  0.16086234E+00  0.00000000E+00  0.00000000E+00  0.18918373E+09  0.00000000E+00  0.00000000E+00  0.00000000E+00  0.00000000E+00  0.00000000E+00  0.10000000E-01  0.10000000E+01
 0.89002000E-09  0.30057482E-02  0.00000000E+00  0.16275417E+00  0.00000000E+00  0.00000000E+00  0.18918373E+09  0.00000000E+00  0.00000000E+00  0.00000000E+00  0.00000000E+00  0.00000000E+00  0.10000000E-01  0.10000000E+01
 0.90002000E-09  0.30057482E-02  0.00000000E+00  0.16464601E+00  0.00000000E+00  0.00000000E+00  0.18918373E+09  0.00000000E+00  0.00000000E+00  0.00000000E+00  0.00000000E+00  0.00000000E+00  0.10000000E-01  0.10000000E+01
 0.91002000E-09  0.30057482E-02  0.00000000E+00  0.16653785E+00  0.00000000E+00  0.00000000E+00  0.18918373E+09  0.00000000E+00  0.00000000E+00  0.00000000E+00  0.00000000E+00  0.00000000E+00  0.10000000E-01  0.10000000E+01
 0.92002000E-09  0.30057482E-02  0.00000000E+00  0.16842969E+00  0.00000000E+00  0.00000000E+00  0.18918373E+09  0.00000000E+00  0.00000000E+00  0.00000000E+00  0.00000000E+00  0.00000000E+00  0.10000000E-01  0.10000000E+01
 0.93002000E-09  0.30057482E-02  0.00000000E+00  0.17032152E+00  0.00000000E+00  0.00000000E+00  0.18918373E+09  0.00000000E+00  0.00000000E+00  0.00000000E+00  0.00000000E+00  0.00000000E+00  0.10000000E-01  0.10000000E+01
 0.94002000E-09  0.30057482E-02  0.00000000E+00  0.17221336E+00  0.00000000E+00  0.00000000E+00  0.18918373E+09  0.00000000E+00  0.00000000E+00  0.00000000E+00  0.00000000E+00  0.00000000E+00  0.10000000E-01  0.10000000E+01
 0.95002000E-09  0.30057482E-02  0.00000000E+00  0.17410520E+00  0.00000000E+00  0.00000000E+00  0.18918373E+09  0.00000000E+00  0.00000000E+00  0.00000000E+00  0.00000000E+00  0.00000000E+00  0.10000000E-01  0.10000000E+01
 0.96002000E-09  0.30057482E-02  0.00000000E+00  0.17599704E+00  0.00000000E+00  0.00000000E+00  0.18918373E+09  0.00000000E+00  0.00000000E+00  0.00000000E+00  0.00000000E+00  0.00000000E+00  0.10000000E-01  0.10000000E+01
 0.97002000E-09  0.30057482E-02  0.00000000E+00  0.17788887E+00  0.00000000E+00  0.00000000E+00  0.18918373E+09  0.00000000E+00  0.00000000E+00  0.00000000E+00  0.00000000E+00  0.00000000E+00  0.10000000E-01  0.10000000E+01
 0.98002000E-09  0.30057482E-02  0.00000000E+00  0.17978071E+00  0.00000000E+00  0.00000000E+00  0.18918373E+09  0.00000000E+00  0.00000000E+00  0.00000000E+00  0.00000000E+00  0.00000000E+00  0.10000000E-01  0.10000000E+01
 0.99002000E-09  0.30057482E-02  0.00000000E+00  0.18167255E+00  0.00000000E+00  0.00000000E+00  0.18918373E+09  0.00000000E+00  0.00000000E+00  0.00000000E+00  0.00000000E+00  0.00000000E+00  0.10000000E-01  0.10000000E+01
 0.10000200E-08  0.30057482E-02  0.00000000E+00  0.18356438E+00  0.00000000E+00  0.00000000E+00  0.18918373E+09  0.00000000E+00  0.00000000E+00  0.00000000E+00  0.00000000E+00  0.00000000E+00  0.10000000E-01  0.10000000E+01
 0.10100200E-08  0.30057482E-02  0.00000000E+00  0.18545622E+00  0.00000000E+00  0.00000000E+00  0.18918373E+09  0.00000000E+00  0.00000000E+00  0.00000000E+00  0.00000000E+00  0.00000000E+00  0.10000000E-01  0.10000000E+01
 0.10200200E-08  0.30057482E-02  0.00000000E+00  0.18734806E+00  0.00000000E+00  0.00000000E+00  0.18918373E+09  0.00000000E+00  0.00000000E+00  0.00000000E+00  0.00000000E+00  0.00000000E+00  0.10000000E-01  0.10000000E+01
 0.10300200E-08  0.30057482E-02  0.00000000E+00  0.18923990E+00  0.00000000E+00  0.00000000E+00  0.18918373E+09  0.00000000E+00  0.00000000E+00  0.00000000E+00  0.00000000E+00  0.00000000E+00  0.10000000E-01  0.10000000E+01
 0.10400200E-08  0.30057482E-02  0.00000000E+00  0.19113173E+00  0.00000000E+00  0.00000000E+00  0.18918373E+09  0.00000000E+00  0.00000000E+00  0.00000000E+00  0.00000000E+00  0.00000000E+00  0.10000000E-01  0.10000000E+01
 0.10500200E-08  0.30057482E-02  0.00000000E+00  0.19302357E+00  0.00000000E+00  0.00000000E+00  0.18918373E+09  0.00000000E+00  0.00000000E+00  0.00000000E+00  0.00000000E+00  0.00000000E+00  0.10000000E-01  0.10000000E+01
 0.10600200E-08  0.30057482E-02  0.00000000E+00  0.19491541E+00  0.00000000E+00  0.00000000E+00  0.18918373E+09  0.00000000E+00  0.00000000E+00  0.00000000E+00  0.00000000E+00  0.00000000E+00  0.10000000E-01  0.10000000E+01
 0.10700200E-08  0.30057482E-02  0.00000000E+00  0.19680725E+00  0.00000000E+00  0.00000000E+00  0.18918373E+09  0.00000000E+00  0.00000000E+00  0.00000000E+00  0.00000000E+00  0.00000000E+00  0.10000000E-01  0.10000000E+01
 0.10800200E-08  0.30057482E-02  0.00000000E+00  0.19869908E+00  0.00000000E+00  0.00000000E+00  0.18918373E+09  0.00000000E+00  0.00000000E+00  0.00000000E+00  0.00000000E+00  0.00000000E+00  0.10000000E-01  0.10000000E+01
 0.10900200E-08  0.30057482E-02  0.00000000E+00  0.20059092E+00  0.00000000E+00  0.00000000E+00  0.18918373E+09  0.00000000E+00  0.00000000E+00  0.00000000E+00  0.00000000E+00  0.00000000E+00  0.10000000E-01  0.10000000E+01
 0.11000200E-08  0.30057482E-02  0.00000000E+00  0.20248276E+00  0.00000000E+00  0.00000000E+00  0.18918373E+09  0.00000000E+00  0.00000000E+00  0.00000000E+00  0.00000000E+00  0.00000000E+00  0.10000000E-01  0.10000000E+01
 0.11100200E-08  0.30057482E-02  0.00000000E+00  0.20437460E+00  0.00000000E+00  0.00000000E+00  0.18918373E+09  0.00000000E+00  0.00000000E+00  0.00000000E+00  0.00000000E+00  0.00000000E+00  0.10000000E-01  0.10000000E+01
 0.11200200E-08  0.30057482E-02  0.00000000E+00  0.20626643E+00  0.00000000E+00  0.00000000E+00  0.18918373E+09  0.00000000E+00  0.00000000E+00  0.00000000E+00  0.00000000E+00  0.00000000E+00  0.10000000E-01  0.10000000E+01
 0.11300200E-08  0.30057482E-02  0.00000000E+00  0.20815827E+00  0.00000000E+00  0.00000000E+00  0.18918373E+09  0.00000000E+00  0.00000000E+00  0.00000000E+00  0.00000000E+00  0.00000000E+00  0.10000000E-01  0.10000000E+01
 0.11400200E-08  0.30057482E-02  0.00000000E+00  0.21005011E+00  0.00000000E+00  0.00000000E+00  0.18918373E+09  0.00000000E+00  0.00000000E+00  0.00000000E+00  0.00000000E+00  0.00000000E+00  0.10000000E-01  0.10000000E+01
 0.11500200E-08  0.30057482E-02  0.00000000E+00  0.21194194E+00  0.00000000E+00  0.00000000E+00  0.18918373E+09  0.00000000E+00  0.00000000E+00  0.00000000E+00  0.00000000E+00  0.00000000E+00  0.10000000E-01  0.10000000E+01
 0.11600200E-08  0.30057482E-02  0.00000000E+00  0.21383378E+00  0.00000000E+00  0.00000000E+00  0.18918373E+09  0.00000000E+00  0.00000000E+00  0.00000000E+00  0.00000000E+00  0.00000000E+00  0.10000000E-01  0.10000000E+01
 0.11700200E-08  0.30057482E-02  0.00000000E+00  0.21572562E+00  0.00000000E+00  0.00000000E+00  0.18918373E+09  0.00000000E+00  0.00000000E+00  0.00000000E+00  0.00000000E+00  0.00000000E+00  0.10000000E-01  0.10000000E+01
 0.11800200E-08  0.30057482E-02  0.00000000E+00  0.21761746E+00  0.00000000E+00  0.00000000E+00  0.18918373E+09  0.00000000E+00  0.00000000E+00  0.00000000E+00  0.00000000E+00  0.00000000E+00  0.10000000E-01  0.10000000E+01
 0.11900200E-08  0.30057482E-02  0.00000000E+00  0.21950929E+00  0.00000000E+00  0.00000000E+00  0.18918373E+09  0.00000000E+00  0.00000000E+00  0.00000000E+00  0.00000000E+00  0.00000000E+00  0.10000000E-01  0.10000000E+01
 0.12000200E-08  0.30057482E-02  0.00000000E+00  0.22140113E+00  0.00000000E+00  0.00000000E+00  0.18918373E+09  0.00000000E+00  0.00000000E+00  0.00000000E+00  0.00000000E+00  0.00000000E+00  0.10000000E-01  0.10000000E+01
 0.12100200E-08  0.30057482E-02  0.00000000E+00  0.22329297E+00  0.00000000E+00  0.00000000E+00  0.18918373E+09  0.00000000E+00  0.00000000E+00  0.00000000E+00  0.00000000E+00  0.00000000E+00  0.10000000E-01  0.10000000E+01
 0.12200200E-08  0.30057482E-02  0.00000000E+00  0.22518481E+00  0.00000000E+00  0.00000000E+00  0.18918373E+09  0.00000000E+00  0.00000000E+00  0.00000000E+00  0.00000000E+00  0.00000000E+00  0.10000000E-01  0.10000000E+01
 0.12300200E-08  0.30057482E-02  0.00000000E+00  0.22707664E+00  0.00000000E+00  0.00000000E+00  0.18918373E+09  0.00000000E+00  0.00000000E+00  0.00000000E+00  0.00000000E+00  0.00000000E+00  0.10000000E-01  0.10000000E+01
 0.12400200E-08  0.30057482E-02  0.00000000E+00  0.22896848E+00  0.00000000E+00  0.00000000E+00  0.18918373E+09  0.00000000E+00  0.00000000E+00  0.00000000E+00  0.00000000E+00  0.00000000E+00  0.10000000E-01  0.10000000E+01
 0.12500200E-08  0.30057482E-02  0.00000000E+00  0.23086032E+00  0.00000000E+00  0.00000000E+00  0.18918373E+09  0.00000000E+00  0.00000000E+00  0.00000000E+00  0.00000000E+00  0.00000000E+00  0.10000000E-01  0.10000000E+01
 0.12600200E-08  0.30057482E-02  0.00000000E+00  0.23275216E+00  0.00000000E+00  0.00000000E+00  0.18918373E+09  0.00000000E+00  0.00000000E+00  0.00000000E+00  0.00000000E+00  0.00000000E+00  0.10000000E-01  0.10000000E+01
 0.12700200E-08  0.30057482E-02  0.00000000E+00  0.23464399E+00  0.00000000E+00  0.00000000E+00  0.18918373E+09  0.00000000E+00  0.00000000E+00  0.00000000E+00  0.00000000E+00  0.00000000E+00  0.10000000E-01  0.10000000E+01
 0.12800200E-08  0.30057482E-02  0.00000000E+00  0.23653583E+00  0.00000000E+00  0.00000000E+00  0.18918373E+09  0.00000000E+00  0.00000000E+00  0.00000000E+00  0.00000000E+00  0.00000000E+00  0.10000000E-01  0.10000000E+01
 0.12900200E-08  0.30057482E-02  0.00000000E+00  0.23842767E+00  0.00000000E+00  0.00000000E+00  0.18918373E+09  0.00000000E+00  0.00000000E+00  0.00000000E+00  0.00000000E+00  0.00000000E+00  0.10000000E-01  0.10000000E+01
 0.13000200E-08  0.30057482E-02  0.00000000E+00  0.24031950E+00  0.00000000E+00  0.00000000E+00  0.18918373E+09  0.00000000E+00  0.00000000E+00  0.00000000E+00  0.00000000E+00  0.00000000E+00  0.10000000E-01  0.10000000E+01
 0.13100200E-08  0.30057482E-02  0.00000000E+00  0.24221134E+00  0.00000000E+00  0.00000000E+00  0.18918373E+09  0.00000000E+00  0.00000000E+00  0.00000000E+00  0.00000000E+00  0.00000000E+00  0.10000000E-01  0.10000000E+01
 0.13200200E-08  0.30057482E-02  0.00000000E+00  0.24410318E+00  0.00000000E+00  0.00000000E+00  0.18918373E+09  0.00000000E+00  0.00000000E+00  0.00000000E+00  0.00000000E+00  0.00000000E+00  0.10000000E-01  0.10000000E+01
 0.13300200E-08  0.30057482E-02  0.00000000E+00  0.24599502E+00  0.00000000E+00  0.00000000E+00  0.18918373E+09  0.00000000E+00  0.00000000E+00  0.00000000E+00  0.00000000E+00  0.00000000E+00  0.10000000E-01  0.10000000E+01
 0.13400200E-08  0.30057482E-02  0.00000000E+00  0.24788685E+00  0.00000000E+00  0.00000000E+00  0.18918373E+09  0.00000000E+00  0.00000000E+00  0.00000000E+00  0.00000000E+00  0.00000000E+00  0.10000000E-01  0.10000000E+01
 0.13500200E-08  0.30057482E-02  0.00000000E+00  0.24977869E+00  0.00000000E+00  0.00000000E+00  0.18918373E+09  0.00000000E+00  0.00000000E+00  0.00000000E+00  0.00000000E+00  0.00000000E+00  0.10000000E-01  0.10000000E+01
 0.13600200E-08  0.30057482E-02  0.00000000E+00  0.25167053E+00  0.00000000E+00  0.00000000E+00  0.18918373E+09  0.00000000E+00  0.00000000E+00  0.00000000E+00  0.00000000E+00  0.00000000E+00  0.10000000E-01  0.10000000E+01
 0.13700200E-08  0.30057482E-02  0.00000000E+00  0.25356237E+00  0.00000000E+00  0.00000000E+00  0.18918373E+09  0.00000000E+00  0.00000000E+00  0.00000000E+00  0.00000000E+00  0.00000000E+00  0.10000000E-01  0.10000000E+01
 0.13800200E-08  0.30057482E-02  0.00000000E+00  0.25545420E+00  0.00000000E+00  0.00000000E+00  0.18918373E+09  0.00000000E+00  0.00000000E+00  0.00000000E+00  0.00000000E+00  0.00000000E+00  0.10000000E-01  0.10000000E+01
 0.13900200E-08  0.30057482E-02  0.00000000E+00  0.25734604E+00  0.00000000E+00  0.00000000E+00  0.18918373E+09  0.00000000E+00  0.00000000E+00  0.00000000E+00  0.00000000E+00  0.00000000E+00  0.10000000E-01  0.10000000E+01
 0.14000200E-08  0.30057482E-02  0.00000000E+00  0.25923788E+00  0.00000000E+00  0.00000000E+00  0.18918373E+09  0.00000000E+00  0.00000000E+00  0.00000000E+00  0.00000000E+00  0.00000000E+00  0.10000000E-01  0.10000000E+01
 0.14100200E-08  0.30057482E-02  0.00000000E+00  0.26112972E+00  0.00000000E+00  0.00000000E+00  0.18918373E+09  0.00000000E+00  0.00000000E+00  0.00000000E+00  0.00000000E+00  0.00000000E+00  0.10000000E-01  0.10000000E+01
 0.14200200E-08  0.30057482E-02  0.00000000E+00  0.26302155E+00  0.00000000E+00  0.00000000E+00  0.18918373E+09  0.00000000E+00  0.00000000E+00  0.00000000E+00  0.00000000E+00  0.00000000E+00  0.10000000E-01  0.10000000E+01
 0.14300200E-08  0.30057482E-02  0.00000000E+00  0.26491339E+00  0.00000000E+00  0.00000000E+00  0.18918373E+09  0.00000000E+00  0.00000000E+00  0.00000000E+00  0.00000000E+00  0.00000000E+00  0.10000000E-01  0.10000000E+01
 0.14400200E-08  0.30057482E-02  0.00000000E+00  0.26680523E+00  0.00000000E+00  0.00000000E+00  0.18918373E+09  0.00000000E+00  0.00000000E+00  0.00000000E+00  0.00000000E+00  0.00000000E+00  0.10000000E-01  0.10000000E+01
 0.14500200E-08  0.30057482E-02  0.00000000E+00  0.26869706E+00  0.00000000E+00  0.00000000E+00  0.18918373E+09  0.00000000E+00  0.00000000E+00  0.00000000E+00  0.00000000E+00  0.00000000E+00  0.10000000E-01  0.10000000E+01
 0.14600200E-08  0.30057482E-02  0.00000000E+00  0.27058890E+00  0.00000000E+00  0.00000000E+00  0.18918373E+09  0.00000000E+00  0.00000000E+00  0.00000000E+00  0.00000000E+00  0.00000000E+00  0.10000000E-01  0.10000000E+01
 0.14700200E-08  0.30057482E-02  0.00000000E+00  0.27248074E+00  0.00000000E+00  0.00000000E+00  0.18918373E+09  0.00000000E+00  0.00000000E+00  0.00000000E+00  0.00000000E+00  0.00000000E+00  0.10000000E-01  0.10000000E+01
 0.14800200E-08  0.30057482E-02  0.00000000E+00  0.27437258E+00  0.00000000E+00  0.00000000E+00  0.18918373E+09  0.00000000E+00  0.00000000E+00  0.00000000E+00  0.00000000E+00  0.00000000E+00  0.10000000E-01  0.10000000E+01
 0.14900200E-08  0.30057482E-02  0.00000000E+00  0.27626441E+00  0.00000000E+00  0.00000000E+00  0.18918373E+09  0.00000000E+00  0.00000000E+00  0.00000000E+00  0.00000000E+00  0.00000000E+00  0.10000000E-01  0.10000000E+01
 0.15000200E-08  0.30057482E-02  0.00000000E+00  0.27815625E+00  0.00000000E+00  0.00000000E+00  0.18918373E+09  0.00000000E+00  0.00000000E+00  0.00000000E+00  0.00000000E+00  0.00000000E+00  0.10000000E-01  0.10000000E+01
 0.15100200E-08  0.30057482E-02  0.00000000E+00  0.28004809E+00  0.00000000E+00  0.00000000E+00  0.18918373E+09  0.00000000E+00  0.00000000E+00  0.00000000E+00  0.00000000E+00  0.00000000E+00  0.10000000E-01  0.10000000E+01
 0.15200200E-08  0.30057482E-02  0.00000000E+00  0.28193993E+00  0.00000000E+00  0.00000000E+00  0.18918373E+09  0.00000000E+00  0.00000000E+00  0.00000000E+00  0.00000000E+00  0.00000000E+00  0.10000000E-01  0.10000000E+01
 0.15300200E-08  0.30057482E-02  0.00000000E+00  0.28383176E+00  0.00000000E+00  0.00000000E+00  0.18918373E+09  0.00000000E+00  0.00000000E+00  0.00000000E+00  0.00000000E+00  0.00000000E+00  0.10000000E-01  0.10000000E+01
 0.15400200E-08  0.30057482E-02  0.00000000E+00  0.28572360E+00  0.00000000E+00  0.00000000E+00  0.18918373E+09  0.00000000E+00  0.00000000E+00  0.00000000E+00  0.00000000E+00  0.00000000E+00  0.10000000E-01  0.10000000E+01
 0.15500200E-08  0.30057482E-02  0.00000000E+00  0.28761544E+00  0.00000000E+00  0.00000000E+00  0.18918373E+09  0.00000000E+00  0.00000000E+00  0.00000000E+00  0.00000000E+00  0.00000000E+00  0.10000000E-01  0.10000000E+01
 0.15600200E-08  0.30057482E-02  0.00000000E+00  0.28950727E+00  0.00000000E+00  0.00000000E+00  0.18918373E+09  0.00000000E+00  0.00000000E+00  0.00000000E+00  0.00000000E+00  0.00000000E+00  0.10000000E-01  0.10000000E+01
 0.15700200E-08  0.30057482E-02  0.00000000E+00  0.29139911E+00  0.00000000E+00  0.00000000E+00  0.18918373E+09  0.00000000E+00  0.00000000E+00  0.00000000E+00  0.00000000E+00  0.00000000E+00  0.10000000E-01  0.10000000E+01
 0.15800200E-08  0.30057482E-02  0.00000000E+00  0.29329095E+00  0.00000000E+00  0.00000000E+00  0.18918373E+09  0.00000000E+00  0.00000000E+00  0.00000000E+00  0.00000000E+00  0.00000000E+00  0.10000000E-01  0.10000000E+01
 0.15900200E-08  0.30057482E-02  0.00000000E+00  0.29518279E+00  0.00000000E+00  0.00000000E+00  0.18918373E+09  0.00000000E+00  0.00000000E+00  0.00000000E+00  0.00000000E+00  0.00000000E+00  0.10000000E-01  0.10000000E+01
 0.16000200E-08  0.30057482E-02  0.00000000E+00  0.29707462E+00  0.00000000E+00  0.00000000E+00  0.18918373E+09  0.00000000E+00  0.00000000E+00  0.00000000E+00  0.00000000E+00  0.00000000E+00  0.10000000E-01  0.10000000E+01
 0.16100200E-08  0.30057482E-02  0.00000000E+00  0.29896646E+00  0.00000000E+00  0.00000000E+00  0.18918373E+09  0.00000000E+00  0.00000000E+00  0.00000000E+00  0.00000000E+00  0.00000000E+00  0.10000000E-01  0.10000000E+01
 0.16200200E-08  0.30057482E-02  0.00000000E+00  0.30085830E+00  0.00000000E+00  0.00000000E+00  0.18918373E+09  0.00000000E+00  0.00000000E+00  0.00000000E+00  0.00000000E+00  0.00000000E+00  0.10000000E-01  0.10000000E+01
 0.16300200E-08  0.30057482E-02  0.00000000E+00  0.30275014E+00  0.00000000E+00  0.00000000E+00  0.18918373E+09  0.00000000E+00  0.00000000E+00  0.00000000E+00  0.00000000E+00  0.00000000E+00  0.10000000E-01  0.10000000E+01
 0.16400200E-08  0.30057482E-02  0.00000000E+00  0.30464197E+00  0.00000000E+00  0.00000000E+00  0.18918373E+09  0.00000000E+00  0.00000000E+00  0.00000000E+00  0.00000000E+00  0.00000000E+00  0.10000000E-01  0.10000000E+01
 0.16500200E-08  0.30057482E-02  0.00000000E+00  0.30653381E+00  0.00000000E+00  0.00000000E+00  0.18918373E+09  0.00000000E+00  0.00000000E+00  0.00000000E+00  0.00000000E+00  0.00000000E+00  0.10000000E-01  0.10000000E+01
 0.16600200E-08  0.30057482E-02  0.00000000E+00  0.30842565E+00  0.00000000E+00  0.00000000E+00  0.18918373E+09  0.00000000E+00  0.00000000E+00  0.00000000E+00  0.00000000E+00  0.00000000E+00  0.10000000E-01  0.10000000E+01
 0.16700200E-08  0.30057482E-02  0.00000000E+00  0.31031749E+00  0.00000000E+00  0.00000000E+00  0.18918373E+09  0.00000000E+00  0.00000000E+00  0.00000000E+00  0.00000000E+00  0.00000000E+00  0.10000000E-01  0.10000000E+01
 0.16800200E-08  0.30057482E-02  0.00000000E+00  0.31220932E+00  0.00000000E+00  0.00000000E+00  0.18918373E+09  0.00000000E+00  0.00000000E+00  0.00000000E+00  0.00000000E+00  0.00000000E+00  0.10000000E-01  0.10000000E+01
 0.16900200E-08  0.30057482E-02  0.00000000E+00  0.31410116E+00  0.00000000E+00  0.00000000E+00  0.18918373E+09  0.00000000E+00  0.00000000E+00  0.00000000E+00  0.00000000E+00  0.00000000E+00  0.10000000E-01  0.10000000E+01
 0.17000200E-08  0.30057482E-02  0.00000000E+00  0.31599300E+00  0.00000000E+00  0.00000000E+00  0.18918373E+09  0.00000000E+00  0.00000000E+00  0.00000000E+00  0.00000000E+00  0.00000000E+00  0.10000000E-01  0.10000000E+01
 0.17100200E-08  0.30057482E-02  0.00000000E+00  0.31788483E+00  0.00000000E+00  0.00000000E+00  0.18918373E+09  0.00000000E+00  0.00000000E+00  0.00000000E+00  0.00000000E+00  0.00000000E+00  0.10000000E-01  0.10000000E+01
 0.17200200E-08  0.30057482E-02  0.00000000E+00  0.31977667E+00  0.00000000E+00  0.00000000E+00  0.18918373E+09  0.00000000E+00  0.00000000E+00  0.00000000E+00  0.00000000E+00  0.00000000E+00  0.10000000E-01  0.10000000E+01
 0.17300200E-08  0.30057482E-02  0.00000000E+00  0.32166851E+00  0.00000000E+00  0.00000000E+00  0.18918373E+09  0.00000000E+00  0.00000000E+00  0.00000000E+00  0.00000000E+00  0.00000000E+00  0.10000000E-01  0.10000000E+01
 0.17400200E-08  0.30057482E-02  0.00000000E+00  0.32356035E+00  0.00000000E+00  0.00000000E+00  0.18918373E+09  0.00000000E+00  0.00000000E+00  0.00000000E+00  0.00000000E+00  0.00000000E+00  0.10000000E-01  0.10000000E+01
 0.17500200E-08  0.30057482E-02  0.00000000E+00  0.32545218E+00  0.00000000E+00  0.00000000E+00  0.18918373E+09  0.00000000E+00  0.00000000E+00  0.00000000E+00  0.00000000E+00  0.00000000E+00  0.10000000E-01  0.10000000E+01
 0.17600200E-08  0.30057482E-02  0.00000000E+00  0.32734402E+00  0.00000000E+00  0.00000000E+00  0.18918373E+09  0.00000000E+00  0.00000000E+00  0.00000000E+00  0.00000000E+00  0.00000000E+00  0.10000000E-01  0.10000000E+01
 0.17700200E-08  0.30057482E-02  0.00000000E+00  0.32923586E+00  0.00000000E+00  0.00000000E+00  0.18918373E+09  0.00000000E+00  0.00000000E+00  0.00000000E+00  0.00000000E+00  0.00000000E+00  0.10000000E-01  0.10000000E+01
 0.17800200E-08  0.30057482E-02  0.00000000E+00  0.33112770E+00  0.00000000E+00  0.00000000E+00  0.18918373E+09  0.00000000E+00  0.00000000E+00  0.00000000E+00  0.00000000E+00  0.00000000E+00  0.10000000E-01  0.10000000E+01
 0.17900200E-08  0.30057482E-02  0.00000000E+00  0.33301953E+00  0.00000000E+00  0.00000000E+00  0.18918373E+09  0.00000000E+00  0.00000000E+00  0.00000000E+00  0.00000000E+00  0.00000000E+00  0.10000000E-01  0.10000000E+01
 0.18000200E-08  0.30057482E-02  0.00000000E+00  0.33491137E+00  0.00000000E+00  0.00000000E+00  0.18918373E+09  0.00000000E+00  0.00000000E+00  0.00000000E+00  0.00000000E+00  0.00000000E+00  0.10000000E-01  0.10000000E+01
 0.18100200E-08  0.30057482E-02  0.00000000E+00  0.33680321E+00  0.00000000E+00  0.00000000E+00  0.18918373E+09  0.00000000E+00  0.00000000E+00  0.00000000E+00  0.00000000E+00  0.00000000E+00  0.10000000E-01  0.10000000E+01
 0.18200200E-08  0.30057482E-02  0.00000000E+00  0.33869505E+00  0.00000000E+00  0.00000000E+00  0.18918373E+09  0.00000000E+00  0.00000000E+00  0.00000000E+00  0.00000000E+00  0.00000000E+00  0.10000000E-01  0.10000000E+01
 0.18300200E-08  0.30057482E-02  0.00000000E+00  0.34058688E+00  0.00000000E+00  0.00000000E+00  0.18918373E+09  0.00000000E+00  0.00000000E+00  0.00000000E+00  0.00000000E+00  0.00000000E+00  0.10000000E-01  0.10000000E+01
 0.18400200E-08  0.30057482E-02  0.00000000E+00  0.34247872E+00  0.00000000E+00  0.00000000E+00  0.18918373E+09  0.00000000E+00  0.00000000E+00  0.00000000E+00  0.00000000E+00  0.00000000E+00  0.10000000E-01  0.10000000E+01
 0.18500200E-08  0.30057482E-02  0.00000000E+00  0.34437056E+00  0.00000000E+00  0.00000000E+00  0.18918373E+09  0.00000000E+00  0.00000000E+00  0.00000000E+00  0.00000000E+00  0.00000000E+00  0.10000000E-01  0.10000000E+01
 0.18600200E-08  0.30057482E-02  0.00000000E+00  0.34626239E+00  0.00000000E+00  0.00000000E+00  0.18918373E+09  0.00000000E+00  0.00000000E+00  0.00000000E+00  0.00000000E+00  0.00000000E+00  0.10000000E-01  0.10000000E+01
 0.18700200E-08  0.30057482E-02  0.00000000E+00  0.34815423E+00  0.00000000E+00  0.00000000E+00  0.18918373E+09  0.00000000E+00  0.00000000E+00  0.00000000E+00  0.00000000E+00  0.00000000E+00  0.10000000E-01  0.10000000E+01
 0.18800200E-08  0.30057482E-02  0.00000000E+00  0.35004607E+00  0.00000000E+00  0.00000000E+00  0.18918373E+09  0.00000000E+00  0.00000000E+00  0.00000000E+00  0.00000000E+00  0.00000000E+00  0.10000000E-01  0.10000000E+01
 0.18900200E-08  0.30057482E-02  0.00000000E+00  0.35193791E+00  0.00000000E+00  0.00000000E+00  0.18918373E+09  0.00000000E+00  0.00000000E+00  0.00000000E+00  0.00000000E+00  0.00000000E+00  0.10000000E-01  0.10000000E+01
 0.19000200E-08  0.30057482E-02  0.00000000E+00  0.35382974E+00  0.00000000E+00  0.00000000E+00  0.18918373E+09  0.00000000E+00  0.00000000E+00  0.00000000E+00  0.00000000E+00  0.00000000E+00  0.10000000E-01  0.10000000E+01
 0.19100200E-08  0.30057482E-02  0.00000000E+00  0.35572158E+00  0.00000000E+00  0.00000000E+00  0.18918373E+09  0.00000000E+00  0.00000000E+00  0.00000000E+00  0.00000000E+00  0.00000000E+00  0.10000000E-01  0.10000000E+01
 0.19200200E-08  0.30057482E-02  0.00000000E+00  0.35761342E+00  0.00000000E+00  0.00000000E+00  0.18918373E+09  0.00000000E+00  0.00000000E+00  0.00000000E+00  0.00000000E+00  0.00000000E+00  0.10000000E-01  0.10000000E+01
 0.19300200E-08  0.30057482E-02  0.00000000E+00  0.35950526E+00  0.00000000E+00  0.00000000E+00  0.18918373E+09  0.00000000E+00  0.00000000E+00  0.00000000E+00  0.00000000E+00  0.00000000E+00  0.10000000E-01  0.10000000E+01
 0.19400200E-08  0.30057482E-02  0.00000000E+00  0.36139709E+00  0.00000000E+00  0.00000000E+00  0.18918373E+09  0.00000000E+00  0.00000000E+00  0.00000000E+00  0.00000000E+00  0.00000000E+00  0.10000000E-01  0.10000000E+01
 0.19500200E-08  0.30057482E-02  0.00000000E+00  0.36328893E+00  0.00000000E+00  0.00000000E+00  0.18918373E+09  0.00000000E+00  0.00000000E+00  0.00000000E+00  0.00000000E+00  0.00000000E+00  0.10000000E-01  0.10000000E+01
 0.19600200E-08  0.30057482E-02  0.00000000E+00  0.36518077E+00  0.00000000E+00  0.00000000E+00  0.18918373E+09  0.00000000E+00  0.00000000E+00  0.00000000E+00  0.00000000E+00  0.00000000E+00  0.10000000E-01  0.10000000E+01
 0.19700200E-08  0.30057482E-02  0.00000000E+00  0.36707260E+00  0.00000000E+00  0.00000000E+00  0.18918373E+09  0.00000000E+00  0.00000000E+00  0.00000000E+00  0.00000000E+00  0.00000000E+00  0.10000000E-01  0.10000000E+01
 0.19800200E-08  0.30057482E-02  0.00000000E+00  0.36896444E+00  0.00000000E+00  0.00000000E+00  0.18918373E+09  0.00000000E+00  0.00000000E+00  0.00000000E+00  0.00000000E+00  0.00000000E+00  0.10000000E-01  0.10000000E+01
 0.19900200E-08  0.30057482E-02  0.00000000E+00  0.37085628E+00  0.00000000E+00  0.00000000E+00  0.18918373E+09  0.00000000E+00  0.00000000E+00  0.00000000E+00  0.00000000E+00  0.00000000E+00  0.10000000E-01  0.10000000E+01
