# ptime xp yp zp vx vy vz ex ey ez bx by bz wt
 0.20000000E-13  0.42126929E-02  0.00000000E+00 -0.24152028E-01  0.00000000E+00  0.00000000E+00  0.18910040E+09  0.00000000E+00  0.00000000E+00  0.00000000E+00  0.00000000E+00  0.00000000E+00  0.10000000E-01  0.10000000E+01
 0.10000000E-10  0.42126929E-02  0.00000000E+00 -0.22264806E-01  0.00000000E+00  0.00000000E+00  0.18910040E+09  0.00000000E+00  0.00000000E+00  0.00000000E+00  0.00000000E+00  0.00000000E+00  0.10000000E-01  0.10000000E+01
 0.20000000E-10  0.42126929E-02  0.00000000E+00 -0.20373802E-01  0.00000000E+00  0.00000000E+00  0.18910040E+09  0.00000000E+00  0.00000000E+00  0.00000000E+00  0.00000000E+00  0.00000000E+00  0.10000000E-01  0.10000000E+01
 0.30000000E-10  0.42126929E-02  0.00000000E+00 -0.18482798E-01  0.00000000E+00  0.00000000E+00  0.18910040E+09  0.00000000E+00  0.00000000E+00  0.00000000E+00  0.00000000E+00  0.00000000E+00  0.10000000E-01  0.10000000E+01
 0.40020000E-10  0.42126929E-02  0.00000000E+00 -0.16588012E-01  0.00000000E+00  0.00000000E+00  0.18910040E+09  0.00000000E+00  0.00000000E+00  0.00000000E+00  0.00000000E+00  0.00000000E+00  0.10000000E-01  0.10000000E+01
 0.50020000E-10  0.42126929E-02  0.00000000E+00 -0.14697008E-01  0.00000000E+00  0.00000000E+00  0.18910040E+09  0.00000000E+00  0.00000000E+00  0.00000000E+00  0.00000000E+00  0.00000000E+00  0.10000000E-01  0.10000000E+01
 0.60020000E-10  0.42126929E-02  0.00000000E+00 -0.12806004E-01  0.00000000E+00  0.00000000E+00  0.18910040E+09  0.00000000E+00  0.00000000E+00  0.00000000E+00  0.00000000E+00  0.00000000E+00  0.10000000E-01  0.10000000E+01
 0.70020000E-10  0.42126929E-02  0.00000000E+00 -0.10915000E-01  0.00000000E+00  0.00000000E+00  0.18910040E+09  0.00000000E+00  0.00000000E+00  0.00000000E+00  0.00000000E+00  0.00000000E+00  0.10000000E-01  0.10000000E+01
 0.80000000E-10  0.42126929E-02  0.00000000E+00 -0.90277783E-02  0.00000000E+00  0.00000000E+00  0.18910040E+09  0.00000000E+00  0.00000000E+00  0.00000000E+00  0.00000000E+00  0.00000000E+00  0.10000000E-01  0.10000000E+01
 0.90000000E-10  0.42126929E-02  0.00000000E+00 -0.71367744E-02  0.00000000E+00  0.00000000E+00  0.18910040E+09  0.00000000E+00  0.00000000E+00  0.00000000E+00  0.00000000E+00  0.00000000E+00  0.10000000E-01  0.10000000E+01
 0.10000000E-09  0.42126929E-02  0.00000000E+00 -0.52457704E-02  0.00000000E+00  0.00000000E+00  0.18910040E+09  0.00000000E+00  0.00000000E+00  0.00000000E+00  0.00000000E+00  0.00000000E+00  0.10000000E-01  0.10000000E+01
 0.11000000E-09  0.42126929E-02  0.00000000E+00 -0.33547664E-02  0.00000000E+00  0.00000000E+00  0.18910040E+09  0.00000000E+00  0.00000000E+00  0.00000000E+00  0.00000000E+00  0.00000000E+00  0.10000000E-01  0.10000000E+01
 0.12000000E-09  0.42126929E-02  0.00000000E+00 -0.14637625E-02  0.00000000E+00  0.00000000E+00  0.18910040E+09  0.00000000E+00  0.00000000E+00  0.00000000E+00  0.00000000E+00  0.00000000E+00  0.10000000E-01  0.10000000E+01
 0.13000000E-09  0.42126929E-02  0.00000000E+00  0.42724151E-03  0.00000000E+00  0.00000000E+00  0.18910040E+09  0.00000000E+00  0.00000000E+00  0.00000000E+00  0.00000000E+00  0.00000000E+00  0.10000000E-01  0.10000000E+01
 0.14002000E-09  0.42126929E-02  0.00000000E+00  0.23220275E-02  0.00000000E+00  0.00000000E+00  0.18910040E+09  0.00000000E+00  0.00000000E+00  0.00000000E+00  0.00000000E+00  0.00000000E+00  0.10000000E-01  0.10000000E+01
 0.15002000E-09  0.42126929E-02  0.00000000E+00  0.42130315E-02  0.00000000E+00  0.00000000E+00  0.18910040E+09  0.00000000E+00  0.00000000E+00  0.00000000E+00  0.00000000E+00  0.00000000E+00  0.10000000E-01  0.10000000E+01
 0.16002000E-09  0.42126929E-02  0.00000000E+00  0.61040354E-02  0.00000000E+00  0.00000000E+00  0.18910040E+09  0.00000000E+00  0.00000000E+00  0.00000000E+00  0.00000000E+00  0.00000000E+00  0.10000000E-01  0.10000000E+01
 0.17002000E-09  0.42126929E-02  0.00000000E+00  0.79950394E-02  0.00000000E+00  0.00000000E+00  0.18910040E+09  0.00000000E+00  0.00000000E+00  0.00000000E+00  0.00000000E+00  0.00000000E+00  0.10000000E-01  0.10000000E+01
 0.18002000E-09  0.42126929E-02  0.00000000E+00  0.98860434E-02  0.00000000E+00  0.00000000E+00  0.18910040E+09  0.00000000E+00  0.00000000E+00  0.00000000E+00  0.00000000E+00  0.00000000E+00  0.10000000E-01  0.10000000E+01
 0.19002000E-09  0.42126929E-02  0.00000000E+00  0.11777047E-01  0.00000000E+00  0.00000000E+00  0.18910040E+09  0.00000000E+00  0.00000000E+00  0.00000000E+00  0.00000000E+00  0.00000000E+00  0.10000000E-01  0.10000000E+01
 0.20002000E-09  0.42126929E-02  0.00000000E+00  0.13668051E-01  0.00000000E+00  0.00000000E+00  0.18910040E+09  0.00000000E+00  0.00000000E+00  0.00000000E+00  0.00000000E+00  0.00000000E+00  0.10000000E-01  0.10000000E+01
 0.21002000E-09  0.42126929E-02  0.00000000E+00  0.15559055E-01  0.00000000E+00  0.00000000E+00  0.18910040E+09  0.00000000E+00  0.00000000E+00  0.00000000E+00  0.00000000E+00  0.00000000E+00  0.10000000E-01  0.10000000E+01
 0.22002000E-09  0.42126929E-02  0.00000000E+00  0.17450059E-01  0.00000000E+00  0.00000000E+00  0.18910040E+09  0.00000000E+00  0.00000000E+00  0.00000000E+00  0.00000000E+00  0.00000000E+00  0.10000000E-01  0.10000000E+01
 0.23002000E-09  0.42126929E-02  0.00000000E+00  0.19341063E-01  0.00000000E+00  0.00000000E+00  0.18910040E+09  0.00000000E+00  0.00000000E+00  0.00000000E+00  0.00000000E+00  0.00000000E+00  0.10000000E-01  0.10000000E+01
 0.24002000E-09  0.42126929E-02  0.00000000E+00  0.21232067E-01  0.00000000E+00  0.00000000E+00  0.18910040E+09  0.00000000E+00  0.00000000E+00  0.00000000E+00  0.00000000E+00  0.00000000E+00  0.10000000E-01  0.10000000E+01
 0.25002000E-09  0.42126929E-02  0.00000000E+00  0.23123071E-01  0.00000000E+00  0.00000000E+00  0.18910040E+09  0.00000000E+00  0.00000000E+00  0.00000000E+00  0.00000000E+00  0.00000000E+00  0.10000000E-01  0.10000000E+01
 0.26002000E-09  0.42126929E-02  0.00000000E+00  0.25014075E-01  0.00000000E+00  0.00000000E+00  0.18910040E+09  0.00000000E+00  0.00000000E+00  0.00000000E+00  0.00000000E+00  0.00000000E+00  0.10000000E-01  0.10000000E+01
 0.27002000E-09  0.42126929E-02  0.00000000E+00  0.26905079E-01  0.00000000E+00  0.00000000E+00  0.18910040E+09  0.00000000E+00  0.00000000E+00  0.00000000E+00  0.00000000E+00  0.00000000E+00  0.10000000E-01  0.10000000E+01
 0.28002000E-09  0.42126929E-02  0.00000000E+00  0.28796083E-01  0.00000000E+00  0.00000000E+00  0.18910040E+09  0.00000000E+00  0.00000000E+00  0.00000000E+00  0.00000000E+00  0.00000000E+00  0.10000000E-01  0.10000000E+01
 0.29002000E-09  0.42126929E-02  0.00000000E+00  0.30687087E-01  0.00000000E+00  0.00000000E+00  0.18910040E+09  0.00000000E+00  0.00000000E+00  0.00000000E+00  0.00000000E+00  0.00000000E+00  0.10000000E-01  0.10000000E+01
 0.30000000E-09  0.42126929E-02  0.00000000E+00  0.32574309E-01  0.00000000E+00  0.00000000E+00  0.18910040E+09  0.00000000E+00  0.00000000E+00  0.00000000E+00  0.00000000E+00  0.00000000E+00  0.10000000E-01  0.10000000E+01
 0.31000000E-09  0.42126929E-02  0.00000000E+00  0.34465313E-01  0.00000000E+00  0.00000000E+00  0.18910040E+09  0.00000000E+00  0.00000000E+00  0.00000000E+00  0.00000000E+00  0.00000000E+00  0.10000000E-01  0.10000000E+01
 0.32000000E-09  0.42126929E-02  0.00000000E+00  0.36356317E-01  0.00000000E+00  0.00000000E+00  0.18910040E+09  0.00000000E+00  0.00000000E+00  0.00000000E+00  0.00000000E+00  0.00000000E+00  0.10000000E-01  0.10000000E+01
 0.33000000E-09  0.42126929E-02  0.00000000E+00  0.38247321E-01  0.00000000E+00  0.00000000E+00  0.18910040E+09  0.00000000E+00  0.00000000E+00  0.00000000E+00  0.00000000E+00  0.00000000E+00  0.10000000E-01  0.10000000E+01
 0.34000000E-09  0.42126929E-02  0.00000000E+00  0.40138325E-01  0.00000000E+00  0.00000000E+00  0.18910040E+09  0.00000000E+00  0.00000000E+00  0.00000000E+00  0.00000000E+00  0.00000000E+00  0.10000000E-01  0.10000000E+01
 0.35000000E-09  0.42126929E-02  0.00000000E+00  0.42029329E-01  0.00000000E+00  0.00000000E+00  0.18910040E+09  0.00000000E+00  0.00000000E+00  0.00000000E+00  0.00000000E+00  0.00000000E+00  0.10000000E-01  0.10000000E+01
 0.36000000E-09  0.42126929E-02  0.00000000E+00  0.43920333E-01  0.00000000E+00  0.00000000E+00  0.18910040E+09  0.00000000E+00  0.00000000E+00  0.00000000E+00  0.00000000E+00  0.00000000E+00  0.10000000E-01  0.10000000E+01
 0.37000000E-09  0.42126929E-02  0.00000000E+00  0.45811337E-01  0.00000000E+00  0.00000000E+00  0.18910040E+09  0.00000000E+00  0.00000000E+00  0.00000000E+00  0.00000000E+00  0.00000000E+00  0.10000000E-01  0.10000000E+01
 0.38000000E-09  0.42126929E-02  0.00000000E+00  0.47702341E-01  0.00000000E+00  0.00000000E+00  0.18910040E+09  0.00000000E+00  0.00000000E+00  0.00000000E+00  0.00000000E+00  0.00000000E+00  0.10000000E-01  0.10000000E+01
 0.39000000E-09  0.42126929E-02  0.00000000E+00  0.49593345E-01  0.00000000E+00  0.00000000E+00  0.18910040E+09  0.00000000E+00  0.00000000E+00  0.00000000E+00  0.00000000E+00  0.00000000E+00  0.10000000E-01  0.10000000E+01
 0.40000000E-09  0.42126929E-02  0.00000000E+00  0.51484349E-01  0.00000000E+00  0.00000000E+00  0.18910040E+09  0.00000000E+00  0.00000000E+00  0.00000000E+00  0.00000000E+00  0.00000000E+00  0.10000000E-01  0.10000000E+01
 0.41000000E-09  0.42126929E-02  0.00000000E+00  0.53375353E-01  0.00000000E+00  0.00000000E+00  0.18910040E+09  0.00000000E+00  0.00000000E+00  0.00000000E+00  0.00000000E+00  0.00000000E+00  0.10000000E-01  0.10000000E+01
 0.42000000E-09  0.42126929E-02  0.00000000E+00  0.55266357E-01  0.00000000E+00  0.00000000E+00  0.18910040E+09  0.00000000E+00  0.00000000E+00  0.00000000E+00  0.00000000E+00  0.00000000E+00  0.10000000E-01  0.10000000E+01
 0.43000000E-09  0.42126929E-02  0.00000000E+00  0.57157361E-01  0.00000000E+00  0.00000000E+00  0.18910040E+09  0.00000000E+00  0.00000000E+00  0.00000000E+00  0.00000000E+00  0.00000000E+00  0.10000000E-01  0.10000000E+01
 0.44000000E-09  0.42126929E-02  0.00000000E+00  0.59048365E-01  0.00000000E+00  0.00000000E+00  0.18910040E+09  0.00000000E+00  0.00000000E+00  0.00000000E+00  0.00000000E+00  0.00000000E+00  0.10000000E-01  0.10000000E+01
 0.45000000E-09  0.42126929E-02  0.00000000E+00  0.60939369E-01  0.00000000E+00  0.00000000E+00  0.18910040E+09  0.00000000E+00  0.00000000E+00  0.00000000E+00  0.00000000E+00  0.00000000E+00  0.10000000E-01  0.10000000E+01
 0.46000000E-09  0.42126929E-02  0.00000000E+00  0.62830373E-01  0.00000000E+00  0.00000000E+00  0.18910040E+09  0.00000000E+00  0.00000000E+00  0.00000000E+00  0.00000000E+00  0.00000000E+00  0.10000000E-01  0.10000000E+01
 0.47000000E-09  0.42126929E-02  0.00000000E+00  0.64721376E-01  0.00000000E+00  0.00000000E+00  0.18910040E+09  0.00000000E+00  0.00000000E+00  0.00000000E+00  0.00000000E+00  0.00000000E+00  0.10000000E-01  0.10000000E+01
 0.48000000E-09  0.42126929E-02  0.00000000E+00  0.66612380E-01  0.00000000E+00  0.00000000E+00  0.18910040E+09  0.00000000E+00  0.00000000E+00  0.00000000E+00  0.00000000E+00  0.00000000E+00  0.10000000E-01  0.10000000E+01
 0.49000000E-09  0.42126929E-02  0.00000000E+00  0.68503384E-01  0.00000000E+00  0.00000000E+00  0.18910040E+09  0.00000000E+00  0.00000000E+00  0.00000000E+00  0.00000000E+00  0.00000000E+00  0.10000000E-01  0.10000000E+01
 0.50000000E-09  0.42126929E-02  0.00000000E+00  0.70394388E-01  0.00000000E+00  0.00000000E+00  0.18910040E+09  0.00000000E+00  0.00000000E+00  0.00000000E+00  0.00000000E+00  0.00000000E+00  0.10000000E-01  0.10000000E+01
 0.51000000E-09  0.42126929E-02  0.00000000E+00  0.72285392E-01  0.00000000E+00  0.00000000E+00  0.18910040E+09  0.00000000E+00  0.00000000E+00  0.00000000E+00  0.00000000E+00  0.00000000E+00  0.10000000E-01  0.10000000E+01
 0.52000000E-09  0.42126929E-02  0.00000000E+00  0.74176396E-01  0.00000000E+00  0.00000000E+00  0.18910040E+09  0.00000000E+00  0.00000000E+00  0.00000000E+00  0.00000000E+00  0.00000000E+00  0.10000000E-01  0.10000000E+01
 0.53000000E-09  0.42126929E-02  0.00000000E+00  0.76067400E-01  0.00000000E+00  0.00000000E+00  0.18910040E+09  0.00000000E+00  0.00000000E+00  0.00000000E+00  0.00000000E+00  0.00000000E+00  0.10000000E-01  0.10000000E+01
 0.54000000E-09  0.42126929E-02  0.00000000E+00  0.77958404E-01  0.00000000E+00  0.00000000E+00  0.18910040E+09  0.00000000E+00  0.00000000E+00  0.00000000E+00  0.00000000E+00  0.00000000E+00  0.10000000E-01  0.10000000E+01
 0.55002000E-09  0.42126929E-02  0.00000000E+00  0.79853190E-01  0.00000000E+00  0.00000000E+00  0.18910040E+09  0.00000000E+00  0.00000000E+00  0.00000000E+00  0.00000000E+00  0.00000000E+00  0.10000000E-01  0.10000000E+01
 0.56002000E-09  0.42126929E-02  0.00000000E+00  0.81744194E-01  0.00000000E+00  0.00000000E+00  0.18910040E+09  0.00000000E+00  0.00000000E+00  0.00000000E+00  0.00000000E+00  0.00000000E+00  0.10000000E-01  0.10000000E+01
 0.57002000E-09  0.42126929E-02  0.00000000E+00  0.83635198E-01  0.00000000E+00  0.00000000E+00  0.18910040E+09  0.00000000E+00  0.00000000E+00  0.00000000E+00  0.00000000E+00  0.00000000E+00  0.10000000E-01  0.10000000E+01
 0.58002000E-09  0.42126929E-02  0.00000000E+00  0.85526202E-01  0.00000000E+00  0.00000000E+00  0.18910040E+09  0.00000000E+00  0.00000000E+00  0.00000000E+00  0.00000000E+00  0.00000000E+00  0.10000000E-01  0.10000000E+01
 0.59002000E-09  0.42126929E-02  0.00000000E+00  0.87417206E-01  0.00000000E+00  0.00000000E+00  0.18910040E+09  0.00000000E+00  0.00000000E+00  0.00000000E+00  0.00000000E+00  0.00000000E+00  0.10000000E-01  0.10000000E+01
 0.60002000E-09  0.42126929E-02  0.00000000E+00  0.89308210E-01  0.00000000E+00  0.00000000E+00  0.18910040E+09  0.00000000E+00  0.00000000E+00  0.00000000E+00  0.00000000E+00  0.00000000E+00  0.10000000E-01  0.10000000E+01
 0.61002000E-09  0.42126929E-02  0.00000000E+00  0.91199214E-01  0.00000000E+00  0.00000000E+00  0.18910040E+09  0.00000000E+00  0.00000000E+00  0.00000000E+00  0.00000000E+00  0.00000000E+00  0.10000000E-01  0.10000000E+01
 0.62002000E-09  0.42126929E-02  0.00000000E+00  0.93090218E-01  0.00000000E+00  0.00000000E+00  0.18910040E+09  0.00000000E+00  0.00000000E+00  0.00000000E+00  0.00000000E+00  0.00000000E+00  0.10000000E-01  0.10000000E+01
 0.63002000E-09  0.42126929E-02  0.00000000E+00  0.94981222E-01  0.00000000E+00  0.00000000E+00  0.18910040E+09  0.00000000E+00  0.00000000E+00  0.00000000E+00  0.00000000E+00  0.00000000E+00  0.10000000E-01  0.10000000E+01
 0.64002000E-09  0.42126929E-02  0.00000000E+00  0.96872226E-01  0.00000000E+00  0.00000000E+00  0.18910040E+09  0.00000000E+00  0.00000000E+00  0.00000000E+00  0.00000000E+00  0.00000000E+00  0.10000000E-01  0.10000000E+01
 0.65002000E-09  0.42126929E-02  0.00000000E+00  0.98763230E-01  0.00000000E+00  0.00000000E+00  0.18910040E+09  0.00000000E+00  0.00000000E+00  0.00000000E+00  0.00000000E+00  0.00000000E+00  0.10000000E-01  0.10000000E+01
 0.66002000E-09  0.42126929E-02  0.00000000E+00  0.10065423E+00  0.00000000E+00  0.00000000E+00  0.18910040E+09  0.00000000E+00  0.00000000E+00  0.00000000E+00  0.00000000E+00  0.00000000E+00  0.10000000E-01  0.10000000E+01
 0.67002000E-09  0.42126929E-02  0.00000000E+00  0.10254524E+00  0.00000000E+00  0.00000000E+00  0.18910040E+09  0.00000000E+00  0.00000000E+00  0.00000000E+00  0.00000000E+00  0.00000000E+00  0.10000000E-01  0.10000000E+01
 0.68002000E-09  0.42126929E-02  0.00000000E+00  0.10443624E+00  0.00000000E+00  0.00000000E+00  0.18910040E+09  0.00000000E+00  0.00000000E+00  0.00000000E+00  0.00000000E+00  0.00000000E+00  0.10000000E-01  0.10000000E+01
 0.69002000E-09  0.42126929E-02  0.00000000E+00  0.10632725E+00  0.00000000E+00  0.00000000E+00  0.18910040E+09  0.00000000E+00  0.00000000E+00  0.00000000E+00  0.00000000E+00  0.00000000E+00  0.10000000E-01  0.10000000E+01
 0.70002000E-09  0.42126929E-02  0.00000000E+00  0.10821825E+00  0.00000000E+00  0.00000000E+00  0.18910040E+09  0.00000000E+00  0.00000000E+00  0.00000000E+00  0.00000000E+00  0.00000000E+00  0.10000000E-01  0.10000000E+01
 0.71002000E-09  0.42126929E-02  0.00000000E+00  0.11010925E+00  0.00000000E+00  0.00000000E+00  0.18910040E+09  0.00000000E+00  0.00000000E+00  0.00000000E+00  0.00000000E+00  0.00000000E+00  0.10000000E-01  0.10000000E+01
 0.72002000E-09  0.42126929E-02  0.00000000E+00  0.11200026E+00  0.00000000E+00  0.00000000E+00  0.18910040E+09  0.00000000E+00  0.00000000E+00  0.00000000E+00  0.00000000E+00  0.00000000E+00  0.10000000E-01  0.10000000E+01
 0.73002000E-09  0.42126929E-02  0.00000000E+00  0.11389126E+00  0.00000000E+00  0.00000000E+00  0.18910040E+09  0.00000000E+00  0.00000000E+00  0.00000000E+00  0.00000000E+00  0.00000000E+00  0.10000000E-01  0.10000000E+01
 0.74002000E-09  0.42126929E-02  0.00000000E+00  0.11578227E+00  0.00000000E+00  0.00000000E+00  0.18910040E+09  0.00000000E+00  0.00000000E+00  0.00000000E+00  0.00000000E+00  0.00000000E+00  0.10000000E-01  0.10000000E+01
 0.75002000E-09  0.42126929E-02  0.00000000E+00  0.11767327E+00  0.00000000E+00  0.00000000E+00  0.18910040E+09  0.00000000E+00  0.00000000E+00  0.00000000E+00  0.00000000E+00  0.00000000E+00  0.10000000E-01  0.10000000E+01
 0.76002000E-09  0.42126929E-02  0.00000000E+00  0.11956427E+00  0.00000000E+00  0.00000000E+00  0.18910040E+09  0.00000000E+00  0.00000000E+00  0.00000000E+00  0.00000000E+00  0.00000000E+00  0.10000000E-01  0.10000000E+01
 0.77002000E-09  0.42126929E-02  0.00000000E+00  0.12145528E+00  0.00000000E+00  0.00000000E+00  0.18910040E+09  0.00000000E+00  0.00000000E+00  0.00000000E+00  0.00000000E+00  0.00000000E+00  0.10000000E-01  0.10000000E+01
 0.78002000E-09  0.42126929E-02  0.00000000E+00  0.12334628E+00  0.00000000E+00  0.00000000E+00  0.18910040E+09  0.00000000E+00  0.00000000E+00  0.00000000E+00  0.00000000E+00  0.00000000E+00  0.10000000E-01  0.10000000E+01
 0.79002000E-09  0.42126929E-02  0.00000000E+00  0.12523729E+00  0.00000000E+00  0.00000000E+00  0.18910040E+09  0.00000000E+00  0.00000000E+00  0.00000000E+00  0.00000000E+00  0.00000000E+00  0.10000000E-01  0.10000000E+01
 0.80002000E-09  0.42126929E-02  0.00000000E+00  0.12712829E+00  0.00000000E+00  0.00000000E+00  0.18910040E+09  0.00000000E+00  0.00000000E+00  0.00000000E+00  0.00000000E+00  0.00000000E+00  0.10000000E-01  0.10000000E+01
 0.81002000E-09  0.42126929E-02  0.00000000E+00  0.12901929E+00  0.00000000E+00  0.00000000E+00  0.18910040E+09  0.00000000E+00  0.00000000E+00  0.00000000E+00  0.00000000E+00  0.00000000E+00  0.10000000E-01  0.10000000E+01
 0.82002000E-09  0.42126929E-02  0.00000000E+00  0.13091030E+00  0.00000000E+00  0.00000000E+00  0.18910040E+09  0.00000000E+00  0.00000000E+00  0.00000000E+00  0.00000000E+00  0.00000000E+00  0.10000000E-01  0.10000000E+01
 0.83002000E-09  0.42126929E-02  0.00000000E+00  0.13280130E+00  0.00000000E+00  0.00000000E+00  0.18910040E+09  0.00000000E+00  0.00000000E+00  0.00000000E+00  0.00000000E+00  0.00000000E+00  0.10000000E-01  0.10000000E+01
 0.84002000E-09  0.42126929E-02  0.00000000E+00  0.13469231E+00  0.00000000E+00  0.00000000E+00  0.18910040E+09  0.00000000E+00  0.00000000E+00  0.00000000E+00  0.00000000E+00  0.00000000E+00  0.10000000E-01  0.10000000E+01
 0.85002000E-09  0.42126929E-02  0.00000000E+00  0.13658331E+00  0.00000000E+00  0.00000000E+00  0.18910040E+09  0.00000000E+00  0.00000000E+00  0.00000000E+00  0.00000000E+00  0.00000000E+00  0.10000000E-01  0.10000000E+01
 0.86002000E-09  0.42126929E-02  0.00000000E+00  0.13847431E+00  0.00000000E+00  0.00000000E+00  0.18910040E+09  0.00000000E+00  0.00000000E+00  0.00000000E+00  0.00000000E+00  0.00000000E+00  0.10000000E-01  0.10000000E+01
 0.87002000E-09  0.42126929E-02  0.00000000E+00  0.14036532E+00  0.00000000E+00  0.00000000E+00  0.18910040E+09  0.00000000E+00  0.00000000E+00  0.00000000E+00  0.00000000E+00  0.00000000E+00  0.10000000E-01  0.10000000E+01
 0.88002000E-09  0.42126929E-02  0.00000000E+00  0.14225632E+00  0.00000000E+00  0.00000000E+00  0.18910040E+09  0.00000000E+00  0.00000000E+00  0.00000000E+00  0.00000000E+00  0.00000000E+00  0.10000000E-01  0.10000000E+01
 0.89002000E-09  0.42126929E-02  0.00000000E+00  0.14414733E+00  0.00000000E+00  0.00000000E+00  0.18910040E+09  0.00000000E+00  0.00000000E+00  0.00000000E+00  0.00000000E+00  0.00000000E+00  0.10000000E-01  0.10000000E+01
 0.90002000E-09  0.42126929E-02  0.00000000E+00  0.14603833E+00  0.00000000E+00  0.00000000E+00  0.18910040E+09  0.00000000E+00  0.00000000E+00  0.00000000E+00  0.00000000E+00  0.00000000E+00  0.10000000E-01  0.10000000E+01
 0.91002000E-09  0.42126929E-02  0.00000000E+00  0.14792933E+00  0.00000000E+00  0.00000000E+00  0.18910040E+09  0.00000000E+00  0.00000000E+00  0.00000000E+00  0.00000000E+00  0.00000000E+00  0.10000000E-01  0.10000000E+01
 0.92002000E-09  0.42126929E-02  0.00000000E+00  0.14982034E+00  0.00000000E+00  0.00000000E+00  0.18910040E+09  0.00000000E+00  0.00000000E+00  0.00000000E+00  0.00000000E+00  0.00000000E+00  0.10000000E-01  0.10000000E+01
 0.93002000E-09  0.42126929E-02  0.00000000E+00  0.15171134E+00  0.00000000E+00  0.00000000E+00  0.18910040E+09  0.00000000E+00  0.00000000E+00  0.00000000E+00  0.00000000E+00  0.00000000E+00  0.10000000E-01  0.10000000E+01
 0.94002000E-09  0.42126929E-02  0.00000000E+00  0.15360235E+00  0.00000000E+00  0.00000000E+00  0.18910040E+09  0.00000000E+00  0.00000000E+00  0.00000000E+00  0.00000000E+00  0.00000000E+00  0.10000000E-01  0.10000000E+01
 0.95002000E-09  0.42126929E-02  0.00000000E+00  0.15549335E+00  0.00000000E+00  0.00000000E+00  0.18910040E+09  0.00000000E+00  0.00000000E+00  0.00000000E+00  0.00000000E+00  0.00000000E+00  0.10000000E-01  0.10000000E+01
 0.96002000E-09  0.42126929E-02  0.00000000E+00  0.15738435E+00  0.00000000E+00  0.00000000E+00  0.18910040E+09  0.00000000E+00  0.00000000E+00  0.00000000E+00  0.00000000E+00  0.00000000E+00  0.10000000E-01  0.10000000E+01
 0.97002000E-09  0.42126929E-02  0.00000000E+00  0.15927536E+00  0.00000000E+00  0.00000000E+00  0.18910040E+09  0.00000000E+00  0.00000000E+00  0.00000000E+00  0.00000000E+00  0.00000000E+00  0.10000000E-01  0.10000000E+01
 0.98002000E-09  0.42126929E-02  0.00000000E+00  0.16116636E+00  0.00000000E+00  0.00000000E+00  0.18910040E+09  0.00000000E+00  0.00000000E+00  0.00000000E+00  0.00000000E+00  0.00000000E+00  0.10000000E-01  0.10000000E+01
 0.99002000E-09  0.42126929E-02  0.00000000E+00  0.16305736E+00  0.00000000E+00  0.00000000E+00  0.18910040E+09  0.00000000E+00  0.00000000E+00  0.00000000E+00  0.00000000E+00  0.00000000E+00  0.10000000E-01  0.10000000E+01
 0.10000200E-08  0.42126929E-02  0.00000000E+00  0.16494837E+00  0.00000000E+00  0.00000000E+00  0.18910040E+09  0.00000000E+00  0.00000000E+00  0.00000000E+00  0.00000000E+00  0.00000000E+00  0.10000000E-01  0.10000000E+01
 0.10100200E-08  0.42126929E-02  0.00000000E+00  0.16683937E+00  0.00000000E+00  0.00000000E+00  0.18910040E+09  0.00000000E+00  0.00000000E+00  0.00000000E+00  0.00000000E+00  0.00000000E+00  0.10000000E-01  0.10000000E+01
 0.10200200E-08  0.42126929E-02  0.00000000E+00  0.16873038E+00  0.00000000E+00  0.00000000E+00  0.18910040E+09  0.00000000E+00  0.00000000E+00  0.00000000E+00  0.00000000E+00  0.00000000E+00  0.10000000E-01  0.10000000E+01
 0.10300200E-08  0.42126929E-02  0.00000000E+00  0.17062138E+00  0.00000000E+00  0.00000000E+00  0.18910040E+09  0.00000000E+00  0.00000000E+00  0.00000000E+00  0.00000000E+00  0.00000000E+00  0.10000000E-01  0.10000000E+01
 0.10400200E-08  0.42126929E-02  0.00000000E+00  0.17251238E+00  0.00000000E+00  0.00000000E+00  0.18910040E+09  0.00000000E+00  0.00000000E+00  0.00000000E+00  0.00000000E+00  0.00000000E+00  0.10000000E-01  0.10000000E+01
 0.10500200E-08  0.42126929E-02  0.00000000E+00  0.17440339E+00  0.00000000E+00  0.00000000E+00  0.18910040E+09  0.00000000E+00  0.00000000E+00  0.00000000E+00  0.00000000E+00  0.00000000E+00  0.10000000E-01  0.10000000E+01
 0.10600200E-08  0.42126929E-02  0.00000000E+00  0.17629439E+00  0.00000000E+00  0.00000000E+00  0.18910040E+09  0.00000000E+00  0.00000000E+00  0.00000000E+00  0.00000000E+00  0.00000000E+00  0.10000000E-01  0.10000000E+01
 0.10700200E-08  0.42126929E-02  0.00000000E+00  0.17818540E+00  0.00000000E+00  0.00000000E+00  0.18910040E+09  0.00000000E+00  0.00000000E+00  0.00000000E+00  0.00000000E+00  0.00000000E+00  0.10000000E-01  0.10000000E+01
 0.10800200E-08  0.42126929E-02  0.00000000E+00  0.18007640E+00  0.00000000E+00  0.00000000E+00  0.18910040E+09  0.00000000E+00  0.00000000E+00  0.00000000E+00  0.00000000E+00  0.00000000E+00  0.10000000E-01  0.10000000E+01
 0.10900200E-08  0.42126929E-02  0.00000000E+00  0.18196740E+00  0.00000000E+00  0.00000000E+00  0.18910040E+09  0.00000000E+00  0.00000000E+00  0.00000000E+00  0.00000000E+00  0.00000000E+00  0.10000000E-01  0.10000000E+01
 0.11000200E-08  0.42126929E-02  0.00000000E+00  0.18385841E+00  0.00000000E+00  0.00000000E+00  0.18910040E+09  0.00000000E+00  0.00000000E+00  0.00000000E+00  0.00000000E+00  0.00000000E+00  0.10000000E-01  0.10000000E+01
 0.11100200E-08  0.42126929E-02  0.00000000E+00  0.18574941E+00  0.00000000E+00  0.00000000E+00  0.18910040E+09  0.00000000E+00  0.00000000E+00  0.00000000E+00  0.00000000E+00  0.00000000E+00  0.10000000E-01  0.10000000E+01
 0.11200200E-08  0.42126929E-02  0.00000000E+00  0.18764042E+00  0.00000000E+00  0.00000000E+00  0.18910040E+09  0.00000000E+00  0.00000000E+00  0.00000000E+00  0.00000000E+00  0.00000000E+00  0.10000000E-01  0.10000000E+01
 0.11300200E-08  0.42126929E-02  0.00000000E+00  0.18953142E+00  0.00000000E+00  0.00000000E+00  0.18910040E+09  0.00000000E+00  0.00000000E+00  0.00000000E+00  0.00000000E+00  0.00000000E+00  0.10000000E-01  0.10000000E+01
 0.11400200E-08  0.42126929E-02  0.00000000E+00  0.19142242E+00  0.00000000E+00  0.00000000E+00  0.18910040E+09  0.00000000E+00  0.00000000E+00  0.00000000E+00  0.00000000E+00  0.00000000E+00  0.10000000E-01  0.10000000E+01
 0.11500200E-08  0.42126929E-02  0.00000000E+00  0.19331343E+00  0.00000000E+00  0.00000000E+00  0.18910040E+09  0.00000000E+00  0.00000000E+00  0.00000000E+00  0.00000000E+00  0.00000000E+00  0.10000000E-01  0.10000000E+01
 0.11600200E-08  0.42126929E-02  0.00000000E+00  0.19520443E+00  0.00000000E+00  0.00000000E+00  0.18910040E+09  0.00000000E+00  0.00000000E+00  0.00000000E+00  0.00000000E+00  0.00000000E+00  0.10000000E-01  0.10000000E+01
 0.11700200E-08  0.42126929E-02  0.00000000E+00  0.19709544E+00  0.00000000E+00  0.00000000E+00  0.18910040E+09  0.00000000E+00  0.00000000E+00  0.00000000E+00  0.00000000E+00  0.00000000E+00  0.10000000E-01  0.10000000E+01
 0.11800200E-08  0.42126929E-02  0.00000000E+00  0.19898644E+00  0.00000000E+00  0.00000000E+00  0.18910040E+09  0.00000000E+00  0.00000000E+00  0.00000000E+00  0.00000000E+00  0.00000000E+00  0.10000000E-01  0.10000000E+01
 0.11900200E-08  0.42126929E-02  0.00000000E+00  0.20087744E+00  0.00000000E+00  0.00000000E+00  0.18910040E+09  0.00000000E+00  0.00000000E+00  0.00000000E+00  0.00000000E+00  0.00000000E+00  0.10000000E-01  0.10000000E+01
 0.12000200E-08  0.42126929E-02  0.00000000E+00  0.20276845E+00  0.00000000E+00  0.00000000E+00  0.18910040E+09  0.00000000E+00  0.00000000E+00  0.00000000E+00  0.00000000E+00  0.00000000E+00  0.10000000E-01  0.10000000E+01
 0.12100200E-08  0.42126929E-02  0.00000000E+00  0.20465945E+00  0.00000000E+00  0.00000000E+00  0.18910040E+09  0.00000000E+00  0.00000000E+00  0.00000000E+00  0.00000000E+00  0.00000000E+00  0.10000000E-01  0.10000000E+01
 0.12200200E-08  0.42126929E-02  0.00000000E+00  0.20655046E+00  0.00000000E+00  0.00000000E+00  0.18910040E+09  0.00000000E+00  0.00000000E+00  0.00000000E+00  0.00000000E+00  0.00000000E+00  0.10000000E-01  0.10000000E+01
 0.12300200E-08  0.42126929E-02  0.00000000E+00  0.20844146E+00  0.00000000E+00  0.00000000E+00  0.18910040E+09  0.00000000E+00  0.00000000E+00  0.00000000E+00  0.00000000E+00  0.00000000E+00  0.10000000E-01  0.10000000E+01
 0.12400200E-08  0.42126929E-02  0.00000000E+00  0.21033246E+00  0.00000000E+00  0.00000000E+00  0.18910040E+09  0.00000000E+00  0.00000000E+00  0.00000000E+00  0.00000000E+00  0.00000000E+00  0.10000000E-01  0.10000000E+01
 0.12500200E-08  0.42126929E-02  0.00000000E+00  0.21222347E+00  0.00000000E+00  0.00000000E+00  0.18910040E+09  0.00000000E+00  0.00000000E+00  0.00000000E+00  0.00000000E+00  0.00000000E+00  0.10000000E-01  0.10000000E+01
 0.12600200E-08  0.42126929E-02  0.00000000E+00  0.21411447E+00  0.00000000E+00  0.00000000E+00  0.18910040E+09  0.00000000E+00  0.00000000E+00  0.00000000E+00  0.00000000E+00  0.00000000E+00  0.10000000E-01  0.10000000E+01
 0.12700200E-08  0.42126929E-02  0.00000000E+00  0.21600548E+00  0.00000000E+00  0.00000000E+00  0.18910040E+09  0.00000000E+00  0.00000000E+00  0.00000000E+00  0.00000000E+00  0.00000000E+00  0.10000000E-01  0.10000000E+01
 0.12800200E-08  0.42126929E-02  0.00000000E+00  0.21789648E+00  0.00000000E+00  0.00000000E+00  0.18910040E+09  0.00000000E+00  0.00000000E+00  0.00000000E+00  0.00000000E+00  0.00000000E+00  0.10000000E-01  0.10000000E+01
 0.12900200E-08  0.42126929E-02  0.00000000E+00  0.21978748E+00  0.00000000E+00  0.00000000E+00  0.18910040E+09  0.00000000E+00  0.00000000E+00  0.00000000E+00  0.00000000E+00  0.00000000E+00  0.10000000E-01  0.10000000E+01
 0.13000200E-08  0.42126929E-02  0.00000000E+00  0.22167849E+00  0.00000000E+00  0.00000000E+00  0.18910040E+09  0.00000000E+00  0.00000000E+00  0.00000000E+00  0.00000000E+00  0.00000000E+00  0.10000000E-01  0.10000000E+01
 0.13100200E-08  0.42126929E-02  0.00000000E+00  0.22356949E+00  0.00000000E+00  0.00000000E+00  0.18910040E+09  0.00000000E+00  0.00000000E+00  0.00000000E+00  0.00000000E+00  0.00000000E+00  0.10000000E-01  0.10000000E+01
 0.13200200E-08  0.42126929E-02  0.00000000E+00  0.22546050E+00  0.00000000E+00  0.00000000E+00  0.18910040E+09  0.00000000E+00  0.00000000E+00  0.00000000E+00  0.00000000E+00  0.00000000E+00  0.10000000E-01  0.10000000E+01
 0.13300200E-08  0.42126929E-02  0.00000000E+00  0.22735150E+00  0.00000000E+00  0.00000000E+00  0.18910040E+09  0.00000000E+00  0.00000000E+00  0.00000000E+00  0.00000000E+00  0.00000000E+00  0.10000000E-01  0.10000000E+01
 0.13400200E-08  0.42126929E-02  0.00000000E+00  0.22924250E+00  0.00000000E+00  0.00000000E+00  0.18910040E+09  0.00000000E+00  0.00000000E+00  0.00000000E+00  0.00000000E+00  0.00000000E+00  0.10000000E-01  0.10000000E+01
 0.13500200E-08  0.42126929E-02  0.00000000E+00  0.23113351E+00  0.00000000E+00  0.00000000E+00  0.18910040E+09  0.00000000E+00  0.00000000E+00  0.00000000E+00  0.00000000E+00  0.00000000E+00  0.10000000E-01  0.10000000E+01
 0.13600200E-08  0.42126929E-02  0.00000000E+00  0.23302451E+00  0.00000000E+00  0.00000000E+00  0.18910040E+09  0.00000000E+00  0.00000000E+00  0.00000000E+00  0.00000000E+00  0.00000000E+00  0.10000000E-01  0.10000000E+01
 0.13700200E-08  0.42126929E-02  0.00000000E+00  0.23491552E+00  0.00000000E+00  0.00000000E+00  0.18910040E+09  0.00000000E+00  0.00000000E+00  0.00000000E+00  0.00000000E+00  0.00000000E+00  0.10000000E-01  0.10000000E+01
 0.13800200E-08  0.42126929E-02  0.00000000E+00  0.23680652E+00  0.00000000E+00  0.00000000E+00  0.18910040E+09  0.00000000E+00  0.00000000E+00  0.00000000E+00  0.00000000E+00  0.00000000E+00  0.10000000E-01  0.10000000E+01
 0.13900200E-08  0.42126929E-02  0.00000000E+00  0.23869752E+00  0.00000000E+00  0.00000000E+00  0.18910040E+09  0.00000000E+00  0.00000000E+00  0.00000000E+00  0.00000000E+00  0.00000000E+00  0.10000000E-01  0.10000000E+01
 0.14000200E-08  0.42126929E-02  0.00000000E+00  0.24058853E+00  0.00000000E+00  0.00000000E+00  0.18910040E+09  0.00000000E+00  0.00000000E+00  0.00000000E+00  0.00000000E+00  0.00000000E+00  0.10000000E-01  0.10000000E+01
 0.14100200E-08  0.42126929E-02  0.00000000E+00  0.24247953E+00  0.00000000E+00  0.00000000E+00  0.18910040E+09  0.00000000E+00  0.00000000E+00  0.00000000E+00  0.00000000E+00  0.00000000E+00  0.10000000E-01  0.10000000E+01
 0.14200200E-08  0.42126929E-02  0.00000000E+00  0.24437054E+00  0.00000000E+00  0.00000000E+00  0.18910040E+09  0.00000000E+00  0.00000000E+00  0.00000000E+00  0.00000000E+00  0.00000000E+00  0.10000000E-01  0.10000000E+01
 0.14300200E-08  0.42126929E-02  0.00000000E+00  0.24626154E+00  0.00000000E+00  0.00000000E+00  0.18910040E+09  0.00000000E+00  0.00000000E+00  0.00000000E+00  0.00000000E+00  0.00000000E+00  0.10000000E-01  0.10000000E+01
 0.14400200E-08  0.42126929E-02  0.00000000E+00  0.24815254E+00  0.00000000E+00  0.00000000E+00  0.18910040E+09  0.00000000E+00  0.00000000E+00  0.00000000E+00  0.00000000E+00  0.00000000E+00  0.10000000E-01  0.10000000E+01
 0.14500200E-08  0.42126929E-02  0.00000000E+00  0.25004355E+00  0.00000000E+00  0.00000000E+00  0.18910040E+09  0.00000000E+00  0.00000000E+00  0.00000000E+00  0.00000000E+00  0.00000000E+00  0.10000000E-01  0.10000000E+01
 0.14600200E-08  0.42126929E-02  0.00000000E+00  0.25193455E+00  0.00000000E+00  0.00000000E+00  0.18910040E+09  0.00000000E+00  0.00000000E+00  0.00000000E+00  0.00000000E+00  0.00000000E+00  0.10000000E-01  0.10000000E+01
 0.14700200E-08  0.42126929E-02  0.00000000E+00  0.25382556E+00  0.00000000E+00  0.00000000E+00  0.18910040E+09  0.00000000E+00  0.00000000E+00  0.00000000E+00  0.00000000E+00  0.00000000E+00  0.10000000E-01  0.10000000E+01
 0.14800200E-08  0.42126929E-02  0.00000000E+00  0.25571656E+00  0.00000000E+00  0.00000000E+00  0.18910040E+09  0.00000000E+00  0.00000000E+00  0.00000000E+00  0.00000000E+00  0.00000000E+00  0.10000000E-01  0.10000000E+01
 0.14900200E-08  0.42126929E-02  0.00000000E+00  0.25760756E+00  0.00000000E+00  0.00000000E+00  0.18910040E+09  0.00000000E+00  0.00000000E+00  0.00000000E+00  0.00000000E+00  0.00000000E+00  0.10000000E-01  0.10000000E+01
 0.15000200E-08  0.42126929E-02  0.00000000E+00  0.25949857E+00  0.00000000E+00  0.00000000E+00  0.18910040E+09  0.00000000E+00  0.00000000E+00  0.00000000E+00  0.00000000E+00  0.00000000E+00  0.10000000E-01  0.10000000E+01
 0.15100200E-08  0.42126929E-02  0.00000000E+00  0.26138957E+00  0.00000000E+00  0.00000000E+00  0.18910040E+09  0.00000000E+00  0.00000000E+00  0.00000000E+00  0.00000000E+00  0.00000000E+00  0.10000000E-01  0.10000000E+01
 0.15200200E-08  0.42126929E-02  0.00000000E+00  0.26328058E+00  0.00000000E+00  0.00000000E+00  0.18910040E+09  0.00000000E+00  0.00000000E+00  0.00000000E+00  0.00000000E+00  0.00000000E+00  0.10000000E-01  0.10000000E+01
 0.15300200E-08  0.42126929E-02  0.00000000E+00  0.26517158E+00  0.00000000E+00  0.00000000E+00  0.18910040E+09  0.00000000E+00  0.00000000E+00  0.00000000E+00  0.00000000E+00  0.00000000E+00  0.10000000E-01  0.10000000E+01
 0.15400200E-08  0.42126929E-02  0.00000000E+00  0.26706258E+00  0.00000000E+00  0.00000000E+00  0.18910040E+09  0.00000000E+00  0.00000000E+00  0.00000000E+00  0.00000000E+00  0.00000000E+00  0.10000000E-01  0.10000000E+01
 0.15500200E-08  0.42126929E-02  0.00000000E+00  0.26895359E+00  0.00000000E+00  0.00000000E+00  0.18910040E+09  0.00000000E+00  0.00000000E+00  0.00000000E+00  0.00000000E+00  0.00000000E+00  0.10000000E-01  0.10000000E+01
 0.15600200E-08  0.42126929E-02  0.00000000E+00  0.27084459E+00  0.00000000E+00  0.00000000E+00  0.18910040E+09  0.00000000E+00  0.00000000E+00  0.00000000E+00  0.00000000E+00  0.00000000E+00  0.10000000E-01  0.10000000E+01
 0.15700200E-08  0.42126929E-02  0.00000000E+00  0.27273560E+00  0.00000000E+00  0.00000000E+00  0.18910040E+09  0.00000000E+00  0.00000000E+00  0.00000000E+00  0.00000000E+00  0.00000000E+00  0.10000000E-01  0.10000000E+01
 0.15800200E-08  0.42126929E-02  0.00000000E+00  0.27462660E+00  0.00000000E+00  0.00000000E+00  0.18910040E+09  0.00000000E+00  0.00000000E+00  0.00000000E+00  0.00000000E+00  0.00000000E+00  0.10000000E-01  0.10000000E+01
 0.15900200E-08  0.42126929E-02  0.00000000E+00  0.27651760E+00  0.00000000E+00  0.00000000E+00  0.18910040E+09  0.00000000E+00  0.00000000E+00  0.00000000E+00  0.00000000E+00  0.00000000E+00  0.10000000E-01  0.10000000E+01
 0.16000200E-08  0.42126929E-02  0.00000000E+00  0.27840861E+00  0.00000000E+00  0.00000000E+00  0.18910040E+09  0.00000000E+00  0.00000000E+00  0.00000000E+00  0.00000000E+00  0.00000000E+00  0.10000000E-01  0.10000000E+01
 0.16100200E-08  0.42126929E-02  0.00000000E+00  0.28029961E+00  0.00000000E+00  0.00000000E+00  0.18910040E+09  0.00000000E+00  0.00000000E+00  0.00000000E+00  0.00000000E+00  0.00000000E+00  0.10000000E-01  0.10000000E+01
 0.16200200E-08  0.42126929E-02  0.00000000E+00  0.28219062E+00  0.00000000E+00  0.00000000E+00  0.18910040E+09  0.00000000E+00  0.00000000E+00  0.00000000E+00  0.00000000E+00  0.00000000E+00  0.10000000E-01  0.10000000E+01
 0.16300200E-08  0.42126929E-02  0.00000000E+00  0.28408162E+00  0.00000000E+00  0.00000000E+00  0.18910040E+09  0.00000000E+00  0.00000000E+00  0.00000000E+00  0.00000000E+00  0.00000000E+00  0.10000000E-01  0.10000000E+01
 0.16400200E-08  0.42126929E-02  0.00000000E+00  0.28597262E+00  0.00000000E+00  0.00000000E+00  0.18910040E+09  0.00000000E+00  0.00000000E+00  0.00000000E+00  0.00000000E+00  0.00000000E+00  0.10000000E-01  0.10000000E+01
 0.16500200E-08  0.42126929E-02  0.00000000E+00  0.28786363E+00  0.00000000E+00  0.00000000E+00  0.18910040E+09  0.00000000E+00  0.00000000E+00  0.00000000E+00  0.00000000E+00  0.00000000E+00  0.10000000E-01  0.10000000E+01
 0.16600200E-08  0.42126929E-02  0.00000000E+00  0.28975463E+00  0.00000000E+00  0.00000000E+00  0.18910040E+09  0.00000000E+00  0.00000000E+00  0.00000000E+00  0.00000000E+00  0.00000000E+00  0.10000000E-01  0.10000000E+01
 0.16700200E-08  0.42126929E-02  0.00000000E+00  0.29164563E+00  0.00000000E+00  0.00000000E+00  0.18910040E+09  0.00000000E+00  0.00000000E+00  0.00000000E+00  0.00000000E+00  0.00000000E+00  0.10000000E-01  0.10000000E+01
 0.16800200E-08  0.42126929E-02  0.00000000E+00  0.29353664E+00  0.00000000E+00  0.00000000E+00  0.18910040E+09  0.00000000E+00  0.00000000E+00  0.00000000E+00  0.00000000E+00  0.00000000E+00  0.10000000E-01  0.10000000E+01
 0.16900200E-08  0.42126929E-02  0.00000000E+00  0.29542764E+00  0.00000000E+00  0.00000000E+00  0.18910040E+09  0.00000000E+00  0.00000000E+00  0.00000000E+00  0.00000000E+00  0.00000000E+00  0.10000000E-01  0.10000000E+01
 0.17000200E-08  0.42126929E-02  0.00000000E+00  0.29731865E+00  0.00000000E+00  0.00000000E+00  0.18910040E+09  0.00000000E+00  0.00000000E+00  0.00000000E+00  0.00000000E+00  0.00000000E+00  0.10000000E-01  0.10000000E+01
 0.17100200E-08  0.42126929E-02  0.00000000E+00  0.29920965E+00  0.00000000E+00  0.00000000E+00  0.18910040E+09  0.00000000E+00  0.00000000E+00  0.00000000E+00  0.00000000E+00  0.00000000E+00  0.10000000E-01  0.10000000E+01
 0.17200200E-08  0.42126929E-02  0.00000000E+00  0.30110065E+00  0.00000000E+00  0.00000000E+00  0.18910040E+09  0.00000000E+00  0.00000000E+00  0.00000000E+00  0.00000000E+00  0.00000000E+00  0.10000000E-01  0.10000000E+01
 0.17300200E-08  0.42126929E-02  0.00000000E+00  0.30299166E+00  0.00000000E+00  0.00000000E+00  0.18910040E+09  0.00000000E+00  0.00000000E+00  0.00000000E+00  0.00000000E+00  0.00000000E+00  0.10000000E-01  0.10000000E+01
 0.17400200E-08  0.42126929E-02  0.00000000E+00  0.30488266E+00  0.00000000E+00  0.00000000E+00  0.18910040E+09  0.00000000E+00  0.00000000E+00  0.00000000E+00  0.00000000E+00  0.00000000E+00  0.10000000E-01  0.10000000E+01
 0.17500200E-08  0.42126929E-02  0.00000000E+00  0.30677367E+00  0.00000000E+00  0.00000000E+00  0.18910040E+09  0.00000000E+00  0.00000000E+00  0.00000000E+00  0.00000000E+00  0.00000000E+00  0.10000000E-01  0.10000000E+01
 0.17600200E-08  0.42126929E-02  0.00000000E+00  0.30866467E+00  0.00000000E+00  0.00000000E+00  0.18910040E+09  0.00000000E+00  0.00000000E+00  0.00000000E+00  0.00000000E+00  0.00000000E+00  0.10000000E-01  0.10000000E+01
 0.17700200E-08  0.42126929E-02  0.00000000E+00  0.31055567E+00  0.00000000E+00  0.00000000E+00  0.18910040E+09  0.00000000E+00  0.00000000E+00  0.00000000E+00  0.00000000E+00  0.00000000E+00  0.10000000E-01  0.10000000E+01
 0.17800200E-08  0.42126929E-02  0.00000000E+00  0.31244668E+00  0.00000000E+00  0.00000000E+00  0.18910040E+09  0.00000000E+00  0.00000000E+00  0.00000000E+00  0.00000000E+00  0.00000000E+00  0.10000000E-01  0.10000000E+01
 0.17900200E-08  0.42126929E-02  0.00000000E+00  0.31433768E+00  0.00000000E+00  0.00000000E+00  0.18910040E+09  0.00000000E+00  0.00000000E+00  0.00000000E+00  0.00000000E+00  0.00000000E+00  0.10000000E-01  0.10000000E+01
 0.18000200E-08  0.42126929E-02  0.00000000E+00  0.31622869E+00  0.00000000E+00  0.00000000E+00  0.18910040E+09  0.00000000E+00  0.00000000E+00  0.00000000E+00  0.00000000E+00  0.00000000E+00  0.10000000E-01  0.10000000E+01
 0.18100200E-08  0.42126929E-02  0.00000000E+00  0.31811969E+00  0.00000000E+00  0.00000000E+00  0.18910040E+09  0.00000000E+00  0.00000000E+00  0.00000000E+00  0.00000000E+00  0.00000000E+00  0.10000000E-01  0.10000000E+01
 0.18200200E-08  0.42126929E-02  0.00000000E+00  0.32001069E+00  0.00000000E+00  0.00000000E+00  0.18910040E+09  0.00000000E+00  0.00000000E+00  0.00000000E+00  0.00000000E+00  0.00000000E+00  0.10000000E-01  0.10000000E+01
 0.18300200E-08  0.42126929E-02  0.00000000E+00  0.32190170E+00  0.00000000E+00  0.00000000E+00  0.18910040E+09  0.00000000E+00  0.00000000E+00  0.00000000E+00  0.00000000E+00  0.00000000E+00  0.10000000E-01  0.10000000E+01
 0.18400200E-08  0.42126929E-02  0.00000000E+00  0.32379270E+00  0.00000000E+00  0.00000000E+00  0.18910040E+09  0.00000000E+00  0.00000000E+00  0.00000000E+00  0.00000000E+00  0.00000000E+00  0.10000000E-01  0.10000000E+01
 0.18500200E-08  0.42126929E-02  0.00000000E+00  0.32568371E+00  0.00000000E+00  0.00000000E+00  0.18910040E+09  0.00000000E+00  0.00000000E+00  0.00000000E+00  0.00000000E+00  0.00000000E+00  0.10000000E-01  0.10000000E+01
 0.18600200E-08  0.42126929E-02  0.00000000E+00  0.32757471E+00  0.00000000E+00  0.00000000E+00  0.18910040E+09  0.00000000E+00  0.00000000E+00  0.00000000E+00  0.00000000E+00  0.00000000E+00  0.10000000E-01  0.10000000E+01
 0.18700200E-08  0.42126929E-02  0.00000000E+00  0.32946571E+00  0.00000000E+00  0.00000000E+00  0.18910040E+09  0.00000000E+00  0.00000000E+00  0.00000000E+00  0.00000000E+00  0.00000000E+00  0.10000000E-01  0.10000000E+01
 0.18800200E-08  0.42126929E-02  0.00000000E+00  0.33135672E+00  0.00000000E+00  0.00000000E+00  0.18910040E+09  0.00000000E+00  0.00000000E+00  0.00000000E+00  0.00000000E+00  0.00000000E+00  0.10000000E-01  0.10000000E+01
 0.18900200E-08  0.42126929E-02  0.00000000E+00  0.33324772E+00  0.00000000E+00  0.00000000E+00  0.18910040E+09  0.00000000E+00  0.00000000E+00  0.00000000E+00  0.00000000E+00  0.00000000E+00  0.10000000E-01  0.10000000E+01
 0.19000200E-08  0.42126929E-02  0.00000000E+00  0.33513873E+00  0.00000000E+00  0.00000000E+00  0.18910040E+09  0.00000000E+00  0.00000000E+00  0.00000000E+00  0.00000000E+00  0.00000000E+00  0.10000000E-01  0.10000000E+01
 0.19100200E-08  0.42126929E-02  0.00000000E+00  0.33702973E+00  0.00000000E+00  0.00000000E+00  0.18910040E+09  0.00000000E+00  0.00000000E+00  0.00000000E+00  0.00000000E+00  0.00000000E+00  0.10000000E-01  0.10000000E+01
 0.19200200E-08  0.42126929E-02  0.00000000E+00  0.33892073E+00  0.00000000E+00  0.00000000E+00  0.18910040E+09  0.00000000E+00  0.00000000E+00  0.00000000E+00  0.00000000E+00  0.00000000E+00  0.10000000E-01  0.10000000E+01
 0.19300200E-08  0.42126929E-02  0.00000000E+00  0.34081174E+00  0.00000000E+00  0.00000000E+00  0.18910040E+09  0.00000000E+00  0.00000000E+00  0.00000000E+00  0.00000000E+00  0.00000000E+00  0.10000000E-01  0.10000000E+01
 0.19400200E-08  0.42126929E-02  0.00000000E+00  0.34270274E+00  0.00000000E+00  0.00000000E+00  0.18910040E+09  0.00000000E+00  0.00000000E+00  0.00000000E+00  0.00000000E+00  0.00000000E+00  0.10000000E-01  0.10000000E+01
 0.19500200E-08  0.42126929E-02  0.00000000E+00  0.34459375E+00  0.00000000E+00  0.00000000E+00  0.18910040E+09  0.00000000E+00  0.00000000E+00  0.00000000E+00  0.00000000E+00  0.00000000E+00  0.10000000E-01  0.10000000E+01
 0.19600200E-08  0.42126929E-02  0.00000000E+00  0.34648475E+00  0.00000000E+00  0.00000000E+00  0.18910040E+09  0.00000000E+00  0.00000000E+00  0.00000000E+00  0.00000000E+00  0.00000000E+00  0.10000000E-01  0.10000000E+01
 0.19700200E-08  0.42126929E-02  0.00000000E+00  0.34837575E+00  0.00000000E+00  0.00000000E+00  0.18910040E+09  0.00000000E+00  0.00000000E+00  0.00000000E+00  0.00000000E+00  0.00000000E+00  0.10000000E-01  0.10000000E+01
 0.19800200E-08  0.42126929E-02  0.00000000E+00  0.35026676E+00  0.00000000E+00  0.00000000E+00  0.18910040E+09  0.00000000E+00  0.00000000E+00  0.00000000E+00  0.00000000E+00  0.00000000E+00  0.10000000E-01  0.10000000E+01
 0.19900200E-08  0.42126929E-02  0.00000000E+00  0.35215776E+00  0.00000000E+00  0.00000000E+00  0.18910040E+09  0.00000000E+00  0.00000000E+00  0.00000000E+00  0.00000000E+00  0.00000000E+00  0.10000000E-01  0.10000000E+01
