# ptime xp yp zp vx vy vz ex ey ez bx by bz wt
 0.20000000E-13  0.13138733E-01  0.00000000E+00 -0.13243377E-01  0.00000000E+00  0.00000000E+00  0.17218721E+09  0.00000000E+00  0.00000000E+00  0.00000000E+00  0.00000000E+00  0.00000000E+00  0.10000000E-01  0.10000000E+01
 0.10000000E-10  0.13138733E-01  0.00000000E+00 -0.11524949E-01  0.00000000E+00  0.00000000E+00  0.17218721E+09  0.00000000E+00  0.00000000E+00  0.00000000E+00  0.00000000E+00  0.00000000E+00  0.10000000E-01  0.10000000E+01
 0.20000000E-10  0.13138733E-01  0.00000000E+00 -0.98030769E-02  0.00000000E+00  0.00000000E+00  0.17218721E+09  0.00000000E+00  0.00000000E+00  0.00000000E+00  0.00000000E+00  0.00000000E+00  0.10000000E-01  0.10000000E+01
 0.30000000E-10  0.13138733E-01  0.00000000E+00 -0.80812048E-02  0.00000000E+00  0.00000000E+00  0.17218721E+09  0.00000000E+00  0.00000000E+00  0.00000000E+00  0.00000000E+00  0.00000000E+00  0.10000000E-01  0.10000000E+01
 0.40020000E-10  0.13138733E-01  0.00000000E+00 -0.63558890E-02  0.00000000E+00  0.00000000E+00  0.17218721E+09  0.00000000E+00  0.00000000E+00  0.00000000E+00  0.00000000E+00  0.00000000E+00  0.10000000E-01  0.10000000E+01
 0.50020000E-10  0.13138733E-01  0.00000000E+00 -0.46340170E-02  0.00000000E+00  0.00000000E+00  0.17218721E+09  0.00000000E+00  0.00000000E+00  0.00000000E+00  0.00000000E+00  0.00000000E+00  0.10000000E-01  0.10000000E+01
 0.60020000E-10  0.13138733E-01  0.00000000E+00 -0.29121449E-02  0.00000000E+00  0.00000000E+00  0.17218721E+09  0.00000000E+00  0.00000000E+00  0.00000000E+00  0.00000000E+00  0.00000000E+00  0.10000000E-01  0.10000000E+01
 0.70020000E-10  0.13138733E-01  0.00000000E+00 -0.11902728E-02  0.00000000E+00  0.00000000E+00  0.17218721E+09  0.00000000E+00  0.00000000E+00  0.00000000E+00  0.00000000E+00  0.00000000E+00  0.10000000E-01  0.10000000E+01
 0.80000000E-10  0.13138733E-01  0.00000000E+00  0.52815548E-03  0.00000000E+00  0.00000000E+00  0.17218721E+09  0.00000000E+00  0.00000000E+00  0.00000000E+00  0.00000000E+00  0.00000000E+00  0.10000000E-01  0.10000000E+01
 0.90000000E-10  0.13138733E-01  0.00000000E+00  0.22500275E-02  0.00000000E+00  0.00000000E+00  0.17218721E+09  0.00000000E+00  0.00000000E+00  0.00000000E+00  0.00000000E+00  0.00000000E+00  0.10000000E-01  0.10000000E+01
 0.10000000E-09  0.13138733E-01  0.00000000E+00  0.39718996E-02  0.00000000E+00  0.00000000E+00  0.17218721E+09  0.00000000E+00  0.00000000E+00  0.00000000E+00  0.00000000E+00  0.00000000E+00  0.10000000E-01  0.10000000E+01
 0.11000000E-09  0.13138733E-01  0.00000000E+00  0.56937717E-02  0.00000000E+00  0.00000000E+00  0.17218721E+09  0.00000000E+00  0.00000000E+00  0.00000000E+00  0.00000000E+00  0.00000000E+00  0.10000000E-01  0.10000000E+01
 0.12000000E-09  0.13138733E-01  0.00000000E+00  0.74156437E-02  0.00000000E+00  0.00000000E+00  0.17218721E+09  0.00000000E+00  0.00000000E+00  0.00000000E+00  0.00000000E+00  0.00000000E+00  0.10000000E-01  0.10000000E+01
 0.13000000E-09  0.13138733E-01  0.00000000E+00  0.91375158E-02  0.00000000E+00  0.00000000E+00  0.17218721E+09  0.00000000E+00  0.00000000E+00  0.00000000E+00  0.00000000E+00  0.00000000E+00  0.10000000E-01  0.10000000E+01
 0.14002000E-09  0.13138733E-01  0.00000000E+00  0.10862832E-01  0.00000000E+00  0.00000000E+00  0.17218721E+09  0.00000000E+00  0.00000000E+00  0.00000000E+00  0.00000000E+00  0.00000000E+00  0.10000000E-01  0.10000000E+01
 0.15002000E-09  0.13138733E-01  0.00000000E+00  0.12584704E-01  0.00000000E+00  0.00000000E+00  0.17218721E+09  0.00000000E+00  0.00000000E+00  0.00000000E+00  0.00000000E+00  0.00000000E+00  0.10000000E-01  0.10000000E+01
 0.16002000E-09  0.13138733E-01  0.00000000E+00  0.14306576E-01  0.00000000E+00  0.00000000E+00  0.17218721E+09  0.00000000E+00  0.00000000E+00  0.00000000E+00  0.00000000E+00  0.00000000E+00  0.10000000E-01  0.10000000E+01
 0.17002000E-09  0.13138733E-01  0.00000000E+00  0.16028448E-01  0.00000000E+00  0.00000000E+00  0.17218721E+09  0.00000000E+00  0.00000000E+00  0.00000000E+00  0.00000000E+00  0.00000000E+00  0.10000000E-01  0.10000000E+01
 0.18002000E-09  0.13138733E-01  0.00000000E+00  0.17750320E-01  0.00000000E+00  0.00000000E+00  0.17218721E+09  0.00000000E+00  0.00000000E+00  0.00000000E+00  0.00000000E+00  0.00000000E+00  0.10000000E-01  0.10000000E+01
 0.19002000E-09  0.13138733E-01  0.00000000E+00  0.19472192E-01  0.00000000E+00  0.00000000E+00  0.17218721E+09  0.00000000E+00  0.00000000E+00  0.00000000E+00  0.00000000E+00  0.00000000E+00  0.10000000E-01  0.10000000E+01
 0.20002000E-09  0.13138733E-01  0.00000000E+00  0.21194064E-01  0.00000000E+00  0.00000000E+00  0.17218721E+09  0.00000000E+00  0.00000000E+00  0.00000000E+00  0.00000000E+00  0.00000000E+00  0.10000000E-01  0.10000000E+01
 0.21002000E-09  0.13138733E-01  0.00000000E+00  0.22915936E-01  0.00000000E+00  0.00000000E+00  0.17218721E+09  0.00000000E+00  0.00000000E+00  0.00000000E+00  0.00000000E+00  0.00000000E+00  0.10000000E-01  0.10000000E+01
 0.22002000E-09  0.13138733E-01  0.00000000E+00  0.24637808E-01  0.00000000E+00  0.00000000E+00  0.17218721E+09  0.00000000E+00  0.00000000E+00  0.00000000E+00  0.00000000E+00  0.00000000E+00  0.10000000E-01  0.10000000E+01
 0.23002000E-09  0.13138733E-01  0.00000000E+00  0.26359680E-01  0.00000000E+00  0.00000000E+00  0.17218721E+09  0.00000000E+00  0.00000000E+00  0.00000000E+00  0.00000000E+00  0.00000000E+00  0.10000000E-01  0.10000000E+01
 0.24002000E-09  0.13138733E-01  0.00000000E+00  0.28081552E-01  0.00000000E+00  0.00000000E+00  0.17218721E+09  0.00000000E+00  0.00000000E+00  0.00000000E+00  0.00000000E+00  0.00000000E+00  0.10000000E-01  0.10000000E+01
 0.25002000E-09  0.13138733E-01  0.00000000E+00  0.29803424E-01  0.00000000E+00  0.00000000E+00  0.17218721E+09  0.00000000E+00  0.00000000E+00  0.00000000E+00  0.00000000E+00  0.00000000E+00  0.10000000E-01  0.10000000E+01
 0.26002000E-09  0.13138733E-01  0.00000000E+00  0.31525296E-01  0.00000000E+00  0.00000000E+00  0.17218721E+09  0.00000000E+00  0.00000000E+00  0.00000000E+00  0.00000000E+00  0.00000000E+00  0.10000000E-01  0.10000000E+01
 0.27002000E-09  0.13138733E-01  0.00000000E+00  0.33247168E-01  0.00000000E+00  0.00000000E+00  0.17218721E+09  0.00000000E+00  0.00000000E+00  0.00000000E+00  0.00000000E+00  0.00000000E+00  0.10000000E-01  0.10000000E+01
 0.28002000E-09  0.13138733E-01  0.00000000E+00  0.34969040E-01  0.00000000E+00  0.00000000E+00  0.17218721E+09  0.00000000E+00  0.00000000E+00  0.00000000E+00  0.00000000E+00  0.00000000E+00  0.10000000E-01  0.10000000E+01
 0.29002000E-09  0.13138733E-01  0.00000000E+00  0.36690912E-01  0.00000000E+00  0.00000000E+00  0.17218721E+09  0.00000000E+00  0.00000000E+00  0.00000000E+00  0.00000000E+00  0.00000000E+00  0.10000000E-01  0.10000000E+01
 0.30000000E-09  0.13138733E-01  0.00000000E+00  0.38409341E-01  0.00000000E+00  0.00000000E+00  0.17218721E+09  0.00000000E+00  0.00000000E+00  0.00000000E+00  0.00000000E+00  0.00000000E+00  0.10000000E-01  0.10000000E+01
 0.31000000E-09  0.13138733E-01  0.00000000E+00  0.40131213E-01  0.00000000E+00  0.00000000E+00  0.17218721E+09  0.00000000E+00  0.00000000E+00  0.00000000E+00  0.00000000E+00  0.00000000E+00  0.10000000E-01  0.10000000E+01
 0.32000000E-09  0.13138733E-01  0.00000000E+00  0.41853085E-01  0.00000000E+00  0.00000000E+00  0.17218721E+09  0.00000000E+00  0.00000000E+00  0.00000000E+00  0.00000000E+00  0.00000000E+00  0.10000000E-01  0.10000000E+01
 0.33000000E-09  0.13138733E-01  0.00000000E+00  0.43574957E-01  0.00000000E+00  0.00000000E+00  0.17218721E+09  0.00000000E+00  0.00000000E+00  0.00000000E+00  0.00000000E+00  0.00000000E+00  0.10000000E-01  0.10000000E+01
 0.34000000E-09  0.13138733E-01  0.00000000E+00  0.45296829E-01  0.00000000E+00  0.00000000E+00  0.17218721E+09  0.00000000E+00  0.00000000E+00  0.00000000E+00  0.00000000E+00  0.00000000E+00  0.10000000E-01  0.10000000E+01
 0.35000000E-09  0.13138733E-01  0.00000000E+00  0.47018701E-01  0.00000000E+00  0.00000000E+00  0.17218721E+09  0.00000000E+00  0.00000000E+00  0.00000000E+00  0.00000000E+00  0.00000000E+00  0.10000000E-01  0.10000000E+01
 0.36000000E-09  0.13138733E-01  0.00000000E+00  0.48740573E-01  0.00000000E+00  0.00000000E+00  0.17218721E+09  0.00000000E+00  0.00000000E+00  0.00000000E+00  0.00000000E+00  0.00000000E+00  0.10000000E-01  0.10000000E+01
 0.37000000E-09  0.13138733E-01  0.00000000E+00  0.50462445E-01  0.00000000E+00  0.00000000E+00  0.17218721E+09  0.00000000E+00  0.00000000E+00  0.00000000E+00  0.00000000E+00  0.00000000E+00  0.10000000E-01  0.10000000E+01
 0.38000000E-09  0.13138733E-01  0.00000000E+00  0.52184317E-01  0.00000000E+00  0.00000000E+00  0.17218721E+09  0.00000000E+00  0.00000000E+00  0.00000000E+00  0.00000000E+00  0.00000000E+00  0.10000000E-01  0.10000000E+01
 0.39000000E-09  0.13138733E-01  0.00000000E+00  0.53906189E-01  0.00000000E+00  0.00000000E+00  0.17218721E+09  0.00000000E+00  0.00000000E+00  0.00000000E+00  0.00000000E+00  0.00000000E+00  0.10000000E-01  0.10000000E+01
 0.40000000E-09  0.13138733E-01  0.00000000E+00  0.55628061E-01  0.00000000E+00  0.00000000E+00  0.17218721E+09  0.00000000E+00  0.00000000E+00  0.00000000E+00  0.00000000E+00  0.00000000E+00  0.10000000E-01  0.10000000E+01
 0.41000000E-09  0.13138733E-01  0.00000000E+00  0.57349933E-01  0.00000000E+00  0.00000000E+00  0.17218721E+09  0.00000000E+00  0.00000000E+00  0.00000000E+00  0.00000000E+00  0.00000000E+00  0.10000000E-01  0.10000000E+01
 0.42000000E-09  0.13138733E-01  0.00000000E+00  0.59071806E-01  0.00000000E+00  0.00000000E+00  0.17218721E+09  0.00000000E+00  0.00000000E+00  0.00000000E+00  0.00000000E+00  0.00000000E+00  0.10000000E-01  0.10000000E+01
 0.43000000E-09  0.13138733E-01  0.00000000E+00  0.60793678E-01  0.00000000E+00  0.00000000E+00  0.17218721E+09  0.00000000E+00  0.00000000E+00  0.00000000E+00  0.00000000E+00  0.00000000E+00  0.10000000E-01  0.10000000E+01
 0.44000000E-09  0.13138733E-01  0.00000000E+00  0.62515550E-01  0.00000000E+00  0.00000000E+00  0.17218721E+09  0.00000000E+00  0.00000000E+00  0.00000000E+00  0.00000000E+00  0.00000000E+00  0.10000000E-01  0.10000000E+01
 0.45000000E-09  0.13138733E-01  0.00000000E+00  0.64237422E-01  0.00000000E+00  0.00000000E+00  0.17218721E+09  0.00000000E+00  0.00000000E+00  0.00000000E+00  0.00000000E+00  0.00000000E+00  0.10000000E-01  0.10000000E+01
 0.46000000E-09  0.13138733E-01  0.00000000E+00  0.65959294E-01  0.00000000E+00  0.00000000E+00  0.17218721E+09  0.00000000E+00  0.00000000E+00  0.00000000E+00  0.00000000E+00  0.00000000E+00  0.10000000E-01  0.10000000E+01
 0.47000000E-09  0.13138733E-01  0.00000000E+00  0.67681166E-01  0.00000000E+00  0.00000000E+00  0.17218721E+09  0.00000000E+00  0.00000000E+00  0.00000000E+00  0.00000000E+00  0.00000000E+00  0.10000000E-01  0.10000000E+01
 0.48000000E-09  0.13138733E-01  0.00000000E+00  0.69403038E-01  0.00000000E+00  0.00000000E+00  0.17218721E+09  0.00000000E+00  0.00000000E+00  0.00000000E+00  0.00000000E+00  0.00000000E+00  0.10000000E-01  0.10000000E+01
 0.49000000E-09  0.13138733E-01  0.00000000E+00  0.71124910E-01  0.00000000E+00  0.00000000E+00  0.17218721E+09  0.00000000E+00  0.00000000E+00  0.00000000E+00  0.00000000E+00  0.00000000E+00  0.10000000E-01  0.10000000E+01
 0.50000000E-09  0.13138733E-01  0.00000000E+00  0.72846782E-01  0.00000000E+00  0.00000000E+00  0.17218721E+09  0.00000000E+00  0.00000000E+00  0.00000000E+00  0.00000000E+00  0.00000000E+00  0.10000000E-01  0.10000000E+01
 0.51000000E-09  0.13138733E-01  0.00000000E+00  0.74568654E-01  0.00000000E+00  0.00000000E+00  0.17218721E+09  0.00000000E+00  0.00000000E+00  0.00000000E+00  0.00000000E+00  0.00000000E+00  0.10000000E-01  0.10000000E+01
 0.52000000E-09  0.13138733E-01  0.00000000E+00  0.76290526E-01  0.00000000E+00  0.00000000E+00  0.17218721E+09  0.00000000E+00  0.00000000E+00  0.00000000E+00  0.00000000E+00  0.00000000E+00  0.10000000E-01  0.10000000E+01
 0.53000000E-09  0.13138733E-01  0.00000000E+00  0.78012398E-01  0.00000000E+00  0.00000000E+00  0.17218721E+09  0.00000000E+00  0.00000000E+00  0.00000000E+00  0.00000000E+00  0.00000000E+00  0.10000000E-01  0.10000000E+01
 0.54000000E-09  0.13138733E-01  0.00000000E+00  0.79734270E-01  0.00000000E+00  0.00000000E+00  0.17218721E+09  0.00000000E+00  0.00000000E+00  0.00000000E+00  0.00000000E+00  0.00000000E+00  0.10000000E-01  0.10000000E+01
 0.55002000E-09  0.13138733E-01  0.00000000E+00  0.81459586E-01  0.00000000E+00  0.00000000E+00  0.17218721E+09  0.00000000E+00  0.00000000E+00  0.00000000E+00  0.00000000E+00  0.00000000E+00  0.10000000E-01  0.10000000E+01
 0.56002000E-09  0.13138733E-01  0.00000000E+00  0.83181458E-01  0.00000000E+00  0.00000000E+00  0.17218721E+09  0.00000000E+00  0.00000000E+00  0.00000000E+00  0.00000000E+00  0.00000000E+00  0.10000000E-01  0.10000000E+01
 0.57002000E-09  0.13138733E-01  0.00000000E+00  0.84903330E-01  0.00000000E+00  0.00000000E+00  0.17218721E+09  0.00000000E+00  0.00000000E+00  0.00000000E+00  0.00000000E+00  0.00000000E+00  0.10000000E-01  0.10000000E+01
 0.58002000E-09  0.13138733E-01  0.00000000E+00  0.86625202E-01  0.00000000E+00  0.00000000E+00  0.17218721E+09  0.00000000E+00  0.00000000E+00  0.00000000E+00  0.00000000E+00  0.00000000E+00  0.10000000E-01  0.10000000E+01
 0.59002000E-09  0.13138733E-01  0.00000000E+00  0.88347074E-01  0.00000000E+00  0.00000000E+00  0.17218721E+09  0.00000000E+00  0.00000000E+00  0.00000000E+00  0.00000000E+00  0.00000000E+00  0.10000000E-01  0.10000000E+01
 0.60002000E-09  0.13138733E-01  0.00000000E+00  0.90068946E-01  0.00000000E+00  0.00000000E+00  0.17218721E+09  0.00000000E+00  0.00000000E+00  0.00000000E+00  0.00000000E+00  0.00000000E+00  0.10000000E-01  0.10000000E+01
 0.61002000E-09  0.13138733E-01  0.00000000E+00  0.91790818E-01  0.00000000E+00  0.00000000E+00  0.17218721E+09  0.00000000E+00  0.00000000E+00  0.00000000E+00  0.00000000E+00  0.00000000E+00  0.10000000E-01  0.10000000E+01
 0.62002000E-09  0.13138733E-01  0.00000000E+00  0.93512690E-01  0.00000000E+00  0.00000000E+00  0.17218721E+09  0.00000000E+00  0.00000000E+00  0.00000000E+00  0.00000000E+00  0.00000000E+00  0.10000000E-01  0.10000000E+01
 0.63002000E-09  0.13138733E-01  0.00000000E+00  0.95234563E-01  0.00000000E+00  0.00000000E+00  0.17218721E+09  0.00000000E+00  0.00000000E+00  0.00000000E+00  0.00000000E+00  0.00000000E+00  0.10000000E-01  0.10000000E+01
 0.64002000E-09  0.13138733E-01  0.00000000E+00  0.96956435E-01  0.00000000E+00  0.00000000E+00  0.17218721E+09  0.00000000E+00  0.00000000E+00  0.00000000E+00  0.00000000E+00  0.00000000E+00  0.10000000E-01  0.10000000E+01
 0.65002000E-09  0.13138733E-01  0.00000000E+00  0.98678307E-01  0.00000000E+00  0.00000000E+00  0.17218721E+09  0.00000000E+00  0.00000000E+00  0.00000000E+00  0.00000000E+00  0.00000000E+00  0.10000000E-01  0.10000000E+01
 0.66002000E-09  0.13138733E-01  0.00000000E+00  0.10040018E+00  0.00000000E+00  0.00000000E+00  0.17218721E+09  0.00000000E+00  0.00000000E+00  0.00000000E+00  0.00000000E+00  0.00000000E+00  0.10000000E-01  0.10000000E+01
 0.67002000E-09  0.13138733E-01  0.00000000E+00  0.10212205E+00  0.00000000E+00  0.00000000E+00  0.17218721E+09  0.00000000E+00  0.00000000E+00  0.00000000E+00  0.00000000E+00  0.00000000E+00  0.10000000E-01  0.10000000E+01
 0.68002000E-09  0.13138733E-01  0.00000000E+00  0.10384392E+00  0.00000000E+00  0.00000000E+00  0.17218721E+09  0.00000000E+00  0.00000000E+00  0.00000000E+00  0.00000000E+00  0.00000000E+00  0.10000000E-01  0.10000000E+01
 0.69002000E-09  0.13138733E-01  0.00000000E+00  0.10556579E+00  0.00000000E+00  0.00000000E+00  0.17218721E+09  0.00000000E+00  0.00000000E+00  0.00000000E+00  0.00000000E+00  0.00000000E+00  0.10000000E-01  0.10000000E+01
 0.70002000E-09  0.13138733E-01  0.00000000E+00  0.10728767E+00  0.00000000E+00  0.00000000E+00  0.17218721E+09  0.00000000E+00  0.00000000E+00  0.00000000E+00  0.00000000E+00  0.00000000E+00  0.10000000E-01  0.10000000E+01
 0.71002000E-09  0.13138733E-01  0.00000000E+00  0.10900954E+00  0.00000000E+00  0.00000000E+00  0.17218721E+09  0.00000000E+00  0.00000000E+00  0.00000000E+00  0.00000000E+00  0.00000000E+00  0.10000000E-01  0.10000000E+01
 0.72002000E-09  0.13138733E-01  0.00000000E+00  0.11073141E+00  0.00000000E+00  0.00000000E+00  0.17218721E+09  0.00000000E+00  0.00000000E+00  0.00000000E+00  0.00000000E+00  0.00000000E+00  0.10000000E-01  0.10000000E+01
 0.73002000E-09  0.13138733E-01  0.00000000E+00  0.11245328E+00  0.00000000E+00  0.00000000E+00  0.17218721E+09  0.00000000E+00  0.00000000E+00  0.00000000E+00  0.00000000E+00  0.00000000E+00  0.10000000E-01  0.10000000E+01
 0.74002000E-09  0.13138733E-01  0.00000000E+00  0.11417516E+00  0.00000000E+00  0.00000000E+00  0.17218721E+09  0.00000000E+00  0.00000000E+00  0.00000000E+00  0.00000000E+00  0.00000000E+00  0.10000000E-01  0.10000000E+01
 0.75002000E-09  0.13138733E-01  0.00000000E+00  0.11589703E+00  0.00000000E+00  0.00000000E+00  0.17218721E+09  0.00000000E+00  0.00000000E+00  0.00000000E+00  0.00000000E+00  0.00000000E+00  0.10000000E-01  0.10000000E+01
 0.76002000E-09  0.13138733E-01  0.00000000E+00  0.11761890E+00  0.00000000E+00  0.00000000E+00  0.17218721E+09  0.00000000E+00  0.00000000E+00  0.00000000E+00  0.00000000E+00  0.00000000E+00  0.10000000E-01  0.10000000E+01
 0.77002000E-09  0.13138733E-01  0.00000000E+00  0.11934077E+00  0.00000000E+00  0.00000000E+00  0.17218721E+09  0.00000000E+00  0.00000000E+00  0.00000000E+00  0.00000000E+00  0.00000000E+00  0.10000000E-01  0.10000000E+01
 0.78002000E-09  0.13138733E-01  0.00000000E+00  0.12106264E+00  0.00000000E+00  0.00000000E+00  0.17218721E+09  0.00000000E+00  0.00000000E+00  0.00000000E+00  0.00000000E+00  0.00000000E+00  0.10000000E-01  0.10000000E+01
 0.79002000E-09  0.13138733E-01  0.00000000E+00  0.12278452E+00  0.00000000E+00  0.00000000E+00  0.17218721E+09  0.00000000E+00  0.00000000E+00  0.00000000E+00  0.00000000E+00  0.00000000E+00  0.10000000E-01  0.10000000E+01
 0.80002000E-09  0.13138733E-01  0.00000000E+00  0.12450639E+00  0.00000000E+00  0.00000000E+00  0.17218721E+09  0.00000000E+00  0.00000000E+00  0.00000000E+00  0.00000000E+00  0.00000000E+00  0.10000000E-01  0.10000000E+01
 0.81002000E-09  0.13138733E-01  0.00000000E+00  0.12622826E+00  0.00000000E+00  0.00000000E+00  0.17218721E+09  0.00000000E+00  0.00000000E+00  0.00000000E+00  0.00000000E+00  0.00000000E+00  0.10000000E-01  0.10000000E+01
 0.82002000E-09  0.13138733E-01  0.00000000E+00  0.12795013E+00  0.00000000E+00  0.00000000E+00  0.17218721E+09  0.00000000E+00  0.00000000E+00  0.00000000E+00  0.00000000E+00  0.00000000E+00  0.10000000E-01  0.10000000E+01
 0.83002000E-09  0.13138733E-01  0.00000000E+00  0.12967200E+00  0.00000000E+00  0.00000000E+00  0.17218721E+09  0.00000000E+00  0.00000000E+00  0.00000000E+00  0.00000000E+00  0.00000000E+00  0.10000000E-01  0.10000000E+01
 0.84002000E-09  0.13138733E-01  0.00000000E+00  0.13139388E+00  0.00000000E+00  0.00000000E+00  0.17218721E+09  0.00000000E+00  0.00000000E+00  0.00000000E+00  0.00000000E+00  0.00000000E+00  0.10000000E-01  0.10000000E+01
 0.85002000E-09  0.13138733E-01  0.00000000E+00  0.13311575E+00  0.00000000E+00  0.00000000E+00  0.17218721E+09  0.00000000E+00  0.00000000E+00  0.00000000E+00  0.00000000E+00  0.00000000E+00  0.10000000E-01  0.10000000E+01
 0.86002000E-09  0.13138733E-01  0.00000000E+00  0.13483762E+00  0.00000000E+00  0.00000000E+00  0.17218721E+09  0.00000000E+00  0.00000000E+00  0.00000000E+00  0.00000000E+00  0.00000000E+00  0.10000000E-01  0.10000000E+01
 0.87002000E-09  0.13138733E-01  0.00000000E+00  0.13655949E+00  0.00000000E+00  0.00000000E+00  0.17218721E+09  0.00000000E+00  0.00000000E+00  0.00000000E+00  0.00000000E+00  0.00000000E+00  0.10000000E-01  0.10000000E+01
 0.88002000E-09  0.13138733E-01  0.00000000E+00  0.13828136E+00  0.00000000E+00  0.00000000E+00  0.17218721E+09  0.00000000E+00  0.00000000E+00  0.00000000E+00  0.00000000E+00  0.00000000E+00  0.10000000E-01  0.10000000E+01
 0.89002000E-09  0.13138733E-01  0.00000000E+00  0.14000324E+00  0.00000000E+00  0.00000000E+00  0.17218721E+09  0.00000000E+00  0.00000000E+00  0.00000000E+00  0.00000000E+00  0.00000000E+00  0.10000000E-01  0.10000000E+01
 0.90002000E-09  0.13138733E-01  0.00000000E+00  0.14172511E+00  0.00000000E+00  0.00000000E+00  0.17218721E+09  0.00000000E+00  0.00000000E+00  0.00000000E+00  0.00000000E+00  0.00000000E+00  0.10000000E-01  0.10000000E+01
 0.91002000E-09  0.13138733E-01  0.00000000E+00  0.14344698E+00  0.00000000E+00  0.00000000E+00  0.17218721E+09  0.00000000E+00  0.00000000E+00  0.00000000E+00  0.00000000E+00  0.00000000E+00  0.10000000E-01  0.10000000E+01
 0.92002000E-09  0.13138733E-01  0.00000000E+00  0.14516885E+00  0.00000000E+00  0.00000000E+00  0.17218721E+09  0.00000000E+00  0.00000000E+00  0.00000000E+00  0.00000000E+00  0.00000000E+00  0.10000000E-01  0.10000000E+01
 0.93002000E-09  0.13138733E-01  0.00000000E+00  0.14689072E+00  0.00000000E+00  0.00000000E+00  0.17218721E+09  0.00000000E+00  0.00000000E+00  0.00000000E+00  0.00000000E+00  0.00000000E+00  0.10000000E-01  0.10000000E+01
 0.94002000E-09  0.13138733E-01  0.00000000E+00  0.14861260E+00  0.00000000E+00  0.00000000E+00  0.17218721E+09  0.00000000E+00  0.00000000E+00  0.00000000E+00  0.00000000E+00  0.00000000E+00  0.10000000E-01  0.10000000E+01
 0.95002000E-09  0.13138733E-01  0.00000000E+00  0.15033447E+00  0.00000000E+00  0.00000000E+00  0.17218721E+09  0.00000000E+00  0.00000000E+00  0.00000000E+00  0.00000000E+00  0.00000000E+00  0.10000000E-01  0.10000000E+01
 0.96002000E-09  0.13138733E-01  0.00000000E+00  0.15205634E+00  0.00000000E+00  0.00000000E+00  0.17218721E+09  0.00000000E+00  0.00000000E+00  0.00000000E+00  0.00000000E+00  0.00000000E+00  0.10000000E-01  0.10000000E+01
 0.97002000E-09  0.13138733E-01  0.00000000E+00  0.15377821E+00  0.00000000E+00  0.00000000E+00  0.17218721E+09  0.00000000E+00  0.00000000E+00  0.00000000E+00  0.00000000E+00  0.00000000E+00  0.10000000E-01  0.10000000E+01
 0.98002000E-09  0.13138733E-01  0.00000000E+00  0.15550008E+00  0.00000000E+00  0.00000000E+00  0.17218721E+09  0.00000000E+00  0.00000000E+00  0.00000000E+00  0.00000000E+00  0.00000000E+00  0.10000000E-01  0.10000000E+01
 0.99002000E-09  0.13138733E-01  0.00000000E+00  0.15722196E+00  0.00000000E+00  0.00000000E+00  0.17218721E+09  0.00000000E+00  0.00000000E+00  0.00000000E+00  0.00000000E+00  0.00000000E+00  0.10000000E-01  0.10000000E+01
 0.10000200E-08  0.13138733E-01  0.00000000E+00  0.15894383E+00  0.00000000E+00  0.00000000E+00  0.17218721E+09  0.00000000E+00  0.00000000E+00  0.00000000E+00  0.00000000E+00  0.00000000E+00  0.10000000E-01  0.10000000E+01
 0.10100200E-08  0.13138733E-01  0.00000000E+00  0.16066570E+00  0.00000000E+00  0.00000000E+00  0.17218721E+09  0.00000000E+00  0.00000000E+00  0.00000000E+00  0.00000000E+00  0.00000000E+00  0.10000000E-01  0.10000000E+01
 0.10200200E-08  0.13138733E-01  0.00000000E+00  0.16238757E+00  0.00000000E+00  0.00000000E+00  0.17218721E+09  0.00000000E+00  0.00000000E+00  0.00000000E+00  0.00000000E+00  0.00000000E+00  0.10000000E-01  0.10000000E+01
 0.10300200E-08  0.13138733E-01  0.00000000E+00  0.16410944E+00  0.00000000E+00  0.00000000E+00  0.17218721E+09  0.00000000E+00  0.00000000E+00  0.00000000E+00  0.00000000E+00  0.00000000E+00  0.10000000E-01  0.10000000E+01
 0.10400200E-08  0.13138733E-01  0.00000000E+00  0.16583132E+00  0.00000000E+00  0.00000000E+00  0.17218721E+09  0.00000000E+00  0.00000000E+00  0.00000000E+00  0.00000000E+00  0.00000000E+00  0.10000000E-01  0.10000000E+01
 0.10500200E-08  0.13138733E-01  0.00000000E+00  0.16755319E+00  0.00000000E+00  0.00000000E+00  0.17218721E+09  0.00000000E+00  0.00000000E+00  0.00000000E+00  0.00000000E+00  0.00000000E+00  0.10000000E-01  0.10000000E+01
 0.10600200E-08  0.13138733E-01  0.00000000E+00  0.16927506E+00  0.00000000E+00  0.00000000E+00  0.17218721E+09  0.00000000E+00  0.00000000E+00  0.00000000E+00  0.00000000E+00  0.00000000E+00  0.10000000E-01  0.10000000E+01
 0.10700200E-08  0.13138733E-01  0.00000000E+00  0.17099693E+00  0.00000000E+00  0.00000000E+00  0.17218721E+09  0.00000000E+00  0.00000000E+00  0.00000000E+00  0.00000000E+00  0.00000000E+00  0.10000000E-01  0.10000000E+01
 0.10800200E-08  0.13138733E-01  0.00000000E+00  0.17271881E+00  0.00000000E+00  0.00000000E+00  0.17218721E+09  0.00000000E+00  0.00000000E+00  0.00000000E+00  0.00000000E+00  0.00000000E+00  0.10000000E-01  0.10000000E+01
 0.10900200E-08  0.13138733E-01  0.00000000E+00  0.17444068E+00  0.00000000E+00  0.00000000E+00  0.17218721E+09  0.00000000E+00  0.00000000E+00  0.00000000E+00  0.00000000E+00  0.00000000E+00  0.10000000E-01  0.10000000E+01
 0.11000200E-08  0.13138733E-01  0.00000000E+00  0.17616255E+00  0.00000000E+00  0.00000000E+00  0.17218721E+09  0.00000000E+00  0.00000000E+00  0.00000000E+00  0.00000000E+00  0.00000000E+00  0.10000000E-01  0.10000000E+01
 0.11100200E-08  0.13138733E-01  0.00000000E+00  0.17788442E+00  0.00000000E+00  0.00000000E+00  0.17218721E+09  0.00000000E+00  0.00000000E+00  0.00000000E+00  0.00000000E+00  0.00000000E+00  0.10000000E-01  0.10000000E+01
 0.11200200E-08  0.13138733E-01  0.00000000E+00  0.17960629E+00  0.00000000E+00  0.00000000E+00  0.17218721E+09  0.00000000E+00  0.00000000E+00  0.00000000E+00  0.00000000E+00  0.00000000E+00  0.10000000E-01  0.10000000E+01
 0.11300200E-08  0.13138733E-01  0.00000000E+00  0.18132817E+00  0.00000000E+00  0.00000000E+00  0.17218721E+09  0.00000000E+00  0.00000000E+00  0.00000000E+00  0.00000000E+00  0.00000000E+00  0.10000000E-01  0.10000000E+01
 0.11400200E-08  0.13138733E-01  0.00000000E+00  0.18305004E+00  0.00000000E+00  0.00000000E+00  0.17218721E+09  0.00000000E+00  0.00000000E+00  0.00000000E+00  0.00000000E+00  0.00000000E+00  0.10000000E-01  0.10000000E+01
 0.11500200E-08  0.13138733E-01  0.00000000E+00  0.18477191E+00  0.00000000E+00  0.00000000E+00  0.17218721E+09  0.00000000E+00  0.00000000E+00  0.00000000E+00  0.00000000E+00  0.00000000E+00  0.10000000E-01  0.10000000E+01
 0.11600200E-08  0.13138733E-01  0.00000000E+00  0.18649378E+00  0.00000000E+00  0.00000000E+00  0.17218721E+09  0.00000000E+00  0.00000000E+00  0.00000000E+00  0.00000000E+00  0.00000000E+00  0.10000000E-01  0.10000000E+01
 0.11700200E-08  0.13138733E-01  0.00000000E+00  0.18821565E+00  0.00000000E+00  0.00000000E+00  0.17218721E+09  0.00000000E+00  0.00000000E+00  0.00000000E+00  0.00000000E+00  0.00000000E+00  0.10000000E-01  0.10000000E+01
 0.11800200E-08  0.13138733E-01  0.00000000E+00  0.18993753E+00  0.00000000E+00  0.00000000E+00  0.17218721E+09  0.00000000E+00  0.00000000E+00  0.00000000E+00  0.00000000E+00  0.00000000E+00  0.10000000E-01  0.10000000E+01
 0.11900200E-08  0.13138733E-01  0.00000000E+00  0.19165940E+00  0.00000000E+00  0.00000000E+00  0.17218721E+09  0.00000000E+00  0.00000000E+00  0.00000000E+00  0.00000000E+00  0.00000000E+00  0.10000000E-01  0.10000000E+01
 0.12000200E-08  0.13138733E-01  0.00000000E+00  0.19338127E+00  0.00000000E+00  0.00000000E+00  0.17218721E+09  0.00000000E+00  0.00000000E+00  0.00000000E+00  0.00000000E+00  0.00000000E+00  0.10000000E-01  0.10000000E+01
 0.12100200E-08  0.13138733E-01  0.00000000E+00  0.19510314E+00  0.00000000E+00  0.00000000E+00  0.17218721E+09  0.00000000E+00  0.00000000E+00  0.00000000E+00  0.00000000E+00  0.00000000E+00  0.10000000E-01  0.10000000E+01
 0.12200200E-08  0.13138733E-01  0.00000000E+00  0.19682501E+00  0.00000000E+00  0.00000000E+00  0.17218721E+09  0.00000000E+00  0.00000000E+00  0.00000000E+00  0.00000000E+00  0.00000000E+00  0.10000000E-01  0.10000000E+01
 0.12300200E-08  0.13138733E-01  0.00000000E+00  0.19854689E+00  0.00000000E+00  0.00000000E+00  0.17218721E+09  0.00000000E+00  0.00000000E+00  0.00000000E+00  0.00000000E+00  0.00000000E+00  0.10000000E-01  0.10000000E+01
 0.12400200E-08  0.13138733E-01  0.00000000E+00  0.20026876E+00  0.00000000E+00  0.00000000E+00  0.17218721E+09  0.00000000E+00  0.00000000E+00  0.00000000E+00  0.00000000E+00  0.00000000E+00  0.10000000E-01  0.10000000E+01
 0.12500200E-08  0.13138733E-01  0.00000000E+00  0.20199063E+00  0.00000000E+00  0.00000000E+00  0.17218721E+09  0.00000000E+00  0.00000000E+00  0.00000000E+00  0.00000000E+00  0.00000000E+00  0.10000000E-01  0.10000000E+01
 0.12600200E-08  0.13138733E-01  0.00000000E+00  0.20371250E+00  0.00000000E+00  0.00000000E+00  0.17218721E+09  0.00000000E+00  0.00000000E+00  0.00000000E+00  0.00000000E+00  0.00000000E+00  0.10000000E-01  0.10000000E+01
 0.12700200E-08  0.13138733E-01  0.00000000E+00  0.20543437E+00  0.00000000E+00  0.00000000E+00  0.17218721E+09  0.00000000E+00  0.00000000E+00  0.00000000E+00  0.00000000E+00  0.00000000E+00  0.10000000E-01  0.10000000E+01
 0.12800200E-08  0.13138733E-01  0.00000000E+00  0.20715625E+00  0.00000000E+00  0.00000000E+00  0.17218721E+09  0.00000000E+00  0.00000000E+00  0.00000000E+00  0.00000000E+00  0.00000000E+00  0.10000000E-01  0.10000000E+01
 0.12900200E-08  0.13138733E-01  0.00000000E+00  0.20887812E+00  0.00000000E+00  0.00000000E+00  0.17218721E+09  0.00000000E+00  0.00000000E+00  0.00000000E+00  0.00000000E+00  0.00000000E+00  0.10000000E-01  0.10000000E+01
 0.13000200E-08  0.13138733E-01  0.00000000E+00  0.21059999E+00  0.00000000E+00  0.00000000E+00  0.17218721E+09  0.00000000E+00  0.00000000E+00  0.00000000E+00  0.00000000E+00  0.00000000E+00  0.10000000E-01  0.10000000E+01
 0.13100200E-08  0.13138733E-01  0.00000000E+00  0.21232186E+00  0.00000000E+00  0.00000000E+00  0.17218721E+09  0.00000000E+00  0.00000000E+00  0.00000000E+00  0.00000000E+00  0.00000000E+00  0.10000000E-01  0.10000000E+01
 0.13200200E-08  0.13138733E-01  0.00000000E+00  0.21404373E+00  0.00000000E+00  0.00000000E+00  0.17218721E+09  0.00000000E+00  0.00000000E+00  0.00000000E+00  0.00000000E+00  0.00000000E+00  0.10000000E-01  0.10000000E+01
 0.13300200E-08  0.13138733E-01  0.00000000E+00  0.21576561E+00  0.00000000E+00  0.00000000E+00  0.17218721E+09  0.00000000E+00  0.00000000E+00  0.00000000E+00  0.00000000E+00  0.00000000E+00  0.10000000E-01  0.10000000E+01
 0.13400200E-08  0.13138733E-01  0.00000000E+00  0.21748748E+00  0.00000000E+00  0.00000000E+00  0.17218721E+09  0.00000000E+00  0.00000000E+00  0.00000000E+00  0.00000000E+00  0.00000000E+00  0.10000000E-01  0.10000000E+01
 0.13500200E-08  0.13138733E-01  0.00000000E+00  0.21920935E+00  0.00000000E+00  0.00000000E+00  0.17218721E+09  0.00000000E+00  0.00000000E+00  0.00000000E+00  0.00000000E+00  0.00000000E+00  0.10000000E-01  0.10000000E+01
 0.13600200E-08  0.13138733E-01  0.00000000E+00  0.22093122E+00  0.00000000E+00  0.00000000E+00  0.17218721E+09  0.00000000E+00  0.00000000E+00  0.00000000E+00  0.00000000E+00  0.00000000E+00  0.10000000E-01  0.10000000E+01
 0.13700200E-08  0.13138733E-01  0.00000000E+00  0.22265309E+00  0.00000000E+00  0.00000000E+00  0.17218721E+09  0.00000000E+00  0.00000000E+00  0.00000000E+00  0.00000000E+00  0.00000000E+00  0.10000000E-01  0.10000000E+01
 0.13800200E-08  0.13138733E-01  0.00000000E+00  0.22437497E+00  0.00000000E+00  0.00000000E+00  0.17218721E+09  0.00000000E+00  0.00000000E+00  0.00000000E+00  0.00000000E+00  0.00000000E+00  0.10000000E-01  0.10000000E+01
 0.13900200E-08  0.13138733E-01  0.00000000E+00  0.22609684E+00  0.00000000E+00  0.00000000E+00  0.17218721E+09  0.00000000E+00  0.00000000E+00  0.00000000E+00  0.00000000E+00  0.00000000E+00  0.10000000E-01  0.10000000E+01
 0.14000200E-08  0.13138733E-01  0.00000000E+00  0.22781871E+00  0.00000000E+00  0.00000000E+00  0.17218721E+09  0.00000000E+00  0.00000000E+00  0.00000000E+00  0.00000000E+00  0.00000000E+00  0.10000000E-01  0.10000000E+01
 0.14100200E-08  0.13138733E-01  0.00000000E+00  0.22954058E+00  0.00000000E+00  0.00000000E+00  0.17218721E+09  0.00000000E+00  0.00000000E+00  0.00000000E+00  0.00000000E+00  0.00000000E+00  0.10000000E-01  0.10000000E+01
 0.14200200E-08  0.13138733E-01  0.00000000E+00  0.23126246E+00  0.00000000E+00  0.00000000E+00  0.17218721E+09  0.00000000E+00  0.00000000E+00  0.00000000E+00  0.00000000E+00  0.00000000E+00  0.10000000E-01  0.10000000E+01
 0.14300200E-08  0.13138733E-01  0.00000000E+00  0.23298433E+00  0.00000000E+00  0.00000000E+00  0.17218721E+09  0.00000000E+00  0.00000000E+00  0.00000000E+00  0.00000000E+00  0.00000000E+00  0.10000000E-01  0.10000000E+01
 0.14400200E-08  0.13138733E-01  0.00000000E+00  0.23470620E+00  0.00000000E+00  0.00000000E+00  0.17218721E+09  0.00000000E+00  0.00000000E+00  0.00000000E+00  0.00000000E+00  0.00000000E+00  0.10000000E-01  0.10000000E+01
 0.14500200E-08  0.13138733E-01  0.00000000E+00  0.23642807E+00  0.00000000E+00  0.00000000E+00  0.17218721E+09  0.00000000E+00  0.00000000E+00  0.00000000E+00  0.00000000E+00  0.00000000E+00  0.10000000E-01  0.10000000E+01
 0.14600200E-08  0.13138733E-01  0.00000000E+00  0.23814994E+00  0.00000000E+00  0.00000000E+00  0.17218721E+09  0.00000000E+00  0.00000000E+00  0.00000000E+00  0.00000000E+00  0.00000000E+00  0.10000000E-01  0.10000000E+01
 0.14700200E-08  0.13138733E-01  0.00000000E+00  0.23987182E+00  0.00000000E+00  0.00000000E+00  0.17218721E+09  0.00000000E+00  0.00000000E+00  0.00000000E+00  0.00000000E+00  0.00000000E+00  0.10000000E-01  0.10000000E+01
 0.14800200E-08  0.13138733E-01  0.00000000E+00  0.24159369E+00  0.00000000E+00  0.00000000E+00  0.17218721E+09  0.00000000E+00  0.00000000E+00  0.00000000E+00  0.00000000E+00  0.00000000E+00  0.10000000E-01  0.10000000E+01
 0.14900200E-08  0.13138733E-01  0.00000000E+00  0.24331556E+00  0.00000000E+00  0.00000000E+00  0.17218721E+09  0.00000000E+00  0.00000000E+00  0.00000000E+00  0.00000000E+00  0.00000000E+00  0.10000000E-01  0.10000000E+01
 0.15000200E-08  0.13138733E-01  0.00000000E+00  0.24503743E+00  0.00000000E+00  0.00000000E+00  0.17218721E+09  0.00000000E+00  0.00000000E+00  0.00000000E+00  0.00000000E+00  0.00000000E+00  0.10000000E-01  0.10000000E+01
 0.15100200E-08  0.13138733E-01  0.00000000E+00  0.24675930E+00  0.00000000E+00  0.00000000E+00  0.17218721E+09  0.00000000E+00  0.00000000E+00  0.00000000E+00  0.00000000E+00  0.00000000E+00  0.10000000E-01  0.10000000E+01
 0.15200200E-08  0.13138733E-01  0.00000000E+00  0.24848118E+00  0.00000000E+00  0.00000000E+00  0.17218721E+09  0.00000000E+00  0.00000000E+00  0.00000000E+00  0.00000000E+00  0.00000000E+00  0.10000000E-01  0.10000000E+01
 0.15300200E-08  0.13138733E-01  0.00000000E+00  0.25020305E+00  0.00000000E+00  0.00000000E+00  0.17218721E+09  0.00000000E+00  0.00000000E+00  0.00000000E+00  0.00000000E+00  0.00000000E+00  0.10000000E-01  0.10000000E+01
 0.15400200E-08  0.13138733E-01  0.00000000E+00  0.25192492E+00  0.00000000E+00  0.00000000E+00  0.17218721E+09  0.00000000E+00  0.00000000E+00  0.00000000E+00  0.00000000E+00  0.00000000E+00  0.10000000E-01  0.10000000E+01
 0.15500200E-08  0.13138733E-01  0.00000000E+00  0.25364679E+00  0.00000000E+00  0.00000000E+00  0.17218721E+09  0.00000000E+00  0.00000000E+00  0.00000000E+00  0.00000000E+00  0.00000000E+00  0.10000000E-01  0.10000000E+01
 0.15600200E-08  0.13138733E-01  0.00000000E+00  0.25536866E+00  0.00000000E+00  0.00000000E+00  0.17218721E+09  0.00000000E+00  0.00000000E+00  0.00000000E+00  0.00000000E+00  0.00000000E+00  0.10000000E-01  0.10000000E+01
 0.15700200E-08  0.13138733E-01  0.00000000E+00  0.25709054E+00  0.00000000E+00  0.00000000E+00  0.17218721E+09  0.00000000E+00  0.00000000E+00  0.00000000E+00  0.00000000E+00  0.00000000E+00  0.10000000E-01  0.10000000E+01
 0.15800200E-08  0.13138733E-01  0.00000000E+00  0.25881241E+00  0.00000000E+00  0.00000000E+00  0.17218721E+09  0.00000000E+00  0.00000000E+00  0.00000000E+00  0.00000000E+00  0.00000000E+00  0.10000000E-01  0.10000000E+01
 0.15900200E-08  0.13138733E-01  0.00000000E+00  0.26053428E+00  0.00000000E+00  0.00000000E+00  0.17218721E+09  0.00000000E+00  0.00000000E+00  0.00000000E+00  0.00000000E+00  0.00000000E+00  0.10000000E-01  0.10000000E+01
 0.16000200E-08  0.13138733E-01  0.00000000E+00  0.26225615E+00  0.00000000E+00  0.00000000E+00  0.17218721E+09  0.00000000E+00  0.00000000E+00  0.00000000E+00  0.00000000E+00  0.00000000E+00  0.10000000E-01  0.10000000E+01
 0.16100200E-08  0.13138733E-01  0.00000000E+00  0.26397802E+00  0.00000000E+00  0.00000000E+00  0.17218721E+09  0.00000000E+00  0.00000000E+00  0.00000000E+00  0.00000000E+00  0.00000000E+00  0.10000000E-01  0.10000000E+01
 0.16200200E-08  0.13138733E-01  0.00000000E+00  0.26569990E+00  0.00000000E+00  0.00000000E+00  0.17218721E+09  0.00000000E+00  0.00000000E+00  0.00000000E+00  0.00000000E+00  0.00000000E+00  0.10000000E-01  0.10000000E+01
 0.16300200E-08  0.13138733E-01  0.00000000E+00  0.26742177E+00  0.00000000E+00  0.00000000E+00  0.17218721E+09  0.00000000E+00  0.00000000E+00  0.00000000E+00  0.00000000E+00  0.00000000E+00  0.10000000E-01  0.10000000E+01
 0.16400200E-08  0.13138733E-01  0.00000000E+00  0.26914364E+00  0.00000000E+00  0.00000000E+00  0.17218721E+09  0.00000000E+00  0.00000000E+00  0.00000000E+00  0.00000000E+00  0.00000000E+00  0.10000000E-01  0.10000000E+01
 0.16500200E-08  0.13138733E-01  0.00000000E+00  0.27086551E+00  0.00000000E+00  0.00000000E+00  0.17218721E+09  0.00000000E+00  0.00000000E+00  0.00000000E+00  0.00000000E+00  0.00000000E+00  0.10000000E-01  0.10000000E+01
 0.16600200E-08  0.13138733E-01  0.00000000E+00  0.27258738E+00  0.00000000E+00  0.00000000E+00  0.17218721E+09  0.00000000E+00  0.00000000E+00  0.00000000E+00  0.00000000E+00  0.00000000E+00  0.10000000E-01  0.10000000E+01
 0.16700200E-08  0.13138733E-01  0.00000000E+00  0.27430926E+00  0.00000000E+00  0.00000000E+00  0.17218721E+09  0.00000000E+00  0.00000000E+00  0.00000000E+00  0.00000000E+00  0.00000000E+00  0.10000000E-01  0.10000000E+01
 0.16800200E-08  0.13138733E-01  0.00000000E+00  0.27603113E+00  0.00000000E+00  0.00000000E+00  0.17218721E+09  0.00000000E+00  0.00000000E+00  0.00000000E+00  0.00000000E+00  0.00000000E+00  0.10000000E-01  0.10000000E+01
 0.16900200E-08  0.13138733E-01  0.00000000E+00  0.27775300E+00  0.00000000E+00  0.00000000E+00  0.17218721E+09  0.00000000E+00  0.00000000E+00  0.00000000E+00  0.00000000E+00  0.00000000E+00  0.10000000E-01  0.10000000E+01
 0.17000200E-08  0.13138733E-01  0.00000000E+00  0.27947487E+00  0.00000000E+00  0.00000000E+00  0.17218721E+09  0.00000000E+00  0.00000000E+00  0.00000000E+00  0.00000000E+00  0.00000000E+00  0.10000000E-01  0.10000000E+01
 0.17100200E-08  0.13138733E-01  0.00000000E+00  0.28119675E+00  0.00000000E+00  0.00000000E+00  0.17218721E+09  0.00000000E+00  0.00000000E+00  0.00000000E+00  0.00000000E+00  0.00000000E+00  0.10000000E-01  0.10000000E+01
 0.17200200E-08  0.13138733E-01  0.00000000E+00  0.28291862E+00  0.00000000E+00  0.00000000E+00  0.17218721E+09  0.00000000E+00  0.00000000E+00  0.00000000E+00  0.00000000E+00  0.00000000E+00  0.10000000E-01  0.10000000E+01
 0.17300200E-08  0.13138733E-01  0.00000000E+00  0.28464049E+00  0.00000000E+00  0.00000000E+00  0.17218721E+09  0.00000000E+00  0.00000000E+00  0.00000000E+00  0.00000000E+00  0.00000000E+00  0.10000000E-01  0.10000000E+01
 0.17400200E-08  0.13138733E-01  0.00000000E+00  0.28636236E+00  0.00000000E+00  0.00000000E+00  0.17218721E+09  0.00000000E+00  0.00000000E+00  0.00000000E+00  0.00000000E+00  0.00000000E+00  0.10000000E-01  0.10000000E+01
 0.17500200E-08  0.13138733E-01  0.00000000E+00  0.28808423E+00  0.00000000E+00  0.00000000E+00  0.17218721E+09  0.00000000E+00  0.00000000E+00  0.00000000E+00  0.00000000E+00  0.00000000E+00  0.10000000E-01  0.10000000E+01
 0.17600200E-08  0.13138733E-01  0.00000000E+00  0.28980611E+00  0.00000000E+00  0.00000000E+00  0.17218721E+09  0.00000000E+00  0.00000000E+00  0.00000000E+00  0.00000000E+00  0.00000000E+00  0.10000000E-01  0.10000000E+01
 0.17700200E-08  0.13138733E-01  0.00000000E+00  0.29152798E+00  0.00000000E+00  0.00000000E+00  0.17218721E+09  0.00000000E+00  0.00000000E+00  0.00000000E+00  0.00000000E+00  0.00000000E+00  0.10000000E-01  0.10000000E+01
 0.17800200E-08  0.13138733E-01  0.00000000E+00  0.29324985E+00  0.00000000E+00  0.00000000E+00  0.17218721E+09  0.00000000E+00  0.00000000E+00  0.00000000E+00  0.00000000E+00  0.00000000E+00  0.10000000E-01  0.10000000E+01
 0.17900200E-08  0.13138733E-01  0.00000000E+00  0.29497172E+00  0.00000000E+00  0.00000000E+00  0.17218721E+09  0.00000000E+00  0.00000000E+00  0.00000000E+00  0.00000000E+00  0.00000000E+00  0.10000000E-01  0.10000000E+01
 0.18000200E-08  0.13138733E-01  0.00000000E+00  0.29669359E+00  0.00000000E+00  0.00000000E+00  0.17218721E+09  0.00000000E+00  0.00000000E+00  0.00000000E+00  0.00000000E+00  0.00000000E+00  0.10000000E-01  0.10000000E+01
 0.18100200E-08  0.13138733E-01  0.00000000E+00  0.29841547E+00  0.00000000E+00  0.00000000E+00  0.17218721E+09  0.00000000E+00  0.00000000E+00  0.00000000E+00  0.00000000E+00  0.00000000E+00  0.10000000E-01  0.10000000E+01
 0.18200200E-08  0.13138733E-01  0.00000000E+00  0.30013734E+00  0.00000000E+00  0.00000000E+00  0.17218721E+09  0.00000000E+00  0.00000000E+00  0.00000000E+00  0.00000000E+00  0.00000000E+00  0.10000000E-01  0.10000000E+01
 0.18300200E-08  0.13138733E-01  0.00000000E+00  0.30185921E+00  0.00000000E+00  0.00000000E+00  0.17218721E+09  0.00000000E+00  0.00000000E+00  0.00000000E+00  0.00000000E+00  0.00000000E+00  0.10000000E-01  0.10000000E+01
 0.18400200E-08  0.13138733E-01  0.00000000E+00  0.30358108E+00  0.00000000E+00  0.00000000E+00  0.17218721E+09  0.00000000E+00  0.00000000E+00  0.00000000E+00  0.00000000E+00  0.00000000E+00  0.10000000E-01  0.10000000E+01
 0.18500200E-08  0.13138733E-01  0.00000000E+00  0.30530295E+00  0.00000000E+00  0.00000000E+00  0.17218721E+09  0.00000000E+00  0.00000000E+00  0.00000000E+00  0.00000000E+00  0.00000000E+00  0.10000000E-01  0.10000000E+01
 0.18600200E-08  0.13138733E-01  0.00000000E+00  0.30702483E+00  0.00000000E+00  0.00000000E+00  0.17218721E+09  0.00000000E+00  0.00000000E+00  0.00000000E+00  0.00000000E+00  0.00000000E+00  0.10000000E-01  0.10000000E+01
 0.18700200E-08  0.13138733E-01  0.00000000E+00  0.30874670E+00  0.00000000E+00  0.00000000E+00  0.17218721E+09  0.00000000E+00  0.00000000E+00  0.00000000E+00  0.00000000E+00  0.00000000E+00  0.10000000E-01  0.10000000E+01
 0.18800200E-08  0.13138733E-01  0.00000000E+00  0.31046857E+00  0.00000000E+00  0.00000000E+00  0.17218721E+09  0.00000000E+00  0.00000000E+00  0.00000000E+00  0.00000000E+00  0.00000000E+00  0.10000000E-01  0.10000000E+01
 0.18900200E-08  0.13138733E-01  0.00000000E+00  0.31219044E+00  0.00000000E+00  0.00000000E+00  0.17218721E+09  0.00000000E+00  0.00000000E+00  0.00000000E+00  0.00000000E+00  0.00000000E+00  0.10000000E-01  0.10000000E+01
 0.19000200E-08  0.13138733E-01  0.00000000E+00  0.31391231E+00  0.00000000E+00  0.00000000E+00  0.17218721E+09  0.00000000E+00  0.00000000E+00  0.00000000E+00  0.00000000E+00  0.00000000E+00  0.10000000E-01  0.10000000E+01
 0.19100200E-08  0.13138733E-01  0.00000000E+00  0.31563419E+00  0.00000000E+00  0.00000000E+00  0.17218721E+09  0.00000000E+00  0.00000000E+00  0.00000000E+00  0.00000000E+00  0.00000000E+00  0.10000000E-01  0.10000000E+01
 0.19200200E-08  0.13138733E-01  0.00000000E+00  0.31735606E+00  0.00000000E+00  0.00000000E+00  0.17218721E+09  0.00000000E+00  0.00000000E+00  0.00000000E+00  0.00000000E+00  0.00000000E+00  0.10000000E-01  0.10000000E+01
 0.19300200E-08  0.13138733E-01  0.00000000E+00  0.31907793E+00  0.00000000E+00  0.00000000E+00  0.17218721E+09  0.00000000E+00  0.00000000E+00  0.00000000E+00  0.00000000E+00  0.00000000E+00  0.10000000E-01  0.10000000E+01
 0.19400200E-08  0.13138733E-01  0.00000000E+00  0.32079980E+00  0.00000000E+00  0.00000000E+00  0.17218721E+09  0.00000000E+00  0.00000000E+00  0.00000000E+00  0.00000000E+00  0.00000000E+00  0.10000000E-01  0.10000000E+01
 0.19500200E-08  0.13138733E-01  0.00000000E+00  0.32252167E+00  0.00000000E+00  0.00000000E+00  0.17218721E+09  0.00000000E+00  0.00000000E+00  0.00000000E+00  0.00000000E+00  0.00000000E+00  0.10000000E-01  0.10000000E+01
 0.19600200E-08  0.13138733E-01  0.00000000E+00  0.32424355E+00  0.00000000E+00  0.00000000E+00  0.17218721E+09  0.00000000E+00  0.00000000E+00  0.00000000E+00  0.00000000E+00  0.00000000E+00  0.10000000E-01  0.10000000E+01
 0.19700200E-08  0.13138733E-01  0.00000000E+00  0.32596542E+00  0.00000000E+00  0.00000000E+00  0.17218721E+09  0.00000000E+00  0.00000000E+00  0.00000000E+00  0.00000000E+00  0.00000000E+00  0.10000000E-01  0.10000000E+01
 0.19800200E-08  0.13138733E-01  0.00000000E+00  0.32768729E+00  0.00000000E+00  0.00000000E+00  0.17218721E+09  0.00000000E+00  0.00000000E+00  0.00000000E+00  0.00000000E+00  0.00000000E+00  0.10000000E-01  0.10000000E+01
 0.19900200E-08  0.13138733E-01  0.00000000E+00  0.32940916E+00  0.00000000E+00  0.00000000E+00  0.17218721E+09  0.00000000E+00  0.00000000E+00  0.00000000E+00  0.00000000E+00  0.00000000E+00  0.10000000E-01  0.10000000E+01
