# ptime xp yp zp vx vy vz ex ey ez bx by bz wt
 0.20000000E-13  0.14934057E-01  0.00000000E+00 -0.10047861E-01  0.00000000E+00  0.00000000E+00  0.17256436E+09  0.00000000E+00  0.00000000E+00  0.00000000E+00  0.00000000E+00  0.00000000E+00  0.10000000E-01  0.10000000E+01
 0.10000000E-10  0.14934057E-01  0.00000000E+00 -0.83256689E-02  0.00000000E+00  0.00000000E+00  0.17256436E+09  0.00000000E+00  0.00000000E+00  0.00000000E+00  0.00000000E+00  0.00000000E+00  0.10000000E-01  0.10000000E+01
 0.20000000E-10  0.14934057E-01  0.00000000E+00 -0.66000253E-02  0.00000000E+00  0.00000000E+00  0.17256436E+09  0.00000000E+00  0.00000000E+00  0.00000000E+00  0.00000000E+00  0.00000000E+00  0.10000000E-01  0.10000000E+01
 0.30000000E-10  0.14934057E-01  0.00000000E+00 -0.48743816E-02  0.00000000E+00  0.00000000E+00  0.17256436E+09  0.00000000E+00  0.00000000E+00  0.00000000E+00  0.00000000E+00  0.00000000E+00  0.10000000E-01  0.10000000E+01
 0.40020000E-10  0.14934057E-01  0.00000000E+00 -0.31452867E-02  0.00000000E+00  0.00000000E+00  0.17256436E+09  0.00000000E+00  0.00000000E+00  0.00000000E+00  0.00000000E+00  0.00000000E+00  0.10000000E-01  0.10000000E+01
 0.50020000E-10  0.14934057E-01  0.00000000E+00 -0.14196431E-02  0.00000000E+00  0.00000000E+00  0.17256436E+09  0.00000000E+00  0.00000000E+00  0.00000000E+00  0.00000000E+00  0.00000000E+00  0.10000000E-01  0.10000000E+01
 0.60020000E-10  0.14934057E-01  0.00000000E+00  0.30600051E-03  0.00000000E+00  0.00000000E+00  0.17256436E+09  0.00000000E+00  0.00000000E+00  0.00000000E+00  0.00000000E+00  0.00000000E+00  0.10000000E-01  0.10000000E+01
 0.70020000E-10  0.14934057E-01  0.00000000E+00  0.20316441E-02  0.00000000E+00  0.00000000E+00  0.17256436E+09  0.00000000E+00  0.00000000E+00  0.00000000E+00  0.00000000E+00  0.00000000E+00  0.10000000E-01  0.10000000E+01
 0.80000000E-10  0.14934057E-01  0.00000000E+00  0.37538365E-02  0.00000000E+00  0.00000000E+00  0.17256436E+09  0.00000000E+00  0.00000000E+00  0.00000000E+00  0.00000000E+00  0.00000000E+00  0.10000000E-01  0.10000000E+01
 0.90000000E-10  0.14934057E-01  0.00000000E+00  0.54794801E-02  0.00000000E+00  0.00000000E+00  0.17256436E+09  0.00000000E+00  0.00000000E+00  0.00000000E+00  0.00000000E+00  0.00000000E+00  0.10000000E-01  0.10000000E+01
 0.10000000E-09  0.14934057E-01  0.00000000E+00  0.72051237E-02  0.00000000E+00  0.00000000E+00  0.17256436E+09  0.00000000E+00  0.00000000E+00  0.00000000E+00  0.00000000E+00  0.00000000E+00  0.10000000E-01  0.10000000E+01
 0.11000000E-09  0.14934057E-01  0.00000000E+00  0.89307673E-02  0.00000000E+00  0.00000000E+00  0.17256436E+09  0.00000000E+00  0.00000000E+00  0.00000000E+00  0.00000000E+00  0.00000000E+00  0.10000000E-01  0.10000000E+01
 0.12000000E-09  0.14934057E-01  0.00000000E+00  0.10656411E-01  0.00000000E+00  0.00000000E+00  0.17256436E+09  0.00000000E+00  0.00000000E+00  0.00000000E+00  0.00000000E+00  0.00000000E+00  0.10000000E-01  0.10000000E+01
 0.13000000E-09  0.14934057E-01  0.00000000E+00  0.12382055E-01  0.00000000E+00  0.00000000E+00  0.17256436E+09  0.00000000E+00  0.00000000E+00  0.00000000E+00  0.00000000E+00  0.00000000E+00  0.10000000E-01  0.10000000E+01
 0.14002000E-09  0.14934057E-01  0.00000000E+00  0.14111149E-01  0.00000000E+00  0.00000000E+00  0.17256436E+09  0.00000000E+00  0.00000000E+00  0.00000000E+00  0.00000000E+00  0.00000000E+00  0.10000000E-01  0.10000000E+01
 0.15002000E-09  0.14934057E-01  0.00000000E+00  0.15836793E-01  0.00000000E+00  0.00000000E+00  0.17256436E+09  0.00000000E+00  0.00000000E+00  0.00000000E+00  0.00000000E+00  0.00000000E+00  0.10000000E-01  0.10000000E+01
 0.16002000E-09  0.14934057E-01  0.00000000E+00  0.17562437E-01  0.00000000E+00  0.00000000E+00  0.17256436E+09  0.00000000E+00  0.00000000E+00  0.00000000E+00  0.00000000E+00  0.00000000E+00  0.10000000E-01  0.10000000E+01
 0.17002000E-09  0.14934057E-01  0.00000000E+00  0.19288080E-01  0.00000000E+00  0.00000000E+00  0.17256436E+09  0.00000000E+00  0.00000000E+00  0.00000000E+00  0.00000000E+00  0.00000000E+00  0.10000000E-01  0.10000000E+01
 0.18002000E-09  0.14934057E-01  0.00000000E+00  0.21013724E-01  0.00000000E+00  0.00000000E+00  0.17256436E+09  0.00000000E+00  0.00000000E+00  0.00000000E+00  0.00000000E+00  0.00000000E+00  0.10000000E-01  0.10000000E+01
 0.19002000E-09  0.14934057E-01  0.00000000E+00  0.22739368E-01  0.00000000E+00  0.00000000E+00  0.17256436E+09  0.00000000E+00  0.00000000E+00  0.00000000E+00  0.00000000E+00  0.00000000E+00  0.10000000E-01  0.10000000E+01
 0.20002000E-09  0.14934057E-01  0.00000000E+00  0.24465011E-01  0.00000000E+00  0.00000000E+00  0.17256436E+09  0.00000000E+00  0.00000000E+00  0.00000000E+00  0.00000000E+00  0.00000000E+00  0.10000000E-01  0.10000000E+01
 0.21002000E-09  0.14934057E-01  0.00000000E+00  0.26190655E-01  0.00000000E+00  0.00000000E+00  0.17256436E+09  0.00000000E+00  0.00000000E+00  0.00000000E+00  0.00000000E+00  0.00000000E+00  0.10000000E-01  0.10000000E+01
 0.22002000E-09  0.14934057E-01  0.00000000E+00  0.27916298E-01  0.00000000E+00  0.00000000E+00  0.17256436E+09  0.00000000E+00  0.00000000E+00  0.00000000E+00  0.00000000E+00  0.00000000E+00  0.10000000E-01  0.10000000E+01
 0.23002000E-09  0.14934057E-01  0.00000000E+00  0.29641942E-01  0.00000000E+00  0.00000000E+00  0.17256436E+09  0.00000000E+00  0.00000000E+00  0.00000000E+00  0.00000000E+00  0.00000000E+00  0.10000000E-01  0.10000000E+01
 0.24002000E-09  0.14934057E-01  0.00000000E+00  0.31367586E-01  0.00000000E+00  0.00000000E+00  0.17256436E+09  0.00000000E+00  0.00000000E+00  0.00000000E+00  0.00000000E+00  0.00000000E+00  0.10000000E-01  0.10000000E+01
 0.25002000E-09  0.14934057E-01  0.00000000E+00  0.33093229E-01  0.00000000E+00  0.00000000E+00  0.17256436E+09  0.00000000E+00  0.00000000E+00  0.00000000E+00  0.00000000E+00  0.00000000E+00  0.10000000E-01  0.10000000E+01
 0.26002000E-09  0.14934057E-01  0.00000000E+00  0.34818873E-01  0.00000000E+00  0.00000000E+00  0.17256436E+09  0.00000000E+00  0.00000000E+00  0.00000000E+00  0.00000000E+00  0.00000000E+00  0.10000000E-01  0.10000000E+01
 0.27002000E-09  0.14934057E-01  0.00000000E+00  0.36544517E-01  0.00000000E+00  0.00000000E+00  0.17256436E+09  0.00000000E+00  0.00000000E+00  0.00000000E+00  0.00000000E+00  0.00000000E+00  0.10000000E-01  0.10000000E+01
 0.28002000E-09  0.14934057E-01  0.00000000E+00  0.38270160E-01  0.00000000E+00  0.00000000E+00  0.17256436E+09  0.00000000E+00  0.00000000E+00  0.00000000E+00  0.00000000E+00  0.00000000E+00  0.10000000E-01  0.10000000E+01
 0.29002000E-09  0.14934057E-01  0.00000000E+00  0.39995804E-01  0.00000000E+00  0.00000000E+00  0.17256436E+09  0.00000000E+00  0.00000000E+00  0.00000000E+00  0.00000000E+00  0.00000000E+00  0.10000000E-01  0.10000000E+01
 0.30000000E-09  0.14934057E-01  0.00000000E+00  0.41717996E-01  0.00000000E+00  0.00000000E+00  0.17256436E+09  0.00000000E+00  0.00000000E+00  0.00000000E+00  0.00000000E+00  0.00000000E+00  0.10000000E-01  0.10000000E+01
 0.31000000E-09  0.14934057E-01  0.00000000E+00  0.43443640E-01  0.00000000E+00  0.00000000E+00  0.17256436E+09  0.00000000E+00  0.00000000E+00  0.00000000E+00  0.00000000E+00  0.00000000E+00  0.10000000E-01  0.10000000E+01
 0.32000000E-09  0.14934057E-01  0.00000000E+00  0.45169283E-01  0.00000000E+00  0.00000000E+00  0.17256436E+09  0.00000000E+00  0.00000000E+00  0.00000000E+00  0.00000000E+00  0.00000000E+00  0.10000000E-01  0.10000000E+01
 0.33000000E-09  0.14934057E-01  0.00000000E+00  0.46894927E-01  0.00000000E+00  0.00000000E+00  0.17256436E+09  0.00000000E+00  0.00000000E+00  0.00000000E+00  0.00000000E+00  0.00000000E+00  0.10000000E-01  0.10000000E+01
 0.34000000E-09  0.14934057E-01  0.00000000E+00  0.48620571E-01  0.00000000E+00  0.00000000E+00  0.17256436E+09  0.00000000E+00  0.00000000E+00  0.00000000E+00  0.00000000E+00  0.00000000E+00  0.10000000E-01  0.10000000E+01
 0.35000000E-09  0.14934057E-01  0.00000000E+00  0.50346214E-01  0.00000000E+00  0.00000000E+00  0.17256436E+09  0.00000000E+00  0.00000000E+00  0.00000000E+00  0.00000000E+00  0.00000000E+00  0.10000000E-01  0.10000000E+01
 0.36000000E-09  0.14934057E-01  0.00000000E+00  0.52071858E-01  0.00000000E+00  0.00000000E+00  0.17256436E+09  0.00000000E+00  0.00000000E+00  0.00000000E+00  0.00000000E+00  0.00000000E+00  0.10000000E-01  0.10000000E+01
 0.37000000E-09  0.14934057E-01  0.00000000E+00  0.53797501E-01  0.00000000E+00  0.00000000E+00  0.17256436E+09  0.00000000E+00  0.00000000E+00  0.00000000E+00  0.00000000E+00  0.00000000E+00  0.10000000E-01  0.10000000E+01
 0.38000000E-09  0.14934057E-01  0.00000000E+00  0.55523145E-01  0.00000000E+00  0.00000000E+00  0.17256436E+09  0.00000000E+00  0.00000000E+00  0.00000000E+00  0.00000000E+00  0.00000000E+00  0.10000000E-01  0.10000000E+01
 0.39000000E-09  0.14934057E-01  0.00000000E+00  0.57248789E-01  0.00000000E+00  0.00000000E+00  0.17256436E+09  0.00000000E+00  0.00000000E+00  0.00000000E+00  0.00000000E+00  0.00000000E+00  0.10000000E-01  0.10000000E+01
 0.40000000E-09  0.14934057E-01  0.00000000E+00  0.58974432E-01  0.00000000E+00  0.00000000E+00  0.17256436E+09  0.00000000E+00  0.00000000E+00  0.00000000E+00  0.00000000E+00  0.00000000E+00  0.10000000E-01  0.10000000E+01
 0.41000000E-09  0.14934057E-01  0.00000000E+00  0.60700076E-01  0.00000000E+00  0.00000000E+00  0.17256436E+09  0.00000000E+00  0.00000000E+00  0.00000000E+00  0.00000000E+00  0.00000000E+00  0.10000000E-01  0.10000000E+01
 0.42000000E-09  0.14934057E-01  0.00000000E+00  0.62425720E-01  0.00000000E+00  0.00000000E+00  0.17256436E+09  0.00000000E+00  0.00000000E+00  0.00000000E+00  0.00000000E+00  0.00000000E+00  0.10000000E-01  0.10000000E+01
 0.43000000E-09  0.14934057E-01  0.00000000E+00  0.64151363E-01  0.00000000E+00  0.00000000E+00  0.17256436E+09  0.00000000E+00  0.00000000E+00  0.00000000E+00  0.00000000E+00  0.00000000E+00  0.10000000E-01  0.10000000E+01
 0.44000000E-09  0.14934057E-01  0.00000000E+00  0.65877007E-01  0.00000000E+00  0.00000000E+00  0.17256436E+09  0.00000000E+00  0.00000000E+00  0.00000000E+00  0.00000000E+00  0.00000000E+00  0.10000000E-01  0.10000000E+01
 0.45000000E-09  0.14934057E-01  0.00000000E+00  0.67602650E-01  0.00000000E+00  0.00000000E+00  0.17256436E+09  0.00000000E+00  0.00000000E+00  0.00000000E+00  0.00000000E+00  0.00000000E+00  0.10000000E-01  0.10000000E+01
 0.46000000E-09  0.14934057E-01  0.00000000E+00  0.69328294E-01  0.00000000E+00  0.00000000E+00  0.17256436E+09  0.00000000E+00  0.00000000E+00  0.00000000E+00  0.00000000E+00  0.00000000E+00  0.10000000E-01  0.10000000E+01
 0.47000000E-09  0.14934057E-01  0.00000000E+00  0.71053938E-01  0.00000000E+00  0.00000000E+00  0.17256436E+09  0.00000000E+00  0.00000000E+00  0.00000000E+00  0.00000000E+00  0.00000000E+00  0.10000000E-01  0.10000000E+01
 0.48000000E-09  0.14934057E-01  0.00000000E+00  0.72779581E-01  0.00000000E+00  0.00000000E+00  0.17256436E+09  0.00000000E+00  0.00000000E+00  0.00000000E+00  0.00000000E+00  0.00000000E+00  0.10000000E-01  0.10000000E+01
 0.49000000E-09  0.14934057E-01  0.00000000E+00  0.74505225E-01  0.00000000E+00  0.00000000E+00  0.17256436E+09  0.00000000E+00  0.00000000E+00  0.00000000E+00  0.00000000E+00  0.00000000E+00  0.10000000E-01  0.10000000E+01
 0.50000000E-09  0.14934057E-01  0.00000000E+00  0.76230868E-01  0.00000000E+00  0.00000000E+00  0.17256436E+09  0.00000000E+00  0.00000000E+00  0.00000000E+00  0.00000000E+00  0.00000000E+00  0.10000000E-01  0.10000000E+01
 0.51000000E-09  0.14934057E-01  0.00000000E+00  0.77956512E-01  0.00000000E+00  0.00000000E+00  0.17256436E+09  0.00000000E+00  0.00000000E+00  0.00000000E+00  0.00000000E+00  0.00000000E+00  0.10000000E-01  0.10000000E+01
 0.52000000E-09  0.14934057E-01  0.00000000E+00  0.79682156E-01  0.00000000E+00  0.00000000E+00  0.17256436E+09  0.00000000E+00  0.00000000E+00  0.00000000E+00  0.00000000E+00  0.00000000E+00  0.10000000E-01  0.10000000E+01
 0.53000000E-09  0.14934057E-01  0.00000000E+00  0.81407799E-01  0.00000000E+00  0.00000000E+00  0.17256436E+09  0.00000000E+00  0.00000000E+00  0.00000000E+00  0.00000000E+00  0.00000000E+00  0.10000000E-01  0.10000000E+01
 0.54000000E-09  0.14934057E-01  0.00000000E+00  0.83133443E-01  0.00000000E+00  0.00000000E+00  0.17256436E+09  0.00000000E+00  0.00000000E+00  0.00000000E+00  0.00000000E+00  0.00000000E+00  0.10000000E-01  0.10000000E+01
 0.55002000E-09  0.14934057E-01  0.00000000E+00  0.84862538E-01  0.00000000E+00  0.00000000E+00  0.17256436E+09  0.00000000E+00  0.00000000E+00  0.00000000E+00  0.00000000E+00  0.00000000E+00  0.10000000E-01  0.10000000E+01
 0.56002000E-09  0.14934057E-01  0.00000000E+00  0.86588182E-01  0.00000000E+00  0.00000000E+00  0.17256436E+09  0.00000000E+00  0.00000000E+00  0.00000000E+00  0.00000000E+00  0.00000000E+00  0.10000000E-01  0.10000000E+01
 0.57002000E-09  0.14934057E-01  0.00000000E+00  0.88313825E-01  0.00000000E+00  0.00000000E+00  0.17256436E+09  0.00000000E+00  0.00000000E+00  0.00000000E+00  0.00000000E+00  0.00000000E+00  0.10000000E-01  0.10000000E+01
 0.58002000E-09  0.14934057E-01  0.00000000E+00  0.90039469E-01  0.00000000E+00  0.00000000E+00  0.17256436E+09  0.00000000E+00  0.00000000E+00  0.00000000E+00  0.00000000E+00  0.00000000E+00  0.10000000E-01  0.10000000E+01
 0.59002000E-09  0.14934057E-01  0.00000000E+00  0.91765112E-01  0.00000000E+00  0.00000000E+00  0.17256436E+09  0.00000000E+00  0.00000000E+00  0.00000000E+00  0.00000000E+00  0.00000000E+00  0.10000000E-01  0.10000000E+01
 0.60002000E-09  0.14934057E-01  0.00000000E+00  0.93490756E-01  0.00000000E+00  0.00000000E+00  0.17256436E+09  0.00000000E+00  0.00000000E+00  0.00000000E+00  0.00000000E+00  0.00000000E+00  0.10000000E-01  0.10000000E+01
 0.61002000E-09  0.14934057E-01  0.00000000E+00  0.95216400E-01  0.00000000E+00  0.00000000E+00  0.17256436E+09  0.00000000E+00  0.00000000E+00  0.00000000E+00  0.00000000E+00  0.00000000E+00  0.10000000E-01  0.10000000E+01
 0.62002000E-09  0.14934057E-01  0.00000000E+00  0.96942043E-01  0.00000000E+00  0.00000000E+00  0.17256436E+09  0.00000000E+00  0.00000000E+00  0.00000000E+00  0.00000000E+00  0.00000000E+00  0.10000000E-01  0.10000000E+01
 0.63002000E-09  0.14934057E-01  0.00000000E+00  0.98667687E-01  0.00000000E+00  0.00000000E+00  0.17256436E+09  0.00000000E+00  0.00000000E+00  0.00000000E+00  0.00000000E+00  0.00000000E+00  0.10000000E-01  0.10000000E+01
 0.64002000E-09  0.14934057E-01  0.00000000E+00  0.10039333E+00  0.00000000E+00  0.00000000E+00  0.17256436E+09  0.00000000E+00  0.00000000E+00  0.00000000E+00  0.00000000E+00  0.00000000E+00  0.10000000E-01  0.10000000E+01
 0.65002000E-09  0.14934057E-01  0.00000000E+00  0.10211897E+00  0.00000000E+00  0.00000000E+00  0.17256436E+09  0.00000000E+00  0.00000000E+00  0.00000000E+00  0.00000000E+00  0.00000000E+00  0.10000000E-01  0.10000000E+01
 0.66002000E-09  0.14934057E-01  0.00000000E+00  0.10384462E+00  0.00000000E+00  0.00000000E+00  0.17256436E+09  0.00000000E+00  0.00000000E+00  0.00000000E+00  0.00000000E+00  0.00000000E+00  0.10000000E-01  0.10000000E+01
 0.67002000E-09  0.14934057E-01  0.00000000E+00  0.10557026E+00  0.00000000E+00  0.00000000E+00  0.17256436E+09  0.00000000E+00  0.00000000E+00  0.00000000E+00  0.00000000E+00  0.00000000E+00  0.10000000E-01  0.10000000E+01
 0.68002000E-09  0.14934057E-01  0.00000000E+00  0.10729590E+00  0.00000000E+00  0.00000000E+00  0.17256436E+09  0.00000000E+00  0.00000000E+00  0.00000000E+00  0.00000000E+00  0.00000000E+00  0.10000000E-01  0.10000000E+01
 0.69002000E-09  0.14934057E-01  0.00000000E+00  0.10902155E+00  0.00000000E+00  0.00000000E+00  0.17256436E+09  0.00000000E+00  0.00000000E+00  0.00000000E+00  0.00000000E+00  0.00000000E+00  0.10000000E-01  0.10000000E+01
 0.70002000E-09  0.14934057E-01  0.00000000E+00  0.11074719E+00  0.00000000E+00  0.00000000E+00  0.17256436E+09  0.00000000E+00  0.00000000E+00  0.00000000E+00  0.00000000E+00  0.00000000E+00  0.10000000E-01  0.10000000E+01
 0.71002000E-09  0.14934057E-01  0.00000000E+00  0.11247284E+00  0.00000000E+00  0.00000000E+00  0.17256436E+09  0.00000000E+00  0.00000000E+00  0.00000000E+00  0.00000000E+00  0.00000000E+00  0.10000000E-01  0.10000000E+01
 0.72002000E-09  0.14934057E-01  0.00000000E+00  0.11419848E+00  0.00000000E+00  0.00000000E+00  0.17256436E+09  0.00000000E+00  0.00000000E+00  0.00000000E+00  0.00000000E+00  0.00000000E+00  0.10000000E-01  0.10000000E+01
 0.73002000E-09  0.14934057E-01  0.00000000E+00  0.11592412E+00  0.00000000E+00  0.00000000E+00  0.17256436E+09  0.00000000E+00  0.00000000E+00  0.00000000E+00  0.00000000E+00  0.00000000E+00  0.10000000E-01  0.10000000E+01
 0.74002000E-09  0.14934057E-01  0.00000000E+00  0.11764977E+00  0.00000000E+00  0.00000000E+00  0.17256436E+09  0.00000000E+00  0.00000000E+00  0.00000000E+00  0.00000000E+00  0.00000000E+00  0.10000000E-01  0.10000000E+01
 0.75002000E-09  0.14934057E-01  0.00000000E+00  0.11937541E+00  0.00000000E+00  0.00000000E+00  0.17256436E+09  0.00000000E+00  0.00000000E+00  0.00000000E+00  0.00000000E+00  0.00000000E+00  0.10000000E-01  0.10000000E+01
 0.76002000E-09  0.14934057E-01  0.00000000E+00  0.12110105E+00  0.00000000E+00  0.00000000E+00  0.17256436E+09  0.00000000E+00  0.00000000E+00  0.00000000E+00  0.00000000E+00  0.00000000E+00  0.10000000E-01  0.10000000E+01
 0.77002000E-09  0.14934057E-01  0.00000000E+00  0.12282670E+00  0.00000000E+00  0.00000000E+00  0.17256436E+09  0.00000000E+00  0.00000000E+00  0.00000000E+00  0.00000000E+00  0.00000000E+00  0.10000000E-01  0.10000000E+01
 0.78002000E-09  0.14934057E-01  0.00000000E+00  0.12455234E+00  0.00000000E+00  0.00000000E+00  0.17256436E+09  0.00000000E+00  0.00000000E+00  0.00000000E+00  0.00000000E+00  0.00000000E+00  0.10000000E-01  0.10000000E+01
 0.79002000E-09  0.14934057E-01  0.00000000E+00  0.12627798E+00  0.00000000E+00  0.00000000E+00  0.17256436E+09  0.00000000E+00  0.00000000E+00  0.00000000E+00  0.00000000E+00  0.00000000E+00  0.10000000E-01  0.10000000E+01
 0.80002000E-09  0.14934057E-01  0.00000000E+00  0.12800363E+00  0.00000000E+00  0.00000000E+00  0.17256436E+09  0.00000000E+00  0.00000000E+00  0.00000000E+00  0.00000000E+00  0.00000000E+00  0.10000000E-01  0.10000000E+01
 0.81002000E-09  0.14934057E-01  0.00000000E+00  0.12972927E+00  0.00000000E+00  0.00000000E+00  0.17256436E+09  0.00000000E+00  0.00000000E+00  0.00000000E+00  0.00000000E+00  0.00000000E+00  0.10000000E-01  0.10000000E+01
 0.82002000E-09  0.14934057E-01  0.00000000E+00  0.13145492E+00  0.00000000E+00  0.00000000E+00  0.17256436E+09  0.00000000E+00  0.00000000E+00  0.00000000E+00  0.00000000E+00  0.00000000E+00  0.10000000E-01  0.10000000E+01
 0.83002000E-09  0.14934057E-01  0.00000000E+00  0.13318056E+00  0.00000000E+00  0.00000000E+00  0.17256436E+09  0.00000000E+00  0.00000000E+00  0.00000000E+00  0.00000000E+00  0.00000000E+00  0.10000000E-01  0.10000000E+01
 0.84002000E-09  0.14934057E-01  0.00000000E+00  0.13490620E+00  0.00000000E+00  0.00000000E+00  0.17256436E+09  0.00000000E+00  0.00000000E+00  0.00000000E+00  0.00000000E+00  0.00000000E+00  0.10000000E-01  0.10000000E+01
 0.85002000E-09  0.14934057E-01  0.00000000E+00  0.13663185E+00  0.00000000E+00  0.00000000E+00  0.17256436E+09  0.00000000E+00  0.00000000E+00  0.00000000E+00  0.00000000E+00  0.00000000E+00  0.10000000E-01  0.10000000E+01
 0.86002000E-09  0.14934057E-01  0.00000000E+00  0.13835749E+00  0.00000000E+00  0.00000000E+00  0.17256436E+09  0.00000000E+00  0.00000000E+00  0.00000000E+00  0.00000000E+00  0.00000000E+00  0.10000000E-01  0.10000000E+01
 0.87002000E-09  0.14934057E-01  0.00000000E+00  0.14008313E+00  0.00000000E+00  0.00000000E+00  0.17256436E+09  0.00000000E+00  0.00000000E+00  0.00000000E+00  0.00000000E+00  0.00000000E+00  0.10000000E-01  0.10000000E+01
 0.88002000E-09  0.14934057E-01  0.00000000E+00  0.14180878E+00  0.00000000E+00  0.00000000E+00  0.17256436E+09  0.00000000E+00  0.00000000E+00  0.00000000E+00  0.00000000E+00  0.00000000E+00  0.10000000E-01  0.10000000E+01
 0.89002000E-09  0.14934057E-01  0.00000000E+00  0.14353442E+00  0.00000000E+00  0.00000000E+00  0.17256436E+09  0.00000000E+00  0.00000000E+00  0.00000000E+00  0.00000000E+00  0.00000000E+00  0.10000000E-01  0.10000000E+01
 0.90002000E-09  0.14934057E-01  0.00000000E+00  0.14526006E+00  0.00000000E+00  0.00000000E+00  0.17256436E+09  0.00000000E+00  0.00000000E+00  0.00000000E+00  0.00000000E+00  0.00000000E+00  0.10000000E-01  0.10000000E+01
 0.91002000E-09  0.14934057E-01  0.00000000E+00  0.14698571E+00  0.00000000E+00  0.00000000E+00  0.17256436E+09  0.00000000E+00  0.00000000E+00  0.00000000E+00  0.00000000E+00  0.00000000E+00  0.10000000E-01  0.10000000E+01
 0.92002000E-09  0.14934057E-01  0.00000000E+00  0.14871135E+00  0.00000000E+00  0.00000000E+00  0.17256436E+09  0.00000000E+00  0.00000000E+00  0.00000000E+00  0.00000000E+00  0.00000000E+00  0.10000000E-01  0.10000000E+01
 0.93002000E-09  0.14934057E-01  0.00000000E+00  0.15043700E+00  0.00000000E+00  0.00000000E+00  0.17256436E+09  0.00000000E+00  0.00000000E+00  0.00000000E+00  0.00000000E+00  0.00000000E+00  0.10000000E-01  0.10000000E+01
 0.94002000E-09  0.14934057E-01  0.00000000E+00  0.15216264E+00  0.00000000E+00  0.00000000E+00  0.17256436E+09  0.00000000E+00  0.00000000E+00  0.00000000E+00  0.00000000E+00  0.00000000E+00  0.10000000E-01  0.10000000E+01
 0.95002000E-09  0.14934057E-01  0.00000000E+00  0.15388828E+00  0.00000000E+00  0.00000000E+00  0.17256436E+09  0.00000000E+00  0.00000000E+00  0.00000000E+00  0.00000000E+00  0.00000000E+00  0.10000000E-01  0.10000000E+01
 0.96002000E-09  0.14934057E-01  0.00000000E+00  0.15561393E+00  0.00000000E+00  0.00000000E+00  0.17256436E+09  0.00000000E+00  0.00000000E+00  0.00000000E+00  0.00000000E+00  0.00000000E+00  0.10000000E-01  0.10000000E+01
 0.97002000E-09  0.14934057E-01  0.00000000E+00  0.15733957E+00  0.00000000E+00  0.00000000E+00  0.17256436E+09  0.00000000E+00  0.00000000E+00  0.00000000E+00  0.00000000E+00  0.00000000E+00  0.10000000E-01  0.10000000E+01
 0.98002000E-09  0.14934057E-01  0.00000000E+00  0.15906521E+00  0.00000000E+00  0.00000000E+00  0.17256436E+09  0.00000000E+00  0.00000000E+00  0.00000000E+00  0.00000000E+00  0.00000000E+00  0.10000000E-01  0.10000000E+01
 0.99002000E-09  0.14934057E-01  0.00000000E+00  0.16079086E+00  0.00000000E+00  0.00000000E+00  0.17256436E+09  0.00000000E+00  0.00000000E+00  0.00000000E+00  0.00000000E+00  0.00000000E+00  0.10000000E-01  0.10000000E+01
 0.10000200E-08  0.14934057E-01  0.00000000E+00  0.16251650E+00  0.00000000E+00  0.00000000E+00  0.17256436E+09  0.00000000E+00  0.00000000E+00  0.00000000E+00  0.00000000E+00  0.00000000E+00  0.10000000E-01  0.10000000E+01
 0.10100200E-08  0.14934057E-01  0.00000000E+00  0.16424214E+00  0.00000000E+00  0.00000000E+00  0.17256436E+09  0.00000000E+00  0.00000000E+00  0.00000000E+00  0.00000000E+00  0.00000000E+00  0.10000000E-01  0.10000000E+01
 0.10200200E-08  0.14934057E-01  0.00000000E+00  0.16596779E+00  0.00000000E+00  0.00000000E+00  0.17256436E+09  0.00000000E+00  0.00000000E+00  0.00000000E+00  0.00000000E+00  0.00000000E+00  0.10000000E-01  0.10000000E+01
 0.10300200E-08  0.14934057E-01  0.00000000E+00  0.16769343E+00  0.00000000E+00  0.00000000E+00  0.17256436E+09  0.00000000E+00  0.00000000E+00  0.00000000E+00  0.00000000E+00  0.00000000E+00  0.10000000E-01  0.10000000E+01
 0.10400200E-08  0.14934057E-01  0.00000000E+00  0.16941908E+00  0.00000000E+00  0.00000000E+00  0.17256436E+09  0.00000000E+00  0.00000000E+00  0.00000000E+00  0.00000000E+00  0.00000000E+00  0.10000000E-01  0.10000000E+01
 0.10500200E-08  0.14934057E-01  0.00000000E+00  0.17114472E+00  0.00000000E+00  0.00000000E+00  0.17256436E+09  0.00000000E+00  0.00000000E+00  0.00000000E+00  0.00000000E+00  0.00000000E+00  0.10000000E-01  0.10000000E+01
 0.10600200E-08  0.14934057E-01  0.00000000E+00  0.17287036E+00  0.00000000E+00  0.00000000E+00  0.17256436E+09  0.00000000E+00  0.00000000E+00  0.00000000E+00  0.00000000E+00  0.00000000E+00  0.10000000E-01  0.10000000E+01
 0.10700200E-08  0.14934057E-01  0.00000000E+00  0.17459601E+00  0.00000000E+00  0.00000000E+00  0.17256436E+09  0.00000000E+00  0.00000000E+00  0.00000000E+00  0.00000000E+00  0.00000000E+00  0.10000000E-01  0.10000000E+01
 0.10800200E-08  0.14934057E-01  0.00000000E+00  0.17632165E+00  0.00000000E+00  0.00000000E+00  0.17256436E+09  0.00000000E+00  0.00000000E+00  0.00000000E+00  0.00000000E+00  0.00000000E+00  0.10000000E-01  0.10000000E+01
 0.10900200E-08  0.14934057E-01  0.00000000E+00  0.17804729E+00  0.00000000E+00  0.00000000E+00  0.17256436E+09  0.00000000E+00  0.00000000E+00  0.00000000E+00  0.00000000E+00  0.00000000E+00  0.10000000E-01  0.10000000E+01
 0.11000200E-08  0.14934057E-01  0.00000000E+00  0.17977294E+00  0.00000000E+00  0.00000000E+00  0.17256436E+09  0.00000000E+00  0.00000000E+00  0.00000000E+00  0.00000000E+00  0.00000000E+00  0.10000000E-01  0.10000000E+01
 0.11100200E-08  0.14934057E-01  0.00000000E+00  0.18149858E+00  0.00000000E+00  0.00000000E+00  0.17256436E+09  0.00000000E+00  0.00000000E+00  0.00000000E+00  0.00000000E+00  0.00000000E+00  0.10000000E-01  0.10000000E+01
 0.11200200E-08  0.14934057E-01  0.00000000E+00  0.18322422E+00  0.00000000E+00  0.00000000E+00  0.17256436E+09  0.00000000E+00  0.00000000E+00  0.00000000E+00  0.00000000E+00  0.00000000E+00  0.10000000E-01  0.10000000E+01
 0.11300200E-08  0.14934057E-01  0.00000000E+00  0.18494987E+00  0.00000000E+00  0.00000000E+00  0.17256436E+09  0.00000000E+00  0.00000000E+00  0.00000000E+00  0.00000000E+00  0.00000000E+00  0.10000000E-01  0.10000000E+01
 0.11400200E-08  0.14934057E-01  0.00000000E+00  0.18667551E+00  0.00000000E+00  0.00000000E+00  0.17256436E+09  0.00000000E+00  0.00000000E+00  0.00000000E+00  0.00000000E+00  0.00000000E+00  0.10000000E-01  0.10000000E+01
 0.11500200E-08  0.14934057E-01  0.00000000E+00  0.18840116E+00  0.00000000E+00  0.00000000E+00  0.17256436E+09  0.00000000E+00  0.00000000E+00  0.00000000E+00  0.00000000E+00  0.00000000E+00  0.10000000E-01  0.10000000E+01
 0.11600200E-08  0.14934057E-01  0.00000000E+00  0.19012680E+00  0.00000000E+00  0.00000000E+00  0.17256436E+09  0.00000000E+00  0.00000000E+00  0.00000000E+00  0.00000000E+00  0.00000000E+00  0.10000000E-01  0.10000000E+01
 0.11700200E-08  0.14934057E-01  0.00000000E+00  0.19185244E+00  0.00000000E+00  0.00000000E+00  0.17256436E+09  0.00000000E+00  0.00000000E+00  0.00000000E+00  0.00000000E+00  0.00000000E+00  0.10000000E-01  0.10000000E+01
 0.11800200E-08  0.14934057E-01  0.00000000E+00  0.19357809E+00  0.00000000E+00  0.00000000E+00  0.17256436E+09  0.00000000E+00  0.00000000E+00  0.00000000E+00  0.00000000E+00  0.00000000E+00  0.10000000E-01  0.10000000E+01
 0.11900200E-08  0.14934057E-01  0.00000000E+00  0.19530373E+00  0.00000000E+00  0.00000000E+00  0.17256436E+09  0.00000000E+00  0.00000000E+00  0.00000000E+00  0.00000000E+00  0.00000000E+00  0.10000000E-01  0.10000000E+01
 0.12000200E-08  0.14934057E-01  0.00000000E+00  0.19702937E+00  0.00000000E+00  0.00000000E+00  0.17256436E+09  0.00000000E+00  0.00000000E+00  0.00000000E+00  0.00000000E+00  0.00000000E+00  0.10000000E-01  0.10000000E+01
 0.12100200E-08  0.14934057E-01  0.00000000E+00  0.19875502E+00  0.00000000E+00  0.00000000E+00  0.17256436E+09  0.00000000E+00  0.00000000E+00  0.00000000E+00  0.00000000E+00  0.00000000E+00  0.10000000E-01  0.10000000E+01
 0.12200200E-08  0.14934057E-01  0.00000000E+00  0.20048066E+00  0.00000000E+00  0.00000000E+00  0.17256436E+09  0.00000000E+00  0.00000000E+00  0.00000000E+00  0.00000000E+00  0.00000000E+00  0.10000000E-01  0.10000000E+01
 0.12300200E-08  0.14934057E-01  0.00000000E+00  0.20220630E+00  0.00000000E+00  0.00000000E+00  0.17256436E+09  0.00000000E+00  0.00000000E+00  0.00000000E+00  0.00000000E+00  0.00000000E+00  0.10000000E-01  0.10000000E+01
 0.12400200E-08  0.14934057E-01  0.00000000E+00  0.20393195E+00  0.00000000E+00  0.00000000E+00  0.17256436E+09  0.00000000E+00  0.00000000E+00  0.00000000E+00  0.00000000E+00  0.00000000E+00  0.10000000E-01  0.10000000E+01
 0.12500200E-08  0.14934057E-01  0.00000000E+00  0.20565759E+00  0.00000000E+00  0.00000000E+00  0.17256436E+09  0.00000000E+00  0.00000000E+00  0.00000000E+00  0.00000000E+00  0.00000000E+00  0.10000000E-01  0.10000000E+01
 0.12600200E-08  0.14934057E-01  0.00000000E+00  0.20738323E+00  0.00000000E+00  0.00000000E+00  0.17256436E+09  0.00000000E+00  0.00000000E+00  0.00000000E+00  0.00000000E+00  0.00000000E+00  0.10000000E-01  0.10000000E+01
 0.12700200E-08  0.14934057E-01  0.00000000E+00  0.20910888E+00  0.00000000E+00  0.00000000E+00  0.17256436E+09  0.00000000E+00  0.00000000E+00  0.00000000E+00  0.00000000E+00  0.00000000E+00  0.10000000E-01  0.10000000E+01
 0.12800200E-08  0.14934057E-01  0.00000000E+00  0.21083452E+00  0.00000000E+00  0.00000000E+00  0.17256436E+09  0.00000000E+00  0.00000000E+00  0.00000000E+00  0.00000000E+00  0.00000000E+00  0.10000000E-01  0.10000000E+01
 0.12900200E-08  0.14934057E-01  0.00000000E+00  0.21256017E+00  0.00000000E+00  0.00000000E+00  0.17256436E+09  0.00000000E+00  0.00000000E+00  0.00000000E+00  0.00000000E+00  0.00000000E+00  0.10000000E-01  0.10000000E+01
 0.13000200E-08  0.14934057E-01  0.00000000E+00  0.21428581E+00  0.00000000E+00  0.00000000E+00  0.17256436E+09  0.00000000E+00  0.00000000E+00  0.00000000E+00  0.00000000E+00  0.00000000E+00  0.10000000E-01  0.10000000E+01
 0.13100200E-08  0.14934057E-01  0.00000000E+00  0.21601145E+00  0.00000000E+00  0.00000000E+00  0.17256436E+09  0.00000000E+00  0.00000000E+00  0.00000000E+00  0.00000000E+00  0.00000000E+00  0.10000000E-01  0.10000000E+01
 0.13200200E-08  0.14934057E-01  0.00000000E+00  0.21773710E+00  0.00000000E+00  0.00000000E+00  0.17256436E+09  0.00000000E+00  0.00000000E+00  0.00000000E+00  0.00000000E+00  0.00000000E+00  0.10000000E-01  0.10000000E+01
 0.13300200E-08  0.14934057E-01  0.00000000E+00  0.21946274E+00  0.00000000E+00  0.00000000E+00  0.17256436E+09  0.00000000E+00  0.00000000E+00  0.00000000E+00  0.00000000E+00  0.00000000E+00  0.10000000E-01  0.10000000E+01
 0.13400200E-08  0.14934057E-01  0.00000000E+00  0.22118838E+00  0.00000000E+00  0.00000000E+00  0.17256436E+09  0.00000000E+00  0.00000000E+00  0.00000000E+00  0.00000000E+00  0.00000000E+00  0.10000000E-01  0.10000000E+01
 0.13500200E-08  0.14934057E-01  0.00000000E+00  0.22291403E+00  0.00000000E+00  0.00000000E+00  0.17256436E+09  0.00000000E+00  0.00000000E+00  0.00000000E+00  0.00000000E+00  0.00000000E+00  0.10000000E-01  0.10000000E+01
 0.13600200E-08  0.14934057E-01  0.00000000E+00  0.22463967E+00  0.00000000E+00  0.00000000E+00  0.17256436E+09  0.00000000E+00  0.00000000E+00  0.00000000E+00  0.00000000E+00  0.00000000E+00  0.10000000E-01  0.10000000E+01
 0.13700200E-08  0.14934057E-01  0.00000000E+00  0.22636531E+00  0.00000000E+00  0.00000000E+00  0.17256436E+09  0.00000000E+00  0.00000000E+00  0.00000000E+00  0.00000000E+00  0.00000000E+00  0.10000000E-01  0.10000000E+01
 0.13800200E-08  0.14934057E-01  0.00000000E+00  0.22809096E+00  0.00000000E+00  0.00000000E+00  0.17256436E+09  0.00000000E+00  0.00000000E+00  0.00000000E+00  0.00000000E+00  0.00000000E+00  0.10000000E-01  0.10000000E+01
 0.13900200E-08  0.14934057E-01  0.00000000E+00  0.22981660E+00  0.00000000E+00  0.00000000E+00  0.17256436E+09  0.00000000E+00  0.00000000E+00  0.00000000E+00  0.00000000E+00  0.00000000E+00  0.10000000E-01  0.10000000E+01
 0.14000200E-08  0.14934057E-01  0.00000000E+00  0.23154225E+00  0.00000000E+00  0.00000000E+00  0.17256436E+09  0.00000000E+00  0.00000000E+00  0.00000000E+00  0.00000000E+00  0.00000000E+00  0.10000000E-01  0.10000000E+01
 0.14100200E-08  0.14934057E-01  0.00000000E+00  0.23326789E+00  0.00000000E+00  0.00000000E+00  0.17256436E+09  0.00000000E+00  0.00000000E+00  0.00000000E+00  0.00000000E+00  0.00000000E+00  0.10000000E-01  0.10000000E+01
 0.14200200E-08  0.14934057E-01  0.00000000E+00  0.23499353E+00  0.00000000E+00  0.00000000E+00  0.17256436E+09  0.00000000E+00  0.00000000E+00  0.00000000E+00  0.00000000E+00  0.00000000E+00  0.10000000E-01  0.10000000E+01
 0.14300200E-08  0.14934057E-01  0.00000000E+00  0.23671918E+00  0.00000000E+00  0.00000000E+00  0.17256436E+09  0.00000000E+00  0.00000000E+00  0.00000000E+00  0.00000000E+00  0.00000000E+00  0.10000000E-01  0.10000000E+01
 0.14400200E-08  0.14934057E-01  0.00000000E+00  0.23844482E+00  0.00000000E+00  0.00000000E+00  0.17256436E+09  0.00000000E+00  0.00000000E+00  0.00000000E+00  0.00000000E+00  0.00000000E+00  0.10000000E-01  0.10000000E+01
 0.14500200E-08  0.14934057E-01  0.00000000E+00  0.24017046E+00  0.00000000E+00  0.00000000E+00  0.17256436E+09  0.00000000E+00  0.00000000E+00  0.00000000E+00  0.00000000E+00  0.00000000E+00  0.10000000E-01  0.10000000E+01
 0.14600200E-08  0.14934057E-01  0.00000000E+00  0.24189611E+00  0.00000000E+00  0.00000000E+00  0.17256436E+09  0.00000000E+00  0.00000000E+00  0.00000000E+00  0.00000000E+00  0.00000000E+00  0.10000000E-01  0.10000000E+01
 0.14700200E-08  0.14934057E-01  0.00000000E+00  0.24362175E+00  0.00000000E+00  0.00000000E+00  0.17256436E+09  0.00000000E+00  0.00000000E+00  0.00000000E+00  0.00000000E+00  0.00000000E+00  0.10000000E-01  0.10000000E+01
 0.14800200E-08  0.14934057E-01  0.00000000E+00  0.24534739E+00  0.00000000E+00  0.00000000E+00  0.17256436E+09  0.00000000E+00  0.00000000E+00  0.00000000E+00  0.00000000E+00  0.00000000E+00  0.10000000E-01  0.10000000E+01
 0.14900200E-08  0.14934057E-01  0.00000000E+00  0.24707304E+00  0.00000000E+00  0.00000000E+00  0.17256436E+09  0.00000000E+00  0.00000000E+00  0.00000000E+00  0.00000000E+00  0.00000000E+00  0.10000000E-01  0.10000000E+01
 0.15000200E-08  0.14934057E-01  0.00000000E+00  0.24879868E+00  0.00000000E+00  0.00000000E+00  0.17256436E+09  0.00000000E+00  0.00000000E+00  0.00000000E+00  0.00000000E+00  0.00000000E+00  0.10000000E-01  0.10000000E+01
 0.15100200E-08  0.14934057E-01  0.00000000E+00  0.25052433E+00  0.00000000E+00  0.00000000E+00  0.17256436E+09  0.00000000E+00  0.00000000E+00  0.00000000E+00  0.00000000E+00  0.00000000E+00  0.10000000E-01  0.10000000E+01
 0.15200200E-08  0.14934057E-01  0.00000000E+00  0.25224997E+00  0.00000000E+00  0.00000000E+00  0.17256436E+09  0.00000000E+00  0.00000000E+00  0.00000000E+00  0.00000000E+00  0.00000000E+00  0.10000000E-01  0.10000000E+01
 0.15300200E-08  0.14934057E-01  0.00000000E+00  0.25397561E+00  0.00000000E+00  0.00000000E+00  0.17256436E+09  0.00000000E+00  0.00000000E+00  0.00000000E+00  0.00000000E+00  0.00000000E+00  0.10000000E-01  0.10000000E+01
 0.15400200E-08  0.14934057E-01  0.00000000E+00  0.25570126E+00  0.00000000E+00  0.00000000E+00  0.17256436E+09  0.00000000E+00  0.00000000E+00  0.00000000E+00  0.00000000E+00  0.00000000E+00  0.10000000E-01  0.10000000E+01
 0.15500200E-08  0.14934057E-01  0.00000000E+00  0.25742690E+00  0.00000000E+00  0.00000000E+00  0.17256436E+09  0.00000000E+00  0.00000000E+00  0.00000000E+00  0.00000000E+00  0.00000000E+00  0.10000000E-01  0.10000000E+01
 0.15600200E-08  0.14934057E-01  0.00000000E+00  0.25915254E+00  0.00000000E+00  0.00000000E+00  0.17256436E+09  0.00000000E+00  0.00000000E+00  0.00000000E+00  0.00000000E+00  0.00000000E+00  0.10000000E-01  0.10000000E+01
 0.15700200E-08  0.14934057E-01  0.00000000E+00  0.26087819E+00  0.00000000E+00  0.00000000E+00  0.17256436E+09  0.00000000E+00  0.00000000E+00  0.00000000E+00  0.00000000E+00  0.00000000E+00  0.10000000E-01  0.10000000E+01
 0.15800200E-08  0.14934057E-01  0.00000000E+00  0.26260383E+00  0.00000000E+00  0.00000000E+00  0.17256436E+09  0.00000000E+00  0.00000000E+00  0.00000000E+00  0.00000000E+00  0.00000000E+00  0.10000000E-01  0.10000000E+01
 0.15900200E-08  0.14934057E-01  0.00000000E+00  0.26432947E+00  0.00000000E+00  0.00000000E+00  0.17256436E+09  0.00000000E+00  0.00000000E+00  0.00000000E+00  0.00000000E+00  0.00000000E+00  0.10000000E-01  0.10000000E+01
 0.16000200E-08  0.14934057E-01  0.00000000E+00  0.26605512E+00  0.00000000E+00  0.00000000E+00  0.17256436E+09  0.00000000E+00  0.00000000E+00  0.00000000E+00  0.00000000E+00  0.00000000E+00  0.10000000E-01  0.10000000E+01
 0.16100200E-08  0.14934057E-01  0.00000000E+00  0.26778076E+00  0.00000000E+00  0.00000000E+00  0.17256436E+09  0.00000000E+00  0.00000000E+00  0.00000000E+00  0.00000000E+00  0.00000000E+00  0.10000000E-01  0.10000000E+01
 0.16200200E-08  0.14934057E-01  0.00000000E+00  0.26950641E+00  0.00000000E+00  0.00000000E+00  0.17256436E+09  0.00000000E+00  0.00000000E+00  0.00000000E+00  0.00000000E+00  0.00000000E+00  0.10000000E-01  0.10000000E+01
 0.16300200E-08  0.14934057E-01  0.00000000E+00  0.27123205E+00  0.00000000E+00  0.00000000E+00  0.17256436E+09  0.00000000E+00  0.00000000E+00  0.00000000E+00  0.00000000E+00  0.00000000E+00  0.10000000E-01  0.10000000E+01
 0.16400200E-08  0.14934057E-01  0.00000000E+00  0.27295769E+00  0.00000000E+00  0.00000000E+00  0.17256436E+09  0.00000000E+00  0.00000000E+00  0.00000000E+00  0.00000000E+00  0.00000000E+00  0.10000000E-01  0.10000000E+01
 0.16500200E-08  0.14934057E-01  0.00000000E+00  0.27468334E+00  0.00000000E+00  0.00000000E+00  0.17256436E+09  0.00000000E+00  0.00000000E+00  0.00000000E+00  0.00000000E+00  0.00000000E+00  0.10000000E-01  0.10000000E+01
 0.16600200E-08  0.14934057E-01  0.00000000E+00  0.27640898E+00  0.00000000E+00  0.00000000E+00  0.17256436E+09  0.00000000E+00  0.00000000E+00  0.00000000E+00  0.00000000E+00  0.00000000E+00  0.10000000E-01  0.10000000E+01
 0.16700200E-08  0.14934057E-01  0.00000000E+00  0.27813462E+00  0.00000000E+00  0.00000000E+00  0.17256436E+09  0.00000000E+00  0.00000000E+00  0.00000000E+00  0.00000000E+00  0.00000000E+00  0.10000000E-01  0.10000000E+01
 0.16800200E-08  0.14934057E-01  0.00000000E+00  0.27986027E+00  0.00000000E+00  0.00000000E+00  0.17256436E+09  0.00000000E+00  0.00000000E+00  0.00000000E+00  0.00000000E+00  0.00000000E+00  0.10000000E-01  0.10000000E+01
 0.16900200E-08  0.14934057E-01  0.00000000E+00  0.28158591E+00  0.00000000E+00  0.00000000E+00  0.17256436E+09  0.00000000E+00  0.00000000E+00  0.00000000E+00  0.00000000E+00  0.00000000E+00  0.10000000E-01  0.10000000E+01
 0.17000200E-08  0.14934057E-01  0.00000000E+00  0.28331155E+00  0.00000000E+00  0.00000000E+00  0.17256436E+09  0.00000000E+00  0.00000000E+00  0.00000000E+00  0.00000000E+00  0.00000000E+00  0.10000000E-01  0.10000000E+01
 0.17100200E-08  0.14934057E-01  0.00000000E+00  0.28503720E+00  0.00000000E+00  0.00000000E+00  0.17256436E+09  0.00000000E+00  0.00000000E+00  0.00000000E+00  0.00000000E+00  0.00000000E+00  0.10000000E-01  0.10000000E+01
 0.17200200E-08  0.14934057E-01  0.00000000E+00  0.28676284E+00  0.00000000E+00  0.00000000E+00  0.17256436E+09  0.00000000E+00  0.00000000E+00  0.00000000E+00  0.00000000E+00  0.00000000E+00  0.10000000E-01  0.10000000E+01
 0.17300200E-08  0.14934057E-01  0.00000000E+00  0.28848849E+00  0.00000000E+00  0.00000000E+00  0.17256436E+09  0.00000000E+00  0.00000000E+00  0.00000000E+00  0.00000000E+00  0.00000000E+00  0.10000000E-01  0.10000000E+01
 0.17400200E-08  0.14934057E-01  0.00000000E+00  0.29021413E+00  0.00000000E+00  0.00000000E+00  0.17256436E+09  0.00000000E+00  0.00000000E+00  0.00000000E+00  0.00000000E+00  0.00000000E+00  0.10000000E-01  0.10000000E+01
 0.17500200E-08  0.14934057E-01  0.00000000E+00  0.29193977E+00  0.00000000E+00  0.00000000E+00  0.17256436E+09  0.00000000E+00  0.00000000E+00  0.00000000E+00  0.00000000E+00  0.00000000E+00  0.10000000E-01  0.10000000E+01
 0.17600200E-08  0.14934057E-01  0.00000000E+00  0.29366542E+00  0.00000000E+00  0.00000000E+00  0.17256436E+09  0.00000000E+00  0.00000000E+00  0.00000000E+00  0.00000000E+00  0.00000000E+00  0.10000000E-01  0.10000000E+01
 0.17700200E-08  0.14934057E-01  0.00000000E+00  0.29539106E+00  0.00000000E+00  0.00000000E+00  0.17256436E+09  0.00000000E+00  0.00000000E+00  0.00000000E+00  0.00000000E+00  0.00000000E+00  0.10000000E-01  0.10000000E+01
 0.17800200E-08  0.14934057E-01  0.00000000E+00  0.29711670E+00  0.00000000E+00  0.00000000E+00  0.17256436E+09  0.00000000E+00  0.00000000E+00  0.00000000E+00  0.00000000E+00  0.00000000E+00  0.10000000E-01  0.10000000E+01
 0.17900200E-08  0.14934057E-01  0.00000000E+00  0.29884235E+00  0.00000000E+00  0.00000000E+00  0.17256436E+09  0.00000000E+00  0.00000000E+00  0.00000000E+00  0.00000000E+00  0.00000000E+00  0.10000000E-01  0.10000000E+01
 0.18000200E-08  0.14934057E-01  0.00000000E+00  0.30056799E+00  0.00000000E+00  0.00000000E+00  0.17256436E+09  0.00000000E+00  0.00000000E+00  0.00000000E+00  0.00000000E+00  0.00000000E+00  0.10000000E-01  0.10000000E+01
 0.18100200E-08  0.14934057E-01  0.00000000E+00  0.30229363E+00  0.00000000E+00  0.00000000E+00  0.17256436E+09  0.00000000E+00  0.00000000E+00  0.00000000E+00  0.00000000E+00  0.00000000E+00  0.10000000E-01  0.10000000E+01
 0.18200200E-08  0.14934057E-01  0.00000000E+00  0.30401928E+00  0.00000000E+00  0.00000000E+00  0.17256436E+09  0.00000000E+00  0.00000000E+00  0.00000000E+00  0.00000000E+00  0.00000000E+00  0.10000000E-01  0.10000000E+01
 0.18300200E-08  0.14934057E-01  0.00000000E+00  0.30574492E+00  0.00000000E+00  0.00000000E+00  0.17256436E+09  0.00000000E+00  0.00000000E+00  0.00000000E+00  0.00000000E+00  0.00000000E+00  0.10000000E-01  0.10000000E+01
 0.18400200E-08  0.14934057E-01  0.00000000E+00  0.30747056E+00  0.00000000E+00  0.00000000E+00  0.17256436E+09  0.00000000E+00  0.00000000E+00  0.00000000E+00  0.00000000E+00  0.00000000E+00  0.10000000E-01  0.10000000E+01
 0.18500200E-08  0.14934057E-01  0.00000000E+00  0.30919621E+00  0.00000000E+00  0.00000000E+00  0.17256436E+09  0.00000000E+00  0.00000000E+00  0.00000000E+00  0.00000000E+00  0.00000000E+00  0.10000000E-01  0.10000000E+01
 0.18600200E-08  0.14934057E-01  0.00000000E+00  0.31092185E+00  0.00000000E+00  0.00000000E+00  0.17256436E+09  0.00000000E+00  0.00000000E+00  0.00000000E+00  0.00000000E+00  0.00000000E+00  0.10000000E-01  0.10000000E+01
 0.18700200E-08  0.14934057E-01  0.00000000E+00  0.31264750E+00  0.00000000E+00  0.00000000E+00  0.17256436E+09  0.00000000E+00  0.00000000E+00  0.00000000E+00  0.00000000E+00  0.00000000E+00  0.10000000E-01  0.10000000E+01
 0.18800200E-08  0.14934057E-01  0.00000000E+00  0.31437314E+00  0.00000000E+00  0.00000000E+00  0.17256436E+09  0.00000000E+00  0.00000000E+00  0.00000000E+00  0.00000000E+00  0.00000000E+00  0.10000000E-01  0.10000000E+01
 0.18900200E-08  0.14934057E-01  0.00000000E+00  0.31609878E+00  0.00000000E+00  0.00000000E+00  0.17256436E+09  0.00000000E+00  0.00000000E+00  0.00000000E+00  0.00000000E+00  0.00000000E+00  0.10000000E-01  0.10000000E+01
 0.19000200E-08  0.14934057E-01  0.00000000E+00  0.31782443E+00  0.00000000E+00  0.00000000E+00  0.17256436E+09  0.00000000E+00  0.00000000E+00  0.00000000E+00  0.00000000E+00  0.00000000E+00  0.10000000E-01  0.10000000E+01
 0.19100200E-08  0.14934057E-01  0.00000000E+00  0.31955007E+00  0.00000000E+00  0.00000000E+00  0.17256436E+09  0.00000000E+00  0.00000000E+00  0.00000000E+00  0.00000000E+00  0.00000000E+00  0.10000000E-01  0.10000000E+01
 0.19200200E-08  0.14934057E-01  0.00000000E+00  0.32127571E+00  0.00000000E+00  0.00000000E+00  0.17256436E+09  0.00000000E+00  0.00000000E+00  0.00000000E+00  0.00000000E+00  0.00000000E+00  0.10000000E-01  0.10000000E+01
 0.19300200E-08  0.14934057E-01  0.00000000E+00  0.32300136E+00  0.00000000E+00  0.00000000E+00  0.17256436E+09  0.00000000E+00  0.00000000E+00  0.00000000E+00  0.00000000E+00  0.00000000E+00  0.10000000E-01  0.10000000E+01
 0.19400200E-08  0.14934057E-01  0.00000000E+00  0.32472700E+00  0.00000000E+00  0.00000000E+00  0.17256436E+09  0.00000000E+00  0.00000000E+00  0.00000000E+00  0.00000000E+00  0.00000000E+00  0.10000000E-01  0.10000000E+01
 0.19500200E-08  0.14934057E-01  0.00000000E+00  0.32645264E+00  0.00000000E+00  0.00000000E+00  0.17256436E+09  0.00000000E+00  0.00000000E+00  0.00000000E+00  0.00000000E+00  0.00000000E+00  0.10000000E-01  0.10000000E+01
 0.19600200E-08  0.14934057E-01  0.00000000E+00  0.32817829E+00  0.00000000E+00  0.00000000E+00  0.17256436E+09  0.00000000E+00  0.00000000E+00  0.00000000E+00  0.00000000E+00  0.00000000E+00  0.10000000E-01  0.10000000E+01
 0.19700200E-08  0.14934057E-01  0.00000000E+00  0.32990393E+00  0.00000000E+00  0.00000000E+00  0.17256436E+09  0.00000000E+00  0.00000000E+00  0.00000000E+00  0.00000000E+00  0.00000000E+00  0.10000000E-01  0.10000000E+01
 0.19800200E-08  0.14934057E-01  0.00000000E+00  0.33162958E+00  0.00000000E+00  0.00000000E+00  0.17256436E+09  0.00000000E+00  0.00000000E+00  0.00000000E+00  0.00000000E+00  0.00000000E+00  0.10000000E-01  0.10000000E+01
 0.19900200E-08  0.14934057E-01  0.00000000E+00  0.33335522E+00  0.00000000E+00  0.00000000E+00  0.17256436E+09  0.00000000E+00  0.00000000E+00  0.00000000E+00  0.00000000E+00  0.00000000E+00  0.10000000E-01  0.10000000E+01
