# ptime xp yp zp vx vy vz ex ey ez bx by bz wt
 0.20000000E-13  0.61765396E-02  0.00000000E+00 -0.11820450E-01  0.00000000E+00  0.00000000E+00  0.19411298E+09  0.00000000E+00  0.00000000E+00  0.00000000E+00  0.00000000E+00  0.00000000E+00  0.10000000E-01  0.10000000E+01
 0.10000000E-10  0.61765396E-02  0.00000000E+00 -0.98832026E-02  0.00000000E+00  0.00000000E+00  0.19411298E+09  0.00000000E+00  0.00000000E+00  0.00000000E+00  0.00000000E+00  0.00000000E+00  0.10000000E-01  0.10000000E+01
 0.20000000E-10  0.61765396E-02  0.00000000E+00 -0.79420727E-02  0.00000000E+00  0.00000000E+00  0.19411298E+09  0.00000000E+00  0.00000000E+00  0.00000000E+00  0.00000000E+00  0.00000000E+00  0.10000000E-01  0.10000000E+01
 0.30000000E-10  0.61765396E-02  0.00000000E+00 -0.60009429E-02  0.00000000E+00  0.00000000E+00  0.19411298E+09  0.00000000E+00  0.00000000E+00  0.00000000E+00  0.00000000E+00  0.00000000E+00  0.10000000E-01  0.10000000E+01
 0.40020000E-10  0.61765396E-02  0.00000000E+00 -0.40559307E-02  0.00000000E+00  0.00000000E+00  0.19411298E+09  0.00000000E+00  0.00000000E+00  0.00000000E+00  0.00000000E+00  0.00000000E+00  0.10000000E-01  0.10000000E+01
 0.50020000E-10  0.61765396E-02  0.00000000E+00 -0.21148009E-02  0.00000000E+00  0.00000000E+00  0.19411298E+09  0.00000000E+00  0.00000000E+00  0.00000000E+00  0.00000000E+00  0.00000000E+00  0.10000000E-01  0.10000000E+01
 0.60020000E-10  0.61765396E-02  0.00000000E+00 -0.17367104E-03  0.00000000E+00  0.00000000E+00  0.19411298E+09  0.00000000E+00  0.00000000E+00  0.00000000E+00  0.00000000E+00  0.00000000E+00  0.10000000E-01  0.10000000E+01
 0.70020000E-10  0.61765396E-02  0.00000000E+00  0.17674588E-02  0.00000000E+00  0.00000000E+00  0.19411298E+09  0.00000000E+00  0.00000000E+00  0.00000000E+00  0.00000000E+00  0.00000000E+00  0.10000000E-01  0.10000000E+01
 0.80000000E-10  0.61765396E-02  0.00000000E+00  0.37047064E-02  0.00000000E+00  0.00000000E+00  0.19411298E+09  0.00000000E+00  0.00000000E+00  0.00000000E+00  0.00000000E+00  0.00000000E+00  0.10000000E-01  0.10000000E+01
 0.90000000E-10  0.61765396E-02  0.00000000E+00  0.56458363E-02  0.00000000E+00  0.00000000E+00  0.19411298E+09  0.00000000E+00  0.00000000E+00  0.00000000E+00  0.00000000E+00  0.00000000E+00  0.10000000E-01  0.10000000E+01
 0.10000000E-09  0.61765396E-02  0.00000000E+00  0.75869661E-02  0.00000000E+00  0.00000000E+00  0.19411298E+09  0.00000000E+00  0.00000000E+00  0.00000000E+00  0.00000000E+00  0.00000000E+00  0.10000000E-01  0.10000000E+01
 0.11000000E-09  0.61765396E-02  0.00000000E+00  0.95280960E-02  0.00000000E+00  0.00000000E+00  0.19411298E+09  0.00000000E+00  0.00000000E+00  0.00000000E+00  0.00000000E+00  0.00000000E+00  0.10000000E-01  0.10000000E+01
 0.12000000E-09  0.61765396E-02  0.00000000E+00  0.11469226E-01  0.00000000E+00  0.00000000E+00  0.19411298E+09  0.00000000E+00  0.00000000E+00  0.00000000E+00  0.00000000E+00  0.00000000E+00  0.10000000E-01  0.10000000E+01
 0.13000000E-09  0.61765396E-02  0.00000000E+00  0.13410356E-01  0.00000000E+00  0.00000000E+00  0.19411298E+09  0.00000000E+00  0.00000000E+00  0.00000000E+00  0.00000000E+00  0.00000000E+00  0.10000000E-01  0.10000000E+01
 0.14002000E-09  0.61765396E-02  0.00000000E+00  0.15355368E-01  0.00000000E+00  0.00000000E+00  0.19411298E+09  0.00000000E+00  0.00000000E+00  0.00000000E+00  0.00000000E+00  0.00000000E+00  0.10000000E-01  0.10000000E+01
 0.15002000E-09  0.61765396E-02  0.00000000E+00  0.17296498E-01  0.00000000E+00  0.00000000E+00  0.19411298E+09  0.00000000E+00  0.00000000E+00  0.00000000E+00  0.00000000E+00  0.00000000E+00  0.10000000E-01  0.10000000E+01
 0.16002000E-09  0.61765396E-02  0.00000000E+00  0.19237627E-01  0.00000000E+00  0.00000000E+00  0.19411298E+09  0.00000000E+00  0.00000000E+00  0.00000000E+00  0.00000000E+00  0.00000000E+00  0.10000000E-01  0.10000000E+01
 0.17002000E-09  0.61765396E-02  0.00000000E+00  0.21178757E-01  0.00000000E+00  0.00000000E+00  0.19411298E+09  0.00000000E+00  0.00000000E+00  0.00000000E+00  0.00000000E+00  0.00000000E+00  0.10000000E-01  0.10000000E+01
 0.18002000E-09  0.61765396E-02  0.00000000E+00  0.23119887E-01  0.00000000E+00  0.00000000E+00  0.19411298E+09  0.00000000E+00  0.00000000E+00  0.00000000E+00  0.00000000E+00  0.00000000E+00  0.10000000E-01  0.10000000E+01
 0.19002000E-09  0.61765396E-02  0.00000000E+00  0.25061017E-01  0.00000000E+00  0.00000000E+00  0.19411298E+09  0.00000000E+00  0.00000000E+00  0.00000000E+00  0.00000000E+00  0.00000000E+00  0.10000000E-01  0.10000000E+01
 0.20002000E-09  0.61765396E-02  0.00000000E+00  0.27002147E-01  0.00000000E+00  0.00000000E+00  0.19411298E+09  0.00000000E+00  0.00000000E+00  0.00000000E+00  0.00000000E+00  0.00000000E+00  0.10000000E-01  0.10000000E+01
 0.21002000E-09  0.61765396E-02  0.00000000E+00  0.28943277E-01  0.00000000E+00  0.00000000E+00  0.19411298E+09  0.00000000E+00  0.00000000E+00  0.00000000E+00  0.00000000E+00  0.00000000E+00  0.10000000E-01  0.10000000E+01
 0.22002000E-09  0.61765396E-02  0.00000000E+00  0.30884407E-01  0.00000000E+00  0.00000000E+00  0.19411298E+09  0.00000000E+00  0.00000000E+00  0.00000000E+00  0.00000000E+00  0.00000000E+00  0.10000000E-01  0.10000000E+01
 0.23002000E-09  0.61765396E-02  0.00000000E+00  0.32825536E-01  0.00000000E+00  0.00000000E+00  0.19411298E+09  0.00000000E+00  0.00000000E+00  0.00000000E+00  0.00000000E+00  0.00000000E+00  0.10000000E-01  0.10000000E+01
 0.24002000E-09  0.61765396E-02  0.00000000E+00  0.34766666E-01  0.00000000E+00  0.00000000E+00  0.19411298E+09  0.00000000E+00  0.00000000E+00  0.00000000E+00  0.00000000E+00  0.00000000E+00  0.10000000E-01  0.10000000E+01
 0.25002000E-09  0.61765396E-02  0.00000000E+00  0.36707796E-01  0.00000000E+00  0.00000000E+00  0.19411298E+09  0.00000000E+00  0.00000000E+00  0.00000000E+00  0.00000000E+00  0.00000000E+00  0.10000000E-01  0.10000000E+01
 0.26002000E-09  0.61765396E-02  0.00000000E+00  0.38648926E-01  0.00000000E+00  0.00000000E+00  0.19411298E+09  0.00000000E+00  0.00000000E+00  0.00000000E+00  0.00000000E+00  0.00000000E+00  0.10000000E-01  0.10000000E+01
 0.27002000E-09  0.61765396E-02  0.00000000E+00  0.40590056E-01  0.00000000E+00  0.00000000E+00  0.19411298E+09  0.00000000E+00  0.00000000E+00  0.00000000E+00  0.00000000E+00  0.00000000E+00  0.10000000E-01  0.10000000E+01
 0.28002000E-09  0.61765396E-02  0.00000000E+00  0.42531186E-01  0.00000000E+00  0.00000000E+00  0.19411298E+09  0.00000000E+00  0.00000000E+00  0.00000000E+00  0.00000000E+00  0.00000000E+00  0.10000000E-01  0.10000000E+01
 0.29002000E-09  0.61765396E-02  0.00000000E+00  0.44472316E-01  0.00000000E+00  0.00000000E+00  0.19411298E+09  0.00000000E+00  0.00000000E+00  0.00000000E+00  0.00000000E+00  0.00000000E+00  0.10000000E-01  0.10000000E+01
 0.30000000E-09  0.61765396E-02  0.00000000E+00  0.46409563E-01  0.00000000E+00  0.00000000E+00  0.19411298E+09  0.00000000E+00  0.00000000E+00  0.00000000E+00  0.00000000E+00  0.00000000E+00  0.10000000E-01  0.10000000E+01
 0.31000000E-09  0.61765396E-02  0.00000000E+00  0.48350693E-01  0.00000000E+00  0.00000000E+00  0.19411298E+09  0.00000000E+00  0.00000000E+00  0.00000000E+00  0.00000000E+00  0.00000000E+00  0.10000000E-01  0.10000000E+01
 0.32000000E-09  0.61765396E-02  0.00000000E+00  0.50291823E-01  0.00000000E+00  0.00000000E+00  0.19411298E+09  0.00000000E+00  0.00000000E+00  0.00000000E+00  0.00000000E+00  0.00000000E+00  0.10000000E-01  0.10000000E+01
 0.33000000E-09  0.61765396E-02  0.00000000E+00  0.52232953E-01  0.00000000E+00  0.00000000E+00  0.19411298E+09  0.00000000E+00  0.00000000E+00  0.00000000E+00  0.00000000E+00  0.00000000E+00  0.10000000E-01  0.10000000E+01
 0.34000000E-09  0.61765396E-02  0.00000000E+00  0.54174083E-01  0.00000000E+00  0.00000000E+00  0.19411298E+09  0.00000000E+00  0.00000000E+00  0.00000000E+00  0.00000000E+00  0.00000000E+00  0.10000000E-01  0.10000000E+01
 0.35000000E-09  0.61765396E-02  0.00000000E+00  0.56115212E-01  0.00000000E+00  0.00000000E+00  0.19411298E+09  0.00000000E+00  0.00000000E+00  0.00000000E+00  0.00000000E+00  0.00000000E+00  0.10000000E-01  0.10000000E+01
 0.36000000E-09  0.61765396E-02  0.00000000E+00  0.58056342E-01  0.00000000E+00  0.00000000E+00  0.19411298E+09  0.00000000E+00  0.00000000E+00  0.00000000E+00  0.00000000E+00  0.00000000E+00  0.10000000E-01  0.10000000E+01
 0.37000000E-09  0.61765396E-02  0.00000000E+00  0.59997472E-01  0.00000000E+00  0.00000000E+00  0.19411298E+09  0.00000000E+00  0.00000000E+00  0.00000000E+00  0.00000000E+00  0.00000000E+00  0.10000000E-01  0.10000000E+01
 0.38000000E-09  0.61765396E-02  0.00000000E+00  0.61938602E-01  0.00000000E+00  0.00000000E+00  0.19411298E+09  0.00000000E+00  0.00000000E+00  0.00000000E+00  0.00000000E+00  0.00000000E+00  0.10000000E-01  0.10000000E+01
 0.39000000E-09  0.61765396E-02  0.00000000E+00  0.63879732E-01  0.00000000E+00  0.00000000E+00  0.19411298E+09  0.00000000E+00  0.00000000E+00  0.00000000E+00  0.00000000E+00  0.00000000E+00  0.10000000E-01  0.10000000E+01
 0.40000000E-09  0.61765396E-02  0.00000000E+00  0.65820862E-01  0.00000000E+00  0.00000000E+00  0.19411298E+09  0.00000000E+00  0.00000000E+00  0.00000000E+00  0.00000000E+00  0.00000000E+00  0.10000000E-01  0.10000000E+01
 0.41000000E-09  0.61765396E-02  0.00000000E+00  0.67761991E-01  0.00000000E+00  0.00000000E+00  0.19411298E+09  0.00000000E+00  0.00000000E+00  0.00000000E+00  0.00000000E+00  0.00000000E+00  0.10000000E-01  0.10000000E+01
 0.42000000E-09  0.61765396E-02  0.00000000E+00  0.69703121E-01  0.00000000E+00  0.00000000E+00  0.19411298E+09  0.00000000E+00  0.00000000E+00  0.00000000E+00  0.00000000E+00  0.00000000E+00  0.10000000E-01  0.10000000E+01
 0.43000000E-09  0.61765396E-02  0.00000000E+00  0.71644251E-01  0.00000000E+00  0.00000000E+00  0.19411298E+09  0.00000000E+00  0.00000000E+00  0.00000000E+00  0.00000000E+00  0.00000000E+00  0.10000000E-01  0.10000000E+01
 0.44000000E-09  0.61765396E-02  0.00000000E+00  0.73585381E-01  0.00000000E+00  0.00000000E+00  0.19411298E+09  0.00000000E+00  0.00000000E+00  0.00000000E+00  0.00000000E+00  0.00000000E+00  0.10000000E-01  0.10000000E+01
 0.45000000E-09  0.61765396E-02  0.00000000E+00  0.75526511E-01  0.00000000E+00  0.00000000E+00  0.19411298E+09  0.00000000E+00  0.00000000E+00  0.00000000E+00  0.00000000E+00  0.00000000E+00  0.10000000E-01  0.10000000E+01
 0.46000000E-09  0.61765396E-02  0.00000000E+00  0.77467641E-01  0.00000000E+00  0.00000000E+00  0.19411298E+09  0.00000000E+00  0.00000000E+00  0.00000000E+00  0.00000000E+00  0.00000000E+00  0.10000000E-01  0.10000000E+01
 0.47000000E-09  0.61765396E-02  0.00000000E+00  0.79408771E-01  0.00000000E+00  0.00000000E+00  0.19411298E+09  0.00000000E+00  0.00000000E+00  0.00000000E+00  0.00000000E+00  0.00000000E+00  0.10000000E-01  0.10000000E+01
 0.48000000E-09  0.61765396E-02  0.00000000E+00  0.81349900E-01  0.00000000E+00  0.00000000E+00  0.19411298E+09  0.00000000E+00  0.00000000E+00  0.00000000E+00  0.00000000E+00  0.00000000E+00  0.10000000E-01  0.10000000E+01
 0.49000000E-09  0.61765396E-02  0.00000000E+00  0.83291030E-01  0.00000000E+00  0.00000000E+00  0.19411298E+09  0.00000000E+00  0.00000000E+00  0.00000000E+00  0.00000000E+00  0.00000000E+00  0.10000000E-01  0.10000000E+01
 0.50000000E-09  0.61765396E-02  0.00000000E+00  0.85232160E-01  0.00000000E+00  0.00000000E+00  0.19411298E+09  0.00000000E+00  0.00000000E+00  0.00000000E+00  0.00000000E+00  0.00000000E+00  0.10000000E-01  0.10000000E+01
 0.51000000E-09  0.61765396E-02  0.00000000E+00  0.87173290E-01  0.00000000E+00  0.00000000E+00  0.19411298E+09  0.00000000E+00  0.00000000E+00  0.00000000E+00  0.00000000E+00  0.00000000E+00  0.10000000E-01  0.10000000E+01
 0.52000000E-09  0.61765396E-02  0.00000000E+00  0.89114420E-01  0.00000000E+00  0.00000000E+00  0.19411298E+09  0.00000000E+00  0.00000000E+00  0.00000000E+00  0.00000000E+00  0.00000000E+00  0.10000000E-01  0.10000000E+01
 0.53000000E-09  0.61765396E-02  0.00000000E+00  0.91055550E-01  0.00000000E+00  0.00000000E+00  0.19411298E+09  0.00000000E+00  0.00000000E+00  0.00000000E+00  0.00000000E+00  0.00000000E+00  0.10000000E-01  0.10000000E+01
 0.54000000E-09  0.61765396E-02  0.00000000E+00  0.92996679E-01  0.00000000E+00  0.00000000E+00  0.19411298E+09  0.00000000E+00  0.00000000E+00  0.00000000E+00  0.00000000E+00  0.00000000E+00  0.10000000E-01  0.10000000E+01
 0.55002000E-09  0.61765396E-02  0.00000000E+00  0.94941692E-01  0.00000000E+00  0.00000000E+00  0.19411298E+09  0.00000000E+00  0.00000000E+00  0.00000000E+00  0.00000000E+00  0.00000000E+00  0.10000000E-01  0.10000000E+01
 0.56002000E-09  0.61765396E-02  0.00000000E+00  0.96882821E-01  0.00000000E+00  0.00000000E+00  0.19411298E+09  0.00000000E+00  0.00000000E+00  0.00000000E+00  0.00000000E+00  0.00000000E+00  0.10000000E-01  0.10000000E+01
 0.57002000E-09  0.61765396E-02  0.00000000E+00  0.98823951E-01  0.00000000E+00  0.00000000E+00  0.19411298E+09  0.00000000E+00  0.00000000E+00  0.00000000E+00  0.00000000E+00  0.00000000E+00  0.10000000E-01  0.10000000E+01
 0.58002000E-09  0.61765396E-02  0.00000000E+00  0.10076508E+00  0.00000000E+00  0.00000000E+00  0.19411298E+09  0.00000000E+00  0.00000000E+00  0.00000000E+00  0.00000000E+00  0.00000000E+00  0.10000000E-01  0.10000000E+01
 0.59002000E-09  0.61765396E-02  0.00000000E+00  0.10270621E+00  0.00000000E+00  0.00000000E+00  0.19411298E+09  0.00000000E+00  0.00000000E+00  0.00000000E+00  0.00000000E+00  0.00000000E+00  0.10000000E-01  0.10000000E+01
 0.60002000E-09  0.61765396E-02  0.00000000E+00  0.10464734E+00  0.00000000E+00  0.00000000E+00  0.19411298E+09  0.00000000E+00  0.00000000E+00  0.00000000E+00  0.00000000E+00  0.00000000E+00  0.10000000E-01  0.10000000E+01
 0.61002000E-09  0.61765396E-02  0.00000000E+00  0.10658847E+00  0.00000000E+00  0.00000000E+00  0.19411298E+09  0.00000000E+00  0.00000000E+00  0.00000000E+00  0.00000000E+00  0.00000000E+00  0.10000000E-01  0.10000000E+01
 0.62002000E-09  0.61765396E-02  0.00000000E+00  0.10852960E+00  0.00000000E+00  0.00000000E+00  0.19411298E+09  0.00000000E+00  0.00000000E+00  0.00000000E+00  0.00000000E+00  0.00000000E+00  0.10000000E-01  0.10000000E+01
 0.63002000E-09  0.61765396E-02  0.00000000E+00  0.11047073E+00  0.00000000E+00  0.00000000E+00  0.19411298E+09  0.00000000E+00  0.00000000E+00  0.00000000E+00  0.00000000E+00  0.00000000E+00  0.10000000E-01  0.10000000E+01
 0.64002000E-09  0.61765396E-02  0.00000000E+00  0.11241186E+00  0.00000000E+00  0.00000000E+00  0.19411298E+09  0.00000000E+00  0.00000000E+00  0.00000000E+00  0.00000000E+00  0.00000000E+00  0.10000000E-01  0.10000000E+01
 0.65002000E-09  0.61765396E-02  0.00000000E+00  0.11435299E+00  0.00000000E+00  0.00000000E+00  0.19411298E+09  0.00000000E+00  0.00000000E+00  0.00000000E+00  0.00000000E+00  0.00000000E+00  0.10000000E-01  0.10000000E+01
 0.66002000E-09  0.61765396E-02  0.00000000E+00  0.11629412E+00  0.00000000E+00  0.00000000E+00  0.19411298E+09  0.00000000E+00  0.00000000E+00  0.00000000E+00  0.00000000E+00  0.00000000E+00  0.10000000E-01  0.10000000E+01
 0.67002000E-09  0.61765396E-02  0.00000000E+00  0.11823525E+00  0.00000000E+00  0.00000000E+00  0.19411298E+09  0.00000000E+00  0.00000000E+00  0.00000000E+00  0.00000000E+00  0.00000000E+00  0.10000000E-01  0.10000000E+01
 0.68002000E-09  0.61765396E-02  0.00000000E+00  0.12017638E+00  0.00000000E+00  0.00000000E+00  0.19411298E+09  0.00000000E+00  0.00000000E+00  0.00000000E+00  0.00000000E+00  0.00000000E+00  0.10000000E-01  0.10000000E+01
 0.69002000E-09  0.61765396E-02  0.00000000E+00  0.12211751E+00  0.00000000E+00  0.00000000E+00  0.19411298E+09  0.00000000E+00  0.00000000E+00  0.00000000E+00  0.00000000E+00  0.00000000E+00  0.10000000E-01  0.10000000E+01
 0.70002000E-09  0.61765396E-02  0.00000000E+00  0.12405864E+00  0.00000000E+00  0.00000000E+00  0.19411298E+09  0.00000000E+00  0.00000000E+00  0.00000000E+00  0.00000000E+00  0.00000000E+00  0.10000000E-01  0.10000000E+01
 0.71002000E-09  0.61765396E-02  0.00000000E+00  0.12599977E+00  0.00000000E+00  0.00000000E+00  0.19411298E+09  0.00000000E+00  0.00000000E+00  0.00000000E+00  0.00000000E+00  0.00000000E+00  0.10000000E-01  0.10000000E+01
 0.72002000E-09  0.61765396E-02  0.00000000E+00  0.12794090E+00  0.00000000E+00  0.00000000E+00  0.19411298E+09  0.00000000E+00  0.00000000E+00  0.00000000E+00  0.00000000E+00  0.00000000E+00  0.10000000E-01  0.10000000E+01
 0.73002000E-09  0.61765396E-02  0.00000000E+00  0.12988203E+00  0.00000000E+00  0.00000000E+00  0.19411298E+09  0.00000000E+00  0.00000000E+00  0.00000000E+00  0.00000000E+00  0.00000000E+00  0.10000000E-01  0.10000000E+01
 0.74002000E-09  0.61765396E-02  0.00000000E+00  0.13182316E+00  0.00000000E+00  0.00000000E+00  0.19411298E+09  0.00000000E+00  0.00000000E+00  0.00000000E+00  0.00000000E+00  0.00000000E+00  0.10000000E-01  0.10000000E+01
 0.75002000E-09  0.61765396E-02  0.00000000E+00  0.13376429E+00  0.00000000E+00  0.00000000E+00  0.19411298E+09  0.00000000E+00  0.00000000E+00  0.00000000E+00  0.00000000E+00  0.00000000E+00  0.10000000E-01  0.10000000E+01
 0.76002000E-09  0.61765396E-02  0.00000000E+00  0.13570542E+00  0.00000000E+00  0.00000000E+00  0.19411298E+09  0.00000000E+00  0.00000000E+00  0.00000000E+00  0.00000000E+00  0.00000000E+00  0.10000000E-01  0.10000000E+01
 0.77002000E-09  0.61765396E-02  0.00000000E+00  0.13764655E+00  0.00000000E+00  0.00000000E+00  0.19411298E+09  0.00000000E+00  0.00000000E+00  0.00000000E+00  0.00000000E+00  0.00000000E+00  0.10000000E-01  0.10000000E+01
 0.78002000E-09  0.61765396E-02  0.00000000E+00  0.13958768E+00  0.00000000E+00  0.00000000E+00  0.19411298E+09  0.00000000E+00  0.00000000E+00  0.00000000E+00  0.00000000E+00  0.00000000E+00  0.10000000E-01  0.10000000E+01
 0.79002000E-09  0.61765396E-02  0.00000000E+00  0.14152881E+00  0.00000000E+00  0.00000000E+00  0.19411298E+09  0.00000000E+00  0.00000000E+00  0.00000000E+00  0.00000000E+00  0.00000000E+00  0.10000000E-01  0.10000000E+01
 0.80002000E-09  0.61765396E-02  0.00000000E+00  0.14346994E+00  0.00000000E+00  0.00000000E+00  0.19411298E+09  0.00000000E+00  0.00000000E+00  0.00000000E+00  0.00000000E+00  0.00000000E+00  0.10000000E-01  0.10000000E+01
 0.81002000E-09  0.61765396E-02  0.00000000E+00  0.14541107E+00  0.00000000E+00  0.00000000E+00  0.19411298E+09  0.00000000E+00  0.00000000E+00  0.00000000E+00  0.00000000E+00  0.00000000E+00  0.10000000E-01  0.10000000E+01
 0.82002000E-09  0.61765396E-02  0.00000000E+00  0.14735220E+00  0.00000000E+00  0.00000000E+00  0.19411298E+09  0.00000000E+00  0.00000000E+00  0.00000000E+00  0.00000000E+00  0.00000000E+00  0.10000000E-01  0.10000000E+01
 0.83002000E-09  0.61765396E-02  0.00000000E+00  0.14929333E+00  0.00000000E+00  0.00000000E+00  0.19411298E+09  0.00000000E+00  0.00000000E+00  0.00000000E+00  0.00000000E+00  0.00000000E+00  0.10000000E-01  0.10000000E+01
 0.84002000E-09  0.61765396E-02  0.00000000E+00  0.15123446E+00  0.00000000E+00  0.00000000E+00  0.19411298E+09  0.00000000E+00  0.00000000E+00  0.00000000E+00  0.00000000E+00  0.00000000E+00  0.10000000E-01  0.10000000E+01
 0.85002000E-09  0.61765396E-02  0.00000000E+00  0.15317559E+00  0.00000000E+00  0.00000000E+00  0.19411298E+09  0.00000000E+00  0.00000000E+00  0.00000000E+00  0.00000000E+00  0.00000000E+00  0.10000000E-01  0.10000000E+01
 0.86002000E-09  0.61765396E-02  0.00000000E+00  0.15511672E+00  0.00000000E+00  0.00000000E+00  0.19411298E+09  0.00000000E+00  0.00000000E+00  0.00000000E+00  0.00000000E+00  0.00000000E+00  0.10000000E-01  0.10000000E+01
 0.87002000E-09  0.61765396E-02  0.00000000E+00  0.15705785E+00  0.00000000E+00  0.00000000E+00  0.19411298E+09  0.00000000E+00  0.00000000E+00  0.00000000E+00  0.00000000E+00  0.00000000E+00  0.10000000E-01  0.10000000E+01
 0.88002000E-09  0.61765396E-02  0.00000000E+00  0.15899898E+00  0.00000000E+00  0.00000000E+00  0.19411298E+09  0.00000000E+00  0.00000000E+00  0.00000000E+00  0.00000000E+00  0.00000000E+00  0.10000000E-01  0.10000000E+01
 0.89002000E-09  0.61765396E-02  0.00000000E+00  0.16094011E+00  0.00000000E+00  0.00000000E+00  0.19411298E+09  0.00000000E+00  0.00000000E+00  0.00000000E+00  0.00000000E+00  0.00000000E+00  0.10000000E-01  0.10000000E+01
 0.90002000E-09  0.61765396E-02  0.00000000E+00  0.16288124E+00  0.00000000E+00  0.00000000E+00  0.19411298E+09  0.00000000E+00  0.00000000E+00  0.00000000E+00  0.00000000E+00  0.00000000E+00  0.10000000E-01  0.10000000E+01
 0.91002000E-09  0.61765396E-02  0.00000000E+00  0.16482237E+00  0.00000000E+00  0.00000000E+00  0.19411298E+09  0.00000000E+00  0.00000000E+00  0.00000000E+00  0.00000000E+00  0.00000000E+00  0.10000000E-01  0.10000000E+01
 0.92002000E-09  0.61765396E-02  0.00000000E+00  0.16676350E+00  0.00000000E+00  0.00000000E+00  0.19411298E+09  0.00000000E+00  0.00000000E+00  0.00000000E+00  0.00000000E+00  0.00000000E+00  0.10000000E-01  0.10000000E+01
 0.93002000E-09  0.61765396E-02  0.00000000E+00  0.16870463E+00  0.00000000E+00  0.00000000E+00  0.19411298E+09  0.00000000E+00  0.00000000E+00  0.00000000E+00  0.00000000E+00  0.00000000E+00  0.10000000E-01  0.10000000E+01
 0.94002000E-09  0.61765396E-02  0.00000000E+00  0.17064576E+00  0.00000000E+00  0.00000000E+00  0.19411298E+09  0.00000000E+00  0.00000000E+00  0.00000000E+00  0.00000000E+00  0.00000000E+00  0.10000000E-01  0.10000000E+01
 0.95002000E-09  0.61765396E-02  0.00000000E+00  0.17258689E+00  0.00000000E+00  0.00000000E+00  0.19411298E+09  0.00000000E+00  0.00000000E+00  0.00000000E+00  0.00000000E+00  0.00000000E+00  0.10000000E-01  0.10000000E+01
 0.96002000E-09  0.61765396E-02  0.00000000E+00  0.17452802E+00  0.00000000E+00  0.00000000E+00  0.19411298E+09  0.00000000E+00  0.00000000E+00  0.00000000E+00  0.00000000E+00  0.00000000E+00  0.10000000E-01  0.10000000E+01
 0.97002000E-09  0.61765396E-02  0.00000000E+00  0.17646915E+00  0.00000000E+00  0.00000000E+00  0.19411298E+09  0.00000000E+00  0.00000000E+00  0.00000000E+00  0.00000000E+00  0.00000000E+00  0.10000000E-01  0.10000000E+01
 0.98002000E-09  0.61765396E-02  0.00000000E+00  0.17841028E+00  0.00000000E+00  0.00000000E+00  0.19411298E+09  0.00000000E+00  0.00000000E+00  0.00000000E+00  0.00000000E+00  0.00000000E+00  0.10000000E-01  0.10000000E+01
 0.99002000E-09  0.61765396E-02  0.00000000E+00  0.18035141E+00  0.00000000E+00  0.00000000E+00  0.19411298E+09  0.00000000E+00  0.00000000E+00  0.00000000E+00  0.00000000E+00  0.00000000E+00  0.10000000E-01  0.10000000E+01
 0.10000200E-08  0.61765396E-02  0.00000000E+00  0.18229253E+00  0.00000000E+00  0.00000000E+00  0.19411298E+09  0.00000000E+00  0.00000000E+00  0.00000000E+00  0.00000000E+00  0.00000000E+00  0.10000000E-01  0.10000000E+01
 0.10100200E-08  0.61765396E-02  0.00000000E+00  0.18423366E+00  0.00000000E+00  0.00000000E+00  0.19411298E+09  0.00000000E+00  0.00000000E+00  0.00000000E+00  0.00000000E+00  0.00000000E+00  0.10000000E-01  0.10000000E+01
 0.10200200E-08  0.61765396E-02  0.00000000E+00  0.18617479E+00  0.00000000E+00  0.00000000E+00  0.19411298E+09  0.00000000E+00  0.00000000E+00  0.00000000E+00  0.00000000E+00  0.00000000E+00  0.10000000E-01  0.10000000E+01
 0.10300200E-08  0.61765396E-02  0.00000000E+00  0.18811592E+00  0.00000000E+00  0.00000000E+00  0.19411298E+09  0.00000000E+00  0.00000000E+00  0.00000000E+00  0.00000000E+00  0.00000000E+00  0.10000000E-01  0.10000000E+01
 0.10400200E-08  0.61765396E-02  0.00000000E+00  0.19005705E+00  0.00000000E+00  0.00000000E+00  0.19411298E+09  0.00000000E+00  0.00000000E+00  0.00000000E+00  0.00000000E+00  0.00000000E+00  0.10000000E-01  0.10000000E+01
 0.10500200E-08  0.61765396E-02  0.00000000E+00  0.19199818E+00  0.00000000E+00  0.00000000E+00  0.19411298E+09  0.00000000E+00  0.00000000E+00  0.00000000E+00  0.00000000E+00  0.00000000E+00  0.10000000E-01  0.10000000E+01
 0.10600200E-08  0.61765396E-02  0.00000000E+00  0.19393931E+00  0.00000000E+00  0.00000000E+00  0.19411298E+09  0.00000000E+00  0.00000000E+00  0.00000000E+00  0.00000000E+00  0.00000000E+00  0.10000000E-01  0.10000000E+01
 0.10700200E-08  0.61765396E-02  0.00000000E+00  0.19588044E+00  0.00000000E+00  0.00000000E+00  0.19411298E+09  0.00000000E+00  0.00000000E+00  0.00000000E+00  0.00000000E+00  0.00000000E+00  0.10000000E-01  0.10000000E+01
 0.10800200E-08  0.61765396E-02  0.00000000E+00  0.19782157E+00  0.00000000E+00  0.00000000E+00  0.19411298E+09  0.00000000E+00  0.00000000E+00  0.00000000E+00  0.00000000E+00  0.00000000E+00  0.10000000E-01  0.10000000E+01
 0.10900200E-08  0.61765396E-02  0.00000000E+00  0.19976270E+00  0.00000000E+00  0.00000000E+00  0.19411298E+09  0.00000000E+00  0.00000000E+00  0.00000000E+00  0.00000000E+00  0.00000000E+00  0.10000000E-01  0.10000000E+01
 0.11000200E-08  0.61765396E-02  0.00000000E+00  0.20170383E+00  0.00000000E+00  0.00000000E+00  0.19411298E+09  0.00000000E+00  0.00000000E+00  0.00000000E+00  0.00000000E+00  0.00000000E+00  0.10000000E-01  0.10000000E+01
 0.11100200E-08  0.61765396E-02  0.00000000E+00  0.20364496E+00  0.00000000E+00  0.00000000E+00  0.19411298E+09  0.00000000E+00  0.00000000E+00  0.00000000E+00  0.00000000E+00  0.00000000E+00  0.10000000E-01  0.10000000E+01
 0.11200200E-08  0.61765396E-02  0.00000000E+00  0.20558609E+00  0.00000000E+00  0.00000000E+00  0.19411298E+09  0.00000000E+00  0.00000000E+00  0.00000000E+00  0.00000000E+00  0.00000000E+00  0.10000000E-01  0.10000000E+01
 0.11300200E-08  0.61765396E-02  0.00000000E+00  0.20752722E+00  0.00000000E+00  0.00000000E+00  0.19411298E+09  0.00000000E+00  0.00000000E+00  0.00000000E+00  0.00000000E+00  0.00000000E+00  0.10000000E-01  0.10000000E+01
 0.11400200E-08  0.61765396E-02  0.00000000E+00  0.20946835E+00  0.00000000E+00  0.00000000E+00  0.19411298E+09  0.00000000E+00  0.00000000E+00  0.00000000E+00  0.00000000E+00  0.00000000E+00  0.10000000E-01  0.10000000E+01
 0.11500200E-08  0.61765396E-02  0.00000000E+00  0.21140948E+00  0.00000000E+00  0.00000000E+00  0.19411298E+09  0.00000000E+00  0.00000000E+00  0.00000000E+00  0.00000000E+00  0.00000000E+00  0.10000000E-01  0.10000000E+01
 0.11600200E-08  0.61765396E-02  0.00000000E+00  0.21335061E+00  0.00000000E+00  0.00000000E+00  0.19411298E+09  0.00000000E+00  0.00000000E+00  0.00000000E+00  0.00000000E+00  0.00000000E+00  0.10000000E-01  0.10000000E+01
 0.11700200E-08  0.61765396E-02  0.00000000E+00  0.21529174E+00  0.00000000E+00  0.00000000E+00  0.19411298E+09  0.00000000E+00  0.00000000E+00  0.00000000E+00  0.00000000E+00  0.00000000E+00  0.10000000E-01  0.10000000E+01
 0.11800200E-08  0.61765396E-02  0.00000000E+00  0.21723287E+00  0.00000000E+00  0.00000000E+00  0.19411298E+09  0.00000000E+00  0.00000000E+00  0.00000000E+00  0.00000000E+00  0.00000000E+00  0.10000000E-01  0.10000000E+01
 0.11900200E-08  0.61765396E-02  0.00000000E+00  0.21917400E+00  0.00000000E+00  0.00000000E+00  0.19411298E+09  0.00000000E+00  0.00000000E+00  0.00000000E+00  0.00000000E+00  0.00000000E+00  0.10000000E-01  0.10000000E+01
 0.12000200E-08  0.61765396E-02  0.00000000E+00  0.22111513E+00  0.00000000E+00  0.00000000E+00  0.19411298E+09  0.00000000E+00  0.00000000E+00  0.00000000E+00  0.00000000E+00  0.00000000E+00  0.10000000E-01  0.10000000E+01
 0.12100200E-08  0.61765396E-02  0.00000000E+00  0.22305626E+00  0.00000000E+00  0.00000000E+00  0.19411298E+09  0.00000000E+00  0.00000000E+00  0.00000000E+00  0.00000000E+00  0.00000000E+00  0.10000000E-01  0.10000000E+01
 0.12200200E-08  0.61765396E-02  0.00000000E+00  0.22499739E+00  0.00000000E+00  0.00000000E+00  0.19411298E+09  0.00000000E+00  0.00000000E+00  0.00000000E+00  0.00000000E+00  0.00000000E+00  0.10000000E-01  0.10000000E+01
 0.12300200E-08  0.61765396E-02  0.00000000E+00  0.22693852E+00  0.00000000E+00  0.00000000E+00  0.19411298E+09  0.00000000E+00  0.00000000E+00  0.00000000E+00  0.00000000E+00  0.00000000E+00  0.10000000E-01  0.10000000E+01
 0.12400200E-08  0.61765396E-02  0.00000000E+00  0.22887965E+00  0.00000000E+00  0.00000000E+00  0.19411298E+09  0.00000000E+00  0.00000000E+00  0.00000000E+00  0.00000000E+00  0.00000000E+00  0.10000000E-01  0.10000000E+01
 0.12500200E-08  0.61765396E-02  0.00000000E+00  0.23082078E+00  0.00000000E+00  0.00000000E+00  0.19411298E+09  0.00000000E+00  0.00000000E+00  0.00000000E+00  0.00000000E+00  0.00000000E+00  0.10000000E-01  0.10000000E+01
 0.12600200E-08  0.61765396E-02  0.00000000E+00  0.23276191E+00  0.00000000E+00  0.00000000E+00  0.19411298E+09  0.00000000E+00  0.00000000E+00  0.00000000E+00  0.00000000E+00  0.00000000E+00  0.10000000E-01  0.10000000E+01
 0.12700200E-08  0.61765396E-02  0.00000000E+00  0.23470304E+00  0.00000000E+00  0.00000000E+00  0.19411298E+09  0.00000000E+00  0.00000000E+00  0.00000000E+00  0.00000000E+00  0.00000000E+00  0.10000000E-01  0.10000000E+01
 0.12800200E-08  0.61765396E-02  0.00000000E+00  0.23664417E+00  0.00000000E+00  0.00000000E+00  0.19411298E+09  0.00000000E+00  0.00000000E+00  0.00000000E+00  0.00000000E+00  0.00000000E+00  0.10000000E-01  0.10000000E+01
 0.12900200E-08  0.61765396E-02  0.00000000E+00  0.23858530E+00  0.00000000E+00  0.00000000E+00  0.19411298E+09  0.00000000E+00  0.00000000E+00  0.00000000E+00  0.00000000E+00  0.00000000E+00  0.10000000E-01  0.10000000E+01
 0.13000200E-08  0.61765396E-02  0.00000000E+00  0.24052643E+00  0.00000000E+00  0.00000000E+00  0.19411298E+09  0.00000000E+00  0.00000000E+00  0.00000000E+00  0.00000000E+00  0.00000000E+00  0.10000000E-01  0.10000000E+01
 0.13100200E-08  0.61765396E-02  0.00000000E+00  0.24246756E+00  0.00000000E+00  0.00000000E+00  0.19411298E+09  0.00000000E+00  0.00000000E+00  0.00000000E+00  0.00000000E+00  0.00000000E+00  0.10000000E-01  0.10000000E+01
 0.13200200E-08  0.61765396E-02  0.00000000E+00  0.24440869E+00  0.00000000E+00  0.00000000E+00  0.19411298E+09  0.00000000E+00  0.00000000E+00  0.00000000E+00  0.00000000E+00  0.00000000E+00  0.10000000E-01  0.10000000E+01
 0.13300200E-08  0.61765396E-02  0.00000000E+00  0.24634982E+00  0.00000000E+00  0.00000000E+00  0.19411298E+09  0.00000000E+00  0.00000000E+00  0.00000000E+00  0.00000000E+00  0.00000000E+00  0.10000000E-01  0.10000000E+01
 0.13400200E-08  0.61765396E-02  0.00000000E+00  0.24829095E+00  0.00000000E+00  0.00000000E+00  0.19411298E+09  0.00000000E+00  0.00000000E+00  0.00000000E+00  0.00000000E+00  0.00000000E+00  0.10000000E-01  0.10000000E+01
 0.13500200E-08  0.61765396E-02  0.00000000E+00  0.25023208E+00  0.00000000E+00  0.00000000E+00  0.19411298E+09  0.00000000E+00  0.00000000E+00  0.00000000E+00  0.00000000E+00  0.00000000E+00  0.10000000E-01  0.10000000E+01
 0.13600200E-08  0.61765396E-02  0.00000000E+00  0.25217321E+00  0.00000000E+00  0.00000000E+00  0.19411298E+09  0.00000000E+00  0.00000000E+00  0.00000000E+00  0.00000000E+00  0.00000000E+00  0.10000000E-01  0.10000000E+01
 0.13700200E-08  0.61765396E-02  0.00000000E+00  0.25411434E+00  0.00000000E+00  0.00000000E+00  0.19411298E+09  0.00000000E+00  0.00000000E+00  0.00000000E+00  0.00000000E+00  0.00000000E+00  0.10000000E-01  0.10000000E+01
 0.13800200E-08  0.61765396E-02  0.00000000E+00  0.25605547E+00  0.00000000E+00  0.00000000E+00  0.19411298E+09  0.00000000E+00  0.00000000E+00  0.00000000E+00  0.00000000E+00  0.00000000E+00  0.10000000E-01  0.10000000E+01
 0.13900200E-08  0.61765396E-02  0.00000000E+00  0.25799660E+00  0.00000000E+00  0.00000000E+00  0.19411298E+09  0.00000000E+00  0.00000000E+00  0.00000000E+00  0.00000000E+00  0.00000000E+00  0.10000000E-01  0.10000000E+01
 0.14000200E-08  0.61765396E-02  0.00000000E+00  0.25993773E+00  0.00000000E+00  0.00000000E+00  0.19411298E+09  0.00000000E+00  0.00000000E+00  0.00000000E+00  0.00000000E+00  0.00000000E+00  0.10000000E-01  0.10000000E+01
 0.14100200E-08  0.61765396E-02  0.00000000E+00  0.26187886E+00  0.00000000E+00  0.00000000E+00  0.19411298E+09  0.00000000E+00  0.00000000E+00  0.00000000E+00  0.00000000E+00  0.00000000E+00  0.10000000E-01  0.10000000E+01
 0.14200200E-08  0.61765396E-02  0.00000000E+00  0.26381999E+00  0.00000000E+00  0.00000000E+00  0.19411298E+09  0.00000000E+00  0.00000000E+00  0.00000000E+00  0.00000000E+00  0.00000000E+00  0.10000000E-01  0.10000000E+01
 0.14300200E-08  0.61765396E-02  0.00000000E+00  0.26576112E+00  0.00000000E+00  0.00000000E+00  0.19411298E+09  0.00000000E+00  0.00000000E+00  0.00000000E+00  0.00000000E+00  0.00000000E+00  0.10000000E-01  0.10000000E+01
 0.14400200E-08  0.61765396E-02  0.00000000E+00  0.26770225E+00  0.00000000E+00  0.00000000E+00  0.19411298E+09  0.00000000E+00  0.00000000E+00  0.00000000E+00  0.00000000E+00  0.00000000E+00  0.10000000E-01  0.10000000E+01
 0.14500200E-08  0.61765396E-02  0.00000000E+00  0.26964338E+00  0.00000000E+00  0.00000000E+00  0.19411298E+09  0.00000000E+00  0.00000000E+00  0.00000000E+00  0.00000000E+00  0.00000000E+00  0.10000000E-01  0.10000000E+01
 0.14600200E-08  0.61765396E-02  0.00000000E+00  0.27158451E+00  0.00000000E+00  0.00000000E+00  0.19411298E+09  0.00000000E+00  0.00000000E+00  0.00000000E+00  0.00000000E+00  0.00000000E+00  0.10000000E-01  0.10000000E+01
 0.14700200E-08  0.61765396E-02  0.00000000E+00  0.27352564E+00  0.00000000E+00  0.00000000E+00  0.19411298E+09  0.00000000E+00  0.00000000E+00  0.00000000E+00  0.00000000E+00  0.00000000E+00  0.10000000E-01  0.10000000E+01
 0.14800200E-08  0.61765396E-02  0.00000000E+00  0.27546677E+00  0.00000000E+00  0.00000000E+00  0.19411298E+09  0.00000000E+00  0.00000000E+00  0.00000000E+00  0.00000000E+00  0.00000000E+00  0.10000000E-01  0.10000000E+01
 0.14900200E-08  0.61765396E-02  0.00000000E+00  0.27740790E+00  0.00000000E+00  0.00000000E+00  0.19411298E+09  0.00000000E+00  0.00000000E+00  0.00000000E+00  0.00000000E+00  0.00000000E+00  0.10000000E-01  0.10000000E+01
 0.15000200E-08  0.61765396E-02  0.00000000E+00  0.27934903E+00  0.00000000E+00  0.00000000E+00  0.19411298E+09  0.00000000E+00  0.00000000E+00  0.00000000E+00  0.00000000E+00  0.00000000E+00  0.10000000E-01  0.10000000E+01
 0.15100200E-08  0.61765396E-02  0.00000000E+00  0.28129016E+00  0.00000000E+00  0.00000000E+00  0.19411298E+09  0.00000000E+00  0.00000000E+00  0.00000000E+00  0.00000000E+00  0.00000000E+00  0.10000000E-01  0.10000000E+01
 0.15200200E-08  0.61765396E-02  0.00000000E+00  0.28323129E+00  0.00000000E+00  0.00000000E+00  0.19411298E+09  0.00000000E+00  0.00000000E+00  0.00000000E+00  0.00000000E+00  0.00000000E+00  0.10000000E-01  0.10000000E+01
 0.15300200E-08  0.61765396E-02  0.00000000E+00  0.28517242E+00  0.00000000E+00  0.00000000E+00  0.19411298E+09  0.00000000E+00  0.00000000E+00  0.00000000E+00  0.00000000E+00  0.00000000E+00  0.10000000E-01  0.10000000E+01
 0.15400200E-08  0.61765396E-02  0.00000000E+00  0.28711355E+00  0.00000000E+00  0.00000000E+00  0.19411298E+09  0.00000000E+00  0.00000000E+00  0.00000000E+00  0.00000000E+00  0.00000000E+00  0.10000000E-01  0.10000000E+01
 0.15500200E-08  0.61765396E-02  0.00000000E+00  0.28905468E+00  0.00000000E+00  0.00000000E+00  0.19411298E+09  0.00000000E+00  0.00000000E+00  0.00000000E+00  0.00000000E+00  0.00000000E+00  0.10000000E-01  0.10000000E+01
 0.15600200E-08  0.61765396E-02  0.00000000E+00  0.29099581E+00  0.00000000E+00  0.00000000E+00  0.19411298E+09  0.00000000E+00  0.00000000E+00  0.00000000E+00  0.00000000E+00  0.00000000E+00  0.10000000E-01  0.10000000E+01
 0.15700200E-08  0.61765396E-02  0.00000000E+00  0.29293694E+00  0.00000000E+00  0.00000000E+00  0.19411298E+09  0.00000000E+00  0.00000000E+00  0.00000000E+00  0.00000000E+00  0.00000000E+00  0.10000000E-01  0.10000000E+01
 0.15800200E-08  0.61765396E-02  0.00000000E+00  0.29487807E+00  0.00000000E+00  0.00000000E+00  0.19411298E+09  0.00000000E+00  0.00000000E+00  0.00000000E+00  0.00000000E+00  0.00000000E+00  0.10000000E-01  0.10000000E+01
 0.15900200E-08  0.61765396E-02  0.00000000E+00  0.29681920E+00  0.00000000E+00  0.00000000E+00  0.19411298E+09  0.00000000E+00  0.00000000E+00  0.00000000E+00  0.00000000E+00  0.00000000E+00  0.10000000E-01  0.10000000E+01
 0.16000200E-08  0.61765396E-02  0.00000000E+00  0.29876033E+00  0.00000000E+00  0.00000000E+00  0.19411298E+09  0.00000000E+00  0.00000000E+00  0.00000000E+00  0.00000000E+00  0.00000000E+00  0.10000000E-01  0.10000000E+01
 0.16100200E-08  0.61765396E-02  0.00000000E+00  0.30070146E+00  0.00000000E+00  0.00000000E+00  0.19411298E+09  0.00000000E+00  0.00000000E+00  0.00000000E+00  0.00000000E+00  0.00000000E+00  0.10000000E-01  0.10000000E+01
 0.16200200E-08  0.61765396E-02  0.00000000E+00  0.30264259E+00  0.00000000E+00  0.00000000E+00  0.19411298E+09  0.00000000E+00  0.00000000E+00  0.00000000E+00  0.00000000E+00  0.00000000E+00  0.10000000E-01  0.10000000E+01
 0.16300200E-08  0.61765396E-02  0.00000000E+00  0.30458372E+00  0.00000000E+00  0.00000000E+00  0.19411298E+09  0.00000000E+00  0.00000000E+00  0.00000000E+00  0.00000000E+00  0.00000000E+00  0.10000000E-01  0.10000000E+01
 0.16400200E-08  0.61765396E-02  0.00000000E+00  0.30652485E+00  0.00000000E+00  0.00000000E+00  0.19411298E+09  0.00000000E+00  0.00000000E+00  0.00000000E+00  0.00000000E+00  0.00000000E+00  0.10000000E-01  0.10000000E+01
 0.16500200E-08  0.61765396E-02  0.00000000E+00  0.30846598E+00  0.00000000E+00  0.00000000E+00  0.19411298E+09  0.00000000E+00  0.00000000E+00  0.00000000E+00  0.00000000E+00  0.00000000E+00  0.10000000E-01  0.10000000E+01
 0.16600200E-08  0.61765396E-02  0.00000000E+00  0.31040710E+00  0.00000000E+00  0.00000000E+00  0.19411298E+09  0.00000000E+00  0.00000000E+00  0.00000000E+00  0.00000000E+00  0.00000000E+00  0.10000000E-01  0.10000000E+01
 0.16700200E-08  0.61765396E-02  0.00000000E+00  0.31234823E+00  0.00000000E+00  0.00000000E+00  0.19411298E+09  0.00000000E+00  0.00000000E+00  0.00000000E+00  0.00000000E+00  0.00000000E+00  0.10000000E-01  0.10000000E+01
 0.16800200E-08  0.61765396E-02  0.00000000E+00  0.31428936E+00  0.00000000E+00  0.00000000E+00  0.19411298E+09  0.00000000E+00  0.00000000E+00  0.00000000E+00  0.00000000E+00  0.00000000E+00  0.10000000E-01  0.10000000E+01
 0.16900200E-08  0.61765396E-02  0.00000000E+00  0.31623049E+00  0.00000000E+00  0.00000000E+00  0.19411298E+09  0.00000000E+00  0.00000000E+00  0.00000000E+00  0.00000000E+00  0.00000000E+00  0.10000000E-01  0.10000000E+01
 0.17000200E-08  0.61765396E-02  0.00000000E+00  0.31817162E+00  0.00000000E+00  0.00000000E+00  0.19411298E+09  0.00000000E+00  0.00000000E+00  0.00000000E+00  0.00000000E+00  0.00000000E+00  0.10000000E-01  0.10000000E+01
 0.17100200E-08  0.61765396E-02  0.00000000E+00  0.32011275E+00  0.00000000E+00  0.00000000E+00  0.19411298E+09  0.00000000E+00  0.00000000E+00  0.00000000E+00  0.00000000E+00  0.00000000E+00  0.10000000E-01  0.10000000E+01
 0.17200200E-08  0.61765396E-02  0.00000000E+00  0.32205388E+00  0.00000000E+00  0.00000000E+00  0.19411298E+09  0.00000000E+00  0.00000000E+00  0.00000000E+00  0.00000000E+00  0.00000000E+00  0.10000000E-01  0.10000000E+01
 0.17300200E-08  0.61765396E-02  0.00000000E+00  0.32399501E+00  0.00000000E+00  0.00000000E+00  0.19411298E+09  0.00000000E+00  0.00000000E+00  0.00000000E+00  0.00000000E+00  0.00000000E+00  0.10000000E-01  0.10000000E+01
 0.17400200E-08  0.61765396E-02  0.00000000E+00  0.32593614E+00  0.00000000E+00  0.00000000E+00  0.19411298E+09  0.00000000E+00  0.00000000E+00  0.00000000E+00  0.00000000E+00  0.00000000E+00  0.10000000E-01  0.10000000E+01
 0.17500200E-08  0.61765396E-02  0.00000000E+00  0.32787727E+00  0.00000000E+00  0.00000000E+00  0.19411298E+09  0.00000000E+00  0.00000000E+00  0.00000000E+00  0.00000000E+00  0.00000000E+00  0.10000000E-01  0.10000000E+01
 0.17600200E-08  0.61765396E-02  0.00000000E+00  0.32981840E+00  0.00000000E+00  0.00000000E+00  0.19411298E+09  0.00000000E+00  0.00000000E+00  0.00000000E+00  0.00000000E+00  0.00000000E+00  0.10000000E-01  0.10000000E+01
 0.17700200E-08  0.61765396E-02  0.00000000E+00  0.33175953E+00  0.00000000E+00  0.00000000E+00  0.19411298E+09  0.00000000E+00  0.00000000E+00  0.00000000E+00  0.00000000E+00  0.00000000E+00  0.10000000E-01  0.10000000E+01
 0.17800200E-08  0.61765396E-02  0.00000000E+00  0.33370066E+00  0.00000000E+00  0.00000000E+00  0.19411298E+09  0.00000000E+00  0.00000000E+00  0.00000000E+00  0.00000000E+00  0.00000000E+00  0.10000000E-01  0.10000000E+01
 0.17900200E-08  0.61765396E-02  0.00000000E+00  0.33564179E+00  0.00000000E+00  0.00000000E+00  0.19411298E+09  0.00000000E+00  0.00000000E+00  0.00000000E+00  0.00000000E+00  0.00000000E+00  0.10000000E-01  0.10000000E+01
 0.18000200E-08  0.61765396E-02  0.00000000E+00  0.33758292E+00  0.00000000E+00  0.00000000E+00  0.19411298E+09  0.00000000E+00  0.00000000E+00  0.00000000E+00  0.00000000E+00  0.00000000E+00  0.10000000E-01  0.10000000E+01
 0.18100200E-08  0.61765396E-02  0.00000000E+00  0.33952405E+00  0.00000000E+00  0.00000000E+00  0.19411298E+09  0.00000000E+00  0.00000000E+00  0.00000000E+00  0.00000000E+00  0.00000000E+00  0.10000000E-01  0.10000000E+01
 0.18200200E-08  0.61765396E-02  0.00000000E+00  0.34146518E+00  0.00000000E+00  0.00000000E+00  0.19411298E+09  0.00000000E+00  0.00000000E+00  0.00000000E+00  0.00000000E+00  0.00000000E+00  0.10000000E-01  0.10000000E+01
 0.18300200E-08  0.61765396E-02  0.00000000E+00  0.34340631E+00  0.00000000E+00  0.00000000E+00  0.19411298E+09  0.00000000E+00  0.00000000E+00  0.00000000E+00  0.00000000E+00  0.00000000E+00  0.10000000E-01  0.10000000E+01
 0.18400200E-08  0.61765396E-02  0.00000000E+00  0.34534744E+00  0.00000000E+00  0.00000000E+00  0.19411298E+09  0.00000000E+00  0.00000000E+00  0.00000000E+00  0.00000000E+00  0.00000000E+00  0.10000000E-01  0.10000000E+01
 0.18500200E-08  0.61765396E-02  0.00000000E+00  0.34728857E+00  0.00000000E+00  0.00000000E+00  0.19411298E+09  0.00000000E+00  0.00000000E+00  0.00000000E+00  0.00000000E+00  0.00000000E+00  0.10000000E-01  0.10000000E+01
 0.18600200E-08  0.61765396E-02  0.00000000E+00  0.34922970E+00  0.00000000E+00  0.00000000E+00  0.19411298E+09  0.00000000E+00  0.00000000E+00  0.00000000E+00  0.00000000E+00  0.00000000E+00  0.10000000E-01  0.10000000E+01
 0.18700200E-08  0.61765396E-02  0.00000000E+00  0.35117083E+00  0.00000000E+00  0.00000000E+00  0.19411298E+09  0.00000000E+00  0.00000000E+00  0.00000000E+00  0.00000000E+00  0.00000000E+00  0.10000000E-01  0.10000000E+01
 0.18800200E-08  0.61765396E-02  0.00000000E+00  0.35311196E+00  0.00000000E+00  0.00000000E+00  0.19411298E+09  0.00000000E+00  0.00000000E+00  0.00000000E+00  0.00000000E+00  0.00000000E+00  0.10000000E-01  0.10000000E+01
 0.18900200E-08  0.61765396E-02  0.00000000E+00  0.35505309E+00  0.00000000E+00  0.00000000E+00  0.19411298E+09  0.00000000E+00  0.00000000E+00  0.00000000E+00  0.00000000E+00  0.00000000E+00  0.10000000E-01  0.10000000E+01
 0.19000200E-08  0.61765396E-02  0.00000000E+00  0.35699422E+00  0.00000000E+00  0.00000000E+00  0.19411298E+09  0.00000000E+00  0.00000000E+00  0.00000000E+00  0.00000000E+00  0.00000000E+00  0.10000000E-01  0.10000000E+01
 0.19100200E-08  0.61765396E-02  0.00000000E+00  0.35893535E+00  0.00000000E+00  0.00000000E+00  0.19411298E+09  0.00000000E+00  0.00000000E+00  0.00000000E+00  0.00000000E+00  0.00000000E+00  0.10000000E-01  0.10000000E+01
 0.19200200E-08  0.61765396E-02  0.00000000E+00  0.36087648E+00  0.00000000E+00  0.00000000E+00  0.19411298E+09  0.00000000E+00  0.00000000E+00  0.00000000E+00  0.00000000E+00  0.00000000E+00  0.10000000E-01  0.10000000E+01
 0.19300200E-08  0.61765396E-02  0.00000000E+00  0.36281761E+00  0.00000000E+00  0.00000000E+00  0.19411298E+09  0.00000000E+00  0.00000000E+00  0.00000000E+00  0.00000000E+00  0.00000000E+00  0.10000000E-01  0.10000000E+01
 0.19400200E-08  0.61765396E-02  0.00000000E+00  0.36475874E+00  0.00000000E+00  0.00000000E+00  0.19411298E+09  0.00000000E+00  0.00000000E+00  0.00000000E+00  0.00000000E+00  0.00000000E+00  0.10000000E-01  0.10000000E+01
 0.19500200E-08  0.61765396E-02  0.00000000E+00  0.36669987E+00  0.00000000E+00  0.00000000E+00  0.19411298E+09  0.00000000E+00  0.00000000E+00  0.00000000E+00  0.00000000E+00  0.00000000E+00  0.10000000E-01  0.10000000E+01
 0.19600200E-08  0.61765396E-02  0.00000000E+00  0.36864100E+00  0.00000000E+00  0.00000000E+00  0.19411298E+09  0.00000000E+00  0.00000000E+00  0.00000000E+00  0.00000000E+00  0.00000000E+00  0.10000000E-01  0.10000000E+01
 0.19700200E-08  0.61765396E-02  0.00000000E+00  0.37058213E+00  0.00000000E+00  0.00000000E+00  0.19411298E+09  0.00000000E+00  0.00000000E+00  0.00000000E+00  0.00000000E+00  0.00000000E+00  0.10000000E-01  0.10000000E+01
 0.19800200E-08  0.61765396E-02  0.00000000E+00  0.37252326E+00  0.00000000E+00  0.00000000E+00  0.19411298E+09  0.00000000E+00  0.00000000E+00  0.00000000E+00  0.00000000E+00  0.00000000E+00  0.10000000E-01  0.10000000E+01
 0.19900200E-08  0.61765396E-02  0.00000000E+00  0.37446439E+00  0.00000000E+00  0.00000000E+00  0.19411298E+09  0.00000000E+00  0.00000000E+00  0.00000000E+00  0.00000000E+00  0.00000000E+00  0.10000000E-01  0.10000000E+01
