# ptime xp yp zp vx vy vz ex ey ez bx by bz wt
 0.20000000E-13  0.13608154E-01  0.00000000E+00 -0.23937309E-01  0.00000000E+00  0.00000000E+00  0.19600157E+09  0.00000000E+00  0.00000000E+00  0.00000000E+00  0.00000000E+00  0.00000000E+00  0.10000000E-01  0.10000000E+01
 0.10000000E-10  0.13608154E-01  0.00000000E+00 -0.21981213E-01  0.00000000E+00  0.00000000E+00  0.19600157E+09  0.00000000E+00  0.00000000E+00  0.00000000E+00  0.00000000E+00  0.00000000E+00  0.10000000E-01  0.10000000E+01
 0.20000000E-10  0.13608154E-01  0.00000000E+00 -0.20021198E-01  0.00000000E+00  0.00000000E+00  0.19600157E+09  0.00000000E+00  0.00000000E+00  0.00000000E+00  0.00000000E+00  0.00000000E+00  0.10000000E-01  0.10000000E+01
 0.30000000E-10  0.13608154E-01  0.00000000E+00 -0.18061182E-01  0.00000000E+00  0.00000000E+00  0.19600157E+09  0.00000000E+00  0.00000000E+00  0.00000000E+00  0.00000000E+00  0.00000000E+00  0.10000000E-01  0.10000000E+01
 0.40020000E-10  0.13608154E-01  0.00000000E+00 -0.16097246E-01  0.00000000E+00  0.00000000E+00  0.19600157E+09  0.00000000E+00  0.00000000E+00  0.00000000E+00  0.00000000E+00  0.00000000E+00  0.10000000E-01  0.10000000E+01
 0.50020000E-10  0.13608154E-01  0.00000000E+00 -0.14137230E-01  0.00000000E+00  0.00000000E+00  0.19600157E+09  0.00000000E+00  0.00000000E+00  0.00000000E+00  0.00000000E+00  0.00000000E+00  0.10000000E-01  0.10000000E+01
 0.60020000E-10  0.13608154E-01  0.00000000E+00 -0.12177215E-01  0.00000000E+00  0.00000000E+00  0.19600157E+09  0.00000000E+00  0.00000000E+00  0.00000000E+00  0.00000000E+00  0.00000000E+00  0.10000000E-01  0.10000000E+01
 0.70020000E-10  0.13608154E-01  0.00000000E+00 -0.10217199E-01  0.00000000E+00  0.00000000E+00  0.19600157E+09  0.00000000E+00  0.00000000E+00  0.00000000E+00  0.00000000E+00  0.00000000E+00  0.10000000E-01  0.10000000E+01
 0.80000000E-10  0.13608154E-01  0.00000000E+00 -0.82611031E-02  0.00000000E+00  0.00000000E+00  0.19600157E+09  0.00000000E+00  0.00000000E+00  0.00000000E+00  0.00000000E+00  0.00000000E+00  0.10000000E-01  0.10000000E+01
 0.90000000E-10  0.13608154E-01  0.00000000E+00 -0.63010873E-02  0.00000000E+00  0.00000000E+00  0.19600157E+09  0.00000000E+00  0.00000000E+00  0.00000000E+00  0.00000000E+00  0.00000000E+00  0.10000000E-01  0.10000000E+01
 0.10000000E-09  0.13608154E-01  0.00000000E+00 -0.43410716E-02  0.00000000E+00  0.00000000E+00  0.19600157E+09  0.00000000E+00  0.00000000E+00  0.00000000E+00  0.00000000E+00  0.00000000E+00  0.10000000E-01  0.10000000E+01
 0.11000000E-09  0.13608154E-01  0.00000000E+00 -0.23810559E-02  0.00000000E+00  0.00000000E+00  0.19600157E+09  0.00000000E+00  0.00000000E+00  0.00000000E+00  0.00000000E+00  0.00000000E+00  0.10000000E-01  0.10000000E+01
 0.12000000E-09  0.13608154E-01  0.00000000E+00 -0.42104012E-03  0.00000000E+00  0.00000000E+00  0.19600157E+09  0.00000000E+00  0.00000000E+00  0.00000000E+00  0.00000000E+00  0.00000000E+00  0.10000000E-01  0.10000000E+01
 0.13000000E-09  0.13608154E-01  0.00000000E+00  0.15389756E-02  0.00000000E+00  0.00000000E+00  0.19600157E+09  0.00000000E+00  0.00000000E+00  0.00000000E+00  0.00000000E+00  0.00000000E+00  0.10000000E-01  0.10000000E+01
 0.14002000E-09  0.13608154E-01  0.00000000E+00  0.35029114E-02  0.00000000E+00  0.00000000E+00  0.19600157E+09  0.00000000E+00  0.00000000E+00  0.00000000E+00  0.00000000E+00  0.00000000E+00  0.10000000E-01  0.10000000E+01
 0.15002000E-09  0.13608154E-01  0.00000000E+00  0.54629271E-02  0.00000000E+00  0.00000000E+00  0.19600157E+09  0.00000000E+00  0.00000000E+00  0.00000000E+00  0.00000000E+00  0.00000000E+00  0.10000000E-01  0.10000000E+01
 0.16002000E-09  0.13608154E-01  0.00000000E+00  0.74229429E-02  0.00000000E+00  0.00000000E+00  0.19600157E+09  0.00000000E+00  0.00000000E+00  0.00000000E+00  0.00000000E+00  0.00000000E+00  0.10000000E-01  0.10000000E+01
 0.17002000E-09  0.13608154E-01  0.00000000E+00  0.93829586E-02  0.00000000E+00  0.00000000E+00  0.19600157E+09  0.00000000E+00  0.00000000E+00  0.00000000E+00  0.00000000E+00  0.00000000E+00  0.10000000E-01  0.10000000E+01
 0.18002000E-09  0.13608154E-01  0.00000000E+00  0.11342974E-01  0.00000000E+00  0.00000000E+00  0.19600157E+09  0.00000000E+00  0.00000000E+00  0.00000000E+00  0.00000000E+00  0.00000000E+00  0.10000000E-01  0.10000000E+01
 0.19002000E-09  0.13608154E-01  0.00000000E+00  0.13302990E-01  0.00000000E+00  0.00000000E+00  0.19600157E+09  0.00000000E+00  0.00000000E+00  0.00000000E+00  0.00000000E+00  0.00000000E+00  0.10000000E-01  0.10000000E+01
 0.20002000E-09  0.13608154E-01  0.00000000E+00  0.15263006E-01  0.00000000E+00  0.00000000E+00  0.19600157E+09  0.00000000E+00  0.00000000E+00  0.00000000E+00  0.00000000E+00  0.00000000E+00  0.10000000E-01  0.10000000E+01
 0.21002000E-09  0.13608154E-01  0.00000000E+00  0.17223022E-01  0.00000000E+00  0.00000000E+00  0.19600157E+09  0.00000000E+00  0.00000000E+00  0.00000000E+00  0.00000000E+00  0.00000000E+00  0.10000000E-01  0.10000000E+01
 0.22002000E-09  0.13608154E-01  0.00000000E+00  0.19183037E-01  0.00000000E+00  0.00000000E+00  0.19600157E+09  0.00000000E+00  0.00000000E+00  0.00000000E+00  0.00000000E+00  0.00000000E+00  0.10000000E-01  0.10000000E+01
 0.23002000E-09  0.13608154E-01  0.00000000E+00  0.21143053E-01  0.00000000E+00  0.00000000E+00  0.19600157E+09  0.00000000E+00  0.00000000E+00  0.00000000E+00  0.00000000E+00  0.00000000E+00  0.10000000E-01  0.10000000E+01
 0.24002000E-09  0.13608154E-01  0.00000000E+00  0.23103069E-01  0.00000000E+00  0.00000000E+00  0.19600157E+09  0.00000000E+00  0.00000000E+00  0.00000000E+00  0.00000000E+00  0.00000000E+00  0.10000000E-01  0.10000000E+01
 0.25002000E-09  0.13608154E-01  0.00000000E+00  0.25063085E-01  0.00000000E+00  0.00000000E+00  0.19600157E+09  0.00000000E+00  0.00000000E+00  0.00000000E+00  0.00000000E+00  0.00000000E+00  0.10000000E-01  0.10000000E+01
 0.26002000E-09  0.13608154E-01  0.00000000E+00  0.27023100E-01  0.00000000E+00  0.00000000E+00  0.19600157E+09  0.00000000E+00  0.00000000E+00  0.00000000E+00  0.00000000E+00  0.00000000E+00  0.10000000E-01  0.10000000E+01
 0.27002000E-09  0.13608154E-01  0.00000000E+00  0.28983116E-01  0.00000000E+00  0.00000000E+00  0.19600157E+09  0.00000000E+00  0.00000000E+00  0.00000000E+00  0.00000000E+00  0.00000000E+00  0.10000000E-01  0.10000000E+01
 0.28002000E-09  0.13608154E-01  0.00000000E+00  0.30943132E-01  0.00000000E+00  0.00000000E+00  0.19600157E+09  0.00000000E+00  0.00000000E+00  0.00000000E+00  0.00000000E+00  0.00000000E+00  0.10000000E-01  0.10000000E+01
 0.29002000E-09  0.13608154E-01  0.00000000E+00  0.32903147E-01  0.00000000E+00  0.00000000E+00  0.19600157E+09  0.00000000E+00  0.00000000E+00  0.00000000E+00  0.00000000E+00  0.00000000E+00  0.10000000E-01  0.10000000E+01
 0.30000000E-09  0.13608154E-01  0.00000000E+00  0.34859243E-01  0.00000000E+00  0.00000000E+00  0.19600157E+09  0.00000000E+00  0.00000000E+00  0.00000000E+00  0.00000000E+00  0.00000000E+00  0.10000000E-01  0.10000000E+01
 0.31000000E-09  0.13608154E-01  0.00000000E+00  0.36819259E-01  0.00000000E+00  0.00000000E+00  0.19600157E+09  0.00000000E+00  0.00000000E+00  0.00000000E+00  0.00000000E+00  0.00000000E+00  0.10000000E-01  0.10000000E+01
 0.32000000E-09  0.13608154E-01  0.00000000E+00  0.38779275E-01  0.00000000E+00  0.00000000E+00  0.19600157E+09  0.00000000E+00  0.00000000E+00  0.00000000E+00  0.00000000E+00  0.00000000E+00  0.10000000E-01  0.10000000E+01
 0.33000000E-09  0.13608154E-01  0.00000000E+00  0.40739290E-01  0.00000000E+00  0.00000000E+00  0.19600157E+09  0.00000000E+00  0.00000000E+00  0.00000000E+00  0.00000000E+00  0.00000000E+00  0.10000000E-01  0.10000000E+01
 0.34000000E-09  0.13608154E-01  0.00000000E+00  0.42699306E-01  0.00000000E+00  0.00000000E+00  0.19600157E+09  0.00000000E+00  0.00000000E+00  0.00000000E+00  0.00000000E+00  0.00000000E+00  0.10000000E-01  0.10000000E+01
 0.35000000E-09  0.13608154E-01  0.00000000E+00  0.44659322E-01  0.00000000E+00  0.00000000E+00  0.19600157E+09  0.00000000E+00  0.00000000E+00  0.00000000E+00  0.00000000E+00  0.00000000E+00  0.10000000E-01  0.10000000E+01
 0.36000000E-09  0.13608154E-01  0.00000000E+00  0.46619338E-01  0.00000000E+00  0.00000000E+00  0.19600157E+09  0.00000000E+00  0.00000000E+00  0.00000000E+00  0.00000000E+00  0.00000000E+00  0.10000000E-01  0.10000000E+01
 0.37000000E-09  0.13608154E-01  0.00000000E+00  0.48579353E-01  0.00000000E+00  0.00000000E+00  0.19600157E+09  0.00000000E+00  0.00000000E+00  0.00000000E+00  0.00000000E+00  0.00000000E+00  0.10000000E-01  0.10000000E+01
 0.38000000E-09  0.13608154E-01  0.00000000E+00  0.50539369E-01  0.00000000E+00  0.00000000E+00  0.19600157E+09  0.00000000E+00  0.00000000E+00  0.00000000E+00  0.00000000E+00  0.00000000E+00  0.10000000E-01  0.10000000E+01
 0.39000000E-09  0.13608154E-01  0.00000000E+00  0.52499385E-01  0.00000000E+00  0.00000000E+00  0.19600157E+09  0.00000000E+00  0.00000000E+00  0.00000000E+00  0.00000000E+00  0.00000000E+00  0.10000000E-01  0.10000000E+01
 0.40000000E-09  0.13608154E-01  0.00000000E+00  0.54459401E-01  0.00000000E+00  0.00000000E+00  0.19600157E+09  0.00000000E+00  0.00000000E+00  0.00000000E+00  0.00000000E+00  0.00000000E+00  0.10000000E-01  0.10000000E+01
 0.41000000E-09  0.13608154E-01  0.00000000E+00  0.56419416E-01  0.00000000E+00  0.00000000E+00  0.19600157E+09  0.00000000E+00  0.00000000E+00  0.00000000E+00  0.00000000E+00  0.00000000E+00  0.10000000E-01  0.10000000E+01
 0.42000000E-09  0.13608154E-01  0.00000000E+00  0.58379432E-01  0.00000000E+00  0.00000000E+00  0.19600157E+09  0.00000000E+00  0.00000000E+00  0.00000000E+00  0.00000000E+00  0.00000000E+00  0.10000000E-01  0.10000000E+01
 0.43000000E-09  0.13608154E-01  0.00000000E+00  0.60339448E-01  0.00000000E+00  0.00000000E+00  0.19600157E+09  0.00000000E+00  0.00000000E+00  0.00000000E+00  0.00000000E+00  0.00000000E+00  0.10000000E-01  0.10000000E+01
 0.44000000E-09  0.13608154E-01  0.00000000E+00  0.62299464E-01  0.00000000E+00  0.00000000E+00  0.19600157E+09  0.00000000E+00  0.00000000E+00  0.00000000E+00  0.00000000E+00  0.00000000E+00  0.10000000E-01  0.10000000E+01
 0.45000000E-09  0.13608154E-01  0.00000000E+00  0.64259479E-01  0.00000000E+00  0.00000000E+00  0.19600157E+09  0.00000000E+00  0.00000000E+00  0.00000000E+00  0.00000000E+00  0.00000000E+00  0.10000000E-01  0.10000000E+01
 0.46000000E-09  0.13608154E-01  0.00000000E+00  0.66219495E-01  0.00000000E+00  0.00000000E+00  0.19600157E+09  0.00000000E+00  0.00000000E+00  0.00000000E+00  0.00000000E+00  0.00000000E+00  0.10000000E-01  0.10000000E+01
 0.47000000E-09  0.13608154E-01  0.00000000E+00  0.68179511E-01  0.00000000E+00  0.00000000E+00  0.19600157E+09  0.00000000E+00  0.00000000E+00  0.00000000E+00  0.00000000E+00  0.00000000E+00  0.10000000E-01  0.10000000E+01
 0.48000000E-09  0.13608154E-01  0.00000000E+00  0.70139527E-01  0.00000000E+00  0.00000000E+00  0.19600157E+09  0.00000000E+00  0.00000000E+00  0.00000000E+00  0.00000000E+00  0.00000000E+00  0.10000000E-01  0.10000000E+01
 0.49000000E-09  0.13608154E-01  0.00000000E+00  0.72099542E-01  0.00000000E+00  0.00000000E+00  0.19600157E+09  0.00000000E+00  0.00000000E+00  0.00000000E+00  0.00000000E+00  0.00000000E+00  0.10000000E-01  0.10000000E+01
 0.50000000E-09  0.13608154E-01  0.00000000E+00  0.74059558E-01  0.00000000E+00  0.00000000E+00  0.19600157E+09  0.00000000E+00  0.00000000E+00  0.00000000E+00  0.00000000E+00  0.00000000E+00  0.10000000E-01  0.10000000E+01
 0.51000000E-09  0.13608154E-01  0.00000000E+00  0.76019574E-01  0.00000000E+00  0.00000000E+00  0.19600157E+09  0.00000000E+00  0.00000000E+00  0.00000000E+00  0.00000000E+00  0.00000000E+00  0.10000000E-01  0.10000000E+01
 0.52000000E-09  0.13608154E-01  0.00000000E+00  0.77979589E-01  0.00000000E+00  0.00000000E+00  0.19600157E+09  0.00000000E+00  0.00000000E+00  0.00000000E+00  0.00000000E+00  0.00000000E+00  0.10000000E-01  0.10000000E+01
 0.53000000E-09  0.13608154E-01  0.00000000E+00  0.79939605E-01  0.00000000E+00  0.00000000E+00  0.19600157E+09  0.00000000E+00  0.00000000E+00  0.00000000E+00  0.00000000E+00  0.00000000E+00  0.10000000E-01  0.10000000E+01
 0.54000000E-09  0.13608154E-01  0.00000000E+00  0.81899621E-01  0.00000000E+00  0.00000000E+00  0.19600157E+09  0.00000000E+00  0.00000000E+00  0.00000000E+00  0.00000000E+00  0.00000000E+00  0.10000000E-01  0.10000000E+01
 0.55002000E-09  0.13608154E-01  0.00000000E+00  0.83863557E-01  0.00000000E+00  0.00000000E+00  0.19600157E+09  0.00000000E+00  0.00000000E+00  0.00000000E+00  0.00000000E+00  0.00000000E+00  0.10000000E-01  0.10000000E+01
 0.56002000E-09  0.13608154E-01  0.00000000E+00  0.85823572E-01  0.00000000E+00  0.00000000E+00  0.19600157E+09  0.00000000E+00  0.00000000E+00  0.00000000E+00  0.00000000E+00  0.00000000E+00  0.10000000E-01  0.10000000E+01
 0.57002000E-09  0.13608154E-01  0.00000000E+00  0.87783588E-01  0.00000000E+00  0.00000000E+00  0.19600157E+09  0.00000000E+00  0.00000000E+00  0.00000000E+00  0.00000000E+00  0.00000000E+00  0.10000000E-01  0.10000000E+01
 0.58002000E-09  0.13608154E-01  0.00000000E+00  0.89743604E-01  0.00000000E+00  0.00000000E+00  0.19600157E+09  0.00000000E+00  0.00000000E+00  0.00000000E+00  0.00000000E+00  0.00000000E+00  0.10000000E-01  0.10000000E+01
 0.59002000E-09  0.13608154E-01  0.00000000E+00  0.91703620E-01  0.00000000E+00  0.00000000E+00  0.19600157E+09  0.00000000E+00  0.00000000E+00  0.00000000E+00  0.00000000E+00  0.00000000E+00  0.10000000E-01  0.10000000E+01
 0.60002000E-09  0.13608154E-01  0.00000000E+00  0.93663635E-01  0.00000000E+00  0.00000000E+00  0.19600157E+09  0.00000000E+00  0.00000000E+00  0.00000000E+00  0.00000000E+00  0.00000000E+00  0.10000000E-01  0.10000000E+01
 0.61002000E-09  0.13608154E-01  0.00000000E+00  0.95623651E-01  0.00000000E+00  0.00000000E+00  0.19600157E+09  0.00000000E+00  0.00000000E+00  0.00000000E+00  0.00000000E+00  0.00000000E+00  0.10000000E-01  0.10000000E+01
 0.62002000E-09  0.13608154E-01  0.00000000E+00  0.97583667E-01  0.00000000E+00  0.00000000E+00  0.19600157E+09  0.00000000E+00  0.00000000E+00  0.00000000E+00  0.00000000E+00  0.00000000E+00  0.10000000E-01  0.10000000E+01
 0.63002000E-09  0.13608154E-01  0.00000000E+00  0.99543683E-01  0.00000000E+00  0.00000000E+00  0.19600157E+09  0.00000000E+00  0.00000000E+00  0.00000000E+00  0.00000000E+00  0.00000000E+00  0.10000000E-01  0.10000000E+01
 0.64002000E-09  0.13608154E-01  0.00000000E+00  0.10150370E+00  0.00000000E+00  0.00000000E+00  0.19600157E+09  0.00000000E+00  0.00000000E+00  0.00000000E+00  0.00000000E+00  0.00000000E+00  0.10000000E-01  0.10000000E+01
 0.65002000E-09  0.13608154E-01  0.00000000E+00  0.10346371E+00  0.00000000E+00  0.00000000E+00  0.19600157E+09  0.00000000E+00  0.00000000E+00  0.00000000E+00  0.00000000E+00  0.00000000E+00  0.10000000E-01  0.10000000E+01
 0.66002000E-09  0.13608154E-01  0.00000000E+00  0.10542373E+00  0.00000000E+00  0.00000000E+00  0.19600157E+09  0.00000000E+00  0.00000000E+00  0.00000000E+00  0.00000000E+00  0.00000000E+00  0.10000000E-01  0.10000000E+01
 0.67002000E-09  0.13608154E-01  0.00000000E+00  0.10738375E+00  0.00000000E+00  0.00000000E+00  0.19600157E+09  0.00000000E+00  0.00000000E+00  0.00000000E+00  0.00000000E+00  0.00000000E+00  0.10000000E-01  0.10000000E+01
 0.68002000E-09  0.13608154E-01  0.00000000E+00  0.10934376E+00  0.00000000E+00  0.00000000E+00  0.19600157E+09  0.00000000E+00  0.00000000E+00  0.00000000E+00  0.00000000E+00  0.00000000E+00  0.10000000E-01  0.10000000E+01
 0.69002000E-09  0.13608154E-01  0.00000000E+00  0.11130378E+00  0.00000000E+00  0.00000000E+00  0.19600157E+09  0.00000000E+00  0.00000000E+00  0.00000000E+00  0.00000000E+00  0.00000000E+00  0.10000000E-01  0.10000000E+01
 0.70002000E-09  0.13608154E-01  0.00000000E+00  0.11326379E+00  0.00000000E+00  0.00000000E+00  0.19600157E+09  0.00000000E+00  0.00000000E+00  0.00000000E+00  0.00000000E+00  0.00000000E+00  0.10000000E-01  0.10000000E+01
 0.71002000E-09  0.13608154E-01  0.00000000E+00  0.11522381E+00  0.00000000E+00  0.00000000E+00  0.19600157E+09  0.00000000E+00  0.00000000E+00  0.00000000E+00  0.00000000E+00  0.00000000E+00  0.10000000E-01  0.10000000E+01
 0.72002000E-09  0.13608154E-01  0.00000000E+00  0.11718382E+00  0.00000000E+00  0.00000000E+00  0.19600157E+09  0.00000000E+00  0.00000000E+00  0.00000000E+00  0.00000000E+00  0.00000000E+00  0.10000000E-01  0.10000000E+01
 0.73002000E-09  0.13608154E-01  0.00000000E+00  0.11914384E+00  0.00000000E+00  0.00000000E+00  0.19600157E+09  0.00000000E+00  0.00000000E+00  0.00000000E+00  0.00000000E+00  0.00000000E+00  0.10000000E-01  0.10000000E+01
 0.74002000E-09  0.13608154E-01  0.00000000E+00  0.12110386E+00  0.00000000E+00  0.00000000E+00  0.19600157E+09  0.00000000E+00  0.00000000E+00  0.00000000E+00  0.00000000E+00  0.00000000E+00  0.10000000E-01  0.10000000E+01
 0.75002000E-09  0.13608154E-01  0.00000000E+00  0.12306387E+00  0.00000000E+00  0.00000000E+00  0.19600157E+09  0.00000000E+00  0.00000000E+00  0.00000000E+00  0.00000000E+00  0.00000000E+00  0.10000000E-01  0.10000000E+01
 0.76002000E-09  0.13608154E-01  0.00000000E+00  0.12502389E+00  0.00000000E+00  0.00000000E+00  0.19600157E+09  0.00000000E+00  0.00000000E+00  0.00000000E+00  0.00000000E+00  0.00000000E+00  0.10000000E-01  0.10000000E+01
 0.77002000E-09  0.13608154E-01  0.00000000E+00  0.12698390E+00  0.00000000E+00  0.00000000E+00  0.19600157E+09  0.00000000E+00  0.00000000E+00  0.00000000E+00  0.00000000E+00  0.00000000E+00  0.10000000E-01  0.10000000E+01
 0.78002000E-09  0.13608154E-01  0.00000000E+00  0.12894392E+00  0.00000000E+00  0.00000000E+00  0.19600157E+09  0.00000000E+00  0.00000000E+00  0.00000000E+00  0.00000000E+00  0.00000000E+00  0.10000000E-01  0.10000000E+01
 0.79002000E-09  0.13608154E-01  0.00000000E+00  0.13090393E+00  0.00000000E+00  0.00000000E+00  0.19600157E+09  0.00000000E+00  0.00000000E+00  0.00000000E+00  0.00000000E+00  0.00000000E+00  0.10000000E-01  0.10000000E+01
 0.80002000E-09  0.13608154E-01  0.00000000E+00  0.13286395E+00  0.00000000E+00  0.00000000E+00  0.19600157E+09  0.00000000E+00  0.00000000E+00  0.00000000E+00  0.00000000E+00  0.00000000E+00  0.10000000E-01  0.10000000E+01
 0.81002000E-09  0.13608154E-01  0.00000000E+00  0.13482397E+00  0.00000000E+00  0.00000000E+00  0.19600157E+09  0.00000000E+00  0.00000000E+00  0.00000000E+00  0.00000000E+00  0.00000000E+00  0.10000000E-01  0.10000000E+01
 0.82002000E-09  0.13608154E-01  0.00000000E+00  0.13678398E+00  0.00000000E+00  0.00000000E+00  0.19600157E+09  0.00000000E+00  0.00000000E+00  0.00000000E+00  0.00000000E+00  0.00000000E+00  0.10000000E-01  0.10000000E+01
 0.83002000E-09  0.13608154E-01  0.00000000E+00  0.13874400E+00  0.00000000E+00  0.00000000E+00  0.19600157E+09  0.00000000E+00  0.00000000E+00  0.00000000E+00  0.00000000E+00  0.00000000E+00  0.10000000E-01  0.10000000E+01
 0.84002000E-09  0.13608154E-01  0.00000000E+00  0.14070401E+00  0.00000000E+00  0.00000000E+00  0.19600157E+09  0.00000000E+00  0.00000000E+00  0.00000000E+00  0.00000000E+00  0.00000000E+00  0.10000000E-01  0.10000000E+01
 0.85002000E-09  0.13608154E-01  0.00000000E+00  0.14266403E+00  0.00000000E+00  0.00000000E+00  0.19600157E+09  0.00000000E+00  0.00000000E+00  0.00000000E+00  0.00000000E+00  0.00000000E+00  0.10000000E-01  0.10000000E+01
 0.86002000E-09  0.13608154E-01  0.00000000E+00  0.14462404E+00  0.00000000E+00  0.00000000E+00  0.19600157E+09  0.00000000E+00  0.00000000E+00  0.00000000E+00  0.00000000E+00  0.00000000E+00  0.10000000E-01  0.10000000E+01
 0.87002000E-09  0.13608154E-01  0.00000000E+00  0.14658406E+00  0.00000000E+00  0.00000000E+00  0.19600157E+09  0.00000000E+00  0.00000000E+00  0.00000000E+00  0.00000000E+00  0.00000000E+00  0.10000000E-01  0.10000000E+01
 0.88002000E-09  0.13608154E-01  0.00000000E+00  0.14854408E+00  0.00000000E+00  0.00000000E+00  0.19600157E+09  0.00000000E+00  0.00000000E+00  0.00000000E+00  0.00000000E+00  0.00000000E+00  0.10000000E-01  0.10000000E+01
 0.89002000E-09  0.13608154E-01  0.00000000E+00  0.15050409E+00  0.00000000E+00  0.00000000E+00  0.19600157E+09  0.00000000E+00  0.00000000E+00  0.00000000E+00  0.00000000E+00  0.00000000E+00  0.10000000E-01  0.10000000E+01
 0.90002000E-09  0.13608154E-01  0.00000000E+00  0.15246411E+00  0.00000000E+00  0.00000000E+00  0.19600157E+09  0.00000000E+00  0.00000000E+00  0.00000000E+00  0.00000000E+00  0.00000000E+00  0.10000000E-01  0.10000000E+01
 0.91002000E-09  0.13608154E-01  0.00000000E+00  0.15442412E+00  0.00000000E+00  0.00000000E+00  0.19600157E+09  0.00000000E+00  0.00000000E+00  0.00000000E+00  0.00000000E+00  0.00000000E+00  0.10000000E-01  0.10000000E+01
 0.92002000E-09  0.13608154E-01  0.00000000E+00  0.15638414E+00  0.00000000E+00  0.00000000E+00  0.19600157E+09  0.00000000E+00  0.00000000E+00  0.00000000E+00  0.00000000E+00  0.00000000E+00  0.10000000E-01  0.10000000E+01
 0.93002000E-09  0.13608154E-01  0.00000000E+00  0.15834415E+00  0.00000000E+00  0.00000000E+00  0.19600157E+09  0.00000000E+00  0.00000000E+00  0.00000000E+00  0.00000000E+00  0.00000000E+00  0.10000000E-01  0.10000000E+01
 0.94002000E-09  0.13608154E-01  0.00000000E+00  0.16030417E+00  0.00000000E+00  0.00000000E+00  0.19600157E+09  0.00000000E+00  0.00000000E+00  0.00000000E+00  0.00000000E+00  0.00000000E+00  0.10000000E-01  0.10000000E+01
 0.95002000E-09  0.13608154E-01  0.00000000E+00  0.16226419E+00  0.00000000E+00  0.00000000E+00  0.19600157E+09  0.00000000E+00  0.00000000E+00  0.00000000E+00  0.00000000E+00  0.00000000E+00  0.10000000E-01  0.10000000E+01
 0.96002000E-09  0.13608154E-01  0.00000000E+00  0.16422420E+00  0.00000000E+00  0.00000000E+00  0.19600157E+09  0.00000000E+00  0.00000000E+00  0.00000000E+00  0.00000000E+00  0.00000000E+00  0.10000000E-01  0.10000000E+01
 0.97002000E-09  0.13608154E-01  0.00000000E+00  0.16618422E+00  0.00000000E+00  0.00000000E+00  0.19600157E+09  0.00000000E+00  0.00000000E+00  0.00000000E+00  0.00000000E+00  0.00000000E+00  0.10000000E-01  0.10000000E+01
 0.98002000E-09  0.13608154E-01  0.00000000E+00  0.16814423E+00  0.00000000E+00  0.00000000E+00  0.19600157E+09  0.00000000E+00  0.00000000E+00  0.00000000E+00  0.00000000E+00  0.00000000E+00  0.10000000E-01  0.10000000E+01
 0.99002000E-09  0.13608154E-01  0.00000000E+00  0.17010425E+00  0.00000000E+00  0.00000000E+00  0.19600157E+09  0.00000000E+00  0.00000000E+00  0.00000000E+00  0.00000000E+00  0.00000000E+00  0.10000000E-01  0.10000000E+01
 0.10000200E-08  0.13608154E-01  0.00000000E+00  0.17206427E+00  0.00000000E+00  0.00000000E+00  0.19600157E+09  0.00000000E+00  0.00000000E+00  0.00000000E+00  0.00000000E+00  0.00000000E+00  0.10000000E-01  0.10000000E+01
 0.10100200E-08  0.13608154E-01  0.00000000E+00  0.17402428E+00  0.00000000E+00  0.00000000E+00  0.19600157E+09  0.00000000E+00  0.00000000E+00  0.00000000E+00  0.00000000E+00  0.00000000E+00  0.10000000E-01  0.10000000E+01
 0.10200200E-08  0.13608154E-01  0.00000000E+00  0.17598430E+00  0.00000000E+00  0.00000000E+00  0.19600157E+09  0.00000000E+00  0.00000000E+00  0.00000000E+00  0.00000000E+00  0.00000000E+00  0.10000000E-01  0.10000000E+01
 0.10300200E-08  0.13608154E-01  0.00000000E+00  0.17794431E+00  0.00000000E+00  0.00000000E+00  0.19600157E+09  0.00000000E+00  0.00000000E+00  0.00000000E+00  0.00000000E+00  0.00000000E+00  0.10000000E-01  0.10000000E+01
 0.10400200E-08  0.13608154E-01  0.00000000E+00  0.17990433E+00  0.00000000E+00  0.00000000E+00  0.19600157E+09  0.00000000E+00  0.00000000E+00  0.00000000E+00  0.00000000E+00  0.00000000E+00  0.10000000E-01  0.10000000E+01
 0.10500200E-08  0.13608154E-01  0.00000000E+00  0.18186434E+00  0.00000000E+00  0.00000000E+00  0.19600157E+09  0.00000000E+00  0.00000000E+00  0.00000000E+00  0.00000000E+00  0.00000000E+00  0.10000000E-01  0.10000000E+01
 0.10600200E-08  0.13608154E-01  0.00000000E+00  0.18382436E+00  0.00000000E+00  0.00000000E+00  0.19600157E+09  0.00000000E+00  0.00000000E+00  0.00000000E+00  0.00000000E+00  0.00000000E+00  0.10000000E-01  0.10000000E+01
 0.10700200E-08  0.13608154E-01  0.00000000E+00  0.18578438E+00  0.00000000E+00  0.00000000E+00  0.19600157E+09  0.00000000E+00  0.00000000E+00  0.00000000E+00  0.00000000E+00  0.00000000E+00  0.10000000E-01  0.10000000E+01
 0.10800200E-08  0.13608154E-01  0.00000000E+00  0.18774439E+00  0.00000000E+00  0.00000000E+00  0.19600157E+09  0.00000000E+00  0.00000000E+00  0.00000000E+00  0.00000000E+00  0.00000000E+00  0.10000000E-01  0.10000000E+01
 0.10900200E-08  0.13608154E-01  0.00000000E+00  0.18970441E+00  0.00000000E+00  0.00000000E+00  0.19600157E+09  0.00000000E+00  0.00000000E+00  0.00000000E+00  0.00000000E+00  0.00000000E+00  0.10000000E-01  0.10000000E+01
 0.11000200E-08  0.13608154E-01  0.00000000E+00  0.19166442E+00  0.00000000E+00  0.00000000E+00  0.19600157E+09  0.00000000E+00  0.00000000E+00  0.00000000E+00  0.00000000E+00  0.00000000E+00  0.10000000E-01  0.10000000E+01
 0.11100200E-08  0.13608154E-01  0.00000000E+00  0.19362444E+00  0.00000000E+00  0.00000000E+00  0.19600157E+09  0.00000000E+00  0.00000000E+00  0.00000000E+00  0.00000000E+00  0.00000000E+00  0.10000000E-01  0.10000000E+01
 0.11200200E-08  0.13608154E-01  0.00000000E+00  0.19558445E+00  0.00000000E+00  0.00000000E+00  0.19600157E+09  0.00000000E+00  0.00000000E+00  0.00000000E+00  0.00000000E+00  0.00000000E+00  0.10000000E-01  0.10000000E+01
 0.11300200E-08  0.13608154E-01  0.00000000E+00  0.19754447E+00  0.00000000E+00  0.00000000E+00  0.19600157E+09  0.00000000E+00  0.00000000E+00  0.00000000E+00  0.00000000E+00  0.00000000E+00  0.10000000E-01  0.10000000E+01
 0.11400200E-08  0.13608154E-01  0.00000000E+00  0.19950449E+00  0.00000000E+00  0.00000000E+00  0.19600157E+09  0.00000000E+00  0.00000000E+00  0.00000000E+00  0.00000000E+00  0.00000000E+00  0.10000000E-01  0.10000000E+01
 0.11500200E-08  0.13608154E-01  0.00000000E+00  0.20146450E+00  0.00000000E+00  0.00000000E+00  0.19600157E+09  0.00000000E+00  0.00000000E+00  0.00000000E+00  0.00000000E+00  0.00000000E+00  0.10000000E-01  0.10000000E+01
 0.11600200E-08  0.13608154E-01  0.00000000E+00  0.20342452E+00  0.00000000E+00  0.00000000E+00  0.19600157E+09  0.00000000E+00  0.00000000E+00  0.00000000E+00  0.00000000E+00  0.00000000E+00  0.10000000E-01  0.10000000E+01
 0.11700200E-08  0.13608154E-01  0.00000000E+00  0.20538453E+00  0.00000000E+00  0.00000000E+00  0.19600157E+09  0.00000000E+00  0.00000000E+00  0.00000000E+00  0.00000000E+00  0.00000000E+00  0.10000000E-01  0.10000000E+01
 0.11800200E-08  0.13608154E-01  0.00000000E+00  0.20734455E+00  0.00000000E+00  0.00000000E+00  0.19600157E+09  0.00000000E+00  0.00000000E+00  0.00000000E+00  0.00000000E+00  0.00000000E+00  0.10000000E-01  0.10000000E+01
 0.11900200E-08  0.13608154E-01  0.00000000E+00  0.20930456E+00  0.00000000E+00  0.00000000E+00  0.19600157E+09  0.00000000E+00  0.00000000E+00  0.00000000E+00  0.00000000E+00  0.00000000E+00  0.10000000E-01  0.10000000E+01
 0.12000200E-08  0.13608154E-01  0.00000000E+00  0.21126458E+00  0.00000000E+00  0.00000000E+00  0.19600157E+09  0.00000000E+00  0.00000000E+00  0.00000000E+00  0.00000000E+00  0.00000000E+00  0.10000000E-01  0.10000000E+01
 0.12100200E-08  0.13608154E-01  0.00000000E+00  0.21322460E+00  0.00000000E+00  0.00000000E+00  0.19600157E+09  0.00000000E+00  0.00000000E+00  0.00000000E+00  0.00000000E+00  0.00000000E+00  0.10000000E-01  0.10000000E+01
 0.12200200E-08  0.13608154E-01  0.00000000E+00  0.21518461E+00  0.00000000E+00  0.00000000E+00  0.19600157E+09  0.00000000E+00  0.00000000E+00  0.00000000E+00  0.00000000E+00  0.00000000E+00  0.10000000E-01  0.10000000E+01
 0.12300200E-08  0.13608154E-01  0.00000000E+00  0.21714463E+00  0.00000000E+00  0.00000000E+00  0.19600157E+09  0.00000000E+00  0.00000000E+00  0.00000000E+00  0.00000000E+00  0.00000000E+00  0.10000000E-01  0.10000000E+01
 0.12400200E-08  0.13608154E-01  0.00000000E+00  0.21910464E+00  0.00000000E+00  0.00000000E+00  0.19600157E+09  0.00000000E+00  0.00000000E+00  0.00000000E+00  0.00000000E+00  0.00000000E+00  0.10000000E-01  0.10000000E+01
 0.12500200E-08  0.13608154E-01  0.00000000E+00  0.22106466E+00  0.00000000E+00  0.00000000E+00  0.19600157E+09  0.00000000E+00  0.00000000E+00  0.00000000E+00  0.00000000E+00  0.00000000E+00  0.10000000E-01  0.10000000E+01
 0.12600200E-08  0.13608154E-01  0.00000000E+00  0.22302467E+00  0.00000000E+00  0.00000000E+00  0.19600157E+09  0.00000000E+00  0.00000000E+00  0.00000000E+00  0.00000000E+00  0.00000000E+00  0.10000000E-01  0.10000000E+01
 0.12700200E-08  0.13608154E-01  0.00000000E+00  0.22498469E+00  0.00000000E+00  0.00000000E+00  0.19600157E+09  0.00000000E+00  0.00000000E+00  0.00000000E+00  0.00000000E+00  0.00000000E+00  0.10000000E-01  0.10000000E+01
 0.12800200E-08  0.13608154E-01  0.00000000E+00  0.22694471E+00  0.00000000E+00  0.00000000E+00  0.19600157E+09  0.00000000E+00  0.00000000E+00  0.00000000E+00  0.00000000E+00  0.00000000E+00  0.10000000E-01  0.10000000E+01
 0.12900200E-08  0.13608154E-01  0.00000000E+00  0.22890472E+00  0.00000000E+00  0.00000000E+00  0.19600157E+09  0.00000000E+00  0.00000000E+00  0.00000000E+00  0.00000000E+00  0.00000000E+00  0.10000000E-01  0.10000000E+01
 0.13000200E-08  0.13608154E-01  0.00000000E+00  0.23086474E+00  0.00000000E+00  0.00000000E+00  0.19600157E+09  0.00000000E+00  0.00000000E+00  0.00000000E+00  0.00000000E+00  0.00000000E+00  0.10000000E-01  0.10000000E+01
 0.13100200E-08  0.13608154E-01  0.00000000E+00  0.23282475E+00  0.00000000E+00  0.00000000E+00  0.19600157E+09  0.00000000E+00  0.00000000E+00  0.00000000E+00  0.00000000E+00  0.00000000E+00  0.10000000E-01  0.10000000E+01
 0.13200200E-08  0.13608154E-01  0.00000000E+00  0.23478477E+00  0.00000000E+00  0.00000000E+00  0.19600157E+09  0.00000000E+00  0.00000000E+00  0.00000000E+00  0.00000000E+00  0.00000000E+00  0.10000000E-01  0.10000000E+01
 0.13300200E-08  0.13608154E-01  0.00000000E+00  0.23674478E+00  0.00000000E+00  0.00000000E+00  0.19600157E+09  0.00000000E+00  0.00000000E+00  0.00000000E+00  0.00000000E+00  0.00000000E+00  0.10000000E-01  0.10000000E+01
 0.13400200E-08  0.13608154E-01  0.00000000E+00  0.23870480E+00  0.00000000E+00  0.00000000E+00  0.19600157E+09  0.00000000E+00  0.00000000E+00  0.00000000E+00  0.00000000E+00  0.00000000E+00  0.10000000E-01  0.10000000E+01
 0.13500200E-08  0.13608154E-01  0.00000000E+00  0.24066482E+00  0.00000000E+00  0.00000000E+00  0.19600157E+09  0.00000000E+00  0.00000000E+00  0.00000000E+00  0.00000000E+00  0.00000000E+00  0.10000000E-01  0.10000000E+01
 0.13600200E-08  0.13608154E-01  0.00000000E+00  0.24262483E+00  0.00000000E+00  0.00000000E+00  0.19600157E+09  0.00000000E+00  0.00000000E+00  0.00000000E+00  0.00000000E+00  0.00000000E+00  0.10000000E-01  0.10000000E+01
 0.13700200E-08  0.13608154E-01  0.00000000E+00  0.24458485E+00  0.00000000E+00  0.00000000E+00  0.19600157E+09  0.00000000E+00  0.00000000E+00  0.00000000E+00  0.00000000E+00  0.00000000E+00  0.10000000E-01  0.10000000E+01
 0.13800200E-08  0.13608154E-01  0.00000000E+00  0.24654486E+00  0.00000000E+00  0.00000000E+00  0.19600157E+09  0.00000000E+00  0.00000000E+00  0.00000000E+00  0.00000000E+00  0.00000000E+00  0.10000000E-01  0.10000000E+01
 0.13900200E-08  0.13608154E-01  0.00000000E+00  0.24850488E+00  0.00000000E+00  0.00000000E+00  0.19600157E+09  0.00000000E+00  0.00000000E+00  0.00000000E+00  0.00000000E+00  0.00000000E+00  0.10000000E-01  0.10000000E+01
 0.14000200E-08  0.13608154E-01  0.00000000E+00  0.25046489E+00  0.00000000E+00  0.00000000E+00  0.19600157E+09  0.00000000E+00  0.00000000E+00  0.00000000E+00  0.00000000E+00  0.00000000E+00  0.10000000E-01  0.10000000E+01
 0.14100200E-08  0.13608154E-01  0.00000000E+00  0.25242491E+00  0.00000000E+00  0.00000000E+00  0.19600157E+09  0.00000000E+00  0.00000000E+00  0.00000000E+00  0.00000000E+00  0.00000000E+00  0.10000000E-01  0.10000000E+01
 0.14200200E-08  0.13608154E-01  0.00000000E+00  0.25438493E+00  0.00000000E+00  0.00000000E+00  0.19600157E+09  0.00000000E+00  0.00000000E+00  0.00000000E+00  0.00000000E+00  0.00000000E+00  0.10000000E-01  0.10000000E+01
 0.14300200E-08  0.13608154E-01  0.00000000E+00  0.25634494E+00  0.00000000E+00  0.00000000E+00  0.19600157E+09  0.00000000E+00  0.00000000E+00  0.00000000E+00  0.00000000E+00  0.00000000E+00  0.10000000E-01  0.10000000E+01
 0.14400200E-08  0.13608154E-01  0.00000000E+00  0.25830496E+00  0.00000000E+00  0.00000000E+00  0.19600157E+09  0.00000000E+00  0.00000000E+00  0.00000000E+00  0.00000000E+00  0.00000000E+00  0.10000000E-01  0.10000000E+01
 0.14500200E-08  0.13608154E-01  0.00000000E+00  0.26026497E+00  0.00000000E+00  0.00000000E+00  0.19600157E+09  0.00000000E+00  0.00000000E+00  0.00000000E+00  0.00000000E+00  0.00000000E+00  0.10000000E-01  0.10000000E+01
 0.14600200E-08  0.13608154E-01  0.00000000E+00  0.26222499E+00  0.00000000E+00  0.00000000E+00  0.19600157E+09  0.00000000E+00  0.00000000E+00  0.00000000E+00  0.00000000E+00  0.00000000E+00  0.10000000E-01  0.10000000E+01
 0.14700200E-08  0.13608154E-01  0.00000000E+00  0.26418500E+00  0.00000000E+00  0.00000000E+00  0.19600157E+09  0.00000000E+00  0.00000000E+00  0.00000000E+00  0.00000000E+00  0.00000000E+00  0.10000000E-01  0.10000000E+01
 0.14800200E-08  0.13608154E-01  0.00000000E+00  0.26614502E+00  0.00000000E+00  0.00000000E+00  0.19600157E+09  0.00000000E+00  0.00000000E+00  0.00000000E+00  0.00000000E+00  0.00000000E+00  0.10000000E-01  0.10000000E+01
 0.14900200E-08  0.13608154E-01  0.00000000E+00  0.26810504E+00  0.00000000E+00  0.00000000E+00  0.19600157E+09  0.00000000E+00  0.00000000E+00  0.00000000E+00  0.00000000E+00  0.00000000E+00  0.10000000E-01  0.10000000E+01
 0.15000200E-08  0.13608154E-01  0.00000000E+00  0.27006505E+00  0.00000000E+00  0.00000000E+00  0.19600157E+09  0.00000000E+00  0.00000000E+00  0.00000000E+00  0.00000000E+00  0.00000000E+00  0.10000000E-01  0.10000000E+01
 0.15100200E-08  0.13608154E-01  0.00000000E+00  0.27202507E+00  0.00000000E+00  0.00000000E+00  0.19600157E+09  0.00000000E+00  0.00000000E+00  0.00000000E+00  0.00000000E+00  0.00000000E+00  0.10000000E-01  0.10000000E+01
 0.15200200E-08  0.13608154E-01  0.00000000E+00  0.27398508E+00  0.00000000E+00  0.00000000E+00  0.19600157E+09  0.00000000E+00  0.00000000E+00  0.00000000E+00  0.00000000E+00  0.00000000E+00  0.10000000E-01  0.10000000E+01
 0.15300200E-08  0.13608154E-01  0.00000000E+00  0.27594510E+00  0.00000000E+00  0.00000000E+00  0.19600157E+09  0.00000000E+00  0.00000000E+00  0.00000000E+00  0.00000000E+00  0.00000000E+00  0.10000000E-01  0.10000000E+01
 0.15400200E-08  0.13608154E-01  0.00000000E+00  0.27790511E+00  0.00000000E+00  0.00000000E+00  0.19600157E+09  0.00000000E+00  0.00000000E+00  0.00000000E+00  0.00000000E+00  0.00000000E+00  0.10000000E-01  0.10000000E+01
 0.15500200E-08  0.13608154E-01  0.00000000E+00  0.27986513E+00  0.00000000E+00  0.00000000E+00  0.19600157E+09  0.00000000E+00  0.00000000E+00  0.00000000E+00  0.00000000E+00  0.00000000E+00  0.10000000E-01  0.10000000E+01
 0.15600200E-08  0.13608154E-01  0.00000000E+00  0.28182515E+00  0.00000000E+00  0.00000000E+00  0.19600157E+09  0.00000000E+00  0.00000000E+00  0.00000000E+00  0.00000000E+00  0.00000000E+00  0.10000000E-01  0.10000000E+01
 0.15700200E-08  0.13608154E-01  0.00000000E+00  0.28378516E+00  0.00000000E+00  0.00000000E+00  0.19600157E+09  0.00000000E+00  0.00000000E+00  0.00000000E+00  0.00000000E+00  0.00000000E+00  0.10000000E-01  0.10000000E+01
 0.15800200E-08  0.13608154E-01  0.00000000E+00  0.28574518E+00  0.00000000E+00  0.00000000E+00  0.19600157E+09  0.00000000E+00  0.00000000E+00  0.00000000E+00  0.00000000E+00  0.00000000E+00  0.10000000E-01  0.10000000E+01
 0.15900200E-08  0.13608154E-01  0.00000000E+00  0.28770519E+00  0.00000000E+00  0.00000000E+00  0.19600157E+09  0.00000000E+00  0.00000000E+00  0.00000000E+00  0.00000000E+00  0.00000000E+00  0.10000000E-01  0.10000000E+01
 0.16000200E-08  0.13608154E-01  0.00000000E+00  0.28966521E+00  0.00000000E+00  0.00000000E+00  0.19600157E+09  0.00000000E+00  0.00000000E+00  0.00000000E+00  0.00000000E+00  0.00000000E+00  0.10000000E-01  0.10000000E+01
 0.16100200E-08  0.13608154E-01  0.00000000E+00  0.29162523E+00  0.00000000E+00  0.00000000E+00  0.19600157E+09  0.00000000E+00  0.00000000E+00  0.00000000E+00  0.00000000E+00  0.00000000E+00  0.10000000E-01  0.10000000E+01
 0.16200200E-08  0.13608154E-01  0.00000000E+00  0.29358524E+00  0.00000000E+00  0.00000000E+00  0.19600157E+09  0.00000000E+00  0.00000000E+00  0.00000000E+00  0.00000000E+00  0.00000000E+00  0.10000000E-01  0.10000000E+01
 0.16300200E-08  0.13608154E-01  0.00000000E+00  0.29554526E+00  0.00000000E+00  0.00000000E+00  0.19600157E+09  0.00000000E+00  0.00000000E+00  0.00000000E+00  0.00000000E+00  0.00000000E+00  0.10000000E-01  0.10000000E+01
 0.16400200E-08  0.13608154E-01  0.00000000E+00  0.29750527E+00  0.00000000E+00  0.00000000E+00  0.19600157E+09  0.00000000E+00  0.00000000E+00  0.00000000E+00  0.00000000E+00  0.00000000E+00  0.10000000E-01  0.10000000E+01
 0.16500200E-08  0.13608154E-01  0.00000000E+00  0.29946529E+00  0.00000000E+00  0.00000000E+00  0.19600157E+09  0.00000000E+00  0.00000000E+00  0.00000000E+00  0.00000000E+00  0.00000000E+00  0.10000000E-01  0.10000000E+01
 0.16600200E-08  0.13608154E-01  0.00000000E+00  0.30142530E+00  0.00000000E+00  0.00000000E+00  0.19600157E+09  0.00000000E+00  0.00000000E+00  0.00000000E+00  0.00000000E+00  0.00000000E+00  0.10000000E-01  0.10000000E+01
 0.16700200E-08  0.13608154E-01  0.00000000E+00  0.30338532E+00  0.00000000E+00  0.00000000E+00  0.19600157E+09  0.00000000E+00  0.00000000E+00  0.00000000E+00  0.00000000E+00  0.00000000E+00  0.10000000E-01  0.10000000E+01
 0.16800200E-08  0.13608154E-01  0.00000000E+00  0.30534534E+00  0.00000000E+00  0.00000000E+00  0.19600157E+09  0.00000000E+00  0.00000000E+00  0.00000000E+00  0.00000000E+00  0.00000000E+00  0.10000000E-01  0.10000000E+01
 0.16900200E-08  0.13608154E-01  0.00000000E+00  0.30730535E+00  0.00000000E+00  0.00000000E+00  0.19600157E+09  0.00000000E+00  0.00000000E+00  0.00000000E+00  0.00000000E+00  0.00000000E+00  0.10000000E-01  0.10000000E+01
 0.17000200E-08  0.13608154E-01  0.00000000E+00  0.30926537E+00  0.00000000E+00  0.00000000E+00  0.19600157E+09  0.00000000E+00  0.00000000E+00  0.00000000E+00  0.00000000E+00  0.00000000E+00  0.10000000E-01  0.10000000E+01
 0.17100200E-08  0.13608154E-01  0.00000000E+00  0.31122538E+00  0.00000000E+00  0.00000000E+00  0.19600157E+09  0.00000000E+00  0.00000000E+00  0.00000000E+00  0.00000000E+00  0.00000000E+00  0.10000000E-01  0.10000000E+01
 0.17200200E-08  0.13608154E-01  0.00000000E+00  0.31318540E+00  0.00000000E+00  0.00000000E+00  0.19600157E+09  0.00000000E+00  0.00000000E+00  0.00000000E+00  0.00000000E+00  0.00000000E+00  0.10000000E-01  0.10000000E+01
 0.17300200E-08  0.13608154E-01  0.00000000E+00  0.31514541E+00  0.00000000E+00  0.00000000E+00  0.19600157E+09  0.00000000E+00  0.00000000E+00  0.00000000E+00  0.00000000E+00  0.00000000E+00  0.10000000E-01  0.10000000E+01
 0.17400200E-08  0.13608154E-01  0.00000000E+00  0.31710543E+00  0.00000000E+00  0.00000000E+00  0.19600157E+09  0.00000000E+00  0.00000000E+00  0.00000000E+00  0.00000000E+00  0.00000000E+00  0.10000000E-01  0.10000000E+01
 0.17500200E-08  0.13608154E-01  0.00000000E+00  0.31906545E+00  0.00000000E+00  0.00000000E+00  0.19600157E+09  0.00000000E+00  0.00000000E+00  0.00000000E+00  0.00000000E+00  0.00000000E+00  0.10000000E-01  0.10000000E+01
 0.17600200E-08  0.13608154E-01  0.00000000E+00  0.32102546E+00  0.00000000E+00  0.00000000E+00  0.19600157E+09  0.00000000E+00  0.00000000E+00  0.00000000E+00  0.00000000E+00  0.00000000E+00  0.10000000E-01  0.10000000E+01
 0.17700200E-08  0.13608154E-01  0.00000000E+00  0.32298548E+00  0.00000000E+00  0.00000000E+00  0.19600157E+09  0.00000000E+00  0.00000000E+00  0.00000000E+00  0.00000000E+00  0.00000000E+00  0.10000000E-01  0.10000000E+01
 0.17800200E-08  0.13608154E-01  0.00000000E+00  0.32494549E+00  0.00000000E+00  0.00000000E+00  0.19600157E+09  0.00000000E+00  0.00000000E+00  0.00000000E+00  0.00000000E+00  0.00000000E+00  0.10000000E-01  0.10000000E+01
 0.17900200E-08  0.13608154E-01  0.00000000E+00  0.32690551E+00  0.00000000E+00  0.00000000E+00  0.19600157E+09  0.00000000E+00  0.00000000E+00  0.00000000E+00  0.00000000E+00  0.00000000E+00  0.10000000E-01  0.10000000E+01
 0.18000200E-08  0.13608154E-01  0.00000000E+00  0.32886552E+00  0.00000000E+00  0.00000000E+00  0.19600157E+09  0.00000000E+00  0.00000000E+00  0.00000000E+00  0.00000000E+00  0.00000000E+00  0.10000000E-01  0.10000000E+01
 0.18100200E-08  0.13608154E-01  0.00000000E+00  0.33082554E+00  0.00000000E+00  0.00000000E+00  0.19600157E+09  0.00000000E+00  0.00000000E+00  0.00000000E+00  0.00000000E+00  0.00000000E+00  0.10000000E-01  0.10000000E+01
 0.18200200E-08  0.13608154E-01  0.00000000E+00  0.33278556E+00  0.00000000E+00  0.00000000E+00  0.19600157E+09  0.00000000E+00  0.00000000E+00  0.00000000E+00  0.00000000E+00  0.00000000E+00  0.10000000E-01  0.10000000E+01
 0.18300200E-08  0.13608154E-01  0.00000000E+00  0.33474557E+00  0.00000000E+00  0.00000000E+00  0.19600157E+09  0.00000000E+00  0.00000000E+00  0.00000000E+00  0.00000000E+00  0.00000000E+00  0.10000000E-01  0.10000000E+01
 0.18400200E-08  0.13608154E-01  0.00000000E+00  0.33670559E+00  0.00000000E+00  0.00000000E+00  0.19600157E+09  0.00000000E+00  0.00000000E+00  0.00000000E+00  0.00000000E+00  0.00000000E+00  0.10000000E-01  0.10000000E+01
 0.18500200E-08  0.13608154E-01  0.00000000E+00  0.33866560E+00  0.00000000E+00  0.00000000E+00  0.19600157E+09  0.00000000E+00  0.00000000E+00  0.00000000E+00  0.00000000E+00  0.00000000E+00  0.10000000E-01  0.10000000E+01
 0.18600200E-08  0.13608154E-01  0.00000000E+00  0.34062562E+00  0.00000000E+00  0.00000000E+00  0.19600157E+09  0.00000000E+00  0.00000000E+00  0.00000000E+00  0.00000000E+00  0.00000000E+00  0.10000000E-01  0.10000000E+01
 0.18700200E-08  0.13608154E-01  0.00000000E+00  0.34258563E+00  0.00000000E+00  0.00000000E+00  0.19600157E+09  0.00000000E+00  0.00000000E+00  0.00000000E+00  0.00000000E+00  0.00000000E+00  0.10000000E-01  0.10000000E+01
 0.18800200E-08  0.13608154E-01  0.00000000E+00  0.34454565E+00  0.00000000E+00  0.00000000E+00  0.19600157E+09  0.00000000E+00  0.00000000E+00  0.00000000E+00  0.00000000E+00  0.00000000E+00  0.10000000E-01  0.10000000E+01
 0.18900200E-08  0.13608154E-01  0.00000000E+00  0.34650567E+00  0.00000000E+00  0.00000000E+00  0.19600157E+09  0.00000000E+00  0.00000000E+00  0.00000000E+00  0.00000000E+00  0.00000000E+00  0.10000000E-01  0.10000000E+01
 0.19000200E-08  0.13608154E-01  0.00000000E+00  0.34846568E+00  0.00000000E+00  0.00000000E+00  0.19600157E+09  0.00000000E+00  0.00000000E+00  0.00000000E+00  0.00000000E+00  0.00000000E+00  0.10000000E-01  0.10000000E+01
 0.19100200E-08  0.13608154E-01  0.00000000E+00  0.35042570E+00  0.00000000E+00  0.00000000E+00  0.19600157E+09  0.00000000E+00  0.00000000E+00  0.00000000E+00  0.00000000E+00  0.00000000E+00  0.10000000E-01  0.10000000E+01
 0.19200200E-08  0.13608154E-01  0.00000000E+00  0.35238571E+00  0.00000000E+00  0.00000000E+00  0.19600157E+09  0.00000000E+00  0.00000000E+00  0.00000000E+00  0.00000000E+00  0.00000000E+00  0.10000000E-01  0.10000000E+01
 0.19300200E-08  0.13608154E-01  0.00000000E+00  0.35434573E+00  0.00000000E+00  0.00000000E+00  0.19600157E+09  0.00000000E+00  0.00000000E+00  0.00000000E+00  0.00000000E+00  0.00000000E+00  0.10000000E-01  0.10000000E+01
 0.19400200E-08  0.13608154E-01  0.00000000E+00  0.35630574E+00  0.00000000E+00  0.00000000E+00  0.19600157E+09  0.00000000E+00  0.00000000E+00  0.00000000E+00  0.00000000E+00  0.00000000E+00  0.10000000E-01  0.10000000E+01
 0.19500200E-08  0.13608154E-01  0.00000000E+00  0.35826576E+00  0.00000000E+00  0.00000000E+00  0.19600157E+09  0.00000000E+00  0.00000000E+00  0.00000000E+00  0.00000000E+00  0.00000000E+00  0.10000000E-01  0.10000000E+01
 0.19600200E-08  0.13608154E-01  0.00000000E+00  0.36022578E+00  0.00000000E+00  0.00000000E+00  0.19600157E+09  0.00000000E+00  0.00000000E+00  0.00000000E+00  0.00000000E+00  0.00000000E+00  0.10000000E-01  0.10000000E+01
 0.19700200E-08  0.13608154E-01  0.00000000E+00  0.36218579E+00  0.00000000E+00  0.00000000E+00  0.19600157E+09  0.00000000E+00  0.00000000E+00  0.00000000E+00  0.00000000E+00  0.00000000E+00  0.10000000E-01  0.10000000E+01
 0.19800200E-08  0.13608154E-01  0.00000000E+00  0.36414581E+00  0.00000000E+00  0.00000000E+00  0.19600157E+09  0.00000000E+00  0.00000000E+00  0.00000000E+00  0.00000000E+00  0.00000000E+00  0.10000000E-01  0.10000000E+01
 0.19900200E-08  0.13608154E-01  0.00000000E+00  0.36610582E+00  0.00000000E+00  0.00000000E+00  0.19600157E+09  0.00000000E+00  0.00000000E+00  0.00000000E+00  0.00000000E+00  0.00000000E+00  0.10000000E-01  0.10000000E+01
