# ptime xp yp zp vx vy vz ex ey ez bx by bz wt
 0.20000000E-13  0.47267126E-02  0.00000000E+00 -0.52606340E-02  0.00000000E+00  0.00000000E+00  0.16435633E+09  0.00000000E+00  0.00000000E+00  0.00000000E+00  0.00000000E+00  0.00000000E+00  0.10000000E-01  0.10000000E+01
 0.10000000E-10  0.47267126E-02  0.00000000E+00 -0.36203579E-02  0.00000000E+00  0.00000000E+00  0.16435633E+09  0.00000000E+00  0.00000000E+00  0.00000000E+00  0.00000000E+00  0.00000000E+00  0.10000000E-01  0.10000000E+01
 0.20000000E-10  0.47267126E-02  0.00000000E+00 -0.19767946E-02  0.00000000E+00  0.00000000E+00  0.16435633E+09  0.00000000E+00  0.00000000E+00  0.00000000E+00  0.00000000E+00  0.00000000E+00  0.10000000E-01  0.10000000E+01
 0.30000000E-10  0.47267126E-02  0.00000000E+00 -0.33323134E-03  0.00000000E+00  0.00000000E+00  0.16435633E+09  0.00000000E+00  0.00000000E+00  0.00000000E+00  0.00000000E+00  0.00000000E+00  0.10000000E-01  0.10000000E+01
 0.40020000E-10  0.47267126E-02  0.00000000E+00  0.13136191E-02  0.00000000E+00  0.00000000E+00  0.16435633E+09  0.00000000E+00  0.00000000E+00  0.00000000E+00  0.00000000E+00  0.00000000E+00  0.10000000E-01  0.10000000E+01
 0.50020000E-10  0.47267126E-02  0.00000000E+00  0.29571823E-02  0.00000000E+00  0.00000000E+00  0.16435633E+09  0.00000000E+00  0.00000000E+00  0.00000000E+00  0.00000000E+00  0.00000000E+00  0.10000000E-01  0.10000000E+01
 0.60020000E-10  0.47267126E-02  0.00000000E+00  0.46007456E-02  0.00000000E+00  0.00000000E+00  0.16435633E+09  0.00000000E+00  0.00000000E+00  0.00000000E+00  0.00000000E+00  0.00000000E+00  0.10000000E-01  0.10000000E+01
 0.70020000E-10  0.47267126E-02  0.00000000E+00  0.62443089E-02  0.00000000E+00  0.00000000E+00  0.16435633E+09  0.00000000E+00  0.00000000E+00  0.00000000E+00  0.00000000E+00  0.00000000E+00  0.10000000E-01  0.10000000E+01
 0.80000000E-10  0.47267126E-02  0.00000000E+00  0.78845850E-02  0.00000000E+00  0.00000000E+00  0.16435633E+09  0.00000000E+00  0.00000000E+00  0.00000000E+00  0.00000000E+00  0.00000000E+00  0.10000000E-01  0.10000000E+01
 0.90000000E-10  0.47267126E-02  0.00000000E+00  0.95281483E-02  0.00000000E+00  0.00000000E+00  0.16435633E+09  0.00000000E+00  0.00000000E+00  0.00000000E+00  0.00000000E+00  0.00000000E+00  0.10000000E-01  0.10000000E+01
 0.10000000E-09  0.47267126E-02  0.00000000E+00  0.11171712E-01  0.00000000E+00  0.00000000E+00  0.16435633E+09  0.00000000E+00  0.00000000E+00  0.00000000E+00  0.00000000E+00  0.00000000E+00  0.10000000E-01  0.10000000E+01
 0.11000000E-09  0.47267126E-02  0.00000000E+00  0.12815275E-01  0.00000000E+00  0.00000000E+00  0.16435633E+09  0.00000000E+00  0.00000000E+00  0.00000000E+00  0.00000000E+00  0.00000000E+00  0.10000000E-01  0.10000000E+01
 0.12000000E-09  0.47267126E-02  0.00000000E+00  0.14458838E-01  0.00000000E+00  0.00000000E+00  0.16435633E+09  0.00000000E+00  0.00000000E+00  0.00000000E+00  0.00000000E+00  0.00000000E+00  0.10000000E-01  0.10000000E+01
 0.13000000E-09  0.47267126E-02  0.00000000E+00  0.16102401E-01  0.00000000E+00  0.00000000E+00  0.16435633E+09  0.00000000E+00  0.00000000E+00  0.00000000E+00  0.00000000E+00  0.00000000E+00  0.10000000E-01  0.10000000E+01
 0.14002000E-09  0.47267126E-02  0.00000000E+00  0.17749252E-01  0.00000000E+00  0.00000000E+00  0.16435633E+09  0.00000000E+00  0.00000000E+00  0.00000000E+00  0.00000000E+00  0.00000000E+00  0.10000000E-01  0.10000000E+01
 0.15002000E-09  0.47267126E-02  0.00000000E+00  0.19392815E-01  0.00000000E+00  0.00000000E+00  0.16435633E+09  0.00000000E+00  0.00000000E+00  0.00000000E+00  0.00000000E+00  0.00000000E+00  0.10000000E-01  0.10000000E+01
 0.16002000E-09  0.47267126E-02  0.00000000E+00  0.21036378E-01  0.00000000E+00  0.00000000E+00  0.16435633E+09  0.00000000E+00  0.00000000E+00  0.00000000E+00  0.00000000E+00  0.00000000E+00  0.10000000E-01  0.10000000E+01
 0.17002000E-09  0.47267126E-02  0.00000000E+00  0.22679942E-01  0.00000000E+00  0.00000000E+00  0.16435633E+09  0.00000000E+00  0.00000000E+00  0.00000000E+00  0.00000000E+00  0.00000000E+00  0.10000000E-01  0.10000000E+01
 0.18002000E-09  0.47267126E-02  0.00000000E+00  0.24323505E-01  0.00000000E+00  0.00000000E+00  0.16435633E+09  0.00000000E+00  0.00000000E+00  0.00000000E+00  0.00000000E+00  0.00000000E+00  0.10000000E-01  0.10000000E+01
 0.19002000E-09  0.47267126E-02  0.00000000E+00  0.25967068E-01  0.00000000E+00  0.00000000E+00  0.16435633E+09  0.00000000E+00  0.00000000E+00  0.00000000E+00  0.00000000E+00  0.00000000E+00  0.10000000E-01  0.10000000E+01
 0.20002000E-09  0.47267126E-02  0.00000000E+00  0.27610631E-01  0.00000000E+00  0.00000000E+00  0.16435633E+09  0.00000000E+00  0.00000000E+00  0.00000000E+00  0.00000000E+00  0.00000000E+00  0.10000000E-01  0.10000000E+01
 0.21002000E-09  0.47267126E-02  0.00000000E+00  0.29254195E-01  0.00000000E+00  0.00000000E+00  0.16435633E+09  0.00000000E+00  0.00000000E+00  0.00000000E+00  0.00000000E+00  0.00000000E+00  0.10000000E-01  0.10000000E+01
 0.22002000E-09  0.47267126E-02  0.00000000E+00  0.30897758E-01  0.00000000E+00  0.00000000E+00  0.16435633E+09  0.00000000E+00  0.00000000E+00  0.00000000E+00  0.00000000E+00  0.00000000E+00  0.10000000E-01  0.10000000E+01
 0.23002000E-09  0.47267126E-02  0.00000000E+00  0.32541321E-01  0.00000000E+00  0.00000000E+00  0.16435633E+09  0.00000000E+00  0.00000000E+00  0.00000000E+00  0.00000000E+00  0.00000000E+00  0.10000000E-01  0.10000000E+01
 0.24002000E-09  0.47267126E-02  0.00000000E+00  0.34184884E-01  0.00000000E+00  0.00000000E+00  0.16435633E+09  0.00000000E+00  0.00000000E+00  0.00000000E+00  0.00000000E+00  0.00000000E+00  0.10000000E-01  0.10000000E+01
 0.25002000E-09  0.47267126E-02  0.00000000E+00  0.35828448E-01  0.00000000E+00  0.00000000E+00  0.16435633E+09  0.00000000E+00  0.00000000E+00  0.00000000E+00  0.00000000E+00  0.00000000E+00  0.10000000E-01  0.10000000E+01
 0.26002000E-09  0.47267126E-02  0.00000000E+00  0.37472011E-01  0.00000000E+00  0.00000000E+00  0.16435633E+09  0.00000000E+00  0.00000000E+00  0.00000000E+00  0.00000000E+00  0.00000000E+00  0.10000000E-01  0.10000000E+01
 0.27002000E-09  0.47267126E-02  0.00000000E+00  0.39115574E-01  0.00000000E+00  0.00000000E+00  0.16435633E+09  0.00000000E+00  0.00000000E+00  0.00000000E+00  0.00000000E+00  0.00000000E+00  0.10000000E-01  0.10000000E+01
 0.28002000E-09  0.47267126E-02  0.00000000E+00  0.40759138E-01  0.00000000E+00  0.00000000E+00  0.16435633E+09  0.00000000E+00  0.00000000E+00  0.00000000E+00  0.00000000E+00  0.00000000E+00  0.10000000E-01  0.10000000E+01
 0.29002000E-09  0.47267126E-02  0.00000000E+00  0.42402701E-01  0.00000000E+00  0.00000000E+00  0.16435633E+09  0.00000000E+00  0.00000000E+00  0.00000000E+00  0.00000000E+00  0.00000000E+00  0.10000000E-01  0.10000000E+01
 0.30000000E-09  0.47267126E-02  0.00000000E+00  0.44042977E-01  0.00000000E+00  0.00000000E+00  0.16435633E+09  0.00000000E+00  0.00000000E+00  0.00000000E+00  0.00000000E+00  0.00000000E+00  0.10000000E-01  0.10000000E+01
 0.31000000E-09  0.47267126E-02  0.00000000E+00  0.45686540E-01  0.00000000E+00  0.00000000E+00  0.16435633E+09  0.00000000E+00  0.00000000E+00  0.00000000E+00  0.00000000E+00  0.00000000E+00  0.10000000E-01  0.10000000E+01
 0.32000000E-09  0.47267126E-02  0.00000000E+00  0.47330103E-01  0.00000000E+00  0.00000000E+00  0.16435633E+09  0.00000000E+00  0.00000000E+00  0.00000000E+00  0.00000000E+00  0.00000000E+00  0.10000000E-01  0.10000000E+01
 0.33000000E-09  0.47267126E-02  0.00000000E+00  0.48973667E-01  0.00000000E+00  0.00000000E+00  0.16435633E+09  0.00000000E+00  0.00000000E+00  0.00000000E+00  0.00000000E+00  0.00000000E+00  0.10000000E-01  0.10000000E+01
 0.34000000E-09  0.47267126E-02  0.00000000E+00  0.50617230E-01  0.00000000E+00  0.00000000E+00  0.16435633E+09  0.00000000E+00  0.00000000E+00  0.00000000E+00  0.00000000E+00  0.00000000E+00  0.10000000E-01  0.10000000E+01
 0.35000000E-09  0.47267126E-02  0.00000000E+00  0.52260793E-01  0.00000000E+00  0.00000000E+00  0.16435633E+09  0.00000000E+00  0.00000000E+00  0.00000000E+00  0.00000000E+00  0.00000000E+00  0.10000000E-01  0.10000000E+01
 0.36000000E-09  0.47267126E-02  0.00000000E+00  0.53904357E-01  0.00000000E+00  0.00000000E+00  0.16435633E+09  0.00000000E+00  0.00000000E+00  0.00000000E+00  0.00000000E+00  0.00000000E+00  0.10000000E-01  0.10000000E+01
 0.37000000E-09  0.47267126E-02  0.00000000E+00  0.55547920E-01  0.00000000E+00  0.00000000E+00  0.16435633E+09  0.00000000E+00  0.00000000E+00  0.00000000E+00  0.00000000E+00  0.00000000E+00  0.10000000E-01  0.10000000E+01
 0.38000000E-09  0.47267126E-02  0.00000000E+00  0.57191483E-01  0.00000000E+00  0.00000000E+00  0.16435633E+09  0.00000000E+00  0.00000000E+00  0.00000000E+00  0.00000000E+00  0.00000000E+00  0.10000000E-01  0.10000000E+01
 0.39000000E-09  0.47267126E-02  0.00000000E+00  0.58835046E-01  0.00000000E+00  0.00000000E+00  0.16435633E+09  0.00000000E+00  0.00000000E+00  0.00000000E+00  0.00000000E+00  0.00000000E+00  0.10000000E-01  0.10000000E+01
 0.40000000E-09  0.47267126E-02  0.00000000E+00  0.60478610E-01  0.00000000E+00  0.00000000E+00  0.16435633E+09  0.00000000E+00  0.00000000E+00  0.00000000E+00  0.00000000E+00  0.00000000E+00  0.10000000E-01  0.10000000E+01
 0.41000000E-09  0.47267126E-02  0.00000000E+00  0.62122173E-01  0.00000000E+00  0.00000000E+00  0.16435633E+09  0.00000000E+00  0.00000000E+00  0.00000000E+00  0.00000000E+00  0.00000000E+00  0.10000000E-01  0.10000000E+01
 0.42000000E-09  0.47267126E-02  0.00000000E+00  0.63765736E-01  0.00000000E+00  0.00000000E+00  0.16435633E+09  0.00000000E+00  0.00000000E+00  0.00000000E+00  0.00000000E+00  0.00000000E+00  0.10000000E-01  0.10000000E+01
 0.43000000E-09  0.47267126E-02  0.00000000E+00  0.65409299E-01  0.00000000E+00  0.00000000E+00  0.16435633E+09  0.00000000E+00  0.00000000E+00  0.00000000E+00  0.00000000E+00  0.00000000E+00  0.10000000E-01  0.10000000E+01
 0.44000000E-09  0.47267126E-02  0.00000000E+00  0.67052863E-01  0.00000000E+00  0.00000000E+00  0.16435633E+09  0.00000000E+00  0.00000000E+00  0.00000000E+00  0.00000000E+00  0.00000000E+00  0.10000000E-01  0.10000000E+01
 0.45000000E-09  0.47267126E-02  0.00000000E+00  0.68696426E-01  0.00000000E+00  0.00000000E+00  0.16435633E+09  0.00000000E+00  0.00000000E+00  0.00000000E+00  0.00000000E+00  0.00000000E+00  0.10000000E-01  0.10000000E+01
 0.46000000E-09  0.47267126E-02  0.00000000E+00  0.70339989E-01  0.00000000E+00  0.00000000E+00  0.16435633E+09  0.00000000E+00  0.00000000E+00  0.00000000E+00  0.00000000E+00  0.00000000E+00  0.10000000E-01  0.10000000E+01
 0.47000000E-09  0.47267126E-02  0.00000000E+00  0.71983553E-01  0.00000000E+00  0.00000000E+00  0.16435633E+09  0.00000000E+00  0.00000000E+00  0.00000000E+00  0.00000000E+00  0.00000000E+00  0.10000000E-01  0.10000000E+01
 0.48000000E-09  0.47267126E-02  0.00000000E+00  0.73627116E-01  0.00000000E+00  0.00000000E+00  0.16435633E+09  0.00000000E+00  0.00000000E+00  0.00000000E+00  0.00000000E+00  0.00000000E+00  0.10000000E-01  0.10000000E+01
 0.49000000E-09  0.47267126E-02  0.00000000E+00  0.75270679E-01  0.00000000E+00  0.00000000E+00  0.16435633E+09  0.00000000E+00  0.00000000E+00  0.00000000E+00  0.00000000E+00  0.00000000E+00  0.10000000E-01  0.10000000E+01
 0.50000000E-09  0.47267126E-02  0.00000000E+00  0.76914242E-01  0.00000000E+00  0.00000000E+00  0.16435633E+09  0.00000000E+00  0.00000000E+00  0.00000000E+00  0.00000000E+00  0.00000000E+00  0.10000000E-01  0.10000000E+01
 0.51000000E-09  0.47267126E-02  0.00000000E+00  0.78557806E-01  0.00000000E+00  0.00000000E+00  0.16435633E+09  0.00000000E+00  0.00000000E+00  0.00000000E+00  0.00000000E+00  0.00000000E+00  0.10000000E-01  0.10000000E+01
 0.52000000E-09  0.47267126E-02  0.00000000E+00  0.80201369E-01  0.00000000E+00  0.00000000E+00  0.16435633E+09  0.00000000E+00  0.00000000E+00  0.00000000E+00  0.00000000E+00  0.00000000E+00  0.10000000E-01  0.10000000E+01
 0.53000000E-09  0.47267126E-02  0.00000000E+00  0.81844932E-01  0.00000000E+00  0.00000000E+00  0.16435633E+09  0.00000000E+00  0.00000000E+00  0.00000000E+00  0.00000000E+00  0.00000000E+00  0.10000000E-01  0.10000000E+01
 0.54000000E-09  0.47267126E-02  0.00000000E+00  0.83488495E-01  0.00000000E+00  0.00000000E+00  0.16435633E+09  0.00000000E+00  0.00000000E+00  0.00000000E+00  0.00000000E+00  0.00000000E+00  0.10000000E-01  0.10000000E+01
 0.55002000E-09  0.47267126E-02  0.00000000E+00  0.85135346E-01  0.00000000E+00  0.00000000E+00  0.16435633E+09  0.00000000E+00  0.00000000E+00  0.00000000E+00  0.00000000E+00  0.00000000E+00  0.10000000E-01  0.10000000E+01
 0.56002000E-09  0.47267126E-02  0.00000000E+00  0.86778909E-01  0.00000000E+00  0.00000000E+00  0.16435633E+09  0.00000000E+00  0.00000000E+00  0.00000000E+00  0.00000000E+00  0.00000000E+00  0.10000000E-01  0.10000000E+01
 0.57002000E-09  0.47267126E-02  0.00000000E+00  0.88422472E-01  0.00000000E+00  0.00000000E+00  0.16435633E+09  0.00000000E+00  0.00000000E+00  0.00000000E+00  0.00000000E+00  0.00000000E+00  0.10000000E-01  0.10000000E+01
 0.58002000E-09  0.47267126E-02  0.00000000E+00  0.90066036E-01  0.00000000E+00  0.00000000E+00  0.16435633E+09  0.00000000E+00  0.00000000E+00  0.00000000E+00  0.00000000E+00  0.00000000E+00  0.10000000E-01  0.10000000E+01
 0.59002000E-09  0.47267126E-02  0.00000000E+00  0.91709599E-01  0.00000000E+00  0.00000000E+00  0.16435633E+09  0.00000000E+00  0.00000000E+00  0.00000000E+00  0.00000000E+00  0.00000000E+00  0.10000000E-01  0.10000000E+01
 0.60002000E-09  0.47267126E-02  0.00000000E+00  0.93353162E-01  0.00000000E+00  0.00000000E+00  0.16435633E+09  0.00000000E+00  0.00000000E+00  0.00000000E+00  0.00000000E+00  0.00000000E+00  0.10000000E-01  0.10000000E+01
 0.61002000E-09  0.47267126E-02  0.00000000E+00  0.94996725E-01  0.00000000E+00  0.00000000E+00  0.16435633E+09  0.00000000E+00  0.00000000E+00  0.00000000E+00  0.00000000E+00  0.00000000E+00  0.10000000E-01  0.10000000E+01
 0.62002000E-09  0.47267126E-02  0.00000000E+00  0.96640289E-01  0.00000000E+00  0.00000000E+00  0.16435633E+09  0.00000000E+00  0.00000000E+00  0.00000000E+00  0.00000000E+00  0.00000000E+00  0.10000000E-01  0.10000000E+01
 0.63002000E-09  0.47267126E-02  0.00000000E+00  0.98283852E-01  0.00000000E+00  0.00000000E+00  0.16435633E+09  0.00000000E+00  0.00000000E+00  0.00000000E+00  0.00000000E+00  0.00000000E+00  0.10000000E-01  0.10000000E+01
 0.64002000E-09  0.47267126E-02  0.00000000E+00  0.99927415E-01  0.00000000E+00  0.00000000E+00  0.16435633E+09  0.00000000E+00  0.00000000E+00  0.00000000E+00  0.00000000E+00  0.00000000E+00  0.10000000E-01  0.10000000E+01
 0.65002000E-09  0.47267126E-02  0.00000000E+00  0.10157098E+00  0.00000000E+00  0.00000000E+00  0.16435633E+09  0.00000000E+00  0.00000000E+00  0.00000000E+00  0.00000000E+00  0.00000000E+00  0.10000000E-01  0.10000000E+01
 0.66002000E-09  0.47267126E-02  0.00000000E+00  0.10321454E+00  0.00000000E+00  0.00000000E+00  0.16435633E+09  0.00000000E+00  0.00000000E+00  0.00000000E+00  0.00000000E+00  0.00000000E+00  0.10000000E-01  0.10000000E+01
 0.67002000E-09  0.47267126E-02  0.00000000E+00  0.10485811E+00  0.00000000E+00  0.00000000E+00  0.16435633E+09  0.00000000E+00  0.00000000E+00  0.00000000E+00  0.00000000E+00  0.00000000E+00  0.10000000E-01  0.10000000E+01
 0.68002000E-09  0.47267126E-02  0.00000000E+00  0.10650167E+00  0.00000000E+00  0.00000000E+00  0.16435633E+09  0.00000000E+00  0.00000000E+00  0.00000000E+00  0.00000000E+00  0.00000000E+00  0.10000000E-01  0.10000000E+01
 0.69002000E-09  0.47267126E-02  0.00000000E+00  0.10814523E+00  0.00000000E+00  0.00000000E+00  0.16435633E+09  0.00000000E+00  0.00000000E+00  0.00000000E+00  0.00000000E+00  0.00000000E+00  0.10000000E-01  0.10000000E+01
 0.70002000E-09  0.47267126E-02  0.00000000E+00  0.10978879E+00  0.00000000E+00  0.00000000E+00  0.16435633E+09  0.00000000E+00  0.00000000E+00  0.00000000E+00  0.00000000E+00  0.00000000E+00  0.10000000E-01  0.10000000E+01
 0.71002000E-09  0.47267126E-02  0.00000000E+00  0.11143236E+00  0.00000000E+00  0.00000000E+00  0.16435633E+09  0.00000000E+00  0.00000000E+00  0.00000000E+00  0.00000000E+00  0.00000000E+00  0.10000000E-01  0.10000000E+01
 0.72002000E-09  0.47267126E-02  0.00000000E+00  0.11307592E+00  0.00000000E+00  0.00000000E+00  0.16435633E+09  0.00000000E+00  0.00000000E+00  0.00000000E+00  0.00000000E+00  0.00000000E+00  0.10000000E-01  0.10000000E+01
 0.73002000E-09  0.47267126E-02  0.00000000E+00  0.11471948E+00  0.00000000E+00  0.00000000E+00  0.16435633E+09  0.00000000E+00  0.00000000E+00  0.00000000E+00  0.00000000E+00  0.00000000E+00  0.10000000E-01  0.10000000E+01
 0.74002000E-09  0.47267126E-02  0.00000000E+00  0.11636305E+00  0.00000000E+00  0.00000000E+00  0.16435633E+09  0.00000000E+00  0.00000000E+00  0.00000000E+00  0.00000000E+00  0.00000000E+00  0.10000000E-01  0.10000000E+01
 0.75002000E-09  0.47267126E-02  0.00000000E+00  0.11800661E+00  0.00000000E+00  0.00000000E+00  0.16435633E+09  0.00000000E+00  0.00000000E+00  0.00000000E+00  0.00000000E+00  0.00000000E+00  0.10000000E-01  0.10000000E+01
 0.76002000E-09  0.47267126E-02  0.00000000E+00  0.11965017E+00  0.00000000E+00  0.00000000E+00  0.16435633E+09  0.00000000E+00  0.00000000E+00  0.00000000E+00  0.00000000E+00  0.00000000E+00  0.10000000E-01  0.10000000E+01
 0.77002000E-09  0.47267126E-02  0.00000000E+00  0.12129374E+00  0.00000000E+00  0.00000000E+00  0.16435633E+09  0.00000000E+00  0.00000000E+00  0.00000000E+00  0.00000000E+00  0.00000000E+00  0.10000000E-01  0.10000000E+01
 0.78002000E-09  0.47267126E-02  0.00000000E+00  0.12293730E+00  0.00000000E+00  0.00000000E+00  0.16435633E+09  0.00000000E+00  0.00000000E+00  0.00000000E+00  0.00000000E+00  0.00000000E+00  0.10000000E-01  0.10000000E+01
 0.79002000E-09  0.47267126E-02  0.00000000E+00  0.12458086E+00  0.00000000E+00  0.00000000E+00  0.16435633E+09  0.00000000E+00  0.00000000E+00  0.00000000E+00  0.00000000E+00  0.00000000E+00  0.10000000E-01  0.10000000E+01
 0.80002000E-09  0.47267126E-02  0.00000000E+00  0.12622443E+00  0.00000000E+00  0.00000000E+00  0.16435633E+09  0.00000000E+00  0.00000000E+00  0.00000000E+00  0.00000000E+00  0.00000000E+00  0.10000000E-01  0.10000000E+01
 0.81002000E-09  0.47267126E-02  0.00000000E+00  0.12786799E+00  0.00000000E+00  0.00000000E+00  0.16435633E+09  0.00000000E+00  0.00000000E+00  0.00000000E+00  0.00000000E+00  0.00000000E+00  0.10000000E-01  0.10000000E+01
 0.82002000E-09  0.47267126E-02  0.00000000E+00  0.12951155E+00  0.00000000E+00  0.00000000E+00  0.16435633E+09  0.00000000E+00  0.00000000E+00  0.00000000E+00  0.00000000E+00  0.00000000E+00  0.10000000E-01  0.10000000E+01
 0.83002000E-09  0.47267126E-02  0.00000000E+00  0.13115512E+00  0.00000000E+00  0.00000000E+00  0.16435633E+09  0.00000000E+00  0.00000000E+00  0.00000000E+00  0.00000000E+00  0.00000000E+00  0.10000000E-01  0.10000000E+01
 0.84002000E-09  0.47267126E-02  0.00000000E+00  0.13279868E+00  0.00000000E+00  0.00000000E+00  0.16435633E+09  0.00000000E+00  0.00000000E+00  0.00000000E+00  0.00000000E+00  0.00000000E+00  0.10000000E-01  0.10000000E+01
 0.85002000E-09  0.47267126E-02  0.00000000E+00  0.13444224E+00  0.00000000E+00  0.00000000E+00  0.16435633E+09  0.00000000E+00  0.00000000E+00  0.00000000E+00  0.00000000E+00  0.00000000E+00  0.10000000E-01  0.10000000E+01
 0.86002000E-09  0.47267126E-02  0.00000000E+00  0.13608581E+00  0.00000000E+00  0.00000000E+00  0.16435633E+09  0.00000000E+00  0.00000000E+00  0.00000000E+00  0.00000000E+00  0.00000000E+00  0.10000000E-01  0.10000000E+01
 0.87002000E-09  0.47267126E-02  0.00000000E+00  0.13772937E+00  0.00000000E+00  0.00000000E+00  0.16435633E+09  0.00000000E+00  0.00000000E+00  0.00000000E+00  0.00000000E+00  0.00000000E+00  0.10000000E-01  0.10000000E+01
 0.88002000E-09  0.47267126E-02  0.00000000E+00  0.13937293E+00  0.00000000E+00  0.00000000E+00  0.16435633E+09  0.00000000E+00  0.00000000E+00  0.00000000E+00  0.00000000E+00  0.00000000E+00  0.10000000E-01  0.10000000E+01
 0.89002000E-09  0.47267126E-02  0.00000000E+00  0.14101650E+00  0.00000000E+00  0.00000000E+00  0.16435633E+09  0.00000000E+00  0.00000000E+00  0.00000000E+00  0.00000000E+00  0.00000000E+00  0.10000000E-01  0.10000000E+01
 0.90002000E-09  0.47267126E-02  0.00000000E+00  0.14266006E+00  0.00000000E+00  0.00000000E+00  0.16435633E+09  0.00000000E+00  0.00000000E+00  0.00000000E+00  0.00000000E+00  0.00000000E+00  0.10000000E-01  0.10000000E+01
 0.91002000E-09  0.47267126E-02  0.00000000E+00  0.14430362E+00  0.00000000E+00  0.00000000E+00  0.16435633E+09  0.00000000E+00  0.00000000E+00  0.00000000E+00  0.00000000E+00  0.00000000E+00  0.10000000E-01  0.10000000E+01
 0.92002000E-09  0.47267126E-02  0.00000000E+00  0.14594719E+00  0.00000000E+00  0.00000000E+00  0.16435633E+09  0.00000000E+00  0.00000000E+00  0.00000000E+00  0.00000000E+00  0.00000000E+00  0.10000000E-01  0.10000000E+01
 0.93002000E-09  0.47267126E-02  0.00000000E+00  0.14759075E+00  0.00000000E+00  0.00000000E+00  0.16435633E+09  0.00000000E+00  0.00000000E+00  0.00000000E+00  0.00000000E+00  0.00000000E+00  0.10000000E-01  0.10000000E+01
 0.94002000E-09  0.47267126E-02  0.00000000E+00  0.14923431E+00  0.00000000E+00  0.00000000E+00  0.16435633E+09  0.00000000E+00  0.00000000E+00  0.00000000E+00  0.00000000E+00  0.00000000E+00  0.10000000E-01  0.10000000E+01
 0.95002000E-09  0.47267126E-02  0.00000000E+00  0.15087788E+00  0.00000000E+00  0.00000000E+00  0.16435633E+09  0.00000000E+00  0.00000000E+00  0.00000000E+00  0.00000000E+00  0.00000000E+00  0.10000000E-01  0.10000000E+01
 0.96002000E-09  0.47267126E-02  0.00000000E+00  0.15252144E+00  0.00000000E+00  0.00000000E+00  0.16435633E+09  0.00000000E+00  0.00000000E+00  0.00000000E+00  0.00000000E+00  0.00000000E+00  0.10000000E-01  0.10000000E+01
 0.97002000E-09  0.47267126E-02  0.00000000E+00  0.15416500E+00  0.00000000E+00  0.00000000E+00  0.16435633E+09  0.00000000E+00  0.00000000E+00  0.00000000E+00  0.00000000E+00  0.00000000E+00  0.10000000E-01  0.10000000E+01
 0.98002000E-09  0.47267126E-02  0.00000000E+00  0.15580857E+00  0.00000000E+00  0.00000000E+00  0.16435633E+09  0.00000000E+00  0.00000000E+00  0.00000000E+00  0.00000000E+00  0.00000000E+00  0.10000000E-01  0.10000000E+01
 0.99002000E-09  0.47267126E-02  0.00000000E+00  0.15745213E+00  0.00000000E+00  0.00000000E+00  0.16435633E+09  0.00000000E+00  0.00000000E+00  0.00000000E+00  0.00000000E+00  0.00000000E+00  0.10000000E-01  0.10000000E+01
 0.10000200E-08  0.47267126E-02  0.00000000E+00  0.15909569E+00  0.00000000E+00  0.00000000E+00  0.16435633E+09  0.00000000E+00  0.00000000E+00  0.00000000E+00  0.00000000E+00  0.00000000E+00  0.10000000E-01  0.10000000E+01
 0.10100200E-08  0.47267126E-02  0.00000000E+00  0.16073926E+00  0.00000000E+00  0.00000000E+00  0.16435633E+09  0.00000000E+00  0.00000000E+00  0.00000000E+00  0.00000000E+00  0.00000000E+00  0.10000000E-01  0.10000000E+01
 0.10200200E-08  0.47267126E-02  0.00000000E+00  0.16238282E+00  0.00000000E+00  0.00000000E+00  0.16435633E+09  0.00000000E+00  0.00000000E+00  0.00000000E+00  0.00000000E+00  0.00000000E+00  0.10000000E-01  0.10000000E+01
 0.10300200E-08  0.47267126E-02  0.00000000E+00  0.16402638E+00  0.00000000E+00  0.00000000E+00  0.16435633E+09  0.00000000E+00  0.00000000E+00  0.00000000E+00  0.00000000E+00  0.00000000E+00  0.10000000E-01  0.10000000E+01
 0.10400200E-08  0.47267126E-02  0.00000000E+00  0.16566995E+00  0.00000000E+00  0.00000000E+00  0.16435633E+09  0.00000000E+00  0.00000000E+00  0.00000000E+00  0.00000000E+00  0.00000000E+00  0.10000000E-01  0.10000000E+01
 0.10500200E-08  0.47267126E-02  0.00000000E+00  0.16731351E+00  0.00000000E+00  0.00000000E+00  0.16435633E+09  0.00000000E+00  0.00000000E+00  0.00000000E+00  0.00000000E+00  0.00000000E+00  0.10000000E-01  0.10000000E+01
 0.10600200E-08  0.47267126E-02  0.00000000E+00  0.16895707E+00  0.00000000E+00  0.00000000E+00  0.16435633E+09  0.00000000E+00  0.00000000E+00  0.00000000E+00  0.00000000E+00  0.00000000E+00  0.10000000E-01  0.10000000E+01
 0.10700200E-08  0.47267126E-02  0.00000000E+00  0.17060064E+00  0.00000000E+00  0.00000000E+00  0.16435633E+09  0.00000000E+00  0.00000000E+00  0.00000000E+00  0.00000000E+00  0.00000000E+00  0.10000000E-01  0.10000000E+01
 0.10800200E-08  0.47267126E-02  0.00000000E+00  0.17224420E+00  0.00000000E+00  0.00000000E+00  0.16435633E+09  0.00000000E+00  0.00000000E+00  0.00000000E+00  0.00000000E+00  0.00000000E+00  0.10000000E-01  0.10000000E+01
 0.10900200E-08  0.47267126E-02  0.00000000E+00  0.17388776E+00  0.00000000E+00  0.00000000E+00  0.16435633E+09  0.00000000E+00  0.00000000E+00  0.00000000E+00  0.00000000E+00  0.00000000E+00  0.10000000E-01  0.10000000E+01
 0.11000200E-08  0.47267126E-02  0.00000000E+00  0.17553133E+00  0.00000000E+00  0.00000000E+00  0.16435633E+09  0.00000000E+00  0.00000000E+00  0.00000000E+00  0.00000000E+00  0.00000000E+00  0.10000000E-01  0.10000000E+01
 0.11100200E-08  0.47267126E-02  0.00000000E+00  0.17717489E+00  0.00000000E+00  0.00000000E+00  0.16435633E+09  0.00000000E+00  0.00000000E+00  0.00000000E+00  0.00000000E+00  0.00000000E+00  0.10000000E-01  0.10000000E+01
 0.11200200E-08  0.47267126E-02  0.00000000E+00  0.17881845E+00  0.00000000E+00  0.00000000E+00  0.16435633E+09  0.00000000E+00  0.00000000E+00  0.00000000E+00  0.00000000E+00  0.00000000E+00  0.10000000E-01  0.10000000E+01
 0.11300200E-08  0.47267126E-02  0.00000000E+00  0.18046202E+00  0.00000000E+00  0.00000000E+00  0.16435633E+09  0.00000000E+00  0.00000000E+00  0.00000000E+00  0.00000000E+00  0.00000000E+00  0.10000000E-01  0.10000000E+01
 0.11400200E-08  0.47267126E-02  0.00000000E+00  0.18210558E+00  0.00000000E+00  0.00000000E+00  0.16435633E+09  0.00000000E+00  0.00000000E+00  0.00000000E+00  0.00000000E+00  0.00000000E+00  0.10000000E-01  0.10000000E+01
 0.11500200E-08  0.47267126E-02  0.00000000E+00  0.18374914E+00  0.00000000E+00  0.00000000E+00  0.16435633E+09  0.00000000E+00  0.00000000E+00  0.00000000E+00  0.00000000E+00  0.00000000E+00  0.10000000E-01  0.10000000E+01
 0.11600200E-08  0.47267126E-02  0.00000000E+00  0.18539271E+00  0.00000000E+00  0.00000000E+00  0.16435633E+09  0.00000000E+00  0.00000000E+00  0.00000000E+00  0.00000000E+00  0.00000000E+00  0.10000000E-01  0.10000000E+01
 0.11700200E-08  0.47267126E-02  0.00000000E+00  0.18703627E+00  0.00000000E+00  0.00000000E+00  0.16435633E+09  0.00000000E+00  0.00000000E+00  0.00000000E+00  0.00000000E+00  0.00000000E+00  0.10000000E-01  0.10000000E+01
 0.11800200E-08  0.47267126E-02  0.00000000E+00  0.18867983E+00  0.00000000E+00  0.00000000E+00  0.16435633E+09  0.00000000E+00  0.00000000E+00  0.00000000E+00  0.00000000E+00  0.00000000E+00  0.10000000E-01  0.10000000E+01
 0.11900200E-08  0.47267126E-02  0.00000000E+00  0.19032340E+00  0.00000000E+00  0.00000000E+00  0.16435633E+09  0.00000000E+00  0.00000000E+00  0.00000000E+00  0.00000000E+00  0.00000000E+00  0.10000000E-01  0.10000000E+01
 0.12000200E-08  0.47267126E-02  0.00000000E+00  0.19196696E+00  0.00000000E+00  0.00000000E+00  0.16435633E+09  0.00000000E+00  0.00000000E+00  0.00000000E+00  0.00000000E+00  0.00000000E+00  0.10000000E-01  0.10000000E+01
 0.12100200E-08  0.47267126E-02  0.00000000E+00  0.19361052E+00  0.00000000E+00  0.00000000E+00  0.16435633E+09  0.00000000E+00  0.00000000E+00  0.00000000E+00  0.00000000E+00  0.00000000E+00  0.10000000E-01  0.10000000E+01
 0.12200200E-08  0.47267126E-02  0.00000000E+00  0.19525408E+00  0.00000000E+00  0.00000000E+00  0.16435633E+09  0.00000000E+00  0.00000000E+00  0.00000000E+00  0.00000000E+00  0.00000000E+00  0.10000000E-01  0.10000000E+01
 0.12300200E-08  0.47267126E-02  0.00000000E+00  0.19689765E+00  0.00000000E+00  0.00000000E+00  0.16435633E+09  0.00000000E+00  0.00000000E+00  0.00000000E+00  0.00000000E+00  0.00000000E+00  0.10000000E-01  0.10000000E+01
 0.12400200E-08  0.47267126E-02  0.00000000E+00  0.19854121E+00  0.00000000E+00  0.00000000E+00  0.16435633E+09  0.00000000E+00  0.00000000E+00  0.00000000E+00  0.00000000E+00  0.00000000E+00  0.10000000E-01  0.10000000E+01
 0.12500200E-08  0.47267126E-02  0.00000000E+00  0.20018477E+00  0.00000000E+00  0.00000000E+00  0.16435633E+09  0.00000000E+00  0.00000000E+00  0.00000000E+00  0.00000000E+00  0.00000000E+00  0.10000000E-01  0.10000000E+01
 0.12600200E-08  0.47267126E-02  0.00000000E+00  0.20182834E+00  0.00000000E+00  0.00000000E+00  0.16435633E+09  0.00000000E+00  0.00000000E+00  0.00000000E+00  0.00000000E+00  0.00000000E+00  0.10000000E-01  0.10000000E+01
 0.12700200E-08  0.47267126E-02  0.00000000E+00  0.20347190E+00  0.00000000E+00  0.00000000E+00  0.16435633E+09  0.00000000E+00  0.00000000E+00  0.00000000E+00  0.00000000E+00  0.00000000E+00  0.10000000E-01  0.10000000E+01
 0.12800200E-08  0.47267126E-02  0.00000000E+00  0.20511546E+00  0.00000000E+00  0.00000000E+00  0.16435633E+09  0.00000000E+00  0.00000000E+00  0.00000000E+00  0.00000000E+00  0.00000000E+00  0.10000000E-01  0.10000000E+01
 0.12900200E-08  0.47267126E-02  0.00000000E+00  0.20675903E+00  0.00000000E+00  0.00000000E+00  0.16435633E+09  0.00000000E+00  0.00000000E+00  0.00000000E+00  0.00000000E+00  0.00000000E+00  0.10000000E-01  0.10000000E+01
 0.13000200E-08  0.47267126E-02  0.00000000E+00  0.20840259E+00  0.00000000E+00  0.00000000E+00  0.16435633E+09  0.00000000E+00  0.00000000E+00  0.00000000E+00  0.00000000E+00  0.00000000E+00  0.10000000E-01  0.10000000E+01
 0.13100200E-08  0.47267126E-02  0.00000000E+00  0.21004615E+00  0.00000000E+00  0.00000000E+00  0.16435633E+09  0.00000000E+00  0.00000000E+00  0.00000000E+00  0.00000000E+00  0.00000000E+00  0.10000000E-01  0.10000000E+01
 0.13200200E-08  0.47267126E-02  0.00000000E+00  0.21168972E+00  0.00000000E+00  0.00000000E+00  0.16435633E+09  0.00000000E+00  0.00000000E+00  0.00000000E+00  0.00000000E+00  0.00000000E+00  0.10000000E-01  0.10000000E+01
 0.13300200E-08  0.47267126E-02  0.00000000E+00  0.21333328E+00  0.00000000E+00  0.00000000E+00  0.16435633E+09  0.00000000E+00  0.00000000E+00  0.00000000E+00  0.00000000E+00  0.00000000E+00  0.10000000E-01  0.10000000E+01
 0.13400200E-08  0.47267126E-02  0.00000000E+00  0.21497684E+00  0.00000000E+00  0.00000000E+00  0.16435633E+09  0.00000000E+00  0.00000000E+00  0.00000000E+00  0.00000000E+00  0.00000000E+00  0.10000000E-01  0.10000000E+01
 0.13500200E-08  0.47267126E-02  0.00000000E+00  0.21662041E+00  0.00000000E+00  0.00000000E+00  0.16435633E+09  0.00000000E+00  0.00000000E+00  0.00000000E+00  0.00000000E+00  0.00000000E+00  0.10000000E-01  0.10000000E+01
 0.13600200E-08  0.47267126E-02  0.00000000E+00  0.21826397E+00  0.00000000E+00  0.00000000E+00  0.16435633E+09  0.00000000E+00  0.00000000E+00  0.00000000E+00  0.00000000E+00  0.00000000E+00  0.10000000E-01  0.10000000E+01
 0.13700200E-08  0.47267126E-02  0.00000000E+00  0.21990753E+00  0.00000000E+00  0.00000000E+00  0.16435633E+09  0.00000000E+00  0.00000000E+00  0.00000000E+00  0.00000000E+00  0.00000000E+00  0.10000000E-01  0.10000000E+01
 0.13800200E-08  0.47267126E-02  0.00000000E+00  0.22155110E+00  0.00000000E+00  0.00000000E+00  0.16435633E+09  0.00000000E+00  0.00000000E+00  0.00000000E+00  0.00000000E+00  0.00000000E+00  0.10000000E-01  0.10000000E+01
 0.13900200E-08  0.47267126E-02  0.00000000E+00  0.22319466E+00  0.00000000E+00  0.00000000E+00  0.16435633E+09  0.00000000E+00  0.00000000E+00  0.00000000E+00  0.00000000E+00  0.00000000E+00  0.10000000E-01  0.10000000E+01
 0.14000200E-08  0.47267126E-02  0.00000000E+00  0.22483822E+00  0.00000000E+00  0.00000000E+00  0.16435633E+09  0.00000000E+00  0.00000000E+00  0.00000000E+00  0.00000000E+00  0.00000000E+00  0.10000000E-01  0.10000000E+01
 0.14100200E-08  0.47267126E-02  0.00000000E+00  0.22648179E+00  0.00000000E+00  0.00000000E+00  0.16435633E+09  0.00000000E+00  0.00000000E+00  0.00000000E+00  0.00000000E+00  0.00000000E+00  0.10000000E-01  0.10000000E+01
 0.14200200E-08  0.47267126E-02  0.00000000E+00  0.22812535E+00  0.00000000E+00  0.00000000E+00  0.16435633E+09  0.00000000E+00  0.00000000E+00  0.00000000E+00  0.00000000E+00  0.00000000E+00  0.10000000E-01  0.10000000E+01
 0.14300200E-08  0.47267126E-02  0.00000000E+00  0.22976891E+00  0.00000000E+00  0.00000000E+00  0.16435633E+09  0.00000000E+00  0.00000000E+00  0.00000000E+00  0.00000000E+00  0.00000000E+00  0.10000000E-01  0.10000000E+01
 0.14400200E-08  0.47267126E-02  0.00000000E+00  0.23141248E+00  0.00000000E+00  0.00000000E+00  0.16435633E+09  0.00000000E+00  0.00000000E+00  0.00000000E+00  0.00000000E+00  0.00000000E+00  0.10000000E-01  0.10000000E+01
 0.14500200E-08  0.47267126E-02  0.00000000E+00  0.23305604E+00  0.00000000E+00  0.00000000E+00  0.16435633E+09  0.00000000E+00  0.00000000E+00  0.00000000E+00  0.00000000E+00  0.00000000E+00  0.10000000E-01  0.10000000E+01
 0.14600200E-08  0.47267126E-02  0.00000000E+00  0.23469960E+00  0.00000000E+00  0.00000000E+00  0.16435633E+09  0.00000000E+00  0.00000000E+00  0.00000000E+00  0.00000000E+00  0.00000000E+00  0.10000000E-01  0.10000000E+01
 0.14700200E-08  0.47267126E-02  0.00000000E+00  0.23634317E+00  0.00000000E+00  0.00000000E+00  0.16435633E+09  0.00000000E+00  0.00000000E+00  0.00000000E+00  0.00000000E+00  0.00000000E+00  0.10000000E-01  0.10000000E+01
 0.14800200E-08  0.47267126E-02  0.00000000E+00  0.23798673E+00  0.00000000E+00  0.00000000E+00  0.16435633E+09  0.00000000E+00  0.00000000E+00  0.00000000E+00  0.00000000E+00  0.00000000E+00  0.10000000E-01  0.10000000E+01
 0.14900200E-08  0.47267126E-02  0.00000000E+00  0.23963029E+00  0.00000000E+00  0.00000000E+00  0.16435633E+09  0.00000000E+00  0.00000000E+00  0.00000000E+00  0.00000000E+00  0.00000000E+00  0.10000000E-01  0.10000000E+01
 0.15000200E-08  0.47267126E-02  0.00000000E+00  0.24127386E+00  0.00000000E+00  0.00000000E+00  0.16435633E+09  0.00000000E+00  0.00000000E+00  0.00000000E+00  0.00000000E+00  0.00000000E+00  0.10000000E-01  0.10000000E+01
 0.15100200E-08  0.47267126E-02  0.00000000E+00  0.24291742E+00  0.00000000E+00  0.00000000E+00  0.16435633E+09  0.00000000E+00  0.00000000E+00  0.00000000E+00  0.00000000E+00  0.00000000E+00  0.10000000E-01  0.10000000E+01
 0.15200200E-08  0.47267126E-02  0.00000000E+00  0.24456098E+00  0.00000000E+00  0.00000000E+00  0.16435633E+09  0.00000000E+00  0.00000000E+00  0.00000000E+00  0.00000000E+00  0.00000000E+00  0.10000000E-01  0.10000000E+01
 0.15300200E-08  0.47267126E-02  0.00000000E+00  0.24620455E+00  0.00000000E+00  0.00000000E+00  0.16435633E+09  0.00000000E+00  0.00000000E+00  0.00000000E+00  0.00000000E+00  0.00000000E+00  0.10000000E-01  0.10000000E+01
 0.15400200E-08  0.47267126E-02  0.00000000E+00  0.24784811E+00  0.00000000E+00  0.00000000E+00  0.16435633E+09  0.00000000E+00  0.00000000E+00  0.00000000E+00  0.00000000E+00  0.00000000E+00  0.10000000E-01  0.10000000E+01
 0.15500200E-08  0.47267126E-02  0.00000000E+00  0.24949167E+00  0.00000000E+00  0.00000000E+00  0.16435633E+09  0.00000000E+00  0.00000000E+00  0.00000000E+00  0.00000000E+00  0.00000000E+00  0.10000000E-01  0.10000000E+01
 0.15600200E-08  0.47267126E-02  0.00000000E+00  0.25113524E+00  0.00000000E+00  0.00000000E+00  0.16435633E+09  0.00000000E+00  0.00000000E+00  0.00000000E+00  0.00000000E+00  0.00000000E+00  0.10000000E-01  0.10000000E+01
 0.15700200E-08  0.47267126E-02  0.00000000E+00  0.25277880E+00  0.00000000E+00  0.00000000E+00  0.16435633E+09  0.00000000E+00  0.00000000E+00  0.00000000E+00  0.00000000E+00  0.00000000E+00  0.10000000E-01  0.10000000E+01
 0.15800200E-08  0.47267126E-02  0.00000000E+00  0.25442236E+00  0.00000000E+00  0.00000000E+00  0.16435633E+09  0.00000000E+00  0.00000000E+00  0.00000000E+00  0.00000000E+00  0.00000000E+00  0.10000000E-01  0.10000000E+01
 0.15900200E-08  0.47267126E-02  0.00000000E+00  0.25606593E+00  0.00000000E+00  0.00000000E+00  0.16435633E+09  0.00000000E+00  0.00000000E+00  0.00000000E+00  0.00000000E+00  0.00000000E+00  0.10000000E-01  0.10000000E+01
 0.16000200E-08  0.47267126E-02  0.00000000E+00  0.25770949E+00  0.00000000E+00  0.00000000E+00  0.16435633E+09  0.00000000E+00  0.00000000E+00  0.00000000E+00  0.00000000E+00  0.00000000E+00  0.10000000E-01  0.10000000E+01
 0.16100200E-08  0.47267126E-02  0.00000000E+00  0.25935305E+00  0.00000000E+00  0.00000000E+00  0.16435633E+09  0.00000000E+00  0.00000000E+00  0.00000000E+00  0.00000000E+00  0.00000000E+00  0.10000000E-01  0.10000000E+01
 0.16200200E-08  0.47267126E-02  0.00000000E+00  0.26099662E+00  0.00000000E+00  0.00000000E+00  0.16435633E+09  0.00000000E+00  0.00000000E+00  0.00000000E+00  0.00000000E+00  0.00000000E+00  0.10000000E-01  0.10000000E+01
 0.16300200E-08  0.47267126E-02  0.00000000E+00  0.26264018E+00  0.00000000E+00  0.00000000E+00  0.16435633E+09  0.00000000E+00  0.00000000E+00  0.00000000E+00  0.00000000E+00  0.00000000E+00  0.10000000E-01  0.10000000E+01
 0.16400200E-08  0.47267126E-02  0.00000000E+00  0.26428374E+00  0.00000000E+00  0.00000000E+00  0.16435633E+09  0.00000000E+00  0.00000000E+00  0.00000000E+00  0.00000000E+00  0.00000000E+00  0.10000000E-01  0.10000000E+01
 0.16500200E-08  0.47267126E-02  0.00000000E+00  0.26592731E+00  0.00000000E+00  0.00000000E+00  0.16435633E+09  0.00000000E+00  0.00000000E+00  0.00000000E+00  0.00000000E+00  0.00000000E+00  0.10000000E-01  0.10000000E+01
 0.16600200E-08  0.47267126E-02  0.00000000E+00  0.26757087E+00  0.00000000E+00  0.00000000E+00  0.16435633E+09  0.00000000E+00  0.00000000E+00  0.00000000E+00  0.00000000E+00  0.00000000E+00  0.10000000E-01  0.10000000E+01
 0.16700200E-08  0.47267126E-02  0.00000000E+00  0.26921443E+00  0.00000000E+00  0.00000000E+00  0.16435633E+09  0.00000000E+00  0.00000000E+00  0.00000000E+00  0.00000000E+00  0.00000000E+00  0.10000000E-01  0.10000000E+01
 0.16800200E-08  0.47267126E-02  0.00000000E+00  0.27085800E+00  0.00000000E+00  0.00000000E+00  0.16435633E+09  0.00000000E+00  0.00000000E+00  0.00000000E+00  0.00000000E+00  0.00000000E+00  0.10000000E-01  0.10000000E+01
 0.16900200E-08  0.47267126E-02  0.00000000E+00  0.27250156E+00  0.00000000E+00  0.00000000E+00  0.16435633E+09  0.00000000E+00  0.00000000E+00  0.00000000E+00  0.00000000E+00  0.00000000E+00  0.10000000E-01  0.10000000E+01
 0.17000200E-08  0.47267126E-02  0.00000000E+00  0.27414512E+00  0.00000000E+00  0.00000000E+00  0.16435633E+09  0.00000000E+00  0.00000000E+00  0.00000000E+00  0.00000000E+00  0.00000000E+00  0.10000000E-01  0.10000000E+01
 0.17100200E-08  0.47267126E-02  0.00000000E+00  0.27578869E+00  0.00000000E+00  0.00000000E+00  0.16435633E+09  0.00000000E+00  0.00000000E+00  0.00000000E+00  0.00000000E+00  0.00000000E+00  0.10000000E-01  0.10000000E+01
 0.17200200E-08  0.47267126E-02  0.00000000E+00  0.27743225E+00  0.00000000E+00  0.00000000E+00  0.16435633E+09  0.00000000E+00  0.00000000E+00  0.00000000E+00  0.00000000E+00  0.00000000E+00  0.10000000E-01  0.10000000E+01
 0.17300200E-08  0.47267126E-02  0.00000000E+00  0.27907581E+00  0.00000000E+00  0.00000000E+00  0.16435633E+09  0.00000000E+00  0.00000000E+00  0.00000000E+00  0.00000000E+00  0.00000000E+00  0.10000000E-01  0.10000000E+01
 0.17400200E-08  0.47267126E-02  0.00000000E+00  0.28071937E+00  0.00000000E+00  0.00000000E+00  0.16435633E+09  0.00000000E+00  0.00000000E+00  0.00000000E+00  0.00000000E+00  0.00000000E+00  0.10000000E-01  0.10000000E+01
 0.17500200E-08  0.47267126E-02  0.00000000E+00  0.28236294E+00  0.00000000E+00  0.00000000E+00  0.16435633E+09  0.00000000E+00  0.00000000E+00  0.00000000E+00  0.00000000E+00  0.00000000E+00  0.10000000E-01  0.10000000E+01
 0.17600200E-08  0.47267126E-02  0.00000000E+00  0.28400650E+00  0.00000000E+00  0.00000000E+00  0.16435633E+09  0.00000000E+00  0.00000000E+00  0.00000000E+00  0.00000000E+00  0.00000000E+00  0.10000000E-01  0.10000000E+01
 0.17700200E-08  0.47267126E-02  0.00000000E+00  0.28565006E+00  0.00000000E+00  0.00000000E+00  0.16435633E+09  0.00000000E+00  0.00000000E+00  0.00000000E+00  0.00000000E+00  0.00000000E+00  0.10000000E-01  0.10000000E+01
 0.17800200E-08  0.47267126E-02  0.00000000E+00  0.28729363E+00  0.00000000E+00  0.00000000E+00  0.16435633E+09  0.00000000E+00  0.00000000E+00  0.00000000E+00  0.00000000E+00  0.00000000E+00  0.10000000E-01  0.10000000E+01
 0.17900200E-08  0.47267126E-02  0.00000000E+00  0.28893719E+00  0.00000000E+00  0.00000000E+00  0.16435633E+09  0.00000000E+00  0.00000000E+00  0.00000000E+00  0.00000000E+00  0.00000000E+00  0.10000000E-01  0.10000000E+01
 0.18000200E-08  0.47267126E-02  0.00000000E+00  0.29058075E+00  0.00000000E+00  0.00000000E+00  0.16435633E+09  0.00000000E+00  0.00000000E+00  0.00000000E+00  0.00000000E+00  0.00000000E+00  0.10000000E-01  0.10000000E+01
 0.18100200E-08  0.47267126E-02  0.00000000E+00  0.29222432E+00  0.00000000E+00  0.00000000E+00  0.16435633E+09  0.00000000E+00  0.00000000E+00  0.00000000E+00  0.00000000E+00  0.00000000E+00  0.10000000E-01  0.10000000E+01
 0.18200200E-08  0.47267126E-02  0.00000000E+00  0.29386788E+00  0.00000000E+00  0.00000000E+00  0.16435633E+09  0.00000000E+00  0.00000000E+00  0.00000000E+00  0.00000000E+00  0.00000000E+00  0.10000000E-01  0.10000000E+01
 0.18300200E-08  0.47267126E-02  0.00000000E+00  0.29551144E+00  0.00000000E+00  0.00000000E+00  0.16435633E+09  0.00000000E+00  0.00000000E+00  0.00000000E+00  0.00000000E+00  0.00000000E+00  0.10000000E-01  0.10000000E+01
 0.18400200E-08  0.47267126E-02  0.00000000E+00  0.29715501E+00  0.00000000E+00  0.00000000E+00  0.16435633E+09  0.00000000E+00  0.00000000E+00  0.00000000E+00  0.00000000E+00  0.00000000E+00  0.10000000E-01  0.10000000E+01
 0.18500200E-08  0.47267126E-02  0.00000000E+00  0.29879857E+00  0.00000000E+00  0.00000000E+00  0.16435633E+09  0.00000000E+00  0.00000000E+00  0.00000000E+00  0.00000000E+00  0.00000000E+00  0.10000000E-01  0.10000000E+01
 0.18600200E-08  0.47267126E-02  0.00000000E+00  0.30044213E+00  0.00000000E+00  0.00000000E+00  0.16435633E+09  0.00000000E+00  0.00000000E+00  0.00000000E+00  0.00000000E+00  0.00000000E+00  0.10000000E-01  0.10000000E+01
 0.18700200E-08  0.47267126E-02  0.00000000E+00  0.30208570E+00  0.00000000E+00  0.00000000E+00  0.16435633E+09  0.00000000E+00  0.00000000E+00  0.00000000E+00  0.00000000E+00  0.00000000E+00  0.10000000E-01  0.10000000E+01
 0.18800200E-08  0.47267126E-02  0.00000000E+00  0.30372926E+00  0.00000000E+00  0.00000000E+00  0.16435633E+09  0.00000000E+00  0.00000000E+00  0.00000000E+00  0.00000000E+00  0.00000000E+00  0.10000000E-01  0.10000000E+01
 0.18900200E-08  0.47267126E-02  0.00000000E+00  0.30537282E+00  0.00000000E+00  0.00000000E+00  0.16435633E+09  0.00000000E+00  0.00000000E+00  0.00000000E+00  0.00000000E+00  0.00000000E+00  0.10000000E-01  0.10000000E+01
 0.19000200E-08  0.47267126E-02  0.00000000E+00  0.30701639E+00  0.00000000E+00  0.00000000E+00  0.16435633E+09  0.00000000E+00  0.00000000E+00  0.00000000E+00  0.00000000E+00  0.00000000E+00  0.10000000E-01  0.10000000E+01
 0.19100200E-08  0.47267126E-02  0.00000000E+00  0.30865995E+00  0.00000000E+00  0.00000000E+00  0.16435633E+09  0.00000000E+00  0.00000000E+00  0.00000000E+00  0.00000000E+00  0.00000000E+00  0.10000000E-01  0.10000000E+01
 0.19200200E-08  0.47267126E-02  0.00000000E+00  0.31030351E+00  0.00000000E+00  0.00000000E+00  0.16435633E+09  0.00000000E+00  0.00000000E+00  0.00000000E+00  0.00000000E+00  0.00000000E+00  0.10000000E-01  0.10000000E+01
 0.19300200E-08  0.47267126E-02  0.00000000E+00  0.31194708E+00  0.00000000E+00  0.00000000E+00  0.16435633E+09  0.00000000E+00  0.00000000E+00  0.00000000E+00  0.00000000E+00  0.00000000E+00  0.10000000E-01  0.10000000E+01
 0.19400200E-08  0.47267126E-02  0.00000000E+00  0.31359064E+00  0.00000000E+00  0.00000000E+00  0.16435633E+09  0.00000000E+00  0.00000000E+00  0.00000000E+00  0.00000000E+00  0.00000000E+00  0.10000000E-01  0.10000000E+01
 0.19500200E-08  0.47267126E-02  0.00000000E+00  0.31523420E+00  0.00000000E+00  0.00000000E+00  0.16435633E+09  0.00000000E+00  0.00000000E+00  0.00000000E+00  0.00000000E+00  0.00000000E+00  0.10000000E-01  0.10000000E+01
 0.19600200E-08  0.47267126E-02  0.00000000E+00  0.31687777E+00  0.00000000E+00  0.00000000E+00  0.16435633E+09  0.00000000E+00  0.00000000E+00  0.00000000E+00  0.00000000E+00  0.00000000E+00  0.10000000E-01  0.10000000E+01
 0.19700200E-08  0.47267126E-02  0.00000000E+00  0.31852133E+00  0.00000000E+00  0.00000000E+00  0.16435633E+09  0.00000000E+00  0.00000000E+00  0.00000000E+00  0.00000000E+00  0.00000000E+00  0.10000000E-01  0.10000000E+01
 0.19800200E-08  0.47267126E-02  0.00000000E+00  0.32016489E+00  0.00000000E+00  0.00000000E+00  0.16435633E+09  0.00000000E+00  0.00000000E+00  0.00000000E+00  0.00000000E+00  0.00000000E+00  0.10000000E-01  0.10000000E+01
 0.19900200E-08  0.47267126E-02  0.00000000E+00  0.32180846E+00  0.00000000E+00  0.00000000E+00  0.16435633E+09  0.00000000E+00  0.00000000E+00  0.00000000E+00  0.00000000E+00  0.00000000E+00  0.10000000E-01  0.10000000E+01
