# ptime xp yp zp vx vy vz ex ey ez bx by bz wt
 0.20000000E-13  0.15637435E-01  0.00000000E+00 -0.21710413E-01  0.00000000E+00  0.00000000E+00  0.17336673E+09  0.00000000E+00  0.00000000E+00  0.00000000E+00  0.00000000E+00  0.00000000E+00  0.10000000E-01  0.10000000E+01
 0.10000000E-10  0.15637435E-01  0.00000000E+00 -0.19980213E-01  0.00000000E+00  0.00000000E+00  0.17336673E+09  0.00000000E+00  0.00000000E+00  0.00000000E+00  0.00000000E+00  0.00000000E+00  0.10000000E-01  0.10000000E+01
 0.20000000E-10  0.15637435E-01  0.00000000E+00 -0.18246546E-01  0.00000000E+00  0.00000000E+00  0.17336673E+09  0.00000000E+00  0.00000000E+00  0.00000000E+00  0.00000000E+00  0.00000000E+00  0.10000000E-01  0.10000000E+01
 0.30000000E-10  0.15637435E-01  0.00000000E+00 -0.16512879E-01  0.00000000E+00  0.00000000E+00  0.17336673E+09  0.00000000E+00  0.00000000E+00  0.00000000E+00  0.00000000E+00  0.00000000E+00  0.10000000E-01  0.10000000E+01
 0.40020000E-10  0.15637435E-01  0.00000000E+00 -0.14775744E-01  0.00000000E+00  0.00000000E+00  0.17336673E+09  0.00000000E+00  0.00000000E+00  0.00000000E+00  0.00000000E+00  0.00000000E+00  0.10000000E-01  0.10000000E+01
 0.50020000E-10  0.15637435E-01  0.00000000E+00 -0.13042077E-01  0.00000000E+00  0.00000000E+00  0.17336673E+09  0.00000000E+00  0.00000000E+00  0.00000000E+00  0.00000000E+00  0.00000000E+00  0.10000000E-01  0.10000000E+01
 0.60020000E-10  0.15637435E-01  0.00000000E+00 -0.11308409E-01  0.00000000E+00  0.00000000E+00  0.17336673E+09  0.00000000E+00  0.00000000E+00  0.00000000E+00  0.00000000E+00  0.00000000E+00  0.10000000E-01  0.10000000E+01
 0.70020000E-10  0.15637435E-01  0.00000000E+00 -0.95747422E-02  0.00000000E+00  0.00000000E+00  0.17336673E+09  0.00000000E+00  0.00000000E+00  0.00000000E+00  0.00000000E+00  0.00000000E+00  0.10000000E-01  0.10000000E+01
 0.80000000E-10  0.15637435E-01  0.00000000E+00 -0.78445422E-02  0.00000000E+00  0.00000000E+00  0.17336673E+09  0.00000000E+00  0.00000000E+00  0.00000000E+00  0.00000000E+00  0.00000000E+00  0.10000000E-01  0.10000000E+01
 0.90000000E-10  0.15637435E-01  0.00000000E+00 -0.61108748E-02  0.00000000E+00  0.00000000E+00  0.17336673E+09  0.00000000E+00  0.00000000E+00  0.00000000E+00  0.00000000E+00  0.00000000E+00  0.10000000E-01  0.10000000E+01
 0.10000000E-09  0.15637435E-01  0.00000000E+00 -0.43772075E-02  0.00000000E+00  0.00000000E+00  0.17336673E+09  0.00000000E+00  0.00000000E+00  0.00000000E+00  0.00000000E+00  0.00000000E+00  0.10000000E-01  0.10000000E+01
 0.11000000E-09  0.15637435E-01  0.00000000E+00 -0.26435402E-02  0.00000000E+00  0.00000000E+00  0.17336673E+09  0.00000000E+00  0.00000000E+00  0.00000000E+00  0.00000000E+00  0.00000000E+00  0.10000000E-01  0.10000000E+01
 0.12000000E-09  0.15637435E-01  0.00000000E+00 -0.90987284E-03  0.00000000E+00  0.00000000E+00  0.17336673E+09  0.00000000E+00  0.00000000E+00  0.00000000E+00  0.00000000E+00  0.00000000E+00  0.10000000E-01  0.10000000E+01
 0.13000000E-09  0.15637435E-01  0.00000000E+00  0.82379449E-03  0.00000000E+00  0.00000000E+00  0.17336673E+09  0.00000000E+00  0.00000000E+00  0.00000000E+00  0.00000000E+00  0.00000000E+00  0.10000000E-01  0.10000000E+01
 0.14002000E-09  0.15637435E-01  0.00000000E+00  0.25609292E-02  0.00000000E+00  0.00000000E+00  0.17336673E+09  0.00000000E+00  0.00000000E+00  0.00000000E+00  0.00000000E+00  0.00000000E+00  0.10000000E-01  0.10000000E+01
 0.15002000E-09  0.15637435E-01  0.00000000E+00  0.42945965E-02  0.00000000E+00  0.00000000E+00  0.17336673E+09  0.00000000E+00  0.00000000E+00  0.00000000E+00  0.00000000E+00  0.00000000E+00  0.10000000E-01  0.10000000E+01
 0.16002000E-09  0.15637435E-01  0.00000000E+00  0.60282638E-02  0.00000000E+00  0.00000000E+00  0.17336673E+09  0.00000000E+00  0.00000000E+00  0.00000000E+00  0.00000000E+00  0.00000000E+00  0.10000000E-01  0.10000000E+01
 0.17002000E-09  0.15637435E-01  0.00000000E+00  0.77619311E-02  0.00000000E+00  0.00000000E+00  0.17336673E+09  0.00000000E+00  0.00000000E+00  0.00000000E+00  0.00000000E+00  0.00000000E+00  0.10000000E-01  0.10000000E+01
 0.18002000E-09  0.15637435E-01  0.00000000E+00  0.94955985E-02  0.00000000E+00  0.00000000E+00  0.17336673E+09  0.00000000E+00  0.00000000E+00  0.00000000E+00  0.00000000E+00  0.00000000E+00  0.10000000E-01  0.10000000E+01
 0.19002000E-09  0.15637435E-01  0.00000000E+00  0.11229266E-01  0.00000000E+00  0.00000000E+00  0.17336673E+09  0.00000000E+00  0.00000000E+00  0.00000000E+00  0.00000000E+00  0.00000000E+00  0.10000000E-01  0.10000000E+01
 0.20002000E-09  0.15637435E-01  0.00000000E+00  0.12962933E-01  0.00000000E+00  0.00000000E+00  0.17336673E+09  0.00000000E+00  0.00000000E+00  0.00000000E+00  0.00000000E+00  0.00000000E+00  0.10000000E-01  0.10000000E+01
 0.21002000E-09  0.15637435E-01  0.00000000E+00  0.14696600E-01  0.00000000E+00  0.00000000E+00  0.17336673E+09  0.00000000E+00  0.00000000E+00  0.00000000E+00  0.00000000E+00  0.00000000E+00  0.10000000E-01  0.10000000E+01
 0.22002000E-09  0.15637435E-01  0.00000000E+00  0.16430268E-01  0.00000000E+00  0.00000000E+00  0.17336673E+09  0.00000000E+00  0.00000000E+00  0.00000000E+00  0.00000000E+00  0.00000000E+00  0.10000000E-01  0.10000000E+01
 0.23002000E-09  0.15637435E-01  0.00000000E+00  0.18163935E-01  0.00000000E+00  0.00000000E+00  0.17336673E+09  0.00000000E+00  0.00000000E+00  0.00000000E+00  0.00000000E+00  0.00000000E+00  0.10000000E-01  0.10000000E+01
 0.24002000E-09  0.15637435E-01  0.00000000E+00  0.19897602E-01  0.00000000E+00  0.00000000E+00  0.17336673E+09  0.00000000E+00  0.00000000E+00  0.00000000E+00  0.00000000E+00  0.00000000E+00  0.10000000E-01  0.10000000E+01
 0.25002000E-09  0.15637435E-01  0.00000000E+00  0.21631270E-01  0.00000000E+00  0.00000000E+00  0.17336673E+09  0.00000000E+00  0.00000000E+00  0.00000000E+00  0.00000000E+00  0.00000000E+00  0.10000000E-01  0.10000000E+01
 0.26002000E-09  0.15637435E-01  0.00000000E+00  0.23364937E-01  0.00000000E+00  0.00000000E+00  0.17336673E+09  0.00000000E+00  0.00000000E+00  0.00000000E+00  0.00000000E+00  0.00000000E+00  0.10000000E-01  0.10000000E+01
 0.27002000E-09  0.15637435E-01  0.00000000E+00  0.25098604E-01  0.00000000E+00  0.00000000E+00  0.17336673E+09  0.00000000E+00  0.00000000E+00  0.00000000E+00  0.00000000E+00  0.00000000E+00  0.10000000E-01  0.10000000E+01
 0.28002000E-09  0.15637435E-01  0.00000000E+00  0.26832272E-01  0.00000000E+00  0.00000000E+00  0.17336673E+09  0.00000000E+00  0.00000000E+00  0.00000000E+00  0.00000000E+00  0.00000000E+00  0.10000000E-01  0.10000000E+01
 0.29002000E-09  0.15637435E-01  0.00000000E+00  0.28565939E-01  0.00000000E+00  0.00000000E+00  0.17336673E+09  0.00000000E+00  0.00000000E+00  0.00000000E+00  0.00000000E+00  0.00000000E+00  0.10000000E-01  0.10000000E+01
 0.30000000E-09  0.15637435E-01  0.00000000E+00  0.30296139E-01  0.00000000E+00  0.00000000E+00  0.17336673E+09  0.00000000E+00  0.00000000E+00  0.00000000E+00  0.00000000E+00  0.00000000E+00  0.10000000E-01  0.10000000E+01
 0.31000000E-09  0.15637435E-01  0.00000000E+00  0.32029806E-01  0.00000000E+00  0.00000000E+00  0.17336673E+09  0.00000000E+00  0.00000000E+00  0.00000000E+00  0.00000000E+00  0.00000000E+00  0.10000000E-01  0.10000000E+01
 0.32000000E-09  0.15637435E-01  0.00000000E+00  0.33763474E-01  0.00000000E+00  0.00000000E+00  0.17336673E+09  0.00000000E+00  0.00000000E+00  0.00000000E+00  0.00000000E+00  0.00000000E+00  0.10000000E-01  0.10000000E+01
 0.33000000E-09  0.15637435E-01  0.00000000E+00  0.35497141E-01  0.00000000E+00  0.00000000E+00  0.17336673E+09  0.00000000E+00  0.00000000E+00  0.00000000E+00  0.00000000E+00  0.00000000E+00  0.10000000E-01  0.10000000E+01
 0.34000000E-09  0.15637435E-01  0.00000000E+00  0.37230808E-01  0.00000000E+00  0.00000000E+00  0.17336673E+09  0.00000000E+00  0.00000000E+00  0.00000000E+00  0.00000000E+00  0.00000000E+00  0.10000000E-01  0.10000000E+01
 0.35000000E-09  0.15637435E-01  0.00000000E+00  0.38964476E-01  0.00000000E+00  0.00000000E+00  0.17336673E+09  0.00000000E+00  0.00000000E+00  0.00000000E+00  0.00000000E+00  0.00000000E+00  0.10000000E-01  0.10000000E+01
 0.36000000E-09  0.15637435E-01  0.00000000E+00  0.40698143E-01  0.00000000E+00  0.00000000E+00  0.17336673E+09  0.00000000E+00  0.00000000E+00  0.00000000E+00  0.00000000E+00  0.00000000E+00  0.10000000E-01  0.10000000E+01
 0.37000000E-09  0.15637435E-01  0.00000000E+00  0.42431810E-01  0.00000000E+00  0.00000000E+00  0.17336673E+09  0.00000000E+00  0.00000000E+00  0.00000000E+00  0.00000000E+00  0.00000000E+00  0.10000000E-01  0.10000000E+01
 0.38000000E-09  0.15637435E-01  0.00000000E+00  0.44165478E-01  0.00000000E+00  0.00000000E+00  0.17336673E+09  0.00000000E+00  0.00000000E+00  0.00000000E+00  0.00000000E+00  0.00000000E+00  0.10000000E-01  0.10000000E+01
 0.39000000E-09  0.15637435E-01  0.00000000E+00  0.45899145E-01  0.00000000E+00  0.00000000E+00  0.17336673E+09  0.00000000E+00  0.00000000E+00  0.00000000E+00  0.00000000E+00  0.00000000E+00  0.10000000E-01  0.10000000E+01
 0.40000000E-09  0.15637435E-01  0.00000000E+00  0.47632812E-01  0.00000000E+00  0.00000000E+00  0.17336673E+09  0.00000000E+00  0.00000000E+00  0.00000000E+00  0.00000000E+00  0.00000000E+00  0.10000000E-01  0.10000000E+01
 0.41000000E-09  0.15637435E-01  0.00000000E+00  0.49366480E-01  0.00000000E+00  0.00000000E+00  0.17336673E+09  0.00000000E+00  0.00000000E+00  0.00000000E+00  0.00000000E+00  0.00000000E+00  0.10000000E-01  0.10000000E+01
 0.42000000E-09  0.15637435E-01  0.00000000E+00  0.51100147E-01  0.00000000E+00  0.00000000E+00  0.17336673E+09  0.00000000E+00  0.00000000E+00  0.00000000E+00  0.00000000E+00  0.00000000E+00  0.10000000E-01  0.10000000E+01
 0.43000000E-09  0.15637435E-01  0.00000000E+00  0.52833814E-01  0.00000000E+00  0.00000000E+00  0.17336673E+09  0.00000000E+00  0.00000000E+00  0.00000000E+00  0.00000000E+00  0.00000000E+00  0.10000000E-01  0.10000000E+01
 0.44000000E-09  0.15637435E-01  0.00000000E+00  0.54567482E-01  0.00000000E+00  0.00000000E+00  0.17336673E+09  0.00000000E+00  0.00000000E+00  0.00000000E+00  0.00000000E+00  0.00000000E+00  0.10000000E-01  0.10000000E+01
 0.45000000E-09  0.15637435E-01  0.00000000E+00  0.56301149E-01  0.00000000E+00  0.00000000E+00  0.17336673E+09  0.00000000E+00  0.00000000E+00  0.00000000E+00  0.00000000E+00  0.00000000E+00  0.10000000E-01  0.10000000E+01
 0.46000000E-09  0.15637435E-01  0.00000000E+00  0.58034816E-01  0.00000000E+00  0.00000000E+00  0.17336673E+09  0.00000000E+00  0.00000000E+00  0.00000000E+00  0.00000000E+00  0.00000000E+00  0.10000000E-01  0.10000000E+01
 0.47000000E-09  0.15637435E-01  0.00000000E+00  0.59768484E-01  0.00000000E+00  0.00000000E+00  0.17336673E+09  0.00000000E+00  0.00000000E+00  0.00000000E+00  0.00000000E+00  0.00000000E+00  0.10000000E-01  0.10000000E+01
 0.48000000E-09  0.15637435E-01  0.00000000E+00  0.61502151E-01  0.00000000E+00  0.00000000E+00  0.17336673E+09  0.00000000E+00  0.00000000E+00  0.00000000E+00  0.00000000E+00  0.00000000E+00  0.10000000E-01  0.10000000E+01
 0.49000000E-09  0.15637435E-01  0.00000000E+00  0.63235818E-01  0.00000000E+00  0.00000000E+00  0.17336673E+09  0.00000000E+00  0.00000000E+00  0.00000000E+00  0.00000000E+00  0.00000000E+00  0.10000000E-01  0.10000000E+01
 0.50000000E-09  0.15637435E-01  0.00000000E+00  0.64969486E-01  0.00000000E+00  0.00000000E+00  0.17336673E+09  0.00000000E+00  0.00000000E+00  0.00000000E+00  0.00000000E+00  0.00000000E+00  0.10000000E-01  0.10000000E+01
 0.51000000E-09  0.15637435E-01  0.00000000E+00  0.66703153E-01  0.00000000E+00  0.00000000E+00  0.17336673E+09  0.00000000E+00  0.00000000E+00  0.00000000E+00  0.00000000E+00  0.00000000E+00  0.10000000E-01  0.10000000E+01
 0.52000000E-09  0.15637435E-01  0.00000000E+00  0.68436820E-01  0.00000000E+00  0.00000000E+00  0.17336673E+09  0.00000000E+00  0.00000000E+00  0.00000000E+00  0.00000000E+00  0.00000000E+00  0.10000000E-01  0.10000000E+01
 0.53000000E-09  0.15637435E-01  0.00000000E+00  0.70170488E-01  0.00000000E+00  0.00000000E+00  0.17336673E+09  0.00000000E+00  0.00000000E+00  0.00000000E+00  0.00000000E+00  0.00000000E+00  0.10000000E-01  0.10000000E+01
 0.54000000E-09  0.15637435E-01  0.00000000E+00  0.71904155E-01  0.00000000E+00  0.00000000E+00  0.17336673E+09  0.00000000E+00  0.00000000E+00  0.00000000E+00  0.00000000E+00  0.00000000E+00  0.10000000E-01  0.10000000E+01
 0.55002000E-09  0.15637435E-01  0.00000000E+00  0.73641290E-01  0.00000000E+00  0.00000000E+00  0.17336673E+09  0.00000000E+00  0.00000000E+00  0.00000000E+00  0.00000000E+00  0.00000000E+00  0.10000000E-01  0.10000000E+01
 0.56002000E-09  0.15637435E-01  0.00000000E+00  0.75374957E-01  0.00000000E+00  0.00000000E+00  0.17336673E+09  0.00000000E+00  0.00000000E+00  0.00000000E+00  0.00000000E+00  0.00000000E+00  0.10000000E-01  0.10000000E+01
 0.57002000E-09  0.15637435E-01  0.00000000E+00  0.77108624E-01  0.00000000E+00  0.00000000E+00  0.17336673E+09  0.00000000E+00  0.00000000E+00  0.00000000E+00  0.00000000E+00  0.00000000E+00  0.10000000E-01  0.10000000E+01
 0.58002000E-09  0.15637435E-01  0.00000000E+00  0.78842292E-01  0.00000000E+00  0.00000000E+00  0.17336673E+09  0.00000000E+00  0.00000000E+00  0.00000000E+00  0.00000000E+00  0.00000000E+00  0.10000000E-01  0.10000000E+01
 0.59002000E-09  0.15637435E-01  0.00000000E+00  0.80575959E-01  0.00000000E+00  0.00000000E+00  0.17336673E+09  0.00000000E+00  0.00000000E+00  0.00000000E+00  0.00000000E+00  0.00000000E+00  0.10000000E-01  0.10000000E+01
 0.60002000E-09  0.15637435E-01  0.00000000E+00  0.82309626E-01  0.00000000E+00  0.00000000E+00  0.17336673E+09  0.00000000E+00  0.00000000E+00  0.00000000E+00  0.00000000E+00  0.00000000E+00  0.10000000E-01  0.10000000E+01
 0.61002000E-09  0.15637435E-01  0.00000000E+00  0.84043294E-01  0.00000000E+00  0.00000000E+00  0.17336673E+09  0.00000000E+00  0.00000000E+00  0.00000000E+00  0.00000000E+00  0.00000000E+00  0.10000000E-01  0.10000000E+01
 0.62002000E-09  0.15637435E-01  0.00000000E+00  0.85776961E-01  0.00000000E+00  0.00000000E+00  0.17336673E+09  0.00000000E+00  0.00000000E+00  0.00000000E+00  0.00000000E+00  0.00000000E+00  0.10000000E-01  0.10000000E+01
 0.63002000E-09  0.15637435E-01  0.00000000E+00  0.87510628E-01  0.00000000E+00  0.00000000E+00  0.17336673E+09  0.00000000E+00  0.00000000E+00  0.00000000E+00  0.00000000E+00  0.00000000E+00  0.10000000E-01  0.10000000E+01
 0.64002000E-09  0.15637435E-01  0.00000000E+00  0.89244296E-01  0.00000000E+00  0.00000000E+00  0.17336673E+09  0.00000000E+00  0.00000000E+00  0.00000000E+00  0.00000000E+00  0.00000000E+00  0.10000000E-01  0.10000000E+01
 0.65002000E-09  0.15637435E-01  0.00000000E+00  0.90977963E-01  0.00000000E+00  0.00000000E+00  0.17336673E+09  0.00000000E+00  0.00000000E+00  0.00000000E+00  0.00000000E+00  0.00000000E+00  0.10000000E-01  0.10000000E+01
 0.66002000E-09  0.15637435E-01  0.00000000E+00  0.92711630E-01  0.00000000E+00  0.00000000E+00  0.17336673E+09  0.00000000E+00  0.00000000E+00  0.00000000E+00  0.00000000E+00  0.00000000E+00  0.10000000E-01  0.10000000E+01
 0.67002000E-09  0.15637435E-01  0.00000000E+00  0.94445298E-01  0.00000000E+00  0.00000000E+00  0.17336673E+09  0.00000000E+00  0.00000000E+00  0.00000000E+00  0.00000000E+00  0.00000000E+00  0.10000000E-01  0.10000000E+01
 0.68002000E-09  0.15637435E-01  0.00000000E+00  0.96178965E-01  0.00000000E+00  0.00000000E+00  0.17336673E+09  0.00000000E+00  0.00000000E+00  0.00000000E+00  0.00000000E+00  0.00000000E+00  0.10000000E-01  0.10000000E+01
 0.69002000E-09  0.15637435E-01  0.00000000E+00  0.97912632E-01  0.00000000E+00  0.00000000E+00  0.17336673E+09  0.00000000E+00  0.00000000E+00  0.00000000E+00  0.00000000E+00  0.00000000E+00  0.10000000E-01  0.10000000E+01
 0.70002000E-09  0.15637435E-01  0.00000000E+00  0.99646300E-01  0.00000000E+00  0.00000000E+00  0.17336673E+09  0.00000000E+00  0.00000000E+00  0.00000000E+00  0.00000000E+00  0.00000000E+00  0.10000000E-01  0.10000000E+01
 0.71002000E-09  0.15637435E-01  0.00000000E+00  0.10137997E+00  0.00000000E+00  0.00000000E+00  0.17336673E+09  0.00000000E+00  0.00000000E+00  0.00000000E+00  0.00000000E+00  0.00000000E+00  0.10000000E-01  0.10000000E+01
 0.72002000E-09  0.15637435E-01  0.00000000E+00  0.10311363E+00  0.00000000E+00  0.00000000E+00  0.17336673E+09  0.00000000E+00  0.00000000E+00  0.00000000E+00  0.00000000E+00  0.00000000E+00  0.10000000E-01  0.10000000E+01
 0.73002000E-09  0.15637435E-01  0.00000000E+00  0.10484730E+00  0.00000000E+00  0.00000000E+00  0.17336673E+09  0.00000000E+00  0.00000000E+00  0.00000000E+00  0.00000000E+00  0.00000000E+00  0.10000000E-01  0.10000000E+01
 0.74002000E-09  0.15637435E-01  0.00000000E+00  0.10658097E+00  0.00000000E+00  0.00000000E+00  0.17336673E+09  0.00000000E+00  0.00000000E+00  0.00000000E+00  0.00000000E+00  0.00000000E+00  0.10000000E-01  0.10000000E+01
 0.75002000E-09  0.15637435E-01  0.00000000E+00  0.10831464E+00  0.00000000E+00  0.00000000E+00  0.17336673E+09  0.00000000E+00  0.00000000E+00  0.00000000E+00  0.00000000E+00  0.00000000E+00  0.10000000E-01  0.10000000E+01
 0.76002000E-09  0.15637435E-01  0.00000000E+00  0.11004830E+00  0.00000000E+00  0.00000000E+00  0.17336673E+09  0.00000000E+00  0.00000000E+00  0.00000000E+00  0.00000000E+00  0.00000000E+00  0.10000000E-01  0.10000000E+01
 0.77002000E-09  0.15637435E-01  0.00000000E+00  0.11178197E+00  0.00000000E+00  0.00000000E+00  0.17336673E+09  0.00000000E+00  0.00000000E+00  0.00000000E+00  0.00000000E+00  0.00000000E+00  0.10000000E-01  0.10000000E+01
 0.78002000E-09  0.15637435E-01  0.00000000E+00  0.11351564E+00  0.00000000E+00  0.00000000E+00  0.17336673E+09  0.00000000E+00  0.00000000E+00  0.00000000E+00  0.00000000E+00  0.00000000E+00  0.10000000E-01  0.10000000E+01
 0.79002000E-09  0.15637435E-01  0.00000000E+00  0.11524931E+00  0.00000000E+00  0.00000000E+00  0.17336673E+09  0.00000000E+00  0.00000000E+00  0.00000000E+00  0.00000000E+00  0.00000000E+00  0.10000000E-01  0.10000000E+01
 0.80002000E-09  0.15637435E-01  0.00000000E+00  0.11698297E+00  0.00000000E+00  0.00000000E+00  0.17336673E+09  0.00000000E+00  0.00000000E+00  0.00000000E+00  0.00000000E+00  0.00000000E+00  0.10000000E-01  0.10000000E+01
 0.81002000E-09  0.15637435E-01  0.00000000E+00  0.11871664E+00  0.00000000E+00  0.00000000E+00  0.17336673E+09  0.00000000E+00  0.00000000E+00  0.00000000E+00  0.00000000E+00  0.00000000E+00  0.10000000E-01  0.10000000E+01
 0.82002000E-09  0.15637435E-01  0.00000000E+00  0.12045031E+00  0.00000000E+00  0.00000000E+00  0.17336673E+09  0.00000000E+00  0.00000000E+00  0.00000000E+00  0.00000000E+00  0.00000000E+00  0.10000000E-01  0.10000000E+01
 0.83002000E-09  0.15637435E-01  0.00000000E+00  0.12218397E+00  0.00000000E+00  0.00000000E+00  0.17336673E+09  0.00000000E+00  0.00000000E+00  0.00000000E+00  0.00000000E+00  0.00000000E+00  0.10000000E-01  0.10000000E+01
 0.84002000E-09  0.15637435E-01  0.00000000E+00  0.12391764E+00  0.00000000E+00  0.00000000E+00  0.17336673E+09  0.00000000E+00  0.00000000E+00  0.00000000E+00  0.00000000E+00  0.00000000E+00  0.10000000E-01  0.10000000E+01
 0.85002000E-09  0.15637435E-01  0.00000000E+00  0.12565131E+00  0.00000000E+00  0.00000000E+00  0.17336673E+09  0.00000000E+00  0.00000000E+00  0.00000000E+00  0.00000000E+00  0.00000000E+00  0.10000000E-01  0.10000000E+01
 0.86002000E-09  0.15637435E-01  0.00000000E+00  0.12738498E+00  0.00000000E+00  0.00000000E+00  0.17336673E+09  0.00000000E+00  0.00000000E+00  0.00000000E+00  0.00000000E+00  0.00000000E+00  0.10000000E-01  0.10000000E+01
 0.87002000E-09  0.15637435E-01  0.00000000E+00  0.12911864E+00  0.00000000E+00  0.00000000E+00  0.17336673E+09  0.00000000E+00  0.00000000E+00  0.00000000E+00  0.00000000E+00  0.00000000E+00  0.10000000E-01  0.10000000E+01
 0.88002000E-09  0.15637435E-01  0.00000000E+00  0.13085231E+00  0.00000000E+00  0.00000000E+00  0.17336673E+09  0.00000000E+00  0.00000000E+00  0.00000000E+00  0.00000000E+00  0.00000000E+00  0.10000000E-01  0.10000000E+01
 0.89002000E-09  0.15637435E-01  0.00000000E+00  0.13258598E+00  0.00000000E+00  0.00000000E+00  0.17336673E+09  0.00000000E+00  0.00000000E+00  0.00000000E+00  0.00000000E+00  0.00000000E+00  0.10000000E-01  0.10000000E+01
 0.90002000E-09  0.15637435E-01  0.00000000E+00  0.13431965E+00  0.00000000E+00  0.00000000E+00  0.17336673E+09  0.00000000E+00  0.00000000E+00  0.00000000E+00  0.00000000E+00  0.00000000E+00  0.10000000E-01  0.10000000E+01
 0.91002000E-09  0.15637435E-01  0.00000000E+00  0.13605331E+00  0.00000000E+00  0.00000000E+00  0.17336673E+09  0.00000000E+00  0.00000000E+00  0.00000000E+00  0.00000000E+00  0.00000000E+00  0.10000000E-01  0.10000000E+01
 0.92002000E-09  0.15637435E-01  0.00000000E+00  0.13778698E+00  0.00000000E+00  0.00000000E+00  0.17336673E+09  0.00000000E+00  0.00000000E+00  0.00000000E+00  0.00000000E+00  0.00000000E+00  0.10000000E-01  0.10000000E+01
 0.93002000E-09  0.15637435E-01  0.00000000E+00  0.13952065E+00  0.00000000E+00  0.00000000E+00  0.17336673E+09  0.00000000E+00  0.00000000E+00  0.00000000E+00  0.00000000E+00  0.00000000E+00  0.10000000E-01  0.10000000E+01
 0.94002000E-09  0.15637435E-01  0.00000000E+00  0.14125432E+00  0.00000000E+00  0.00000000E+00  0.17336673E+09  0.00000000E+00  0.00000000E+00  0.00000000E+00  0.00000000E+00  0.00000000E+00  0.10000000E-01  0.10000000E+01
 0.95002000E-09  0.15637435E-01  0.00000000E+00  0.14298798E+00  0.00000000E+00  0.00000000E+00  0.17336673E+09  0.00000000E+00  0.00000000E+00  0.00000000E+00  0.00000000E+00  0.00000000E+00  0.10000000E-01  0.10000000E+01
 0.96002000E-09  0.15637435E-01  0.00000000E+00  0.14472165E+00  0.00000000E+00  0.00000000E+00  0.17336673E+09  0.00000000E+00  0.00000000E+00  0.00000000E+00  0.00000000E+00  0.00000000E+00  0.10000000E-01  0.10000000E+01
 0.97002000E-09  0.15637435E-01  0.00000000E+00  0.14645532E+00  0.00000000E+00  0.00000000E+00  0.17336673E+09  0.00000000E+00  0.00000000E+00  0.00000000E+00  0.00000000E+00  0.00000000E+00  0.10000000E-01  0.10000000E+01
 0.98002000E-09  0.15637435E-01  0.00000000E+00  0.14818898E+00  0.00000000E+00  0.00000000E+00  0.17336673E+09  0.00000000E+00  0.00000000E+00  0.00000000E+00  0.00000000E+00  0.00000000E+00  0.10000000E-01  0.10000000E+01
 0.99002000E-09  0.15637435E-01  0.00000000E+00  0.14992265E+00  0.00000000E+00  0.00000000E+00  0.17336673E+09  0.00000000E+00  0.00000000E+00  0.00000000E+00  0.00000000E+00  0.00000000E+00  0.10000000E-01  0.10000000E+01
 0.10000200E-08  0.15637435E-01  0.00000000E+00  0.15165632E+00  0.00000000E+00  0.00000000E+00  0.17336673E+09  0.00000000E+00  0.00000000E+00  0.00000000E+00  0.00000000E+00  0.00000000E+00  0.10000000E-01  0.10000000E+01
 0.10100200E-08  0.15637435E-01  0.00000000E+00  0.15338999E+00  0.00000000E+00  0.00000000E+00  0.17336673E+09  0.00000000E+00  0.00000000E+00  0.00000000E+00  0.00000000E+00  0.00000000E+00  0.10000000E-01  0.10000000E+01
 0.10200200E-08  0.15637435E-01  0.00000000E+00  0.15512365E+00  0.00000000E+00  0.00000000E+00  0.17336673E+09  0.00000000E+00  0.00000000E+00  0.00000000E+00  0.00000000E+00  0.00000000E+00  0.10000000E-01  0.10000000E+01
 0.10300200E-08  0.15637435E-01  0.00000000E+00  0.15685732E+00  0.00000000E+00  0.00000000E+00  0.17336673E+09  0.00000000E+00  0.00000000E+00  0.00000000E+00  0.00000000E+00  0.00000000E+00  0.10000000E-01  0.10000000E+01
 0.10400200E-08  0.15637435E-01  0.00000000E+00  0.15859099E+00  0.00000000E+00  0.00000000E+00  0.17336673E+09  0.00000000E+00  0.00000000E+00  0.00000000E+00  0.00000000E+00  0.00000000E+00  0.10000000E-01  0.10000000E+01
 0.10500200E-08  0.15637435E-01  0.00000000E+00  0.16032466E+00  0.00000000E+00  0.00000000E+00  0.17336673E+09  0.00000000E+00  0.00000000E+00  0.00000000E+00  0.00000000E+00  0.00000000E+00  0.10000000E-01  0.10000000E+01
 0.10600200E-08  0.15637435E-01  0.00000000E+00  0.16205832E+00  0.00000000E+00  0.00000000E+00  0.17336673E+09  0.00000000E+00  0.00000000E+00  0.00000000E+00  0.00000000E+00  0.00000000E+00  0.10000000E-01  0.10000000E+01
 0.10700200E-08  0.15637435E-01  0.00000000E+00  0.16379199E+00  0.00000000E+00  0.00000000E+00  0.17336673E+09  0.00000000E+00  0.00000000E+00  0.00000000E+00  0.00000000E+00  0.00000000E+00  0.10000000E-01  0.10000000E+01
 0.10800200E-08  0.15637435E-01  0.00000000E+00  0.16552566E+00  0.00000000E+00  0.00000000E+00  0.17336673E+09  0.00000000E+00  0.00000000E+00  0.00000000E+00  0.00000000E+00  0.00000000E+00  0.10000000E-01  0.10000000E+01
 0.10900200E-08  0.15637435E-01  0.00000000E+00  0.16725933E+00  0.00000000E+00  0.00000000E+00  0.17336673E+09  0.00000000E+00  0.00000000E+00  0.00000000E+00  0.00000000E+00  0.00000000E+00  0.10000000E-01  0.10000000E+01
 0.11000200E-08  0.15637435E-01  0.00000000E+00  0.16899299E+00  0.00000000E+00  0.00000000E+00  0.17336673E+09  0.00000000E+00  0.00000000E+00  0.00000000E+00  0.00000000E+00  0.00000000E+00  0.10000000E-01  0.10000000E+01
 0.11100200E-08  0.15637435E-01  0.00000000E+00  0.17072666E+00  0.00000000E+00  0.00000000E+00  0.17336673E+09  0.00000000E+00  0.00000000E+00  0.00000000E+00  0.00000000E+00  0.00000000E+00  0.10000000E-01  0.10000000E+01
 0.11200200E-08  0.15637435E-01  0.00000000E+00  0.17246033E+00  0.00000000E+00  0.00000000E+00  0.17336673E+09  0.00000000E+00  0.00000000E+00  0.00000000E+00  0.00000000E+00  0.00000000E+00  0.10000000E-01  0.10000000E+01
 0.11300200E-08  0.15637435E-01  0.00000000E+00  0.17419399E+00  0.00000000E+00  0.00000000E+00  0.17336673E+09  0.00000000E+00  0.00000000E+00  0.00000000E+00  0.00000000E+00  0.00000000E+00  0.10000000E-01  0.10000000E+01
 0.11400200E-08  0.15637435E-01  0.00000000E+00  0.17592766E+00  0.00000000E+00  0.00000000E+00  0.17336673E+09  0.00000000E+00  0.00000000E+00  0.00000000E+00  0.00000000E+00  0.00000000E+00  0.10000000E-01  0.10000000E+01
 0.11500200E-08  0.15637435E-01  0.00000000E+00  0.17766133E+00  0.00000000E+00  0.00000000E+00  0.17336673E+09  0.00000000E+00  0.00000000E+00  0.00000000E+00  0.00000000E+00  0.00000000E+00  0.10000000E-01  0.10000000E+01
 0.11600200E-08  0.15637435E-01  0.00000000E+00  0.17939500E+00  0.00000000E+00  0.00000000E+00  0.17336673E+09  0.00000000E+00  0.00000000E+00  0.00000000E+00  0.00000000E+00  0.00000000E+00  0.10000000E-01  0.10000000E+01
 0.11700200E-08  0.15637435E-01  0.00000000E+00  0.18112866E+00  0.00000000E+00  0.00000000E+00  0.17336673E+09  0.00000000E+00  0.00000000E+00  0.00000000E+00  0.00000000E+00  0.00000000E+00  0.10000000E-01  0.10000000E+01
 0.11800200E-08  0.15637435E-01  0.00000000E+00  0.18286233E+00  0.00000000E+00  0.00000000E+00  0.17336673E+09  0.00000000E+00  0.00000000E+00  0.00000000E+00  0.00000000E+00  0.00000000E+00  0.10000000E-01  0.10000000E+01
 0.11900200E-08  0.15637435E-01  0.00000000E+00  0.18459600E+00  0.00000000E+00  0.00000000E+00  0.17336673E+09  0.00000000E+00  0.00000000E+00  0.00000000E+00  0.00000000E+00  0.00000000E+00  0.10000000E-01  0.10000000E+01
 0.12000200E-08  0.15637435E-01  0.00000000E+00  0.18632967E+00  0.00000000E+00  0.00000000E+00  0.17336673E+09  0.00000000E+00  0.00000000E+00  0.00000000E+00  0.00000000E+00  0.00000000E+00  0.10000000E-01  0.10000000E+01
 0.12100200E-08  0.15637435E-01  0.00000000E+00  0.18806333E+00  0.00000000E+00  0.00000000E+00  0.17336673E+09  0.00000000E+00  0.00000000E+00  0.00000000E+00  0.00000000E+00  0.00000000E+00  0.10000000E-01  0.10000000E+01
 0.12200200E-08  0.15637435E-01  0.00000000E+00  0.18979700E+00  0.00000000E+00  0.00000000E+00  0.17336673E+09  0.00000000E+00  0.00000000E+00  0.00000000E+00  0.00000000E+00  0.00000000E+00  0.10000000E-01  0.10000000E+01
 0.12300200E-08  0.15637435E-01  0.00000000E+00  0.19153067E+00  0.00000000E+00  0.00000000E+00  0.17336673E+09  0.00000000E+00  0.00000000E+00  0.00000000E+00  0.00000000E+00  0.00000000E+00  0.10000000E-01  0.10000000E+01
 0.12400200E-08  0.15637435E-01  0.00000000E+00  0.19326434E+00  0.00000000E+00  0.00000000E+00  0.17336673E+09  0.00000000E+00  0.00000000E+00  0.00000000E+00  0.00000000E+00  0.00000000E+00  0.10000000E-01  0.10000000E+01
 0.12500200E-08  0.15637435E-01  0.00000000E+00  0.19499800E+00  0.00000000E+00  0.00000000E+00  0.17336673E+09  0.00000000E+00  0.00000000E+00  0.00000000E+00  0.00000000E+00  0.00000000E+00  0.10000000E-01  0.10000000E+01
 0.12600200E-08  0.15637435E-01  0.00000000E+00  0.19673167E+00  0.00000000E+00  0.00000000E+00  0.17336673E+09  0.00000000E+00  0.00000000E+00  0.00000000E+00  0.00000000E+00  0.00000000E+00  0.10000000E-01  0.10000000E+01
 0.12700200E-08  0.15637435E-01  0.00000000E+00  0.19846534E+00  0.00000000E+00  0.00000000E+00  0.17336673E+09  0.00000000E+00  0.00000000E+00  0.00000000E+00  0.00000000E+00  0.00000000E+00  0.10000000E-01  0.10000000E+01
 0.12800200E-08  0.15637435E-01  0.00000000E+00  0.20019900E+00  0.00000000E+00  0.00000000E+00  0.17336673E+09  0.00000000E+00  0.00000000E+00  0.00000000E+00  0.00000000E+00  0.00000000E+00  0.10000000E-01  0.10000000E+01
 0.12900200E-08  0.15637435E-01  0.00000000E+00  0.20193267E+00  0.00000000E+00  0.00000000E+00  0.17336673E+09  0.00000000E+00  0.00000000E+00  0.00000000E+00  0.00000000E+00  0.00000000E+00  0.10000000E-01  0.10000000E+01
 0.13000200E-08  0.15637435E-01  0.00000000E+00  0.20366634E+00  0.00000000E+00  0.00000000E+00  0.17336673E+09  0.00000000E+00  0.00000000E+00  0.00000000E+00  0.00000000E+00  0.00000000E+00  0.10000000E-01  0.10000000E+01
 0.13100200E-08  0.15637435E-01  0.00000000E+00  0.20540001E+00  0.00000000E+00  0.00000000E+00  0.17336673E+09  0.00000000E+00  0.00000000E+00  0.00000000E+00  0.00000000E+00  0.00000000E+00  0.10000000E-01  0.10000000E+01
 0.13200200E-08  0.15637435E-01  0.00000000E+00  0.20713367E+00  0.00000000E+00  0.00000000E+00  0.17336673E+09  0.00000000E+00  0.00000000E+00  0.00000000E+00  0.00000000E+00  0.00000000E+00  0.10000000E-01  0.10000000E+01
 0.13300200E-08  0.15637435E-01  0.00000000E+00  0.20886734E+00  0.00000000E+00  0.00000000E+00  0.17336673E+09  0.00000000E+00  0.00000000E+00  0.00000000E+00  0.00000000E+00  0.00000000E+00  0.10000000E-01  0.10000000E+01
 0.13400200E-08  0.15637435E-01  0.00000000E+00  0.21060101E+00  0.00000000E+00  0.00000000E+00  0.17336673E+09  0.00000000E+00  0.00000000E+00  0.00000000E+00  0.00000000E+00  0.00000000E+00  0.10000000E-01  0.10000000E+01
 0.13500200E-08  0.15637435E-01  0.00000000E+00  0.21233468E+00  0.00000000E+00  0.00000000E+00  0.17336673E+09  0.00000000E+00  0.00000000E+00  0.00000000E+00  0.00000000E+00  0.00000000E+00  0.10000000E-01  0.10000000E+01
 0.13600200E-08  0.15637435E-01  0.00000000E+00  0.21406834E+00  0.00000000E+00  0.00000000E+00  0.17336673E+09  0.00000000E+00  0.00000000E+00  0.00000000E+00  0.00000000E+00  0.00000000E+00  0.10000000E-01  0.10000000E+01
 0.13700200E-08  0.15637435E-01  0.00000000E+00  0.21580201E+00  0.00000000E+00  0.00000000E+00  0.17336673E+09  0.00000000E+00  0.00000000E+00  0.00000000E+00  0.00000000E+00  0.00000000E+00  0.10000000E-01  0.10000000E+01
 0.13800200E-08  0.15637435E-01  0.00000000E+00  0.21753568E+00  0.00000000E+00  0.00000000E+00  0.17336673E+09  0.00000000E+00  0.00000000E+00  0.00000000E+00  0.00000000E+00  0.00000000E+00  0.10000000E-01  0.10000000E+01
 0.13900200E-08  0.15637435E-01  0.00000000E+00  0.21926935E+00  0.00000000E+00  0.00000000E+00  0.17336673E+09  0.00000000E+00  0.00000000E+00  0.00000000E+00  0.00000000E+00  0.00000000E+00  0.10000000E-01  0.10000000E+01
 0.14000200E-08  0.15637435E-01  0.00000000E+00  0.22100301E+00  0.00000000E+00  0.00000000E+00  0.17336673E+09  0.00000000E+00  0.00000000E+00  0.00000000E+00  0.00000000E+00  0.00000000E+00  0.10000000E-01  0.10000000E+01
 0.14100200E-08  0.15637435E-01  0.00000000E+00  0.22273668E+00  0.00000000E+00  0.00000000E+00  0.17336673E+09  0.00000000E+00  0.00000000E+00  0.00000000E+00  0.00000000E+00  0.00000000E+00  0.10000000E-01  0.10000000E+01
 0.14200200E-08  0.15637435E-01  0.00000000E+00  0.22447035E+00  0.00000000E+00  0.00000000E+00  0.17336673E+09  0.00000000E+00  0.00000000E+00  0.00000000E+00  0.00000000E+00  0.00000000E+00  0.10000000E-01  0.10000000E+01
 0.14300200E-08  0.15637435E-01  0.00000000E+00  0.22620401E+00  0.00000000E+00  0.00000000E+00  0.17336673E+09  0.00000000E+00  0.00000000E+00  0.00000000E+00  0.00000000E+00  0.00000000E+00  0.10000000E-01  0.10000000E+01
 0.14400200E-08  0.15637435E-01  0.00000000E+00  0.22793768E+00  0.00000000E+00  0.00000000E+00  0.17336673E+09  0.00000000E+00  0.00000000E+00  0.00000000E+00  0.00000000E+00  0.00000000E+00  0.10000000E-01  0.10000000E+01
 0.14500200E-08  0.15637435E-01  0.00000000E+00  0.22967135E+00  0.00000000E+00  0.00000000E+00  0.17336673E+09  0.00000000E+00  0.00000000E+00  0.00000000E+00  0.00000000E+00  0.00000000E+00  0.10000000E-01  0.10000000E+01
 0.14600200E-08  0.15637435E-01  0.00000000E+00  0.23140502E+00  0.00000000E+00  0.00000000E+00  0.17336673E+09  0.00000000E+00  0.00000000E+00  0.00000000E+00  0.00000000E+00  0.00000000E+00  0.10000000E-01  0.10000000E+01
 0.14700200E-08  0.15637435E-01  0.00000000E+00  0.23313868E+00  0.00000000E+00  0.00000000E+00  0.17336673E+09  0.00000000E+00  0.00000000E+00  0.00000000E+00  0.00000000E+00  0.00000000E+00  0.10000000E-01  0.10000000E+01
 0.14800200E-08  0.15637435E-01  0.00000000E+00  0.23487235E+00  0.00000000E+00  0.00000000E+00  0.17336673E+09  0.00000000E+00  0.00000000E+00  0.00000000E+00  0.00000000E+00  0.00000000E+00  0.10000000E-01  0.10000000E+01
 0.14900200E-08  0.15637435E-01  0.00000000E+00  0.23660602E+00  0.00000000E+00  0.00000000E+00  0.17336673E+09  0.00000000E+00  0.00000000E+00  0.00000000E+00  0.00000000E+00  0.00000000E+00  0.10000000E-01  0.10000000E+01
 0.15000200E-08  0.15637435E-01  0.00000000E+00  0.23833969E+00  0.00000000E+00  0.00000000E+00  0.17336673E+09  0.00000000E+00  0.00000000E+00  0.00000000E+00  0.00000000E+00  0.00000000E+00  0.10000000E-01  0.10000000E+01
 0.15100200E-08  0.15637435E-01  0.00000000E+00  0.24007335E+00  0.00000000E+00  0.00000000E+00  0.17336673E+09  0.00000000E+00  0.00000000E+00  0.00000000E+00  0.00000000E+00  0.00000000E+00  0.10000000E-01  0.10000000E+01
 0.15200200E-08  0.15637435E-01  0.00000000E+00  0.24180702E+00  0.00000000E+00  0.00000000E+00  0.17336673E+09  0.00000000E+00  0.00000000E+00  0.00000000E+00  0.00000000E+00  0.00000000E+00  0.10000000E-01  0.10000000E+01
 0.15300200E-08  0.15637435E-01  0.00000000E+00  0.24354069E+00  0.00000000E+00  0.00000000E+00  0.17336673E+09  0.00000000E+00  0.00000000E+00  0.00000000E+00  0.00000000E+00  0.00000000E+00  0.10000000E-01  0.10000000E+01
 0.15400200E-08  0.15637435E-01  0.00000000E+00  0.24527436E+00  0.00000000E+00  0.00000000E+00  0.17336673E+09  0.00000000E+00  0.00000000E+00  0.00000000E+00  0.00000000E+00  0.00000000E+00  0.10000000E-01  0.10000000E+01
 0.15500200E-08  0.15637435E-01  0.00000000E+00  0.24700802E+00  0.00000000E+00  0.00000000E+00  0.17336673E+09  0.00000000E+00  0.00000000E+00  0.00000000E+00  0.00000000E+00  0.00000000E+00  0.10000000E-01  0.10000000E+01
 0.15600200E-08  0.15637435E-01  0.00000000E+00  0.24874169E+00  0.00000000E+00  0.00000000E+00  0.17336673E+09  0.00000000E+00  0.00000000E+00  0.00000000E+00  0.00000000E+00  0.00000000E+00  0.10000000E-01  0.10000000E+01
 0.15700200E-08  0.15637435E-01  0.00000000E+00  0.25047536E+00  0.00000000E+00  0.00000000E+00  0.17336673E+09  0.00000000E+00  0.00000000E+00  0.00000000E+00  0.00000000E+00  0.00000000E+00  0.10000000E-01  0.10000000E+01
 0.15800200E-08  0.15637435E-01  0.00000000E+00  0.25220902E+00  0.00000000E+00  0.00000000E+00  0.17336673E+09  0.00000000E+00  0.00000000E+00  0.00000000E+00  0.00000000E+00  0.00000000E+00  0.10000000E-01  0.10000000E+01
 0.15900200E-08  0.15637435E-01  0.00000000E+00  0.25394269E+00  0.00000000E+00  0.00000000E+00  0.17336673E+09  0.00000000E+00  0.00000000E+00  0.00000000E+00  0.00000000E+00  0.00000000E+00  0.10000000E-01  0.10000000E+01
 0.16000200E-08  0.15637435E-01  0.00000000E+00  0.25567636E+00  0.00000000E+00  0.00000000E+00  0.17336673E+09  0.00000000E+00  0.00000000E+00  0.00000000E+00  0.00000000E+00  0.00000000E+00  0.10000000E-01  0.10000000E+01
 0.16100200E-08  0.15637435E-01  0.00000000E+00  0.25741003E+00  0.00000000E+00  0.00000000E+00  0.17336673E+09  0.00000000E+00  0.00000000E+00  0.00000000E+00  0.00000000E+00  0.00000000E+00  0.10000000E-01  0.10000000E+01
 0.16200200E-08  0.15637435E-01  0.00000000E+00  0.25914369E+00  0.00000000E+00  0.00000000E+00  0.17336673E+09  0.00000000E+00  0.00000000E+00  0.00000000E+00  0.00000000E+00  0.00000000E+00  0.10000000E-01  0.10000000E+01
 0.16300200E-08  0.15637435E-01  0.00000000E+00  0.26087736E+00  0.00000000E+00  0.00000000E+00  0.17336673E+09  0.00000000E+00  0.00000000E+00  0.00000000E+00  0.00000000E+00  0.00000000E+00  0.10000000E-01  0.10000000E+01
 0.16400200E-08  0.15637435E-01  0.00000000E+00  0.26261103E+00  0.00000000E+00  0.00000000E+00  0.17336673E+09  0.00000000E+00  0.00000000E+00  0.00000000E+00  0.00000000E+00  0.00000000E+00  0.10000000E-01  0.10000000E+01
 0.16500200E-08  0.15637435E-01  0.00000000E+00  0.26434470E+00  0.00000000E+00  0.00000000E+00  0.17336673E+09  0.00000000E+00  0.00000000E+00  0.00000000E+00  0.00000000E+00  0.00000000E+00  0.10000000E-01  0.10000000E+01
 0.16600200E-08  0.15637435E-01  0.00000000E+00  0.26607836E+00  0.00000000E+00  0.00000000E+00  0.17336673E+09  0.00000000E+00  0.00000000E+00  0.00000000E+00  0.00000000E+00  0.00000000E+00  0.10000000E-01  0.10000000E+01
 0.16700200E-08  0.15637435E-01  0.00000000E+00  0.26781203E+00  0.00000000E+00  0.00000000E+00  0.17336673E+09  0.00000000E+00  0.00000000E+00  0.00000000E+00  0.00000000E+00  0.00000000E+00  0.10000000E-01  0.10000000E+01
 0.16800200E-08  0.15637435E-01  0.00000000E+00  0.26954570E+00  0.00000000E+00  0.00000000E+00  0.17336673E+09  0.00000000E+00  0.00000000E+00  0.00000000E+00  0.00000000E+00  0.00000000E+00  0.10000000E-01  0.10000000E+01
 0.16900200E-08  0.15637435E-01  0.00000000E+00  0.27127937E+00  0.00000000E+00  0.00000000E+00  0.17336673E+09  0.00000000E+00  0.00000000E+00  0.00000000E+00  0.00000000E+00  0.00000000E+00  0.10000000E-01  0.10000000E+01
 0.17000200E-08  0.15637435E-01  0.00000000E+00  0.27301303E+00  0.00000000E+00  0.00000000E+00  0.17336673E+09  0.00000000E+00  0.00000000E+00  0.00000000E+00  0.00000000E+00  0.00000000E+00  0.10000000E-01  0.10000000E+01
 0.17100200E-08  0.15637435E-01  0.00000000E+00  0.27474670E+00  0.00000000E+00  0.00000000E+00  0.17336673E+09  0.00000000E+00  0.00000000E+00  0.00000000E+00  0.00000000E+00  0.00000000E+00  0.10000000E-01  0.10000000E+01
 0.17200200E-08  0.15637435E-01  0.00000000E+00  0.27648037E+00  0.00000000E+00  0.00000000E+00  0.17336673E+09  0.00000000E+00  0.00000000E+00  0.00000000E+00  0.00000000E+00  0.00000000E+00  0.10000000E-01  0.10000000E+01
 0.17300200E-08  0.15637435E-01  0.00000000E+00  0.27821403E+00  0.00000000E+00  0.00000000E+00  0.17336673E+09  0.00000000E+00  0.00000000E+00  0.00000000E+00  0.00000000E+00  0.00000000E+00  0.10000000E-01  0.10000000E+01
 0.17400200E-08  0.15637435E-01  0.00000000E+00  0.27994770E+00  0.00000000E+00  0.00000000E+00  0.17336673E+09  0.00000000E+00  0.00000000E+00  0.00000000E+00  0.00000000E+00  0.00000000E+00  0.10000000E-01  0.10000000E+01
 0.17500200E-08  0.15637435E-01  0.00000000E+00  0.28168137E+00  0.00000000E+00  0.00000000E+00  0.17336673E+09  0.00000000E+00  0.00000000E+00  0.00000000E+00  0.00000000E+00  0.00000000E+00  0.10000000E-01  0.10000000E+01
 0.17600200E-08  0.15637435E-01  0.00000000E+00  0.28341504E+00  0.00000000E+00  0.00000000E+00  0.17336673E+09  0.00000000E+00  0.00000000E+00  0.00000000E+00  0.00000000E+00  0.00000000E+00  0.10000000E-01  0.10000000E+01
 0.17700200E-08  0.15637435E-01  0.00000000E+00  0.28514870E+00  0.00000000E+00  0.00000000E+00  0.17336673E+09  0.00000000E+00  0.00000000E+00  0.00000000E+00  0.00000000E+00  0.00000000E+00  0.10000000E-01  0.10000000E+01
 0.17800200E-08  0.15637435E-01  0.00000000E+00  0.28688237E+00  0.00000000E+00  0.00000000E+00  0.17336673E+09  0.00000000E+00  0.00000000E+00  0.00000000E+00  0.00000000E+00  0.00000000E+00  0.10000000E-01  0.10000000E+01
 0.17900200E-08  0.15637435E-01  0.00000000E+00  0.28861604E+00  0.00000000E+00  0.00000000E+00  0.17336673E+09  0.00000000E+00  0.00000000E+00  0.00000000E+00  0.00000000E+00  0.00000000E+00  0.10000000E-01  0.10000000E+01
 0.18000200E-08  0.15637435E-01  0.00000000E+00  0.29034971E+00  0.00000000E+00  0.00000000E+00  0.17336673E+09  0.00000000E+00  0.00000000E+00  0.00000000E+00  0.00000000E+00  0.00000000E+00  0.10000000E-01  0.10000000E+01
 0.18100200E-08  0.15637435E-01  0.00000000E+00  0.29208337E+00  0.00000000E+00  0.00000000E+00  0.17336673E+09  0.00000000E+00  0.00000000E+00  0.00000000E+00  0.00000000E+00  0.00000000E+00  0.10000000E-01  0.10000000E+01
 0.18200200E-08  0.15637435E-01  0.00000000E+00  0.29381704E+00  0.00000000E+00  0.00000000E+00  0.17336673E+09  0.00000000E+00  0.00000000E+00  0.00000000E+00  0.00000000E+00  0.00000000E+00  0.10000000E-01  0.10000000E+01
 0.18300200E-08  0.15637435E-01  0.00000000E+00  0.29555071E+00  0.00000000E+00  0.00000000E+00  0.17336673E+09  0.00000000E+00  0.00000000E+00  0.00000000E+00  0.00000000E+00  0.00000000E+00  0.10000000E-01  0.10000000E+01
 0.18400200E-08  0.15637435E-01  0.00000000E+00  0.29728438E+00  0.00000000E+00  0.00000000E+00  0.17336673E+09  0.00000000E+00  0.00000000E+00  0.00000000E+00  0.00000000E+00  0.00000000E+00  0.10000000E-01  0.10000000E+01
 0.18500200E-08  0.15637435E-01  0.00000000E+00  0.29901804E+00  0.00000000E+00  0.00000000E+00  0.17336673E+09  0.00000000E+00  0.00000000E+00  0.00000000E+00  0.00000000E+00  0.00000000E+00  0.10000000E-01  0.10000000E+01
 0.18600200E-08  0.15637435E-01  0.00000000E+00  0.30075171E+00  0.00000000E+00  0.00000000E+00  0.17336673E+09  0.00000000E+00  0.00000000E+00  0.00000000E+00  0.00000000E+00  0.00000000E+00  0.10000000E-01  0.10000000E+01
 0.18700200E-08  0.15637435E-01  0.00000000E+00  0.30248538E+00  0.00000000E+00  0.00000000E+00  0.17336673E+09  0.00000000E+00  0.00000000E+00  0.00000000E+00  0.00000000E+00  0.00000000E+00  0.10000000E-01  0.10000000E+01
 0.18800200E-08  0.15637435E-01  0.00000000E+00  0.30421904E+00  0.00000000E+00  0.00000000E+00  0.17336673E+09  0.00000000E+00  0.00000000E+00  0.00000000E+00  0.00000000E+00  0.00000000E+00  0.10000000E-01  0.10000000E+01
 0.18900200E-08  0.15637435E-01  0.00000000E+00  0.30595271E+00  0.00000000E+00  0.00000000E+00  0.17336673E+09  0.00000000E+00  0.00000000E+00  0.00000000E+00  0.00000000E+00  0.00000000E+00  0.10000000E-01  0.10000000E+01
 0.19000200E-08  0.15637435E-01  0.00000000E+00  0.30768638E+00  0.00000000E+00  0.00000000E+00  0.17336673E+09  0.00000000E+00  0.00000000E+00  0.00000000E+00  0.00000000E+00  0.00000000E+00  0.10000000E-01  0.10000000E+01
 0.19100200E-08  0.15637435E-01  0.00000000E+00  0.30942005E+00  0.00000000E+00  0.00000000E+00  0.17336673E+09  0.00000000E+00  0.00000000E+00  0.00000000E+00  0.00000000E+00  0.00000000E+00  0.10000000E-01  0.10000000E+01
 0.19200200E-08  0.15637435E-01  0.00000000E+00  0.31115371E+00  0.00000000E+00  0.00000000E+00  0.17336673E+09  0.00000000E+00  0.00000000E+00  0.00000000E+00  0.00000000E+00  0.00000000E+00  0.10000000E-01  0.10000000E+01
 0.19300200E-08  0.15637435E-01  0.00000000E+00  0.31288738E+00  0.00000000E+00  0.00000000E+00  0.17336673E+09  0.00000000E+00  0.00000000E+00  0.00000000E+00  0.00000000E+00  0.00000000E+00  0.10000000E-01  0.10000000E+01
 0.19400200E-08  0.15637435E-01  0.00000000E+00  0.31462105E+00  0.00000000E+00  0.00000000E+00  0.17336673E+09  0.00000000E+00  0.00000000E+00  0.00000000E+00  0.00000000E+00  0.00000000E+00  0.10000000E-01  0.10000000E+01
 0.19500200E-08  0.15637435E-01  0.00000000E+00  0.31635472E+00  0.00000000E+00  0.00000000E+00  0.17336673E+09  0.00000000E+00  0.00000000E+00  0.00000000E+00  0.00000000E+00  0.00000000E+00  0.10000000E-01  0.10000000E+01
 0.19600200E-08  0.15637435E-01  0.00000000E+00  0.31808838E+00  0.00000000E+00  0.00000000E+00  0.17336673E+09  0.00000000E+00  0.00000000E+00  0.00000000E+00  0.00000000E+00  0.00000000E+00  0.10000000E-01  0.10000000E+01
 0.19700200E-08  0.15637435E-01  0.00000000E+00  0.31982205E+00  0.00000000E+00  0.00000000E+00  0.17336673E+09  0.00000000E+00  0.00000000E+00  0.00000000E+00  0.00000000E+00  0.00000000E+00  0.10000000E-01  0.10000000E+01
 0.19800200E-08  0.15637435E-01  0.00000000E+00  0.32155572E+00  0.00000000E+00  0.00000000E+00  0.17336673E+09  0.00000000E+00  0.00000000E+00  0.00000000E+00  0.00000000E+00  0.00000000E+00  0.10000000E-01  0.10000000E+01
 0.19900200E-08  0.15637435E-01  0.00000000E+00  0.32328939E+00  0.00000000E+00  0.00000000E+00  0.17336673E+09  0.00000000E+00  0.00000000E+00  0.00000000E+00  0.00000000E+00  0.00000000E+00  0.10000000E-01  0.10000000E+01
