# ptime xp yp zp vx vy vz ex ey ez bx by bz wt
 0.20000000E-13  0.91203560E-02  0.00000000E+00 -0.15256048E-01  0.00000000E+00  0.00000000E+00  0.18723389E+09  0.00000000E+00  0.00000000E+00  0.00000000E+00  0.00000000E+00  0.00000000E+00  0.10000000E-01  0.10000000E+01
 0.10000000E-10  0.91203560E-02  0.00000000E+00 -0.13387453E-01  0.00000000E+00  0.00000000E+00  0.18723389E+09  0.00000000E+00  0.00000000E+00  0.00000000E+00  0.00000000E+00  0.00000000E+00  0.10000000E-01  0.10000000E+01
 0.20000000E-10  0.91203560E-02  0.00000000E+00 -0.11515115E-01  0.00000000E+00  0.00000000E+00  0.18723389E+09  0.00000000E+00  0.00000000E+00  0.00000000E+00  0.00000000E+00  0.00000000E+00  0.10000000E-01  0.10000000E+01
 0.30000000E-10  0.91203560E-02  0.00000000E+00 -0.96427757E-02  0.00000000E+00  0.00000000E+00  0.18723389E+09  0.00000000E+00  0.00000000E+00  0.00000000E+00  0.00000000E+00  0.00000000E+00  0.10000000E-01  0.10000000E+01
 0.40020000E-10  0.91203560E-02  0.00000000E+00 -0.77666921E-02  0.00000000E+00  0.00000000E+00  0.18723389E+09  0.00000000E+00  0.00000000E+00  0.00000000E+00  0.00000000E+00  0.00000000E+00  0.10000000E-01  0.10000000E+01
 0.50020000E-10  0.91203560E-02  0.00000000E+00 -0.58943532E-02  0.00000000E+00  0.00000000E+00  0.18723389E+09  0.00000000E+00  0.00000000E+00  0.00000000E+00  0.00000000E+00  0.00000000E+00  0.10000000E-01  0.10000000E+01
 0.60020000E-10  0.91203560E-02  0.00000000E+00 -0.40220143E-02  0.00000000E+00  0.00000000E+00  0.18723389E+09  0.00000000E+00  0.00000000E+00  0.00000000E+00  0.00000000E+00  0.00000000E+00  0.10000000E-01  0.10000000E+01
 0.70020000E-10  0.91203560E-02  0.00000000E+00 -0.21496755E-02  0.00000000E+00  0.00000000E+00  0.18723389E+09  0.00000000E+00  0.00000000E+00  0.00000000E+00  0.00000000E+00  0.00000000E+00  0.10000000E-01  0.10000000E+01
 0.80000000E-10  0.91203560E-02  0.00000000E+00 -0.28108126E-03  0.00000000E+00  0.00000000E+00  0.18723389E+09  0.00000000E+00  0.00000000E+00  0.00000000E+00  0.00000000E+00  0.00000000E+00  0.10000000E-01  0.10000000E+01
 0.90000000E-10  0.91203560E-02  0.00000000E+00  0.15912576E-02  0.00000000E+00  0.00000000E+00  0.18723389E+09  0.00000000E+00  0.00000000E+00  0.00000000E+00  0.00000000E+00  0.00000000E+00  0.10000000E-01  0.10000000E+01
 0.10000000E-09  0.91203560E-02  0.00000000E+00  0.34635965E-02  0.00000000E+00  0.00000000E+00  0.18723389E+09  0.00000000E+00  0.00000000E+00  0.00000000E+00  0.00000000E+00  0.00000000E+00  0.10000000E-01  0.10000000E+01
 0.11000000E-09  0.91203560E-02  0.00000000E+00  0.53359354E-02  0.00000000E+00  0.00000000E+00  0.18723389E+09  0.00000000E+00  0.00000000E+00  0.00000000E+00  0.00000000E+00  0.00000000E+00  0.10000000E-01  0.10000000E+01
 0.12000000E-09  0.91203560E-02  0.00000000E+00  0.72082743E-02  0.00000000E+00  0.00000000E+00  0.18723389E+09  0.00000000E+00  0.00000000E+00  0.00000000E+00  0.00000000E+00  0.00000000E+00  0.10000000E-01  0.10000000E+01
 0.13000000E-09  0.91203560E-02  0.00000000E+00  0.90806131E-02  0.00000000E+00  0.00000000E+00  0.18723389E+09  0.00000000E+00  0.00000000E+00  0.00000000E+00  0.00000000E+00  0.00000000E+00  0.10000000E-01  0.10000000E+01
 0.14002000E-09  0.91203560E-02  0.00000000E+00  0.10956697E-01  0.00000000E+00  0.00000000E+00  0.18723389E+09  0.00000000E+00  0.00000000E+00  0.00000000E+00  0.00000000E+00  0.00000000E+00  0.10000000E-01  0.10000000E+01
 0.15002000E-09  0.91203560E-02  0.00000000E+00  0.12829036E-01  0.00000000E+00  0.00000000E+00  0.18723389E+09  0.00000000E+00  0.00000000E+00  0.00000000E+00  0.00000000E+00  0.00000000E+00  0.10000000E-01  0.10000000E+01
 0.16002000E-09  0.91203560E-02  0.00000000E+00  0.14701374E-01  0.00000000E+00  0.00000000E+00  0.18723389E+09  0.00000000E+00  0.00000000E+00  0.00000000E+00  0.00000000E+00  0.00000000E+00  0.10000000E-01  0.10000000E+01
 0.17002000E-09  0.91203560E-02  0.00000000E+00  0.16573713E-01  0.00000000E+00  0.00000000E+00  0.18723389E+09  0.00000000E+00  0.00000000E+00  0.00000000E+00  0.00000000E+00  0.00000000E+00  0.10000000E-01  0.10000000E+01
 0.18002000E-09  0.91203560E-02  0.00000000E+00  0.18446052E-01  0.00000000E+00  0.00000000E+00  0.18723389E+09  0.00000000E+00  0.00000000E+00  0.00000000E+00  0.00000000E+00  0.00000000E+00  0.10000000E-01  0.10000000E+01
 0.19002000E-09  0.91203560E-02  0.00000000E+00  0.20318391E-01  0.00000000E+00  0.00000000E+00  0.18723389E+09  0.00000000E+00  0.00000000E+00  0.00000000E+00  0.00000000E+00  0.00000000E+00  0.10000000E-01  0.10000000E+01
 0.20002000E-09  0.91203560E-02  0.00000000E+00  0.22190730E-01  0.00000000E+00  0.00000000E+00  0.18723389E+09  0.00000000E+00  0.00000000E+00  0.00000000E+00  0.00000000E+00  0.00000000E+00  0.10000000E-01  0.10000000E+01
 0.21002000E-09  0.91203560E-02  0.00000000E+00  0.24063069E-01  0.00000000E+00  0.00000000E+00  0.18723389E+09  0.00000000E+00  0.00000000E+00  0.00000000E+00  0.00000000E+00  0.00000000E+00  0.10000000E-01  0.10000000E+01
 0.22002000E-09  0.91203560E-02  0.00000000E+00  0.25935408E-01  0.00000000E+00  0.00000000E+00  0.18723389E+09  0.00000000E+00  0.00000000E+00  0.00000000E+00  0.00000000E+00  0.00000000E+00  0.10000000E-01  0.10000000E+01
 0.23002000E-09  0.91203560E-02  0.00000000E+00  0.27807747E-01  0.00000000E+00  0.00000000E+00  0.18723389E+09  0.00000000E+00  0.00000000E+00  0.00000000E+00  0.00000000E+00  0.00000000E+00  0.10000000E-01  0.10000000E+01
 0.24002000E-09  0.91203560E-02  0.00000000E+00  0.29680085E-01  0.00000000E+00  0.00000000E+00  0.18723389E+09  0.00000000E+00  0.00000000E+00  0.00000000E+00  0.00000000E+00  0.00000000E+00  0.10000000E-01  0.10000000E+01
 0.25002000E-09  0.91203560E-02  0.00000000E+00  0.31552424E-01  0.00000000E+00  0.00000000E+00  0.18723389E+09  0.00000000E+00  0.00000000E+00  0.00000000E+00  0.00000000E+00  0.00000000E+00  0.10000000E-01  0.10000000E+01
 0.26002000E-09  0.91203560E-02  0.00000000E+00  0.33424763E-01  0.00000000E+00  0.00000000E+00  0.18723389E+09  0.00000000E+00  0.00000000E+00  0.00000000E+00  0.00000000E+00  0.00000000E+00  0.10000000E-01  0.10000000E+01
 0.27002000E-09  0.91203560E-02  0.00000000E+00  0.35297102E-01  0.00000000E+00  0.00000000E+00  0.18723389E+09  0.00000000E+00  0.00000000E+00  0.00000000E+00  0.00000000E+00  0.00000000E+00  0.10000000E-01  0.10000000E+01
 0.28002000E-09  0.91203560E-02  0.00000000E+00  0.37169441E-01  0.00000000E+00  0.00000000E+00  0.18723389E+09  0.00000000E+00  0.00000000E+00  0.00000000E+00  0.00000000E+00  0.00000000E+00  0.10000000E-01  0.10000000E+01
 0.29002000E-09  0.91203560E-02  0.00000000E+00  0.39041780E-01  0.00000000E+00  0.00000000E+00  0.18723389E+09  0.00000000E+00  0.00000000E+00  0.00000000E+00  0.00000000E+00  0.00000000E+00  0.10000000E-01  0.10000000E+01
 0.30000000E-09  0.91203560E-02  0.00000000E+00  0.40910374E-01  0.00000000E+00  0.00000000E+00  0.18723389E+09  0.00000000E+00  0.00000000E+00  0.00000000E+00  0.00000000E+00  0.00000000E+00  0.10000000E-01  0.10000000E+01
 0.31000000E-09  0.91203560E-02  0.00000000E+00  0.42782713E-01  0.00000000E+00  0.00000000E+00  0.18723389E+09  0.00000000E+00  0.00000000E+00  0.00000000E+00  0.00000000E+00  0.00000000E+00  0.10000000E-01  0.10000000E+01
 0.32000000E-09  0.91203560E-02  0.00000000E+00  0.44655052E-01  0.00000000E+00  0.00000000E+00  0.18723389E+09  0.00000000E+00  0.00000000E+00  0.00000000E+00  0.00000000E+00  0.00000000E+00  0.10000000E-01  0.10000000E+01
 0.33000000E-09  0.91203560E-02  0.00000000E+00  0.46527391E-01  0.00000000E+00  0.00000000E+00  0.18723389E+09  0.00000000E+00  0.00000000E+00  0.00000000E+00  0.00000000E+00  0.00000000E+00  0.10000000E-01  0.10000000E+01
 0.34000000E-09  0.91203560E-02  0.00000000E+00  0.48399730E-01  0.00000000E+00  0.00000000E+00  0.18723389E+09  0.00000000E+00  0.00000000E+00  0.00000000E+00  0.00000000E+00  0.00000000E+00  0.10000000E-01  0.10000000E+01
 0.35000000E-09  0.91203560E-02  0.00000000E+00  0.50272069E-01  0.00000000E+00  0.00000000E+00  0.18723389E+09  0.00000000E+00  0.00000000E+00  0.00000000E+00  0.00000000E+00  0.00000000E+00  0.10000000E-01  0.10000000E+01
 0.36000000E-09  0.91203560E-02  0.00000000E+00  0.52144407E-01  0.00000000E+00  0.00000000E+00  0.18723389E+09  0.00000000E+00  0.00000000E+00  0.00000000E+00  0.00000000E+00  0.00000000E+00  0.10000000E-01  0.10000000E+01
 0.37000000E-09  0.91203560E-02  0.00000000E+00  0.54016746E-01  0.00000000E+00  0.00000000E+00  0.18723389E+09  0.00000000E+00  0.00000000E+00  0.00000000E+00  0.00000000E+00  0.00000000E+00  0.10000000E-01  0.10000000E+01
 0.38000000E-09  0.91203560E-02  0.00000000E+00  0.55889085E-01  0.00000000E+00  0.00000000E+00  0.18723389E+09  0.00000000E+00  0.00000000E+00  0.00000000E+00  0.00000000E+00  0.00000000E+00  0.10000000E-01  0.10000000E+01
 0.39000000E-09  0.91203560E-02  0.00000000E+00  0.57761424E-01  0.00000000E+00  0.00000000E+00  0.18723389E+09  0.00000000E+00  0.00000000E+00  0.00000000E+00  0.00000000E+00  0.00000000E+00  0.10000000E-01  0.10000000E+01
 0.40000000E-09  0.91203560E-02  0.00000000E+00  0.59633763E-01  0.00000000E+00  0.00000000E+00  0.18723389E+09  0.00000000E+00  0.00000000E+00  0.00000000E+00  0.00000000E+00  0.00000000E+00  0.10000000E-01  0.10000000E+01
 0.41000000E-09  0.91203560E-02  0.00000000E+00  0.61506102E-01  0.00000000E+00  0.00000000E+00  0.18723389E+09  0.00000000E+00  0.00000000E+00  0.00000000E+00  0.00000000E+00  0.00000000E+00  0.10000000E-01  0.10000000E+01
 0.42000000E-09  0.91203560E-02  0.00000000E+00  0.63378441E-01  0.00000000E+00  0.00000000E+00  0.18723389E+09  0.00000000E+00  0.00000000E+00  0.00000000E+00  0.00000000E+00  0.00000000E+00  0.10000000E-01  0.10000000E+01
 0.43000000E-09  0.91203560E-02  0.00000000E+00  0.65250780E-01  0.00000000E+00  0.00000000E+00  0.18723389E+09  0.00000000E+00  0.00000000E+00  0.00000000E+00  0.00000000E+00  0.00000000E+00  0.10000000E-01  0.10000000E+01
 0.44000000E-09  0.91203560E-02  0.00000000E+00  0.67123118E-01  0.00000000E+00  0.00000000E+00  0.18723389E+09  0.00000000E+00  0.00000000E+00  0.00000000E+00  0.00000000E+00  0.00000000E+00  0.10000000E-01  0.10000000E+01
 0.45000000E-09  0.91203560E-02  0.00000000E+00  0.68995457E-01  0.00000000E+00  0.00000000E+00  0.18723389E+09  0.00000000E+00  0.00000000E+00  0.00000000E+00  0.00000000E+00  0.00000000E+00  0.10000000E-01  0.10000000E+01
 0.46000000E-09  0.91203560E-02  0.00000000E+00  0.70867796E-01  0.00000000E+00  0.00000000E+00  0.18723389E+09  0.00000000E+00  0.00000000E+00  0.00000000E+00  0.00000000E+00  0.00000000E+00  0.10000000E-01  0.10000000E+01
 0.47000000E-09  0.91203560E-02  0.00000000E+00  0.72740135E-01  0.00000000E+00  0.00000000E+00  0.18723389E+09  0.00000000E+00  0.00000000E+00  0.00000000E+00  0.00000000E+00  0.00000000E+00  0.10000000E-01  0.10000000E+01
 0.48000000E-09  0.91203560E-02  0.00000000E+00  0.74612474E-01  0.00000000E+00  0.00000000E+00  0.18723389E+09  0.00000000E+00  0.00000000E+00  0.00000000E+00  0.00000000E+00  0.00000000E+00  0.10000000E-01  0.10000000E+01
 0.49000000E-09  0.91203560E-02  0.00000000E+00  0.76484813E-01  0.00000000E+00  0.00000000E+00  0.18723389E+09  0.00000000E+00  0.00000000E+00  0.00000000E+00  0.00000000E+00  0.00000000E+00  0.10000000E-01  0.10000000E+01
 0.50000000E-09  0.91203560E-02  0.00000000E+00  0.78357152E-01  0.00000000E+00  0.00000000E+00  0.18723389E+09  0.00000000E+00  0.00000000E+00  0.00000000E+00  0.00000000E+00  0.00000000E+00  0.10000000E-01  0.10000000E+01
 0.51000000E-09  0.91203560E-02  0.00000000E+00  0.80229491E-01  0.00000000E+00  0.00000000E+00  0.18723389E+09  0.00000000E+00  0.00000000E+00  0.00000000E+00  0.00000000E+00  0.00000000E+00  0.10000000E-01  0.10000000E+01
 0.52000000E-09  0.91203560E-02  0.00000000E+00  0.82101829E-01  0.00000000E+00  0.00000000E+00  0.18723389E+09  0.00000000E+00  0.00000000E+00  0.00000000E+00  0.00000000E+00  0.00000000E+00  0.10000000E-01  0.10000000E+01
 0.53000000E-09  0.91203560E-02  0.00000000E+00  0.83974168E-01  0.00000000E+00  0.00000000E+00  0.18723389E+09  0.00000000E+00  0.00000000E+00  0.00000000E+00  0.00000000E+00  0.00000000E+00  0.10000000E-01  0.10000000E+01
 0.54000000E-09  0.91203560E-02  0.00000000E+00  0.85846507E-01  0.00000000E+00  0.00000000E+00  0.18723389E+09  0.00000000E+00  0.00000000E+00  0.00000000E+00  0.00000000E+00  0.00000000E+00  0.10000000E-01  0.10000000E+01
 0.55002000E-09  0.91203560E-02  0.00000000E+00  0.87722591E-01  0.00000000E+00  0.00000000E+00  0.18723389E+09  0.00000000E+00  0.00000000E+00  0.00000000E+00  0.00000000E+00  0.00000000E+00  0.10000000E-01  0.10000000E+01
 0.56002000E-09  0.91203560E-02  0.00000000E+00  0.89594930E-01  0.00000000E+00  0.00000000E+00  0.18723389E+09  0.00000000E+00  0.00000000E+00  0.00000000E+00  0.00000000E+00  0.00000000E+00  0.10000000E-01  0.10000000E+01
 0.57002000E-09  0.91203560E-02  0.00000000E+00  0.91467269E-01  0.00000000E+00  0.00000000E+00  0.18723389E+09  0.00000000E+00  0.00000000E+00  0.00000000E+00  0.00000000E+00  0.00000000E+00  0.10000000E-01  0.10000000E+01
 0.58002000E-09  0.91203560E-02  0.00000000E+00  0.93339607E-01  0.00000000E+00  0.00000000E+00  0.18723389E+09  0.00000000E+00  0.00000000E+00  0.00000000E+00  0.00000000E+00  0.00000000E+00  0.10000000E-01  0.10000000E+01
 0.59002000E-09  0.91203560E-02  0.00000000E+00  0.95211946E-01  0.00000000E+00  0.00000000E+00  0.18723389E+09  0.00000000E+00  0.00000000E+00  0.00000000E+00  0.00000000E+00  0.00000000E+00  0.10000000E-01  0.10000000E+01
 0.60002000E-09  0.91203560E-02  0.00000000E+00  0.97084285E-01  0.00000000E+00  0.00000000E+00  0.18723389E+09  0.00000000E+00  0.00000000E+00  0.00000000E+00  0.00000000E+00  0.00000000E+00  0.10000000E-01  0.10000000E+01
 0.61002000E-09  0.91203560E-02  0.00000000E+00  0.98956624E-01  0.00000000E+00  0.00000000E+00  0.18723389E+09  0.00000000E+00  0.00000000E+00  0.00000000E+00  0.00000000E+00  0.00000000E+00  0.10000000E-01  0.10000000E+01
 0.62002000E-09  0.91203560E-02  0.00000000E+00  0.10082896E+00  0.00000000E+00  0.00000000E+00  0.18723389E+09  0.00000000E+00  0.00000000E+00  0.00000000E+00  0.00000000E+00  0.00000000E+00  0.10000000E-01  0.10000000E+01
 0.63002000E-09  0.91203560E-02  0.00000000E+00  0.10270130E+00  0.00000000E+00  0.00000000E+00  0.18723389E+09  0.00000000E+00  0.00000000E+00  0.00000000E+00  0.00000000E+00  0.00000000E+00  0.10000000E-01  0.10000000E+01
 0.64002000E-09  0.91203560E-02  0.00000000E+00  0.10457364E+00  0.00000000E+00  0.00000000E+00  0.18723389E+09  0.00000000E+00  0.00000000E+00  0.00000000E+00  0.00000000E+00  0.00000000E+00  0.10000000E-01  0.10000000E+01
 0.65002000E-09  0.91203560E-02  0.00000000E+00  0.10644598E+00  0.00000000E+00  0.00000000E+00  0.18723389E+09  0.00000000E+00  0.00000000E+00  0.00000000E+00  0.00000000E+00  0.00000000E+00  0.10000000E-01  0.10000000E+01
 0.66002000E-09  0.91203560E-02  0.00000000E+00  0.10831832E+00  0.00000000E+00  0.00000000E+00  0.18723389E+09  0.00000000E+00  0.00000000E+00  0.00000000E+00  0.00000000E+00  0.00000000E+00  0.10000000E-01  0.10000000E+01
 0.67002000E-09  0.91203560E-02  0.00000000E+00  0.11019066E+00  0.00000000E+00  0.00000000E+00  0.18723389E+09  0.00000000E+00  0.00000000E+00  0.00000000E+00  0.00000000E+00  0.00000000E+00  0.10000000E-01  0.10000000E+01
 0.68002000E-09  0.91203560E-02  0.00000000E+00  0.11206300E+00  0.00000000E+00  0.00000000E+00  0.18723389E+09  0.00000000E+00  0.00000000E+00  0.00000000E+00  0.00000000E+00  0.00000000E+00  0.10000000E-01  0.10000000E+01
 0.69002000E-09  0.91203560E-02  0.00000000E+00  0.11393534E+00  0.00000000E+00  0.00000000E+00  0.18723389E+09  0.00000000E+00  0.00000000E+00  0.00000000E+00  0.00000000E+00  0.00000000E+00  0.10000000E-01  0.10000000E+01
 0.70002000E-09  0.91203560E-02  0.00000000E+00  0.11580767E+00  0.00000000E+00  0.00000000E+00  0.18723389E+09  0.00000000E+00  0.00000000E+00  0.00000000E+00  0.00000000E+00  0.00000000E+00  0.10000000E-01  0.10000000E+01
 0.71002000E-09  0.91203560E-02  0.00000000E+00  0.11768001E+00  0.00000000E+00  0.00000000E+00  0.18723389E+09  0.00000000E+00  0.00000000E+00  0.00000000E+00  0.00000000E+00  0.00000000E+00  0.10000000E-01  0.10000000E+01
 0.72002000E-09  0.91203560E-02  0.00000000E+00  0.11955235E+00  0.00000000E+00  0.00000000E+00  0.18723389E+09  0.00000000E+00  0.00000000E+00  0.00000000E+00  0.00000000E+00  0.00000000E+00  0.10000000E-01  0.10000000E+01
 0.73002000E-09  0.91203560E-02  0.00000000E+00  0.12142469E+00  0.00000000E+00  0.00000000E+00  0.18723389E+09  0.00000000E+00  0.00000000E+00  0.00000000E+00  0.00000000E+00  0.00000000E+00  0.10000000E-01  0.10000000E+01
 0.74002000E-09  0.91203560E-02  0.00000000E+00  0.12329703E+00  0.00000000E+00  0.00000000E+00  0.18723389E+09  0.00000000E+00  0.00000000E+00  0.00000000E+00  0.00000000E+00  0.00000000E+00  0.10000000E-01  0.10000000E+01
 0.75002000E-09  0.91203560E-02  0.00000000E+00  0.12516937E+00  0.00000000E+00  0.00000000E+00  0.18723389E+09  0.00000000E+00  0.00000000E+00  0.00000000E+00  0.00000000E+00  0.00000000E+00  0.10000000E-01  0.10000000E+01
 0.76002000E-09  0.91203560E-02  0.00000000E+00  0.12704171E+00  0.00000000E+00  0.00000000E+00  0.18723389E+09  0.00000000E+00  0.00000000E+00  0.00000000E+00  0.00000000E+00  0.00000000E+00  0.10000000E-01  0.10000000E+01
 0.77002000E-09  0.91203560E-02  0.00000000E+00  0.12891405E+00  0.00000000E+00  0.00000000E+00  0.18723389E+09  0.00000000E+00  0.00000000E+00  0.00000000E+00  0.00000000E+00  0.00000000E+00  0.10000000E-01  0.10000000E+01
 0.78002000E-09  0.91203560E-02  0.00000000E+00  0.13078639E+00  0.00000000E+00  0.00000000E+00  0.18723389E+09  0.00000000E+00  0.00000000E+00  0.00000000E+00  0.00000000E+00  0.00000000E+00  0.10000000E-01  0.10000000E+01
 0.79002000E-09  0.91203560E-02  0.00000000E+00  0.13265872E+00  0.00000000E+00  0.00000000E+00  0.18723389E+09  0.00000000E+00  0.00000000E+00  0.00000000E+00  0.00000000E+00  0.00000000E+00  0.10000000E-01  0.10000000E+01
 0.80002000E-09  0.91203560E-02  0.00000000E+00  0.13453106E+00  0.00000000E+00  0.00000000E+00  0.18723389E+09  0.00000000E+00  0.00000000E+00  0.00000000E+00  0.00000000E+00  0.00000000E+00  0.10000000E-01  0.10000000E+01
 0.81002000E-09  0.91203560E-02  0.00000000E+00  0.13640340E+00  0.00000000E+00  0.00000000E+00  0.18723389E+09  0.00000000E+00  0.00000000E+00  0.00000000E+00  0.00000000E+00  0.00000000E+00  0.10000000E-01  0.10000000E+01
 0.82002000E-09  0.91203560E-02  0.00000000E+00  0.13827574E+00  0.00000000E+00  0.00000000E+00  0.18723389E+09  0.00000000E+00  0.00000000E+00  0.00000000E+00  0.00000000E+00  0.00000000E+00  0.10000000E-01  0.10000000E+01
 0.83002000E-09  0.91203560E-02  0.00000000E+00  0.14014808E+00  0.00000000E+00  0.00000000E+00  0.18723389E+09  0.00000000E+00  0.00000000E+00  0.00000000E+00  0.00000000E+00  0.00000000E+00  0.10000000E-01  0.10000000E+01
 0.84002000E-09  0.91203560E-02  0.00000000E+00  0.14202042E+00  0.00000000E+00  0.00000000E+00  0.18723389E+09  0.00000000E+00  0.00000000E+00  0.00000000E+00  0.00000000E+00  0.00000000E+00  0.10000000E-01  0.10000000E+01
 0.85002000E-09  0.91203560E-02  0.00000000E+00  0.14389276E+00  0.00000000E+00  0.00000000E+00  0.18723389E+09  0.00000000E+00  0.00000000E+00  0.00000000E+00  0.00000000E+00  0.00000000E+00  0.10000000E-01  0.10000000E+01
 0.86002000E-09  0.91203560E-02  0.00000000E+00  0.14576510E+00  0.00000000E+00  0.00000000E+00  0.18723389E+09  0.00000000E+00  0.00000000E+00  0.00000000E+00  0.00000000E+00  0.00000000E+00  0.10000000E-01  0.10000000E+01
 0.87002000E-09  0.91203560E-02  0.00000000E+00  0.14763743E+00  0.00000000E+00  0.00000000E+00  0.18723389E+09  0.00000000E+00  0.00000000E+00  0.00000000E+00  0.00000000E+00  0.00000000E+00  0.10000000E-01  0.10000000E+01
 0.88002000E-09  0.91203560E-02  0.00000000E+00  0.14950977E+00  0.00000000E+00  0.00000000E+00  0.18723389E+09  0.00000000E+00  0.00000000E+00  0.00000000E+00  0.00000000E+00  0.00000000E+00  0.10000000E-01  0.10000000E+01
 0.89002000E-09  0.91203560E-02  0.00000000E+00  0.15138211E+00  0.00000000E+00  0.00000000E+00  0.18723389E+09  0.00000000E+00  0.00000000E+00  0.00000000E+00  0.00000000E+00  0.00000000E+00  0.10000000E-01  0.10000000E+01
 0.90002000E-09  0.91203560E-02  0.00000000E+00  0.15325445E+00  0.00000000E+00  0.00000000E+00  0.18723389E+09  0.00000000E+00  0.00000000E+00  0.00000000E+00  0.00000000E+00  0.00000000E+00  0.10000000E-01  0.10000000E+01
 0.91002000E-09  0.91203560E-02  0.00000000E+00  0.15512679E+00  0.00000000E+00  0.00000000E+00  0.18723389E+09  0.00000000E+00  0.00000000E+00  0.00000000E+00  0.00000000E+00  0.00000000E+00  0.10000000E-01  0.10000000E+01
 0.92002000E-09  0.91203560E-02  0.00000000E+00  0.15699913E+00  0.00000000E+00  0.00000000E+00  0.18723389E+09  0.00000000E+00  0.00000000E+00  0.00000000E+00  0.00000000E+00  0.00000000E+00  0.10000000E-01  0.10000000E+01
 0.93002000E-09  0.91203560E-02  0.00000000E+00  0.15887147E+00  0.00000000E+00  0.00000000E+00  0.18723389E+09  0.00000000E+00  0.00000000E+00  0.00000000E+00  0.00000000E+00  0.00000000E+00  0.10000000E-01  0.10000000E+01
 0.94002000E-09  0.91203560E-02  0.00000000E+00  0.16074381E+00  0.00000000E+00  0.00000000E+00  0.18723389E+09  0.00000000E+00  0.00000000E+00  0.00000000E+00  0.00000000E+00  0.00000000E+00  0.10000000E-01  0.10000000E+01
 0.95002000E-09  0.91203560E-02  0.00000000E+00  0.16261615E+00  0.00000000E+00  0.00000000E+00  0.18723389E+09  0.00000000E+00  0.00000000E+00  0.00000000E+00  0.00000000E+00  0.00000000E+00  0.10000000E-01  0.10000000E+01
 0.96002000E-09  0.91203560E-02  0.00000000E+00  0.16448848E+00  0.00000000E+00  0.00000000E+00  0.18723389E+09  0.00000000E+00  0.00000000E+00  0.00000000E+00  0.00000000E+00  0.00000000E+00  0.10000000E-01  0.10000000E+01
 0.97002000E-09  0.91203560E-02  0.00000000E+00  0.16636082E+00  0.00000000E+00  0.00000000E+00  0.18723389E+09  0.00000000E+00  0.00000000E+00  0.00000000E+00  0.00000000E+00  0.00000000E+00  0.10000000E-01  0.10000000E+01
 0.98002000E-09  0.91203560E-02  0.00000000E+00  0.16823316E+00  0.00000000E+00  0.00000000E+00  0.18723389E+09  0.00000000E+00  0.00000000E+00  0.00000000E+00  0.00000000E+00  0.00000000E+00  0.10000000E-01  0.10000000E+01
 0.99002000E-09  0.91203560E-02  0.00000000E+00  0.17010550E+00  0.00000000E+00  0.00000000E+00  0.18723389E+09  0.00000000E+00  0.00000000E+00  0.00000000E+00  0.00000000E+00  0.00000000E+00  0.10000000E-01  0.10000000E+01
 0.10000200E-08  0.91203560E-02  0.00000000E+00  0.17197784E+00  0.00000000E+00  0.00000000E+00  0.18723389E+09  0.00000000E+00  0.00000000E+00  0.00000000E+00  0.00000000E+00  0.00000000E+00  0.10000000E-01  0.10000000E+01
 0.10100200E-08  0.91203560E-02  0.00000000E+00  0.17385018E+00  0.00000000E+00  0.00000000E+00  0.18723389E+09  0.00000000E+00  0.00000000E+00  0.00000000E+00  0.00000000E+00  0.00000000E+00  0.10000000E-01  0.10000000E+01
 0.10200200E-08  0.91203560E-02  0.00000000E+00  0.17572252E+00  0.00000000E+00  0.00000000E+00  0.18723389E+09  0.00000000E+00  0.00000000E+00  0.00000000E+00  0.00000000E+00  0.00000000E+00  0.10000000E-01  0.10000000E+01
 0.10300200E-08  0.91203560E-02  0.00000000E+00  0.17759486E+00  0.00000000E+00  0.00000000E+00  0.18723389E+09  0.00000000E+00  0.00000000E+00  0.00000000E+00  0.00000000E+00  0.00000000E+00  0.10000000E-01  0.10000000E+01
 0.10400200E-08  0.91203560E-02  0.00000000E+00  0.17946720E+00  0.00000000E+00  0.00000000E+00  0.18723389E+09  0.00000000E+00  0.00000000E+00  0.00000000E+00  0.00000000E+00  0.00000000E+00  0.10000000E-01  0.10000000E+01
 0.10500200E-08  0.91203560E-02  0.00000000E+00  0.18133953E+00  0.00000000E+00  0.00000000E+00  0.18723389E+09  0.00000000E+00  0.00000000E+00  0.00000000E+00  0.00000000E+00  0.00000000E+00  0.10000000E-01  0.10000000E+01
 0.10600200E-08  0.91203560E-02  0.00000000E+00  0.18321187E+00  0.00000000E+00  0.00000000E+00  0.18723389E+09  0.00000000E+00  0.00000000E+00  0.00000000E+00  0.00000000E+00  0.00000000E+00  0.10000000E-01  0.10000000E+01
 0.10700200E-08  0.91203560E-02  0.00000000E+00  0.18508421E+00  0.00000000E+00  0.00000000E+00  0.18723389E+09  0.00000000E+00  0.00000000E+00  0.00000000E+00  0.00000000E+00  0.00000000E+00  0.10000000E-01  0.10000000E+01
 0.10800200E-08  0.91203560E-02  0.00000000E+00  0.18695655E+00  0.00000000E+00  0.00000000E+00  0.18723389E+09  0.00000000E+00  0.00000000E+00  0.00000000E+00  0.00000000E+00  0.00000000E+00  0.10000000E-01  0.10000000E+01
 0.10900200E-08  0.91203560E-02  0.00000000E+00  0.18882889E+00  0.00000000E+00  0.00000000E+00  0.18723389E+09  0.00000000E+00  0.00000000E+00  0.00000000E+00  0.00000000E+00  0.00000000E+00  0.10000000E-01  0.10000000E+01
 0.11000200E-08  0.91203560E-02  0.00000000E+00  0.19070123E+00  0.00000000E+00  0.00000000E+00  0.18723389E+09  0.00000000E+00  0.00000000E+00  0.00000000E+00  0.00000000E+00  0.00000000E+00  0.10000000E-01  0.10000000E+01
 0.11100200E-08  0.91203560E-02  0.00000000E+00  0.19257357E+00  0.00000000E+00  0.00000000E+00  0.18723389E+09  0.00000000E+00  0.00000000E+00  0.00000000E+00  0.00000000E+00  0.00000000E+00  0.10000000E-01  0.10000000E+01
 0.11200200E-08  0.91203560E-02  0.00000000E+00  0.19444591E+00  0.00000000E+00  0.00000000E+00  0.18723389E+09  0.00000000E+00  0.00000000E+00  0.00000000E+00  0.00000000E+00  0.00000000E+00  0.10000000E-01  0.10000000E+01
 0.11300200E-08  0.91203560E-02  0.00000000E+00  0.19631825E+00  0.00000000E+00  0.00000000E+00  0.18723389E+09  0.00000000E+00  0.00000000E+00  0.00000000E+00  0.00000000E+00  0.00000000E+00  0.10000000E-01  0.10000000E+01
 0.11400200E-08  0.91203560E-02  0.00000000E+00  0.19819058E+00  0.00000000E+00  0.00000000E+00  0.18723389E+09  0.00000000E+00  0.00000000E+00  0.00000000E+00  0.00000000E+00  0.00000000E+00  0.10000000E-01  0.10000000E+01
 0.11500200E-08  0.91203560E-02  0.00000000E+00  0.20006292E+00  0.00000000E+00  0.00000000E+00  0.18723389E+09  0.00000000E+00  0.00000000E+00  0.00000000E+00  0.00000000E+00  0.00000000E+00  0.10000000E-01  0.10000000E+01
 0.11600200E-08  0.91203560E-02  0.00000000E+00  0.20193526E+00  0.00000000E+00  0.00000000E+00  0.18723389E+09  0.00000000E+00  0.00000000E+00  0.00000000E+00  0.00000000E+00  0.00000000E+00  0.10000000E-01  0.10000000E+01
 0.11700200E-08  0.91203560E-02  0.00000000E+00  0.20380760E+00  0.00000000E+00  0.00000000E+00  0.18723389E+09  0.00000000E+00  0.00000000E+00  0.00000000E+00  0.00000000E+00  0.00000000E+00  0.10000000E-01  0.10000000E+01
 0.11800200E-08  0.91203560E-02  0.00000000E+00  0.20567994E+00  0.00000000E+00  0.00000000E+00  0.18723389E+09  0.00000000E+00  0.00000000E+00  0.00000000E+00  0.00000000E+00  0.00000000E+00  0.10000000E-01  0.10000000E+01
 0.11900200E-08  0.91203560E-02  0.00000000E+00  0.20755228E+00  0.00000000E+00  0.00000000E+00  0.18723389E+09  0.00000000E+00  0.00000000E+00  0.00000000E+00  0.00000000E+00  0.00000000E+00  0.10000000E-01  0.10000000E+01
 0.12000200E-08  0.91203560E-02  0.00000000E+00  0.20942462E+00  0.00000000E+00  0.00000000E+00  0.18723389E+09  0.00000000E+00  0.00000000E+00  0.00000000E+00  0.00000000E+00  0.00000000E+00  0.10000000E-01  0.10000000E+01
 0.12100200E-08  0.91203560E-02  0.00000000E+00  0.21129696E+00  0.00000000E+00  0.00000000E+00  0.18723389E+09  0.00000000E+00  0.00000000E+00  0.00000000E+00  0.00000000E+00  0.00000000E+00  0.10000000E-01  0.10000000E+01
 0.12200200E-08  0.91203560E-02  0.00000000E+00  0.21316930E+00  0.00000000E+00  0.00000000E+00  0.18723389E+09  0.00000000E+00  0.00000000E+00  0.00000000E+00  0.00000000E+00  0.00000000E+00  0.10000000E-01  0.10000000E+01
 0.12300200E-08  0.91203560E-02  0.00000000E+00  0.21504163E+00  0.00000000E+00  0.00000000E+00  0.18723389E+09  0.00000000E+00  0.00000000E+00  0.00000000E+00  0.00000000E+00  0.00000000E+00  0.10000000E-01  0.10000000E+01
 0.12400200E-08  0.91203560E-02  0.00000000E+00  0.21691397E+00  0.00000000E+00  0.00000000E+00  0.18723389E+09  0.00000000E+00  0.00000000E+00  0.00000000E+00  0.00000000E+00  0.00000000E+00  0.10000000E-01  0.10000000E+01
 0.12500200E-08  0.91203560E-02  0.00000000E+00  0.21878631E+00  0.00000000E+00  0.00000000E+00  0.18723389E+09  0.00000000E+00  0.00000000E+00  0.00000000E+00  0.00000000E+00  0.00000000E+00  0.10000000E-01  0.10000000E+01
 0.12600200E-08  0.91203560E-02  0.00000000E+00  0.22065865E+00  0.00000000E+00  0.00000000E+00  0.18723389E+09  0.00000000E+00  0.00000000E+00  0.00000000E+00  0.00000000E+00  0.00000000E+00  0.10000000E-01  0.10000000E+01
 0.12700200E-08  0.91203560E-02  0.00000000E+00  0.22253099E+00  0.00000000E+00  0.00000000E+00  0.18723389E+09  0.00000000E+00  0.00000000E+00  0.00000000E+00  0.00000000E+00  0.00000000E+00  0.10000000E-01  0.10000000E+01
 0.12800200E-08  0.91203560E-02  0.00000000E+00  0.22440333E+00  0.00000000E+00  0.00000000E+00  0.18723389E+09  0.00000000E+00  0.00000000E+00  0.00000000E+00  0.00000000E+00  0.00000000E+00  0.10000000E-01  0.10000000E+01
 0.12900200E-08  0.91203560E-02  0.00000000E+00  0.22627567E+00  0.00000000E+00  0.00000000E+00  0.18723389E+09  0.00000000E+00  0.00000000E+00  0.00000000E+00  0.00000000E+00  0.00000000E+00  0.10000000E-01  0.10000000E+01
 0.13000200E-08  0.91203560E-02  0.00000000E+00  0.22814801E+00  0.00000000E+00  0.00000000E+00  0.18723389E+09  0.00000000E+00  0.00000000E+00  0.00000000E+00  0.00000000E+00  0.00000000E+00  0.10000000E-01  0.10000000E+01
 0.13100200E-08  0.91203560E-02  0.00000000E+00  0.23002035E+00  0.00000000E+00  0.00000000E+00  0.18723389E+09  0.00000000E+00  0.00000000E+00  0.00000000E+00  0.00000000E+00  0.00000000E+00  0.10000000E-01  0.10000000E+01
 0.13200200E-08  0.91203560E-02  0.00000000E+00  0.23189268E+00  0.00000000E+00  0.00000000E+00  0.18723389E+09  0.00000000E+00  0.00000000E+00  0.00000000E+00  0.00000000E+00  0.00000000E+00  0.10000000E-01  0.10000000E+01
 0.13300200E-08  0.91203560E-02  0.00000000E+00  0.23376502E+00  0.00000000E+00  0.00000000E+00  0.18723389E+09  0.00000000E+00  0.00000000E+00  0.00000000E+00  0.00000000E+00  0.00000000E+00  0.10000000E-01  0.10000000E+01
 0.13400200E-08  0.91203560E-02  0.00000000E+00  0.23563736E+00  0.00000000E+00  0.00000000E+00  0.18723389E+09  0.00000000E+00  0.00000000E+00  0.00000000E+00  0.00000000E+00  0.00000000E+00  0.10000000E-01  0.10000000E+01
 0.13500200E-08  0.91203560E-02  0.00000000E+00  0.23750970E+00  0.00000000E+00  0.00000000E+00  0.18723389E+09  0.00000000E+00  0.00000000E+00  0.00000000E+00  0.00000000E+00  0.00000000E+00  0.10000000E-01  0.10000000E+01
 0.13600200E-08  0.91203560E-02  0.00000000E+00  0.23938204E+00  0.00000000E+00  0.00000000E+00  0.18723389E+09  0.00000000E+00  0.00000000E+00  0.00000000E+00  0.00000000E+00  0.00000000E+00  0.10000000E-01  0.10000000E+01
 0.13700200E-08  0.91203560E-02  0.00000000E+00  0.24125438E+00  0.00000000E+00  0.00000000E+00  0.18723389E+09  0.00000000E+00  0.00000000E+00  0.00000000E+00  0.00000000E+00  0.00000000E+00  0.10000000E-01  0.10000000E+01
 0.13800200E-08  0.91203560E-02  0.00000000E+00  0.24312672E+00  0.00000000E+00  0.00000000E+00  0.18723389E+09  0.00000000E+00  0.00000000E+00  0.00000000E+00  0.00000000E+00  0.00000000E+00  0.10000000E-01  0.10000000E+01
 0.13900200E-08  0.91203560E-02  0.00000000E+00  0.24499906E+00  0.00000000E+00  0.00000000E+00  0.18723389E+09  0.00000000E+00  0.00000000E+00  0.00000000E+00  0.00000000E+00  0.00000000E+00  0.10000000E-01  0.10000000E+01
 0.14000200E-08  0.91203560E-02  0.00000000E+00  0.24687140E+00  0.00000000E+00  0.00000000E+00  0.18723389E+09  0.00000000E+00  0.00000000E+00  0.00000000E+00  0.00000000E+00  0.00000000E+00  0.10000000E-01  0.10000000E+01
 0.14100200E-08  0.91203560E-02  0.00000000E+00  0.24874373E+00  0.00000000E+00  0.00000000E+00  0.18723389E+09  0.00000000E+00  0.00000000E+00  0.00000000E+00  0.00000000E+00  0.00000000E+00  0.10000000E-01  0.10000000E+01
 0.14200200E-08  0.91203560E-02  0.00000000E+00  0.25061607E+00  0.00000000E+00  0.00000000E+00  0.18723389E+09  0.00000000E+00  0.00000000E+00  0.00000000E+00  0.00000000E+00  0.00000000E+00  0.10000000E-01  0.10000000E+01
 0.14300200E-08  0.91203560E-02  0.00000000E+00  0.25248841E+00  0.00000000E+00  0.00000000E+00  0.18723389E+09  0.00000000E+00  0.00000000E+00  0.00000000E+00  0.00000000E+00  0.00000000E+00  0.10000000E-01  0.10000000E+01
 0.14400200E-08  0.91203560E-02  0.00000000E+00  0.25436075E+00  0.00000000E+00  0.00000000E+00  0.18723389E+09  0.00000000E+00  0.00000000E+00  0.00000000E+00  0.00000000E+00  0.00000000E+00  0.10000000E-01  0.10000000E+01
 0.14500200E-08  0.91203560E-02  0.00000000E+00  0.25623309E+00  0.00000000E+00  0.00000000E+00  0.18723389E+09  0.00000000E+00  0.00000000E+00  0.00000000E+00  0.00000000E+00  0.00000000E+00  0.10000000E-01  0.10000000E+01
 0.14600200E-08  0.91203560E-02  0.00000000E+00  0.25810543E+00  0.00000000E+00  0.00000000E+00  0.18723389E+09  0.00000000E+00  0.00000000E+00  0.00000000E+00  0.00000000E+00  0.00000000E+00  0.10000000E-01  0.10000000E+01
 0.14700200E-08  0.91203560E-02  0.00000000E+00  0.25997777E+00  0.00000000E+00  0.00000000E+00  0.18723389E+09  0.00000000E+00  0.00000000E+00  0.00000000E+00  0.00000000E+00  0.00000000E+00  0.10000000E-01  0.10000000E+01
 0.14800200E-08  0.91203560E-02  0.00000000E+00  0.26185011E+00  0.00000000E+00  0.00000000E+00  0.18723389E+09  0.00000000E+00  0.00000000E+00  0.00000000E+00  0.00000000E+00  0.00000000E+00  0.10000000E-01  0.10000000E+01
 0.14900200E-08  0.91203560E-02  0.00000000E+00  0.26372245E+00  0.00000000E+00  0.00000000E+00  0.18723389E+09  0.00000000E+00  0.00000000E+00  0.00000000E+00  0.00000000E+00  0.00000000E+00  0.10000000E-01  0.10000000E+01
 0.15000200E-08  0.91203560E-02  0.00000000E+00  0.26559478E+00  0.00000000E+00  0.00000000E+00  0.18723389E+09  0.00000000E+00  0.00000000E+00  0.00000000E+00  0.00000000E+00  0.00000000E+00  0.10000000E-01  0.10000000E+01
 0.15100200E-08  0.91203560E-02  0.00000000E+00  0.26746712E+00  0.00000000E+00  0.00000000E+00  0.18723389E+09  0.00000000E+00  0.00000000E+00  0.00000000E+00  0.00000000E+00  0.00000000E+00  0.10000000E-01  0.10000000E+01
 0.15200200E-08  0.91203560E-02  0.00000000E+00  0.26933946E+00  0.00000000E+00  0.00000000E+00  0.18723389E+09  0.00000000E+00  0.00000000E+00  0.00000000E+00  0.00000000E+00  0.00000000E+00  0.10000000E-01  0.10000000E+01
 0.15300200E-08  0.91203560E-02  0.00000000E+00  0.27121180E+00  0.00000000E+00  0.00000000E+00  0.18723389E+09  0.00000000E+00  0.00000000E+00  0.00000000E+00  0.00000000E+00  0.00000000E+00  0.10000000E-01  0.10000000E+01
 0.15400200E-08  0.91203560E-02  0.00000000E+00  0.27308414E+00  0.00000000E+00  0.00000000E+00  0.18723389E+09  0.00000000E+00  0.00000000E+00  0.00000000E+00  0.00000000E+00  0.00000000E+00  0.10000000E-01  0.10000000E+01
 0.15500200E-08  0.91203560E-02  0.00000000E+00  0.27495648E+00  0.00000000E+00  0.00000000E+00  0.18723389E+09  0.00000000E+00  0.00000000E+00  0.00000000E+00  0.00000000E+00  0.00000000E+00  0.10000000E-01  0.10000000E+01
 0.15600200E-08  0.91203560E-02  0.00000000E+00  0.27682882E+00  0.00000000E+00  0.00000000E+00  0.18723389E+09  0.00000000E+00  0.00000000E+00  0.00000000E+00  0.00000000E+00  0.00000000E+00  0.10000000E-01  0.10000000E+01
 0.15700200E-08  0.91203560E-02  0.00000000E+00  0.27870116E+00  0.00000000E+00  0.00000000E+00  0.18723389E+09  0.00000000E+00  0.00000000E+00  0.00000000E+00  0.00000000E+00  0.00000000E+00  0.10000000E-01  0.10000000E+01
 0.15800200E-08  0.91203560E-02  0.00000000E+00  0.28057350E+00  0.00000000E+00  0.00000000E+00  0.18723389E+09  0.00000000E+00  0.00000000E+00  0.00000000E+00  0.00000000E+00  0.00000000E+00  0.10000000E-01  0.10000000E+01
 0.15900200E-08  0.91203560E-02  0.00000000E+00  0.28244583E+00  0.00000000E+00  0.00000000E+00  0.18723389E+09  0.00000000E+00  0.00000000E+00  0.00000000E+00  0.00000000E+00  0.00000000E+00  0.10000000E-01  0.10000000E+01
 0.16000200E-08  0.91203560E-02  0.00000000E+00  0.28431817E+00  0.00000000E+00  0.00000000E+00  0.18723389E+09  0.00000000E+00  0.00000000E+00  0.00000000E+00  0.00000000E+00  0.00000000E+00  0.10000000E-01  0.10000000E+01
 0.16100200E-08  0.91203560E-02  0.00000000E+00  0.28619051E+00  0.00000000E+00  0.00000000E+00  0.18723389E+09  0.00000000E+00  0.00000000E+00  0.00000000E+00  0.00000000E+00  0.00000000E+00  0.10000000E-01  0.10000000E+01
 0.16200200E-08  0.91203560E-02  0.00000000E+00  0.28806285E+00  0.00000000E+00  0.00000000E+00  0.18723389E+09  0.00000000E+00  0.00000000E+00  0.00000000E+00  0.00000000E+00  0.00000000E+00  0.10000000E-01  0.10000000E+01
 0.16300200E-08  0.91203560E-02  0.00000000E+00  0.28993519E+00  0.00000000E+00  0.00000000E+00  0.18723389E+09  0.00000000E+00  0.00000000E+00  0.00000000E+00  0.00000000E+00  0.00000000E+00  0.10000000E-01  0.10000000E+01
 0.16400200E-08  0.91203560E-02  0.00000000E+00  0.29180753E+00  0.00000000E+00  0.00000000E+00  0.18723389E+09  0.00000000E+00  0.00000000E+00  0.00000000E+00  0.00000000E+00  0.00000000E+00  0.10000000E-01  0.10000000E+01
 0.16500200E-08  0.91203560E-02  0.00000000E+00  0.29367987E+00  0.00000000E+00  0.00000000E+00  0.18723389E+09  0.00000000E+00  0.00000000E+00  0.00000000E+00  0.00000000E+00  0.00000000E+00  0.10000000E-01  0.10000000E+01
 0.16600200E-08  0.91203560E-02  0.00000000E+00  0.29555221E+00  0.00000000E+00  0.00000000E+00  0.18723389E+09  0.00000000E+00  0.00000000E+00  0.00000000E+00  0.00000000E+00  0.00000000E+00  0.10000000E-01  0.10000000E+01
 0.16700200E-08  0.91203560E-02  0.00000000E+00  0.29742455E+00  0.00000000E+00  0.00000000E+00  0.18723389E+09  0.00000000E+00  0.00000000E+00  0.00000000E+00  0.00000000E+00  0.00000000E+00  0.10000000E-01  0.10000000E+01
 0.16800200E-08  0.91203560E-02  0.00000000E+00  0.29929688E+00  0.00000000E+00  0.00000000E+00  0.18723389E+09  0.00000000E+00  0.00000000E+00  0.00000000E+00  0.00000000E+00  0.00000000E+00  0.10000000E-01  0.10000000E+01
 0.16900200E-08  0.91203560E-02  0.00000000E+00  0.30116922E+00  0.00000000E+00  0.00000000E+00  0.18723389E+09  0.00000000E+00  0.00000000E+00  0.00000000E+00  0.00000000E+00  0.00000000E+00  0.10000000E-01  0.10000000E+01
 0.17000200E-08  0.91203560E-02  0.00000000E+00  0.30304156E+00  0.00000000E+00  0.00000000E+00  0.18723389E+09  0.00000000E+00  0.00000000E+00  0.00000000E+00  0.00000000E+00  0.00000000E+00  0.10000000E-01  0.10000000E+01
 0.17100200E-08  0.91203560E-02  0.00000000E+00  0.30491390E+00  0.00000000E+00  0.00000000E+00  0.18723389E+09  0.00000000E+00  0.00000000E+00  0.00000000E+00  0.00000000E+00  0.00000000E+00  0.10000000E-01  0.10000000E+01
 0.17200200E-08  0.91203560E-02  0.00000000E+00  0.30678624E+00  0.00000000E+00  0.00000000E+00  0.18723389E+09  0.00000000E+00  0.00000000E+00  0.00000000E+00  0.00000000E+00  0.00000000E+00  0.10000000E-01  0.10000000E+01
 0.17300200E-08  0.91203560E-02  0.00000000E+00  0.30865858E+00  0.00000000E+00  0.00000000E+00  0.18723389E+09  0.00000000E+00  0.00000000E+00  0.00000000E+00  0.00000000E+00  0.00000000E+00  0.10000000E-01  0.10000000E+01
 0.17400200E-08  0.91203560E-02  0.00000000E+00  0.31053092E+00  0.00000000E+00  0.00000000E+00  0.18723389E+09  0.00000000E+00  0.00000000E+00  0.00000000E+00  0.00000000E+00  0.00000000E+00  0.10000000E-01  0.10000000E+01
 0.17500200E-08  0.91203560E-02  0.00000000E+00  0.31240326E+00  0.00000000E+00  0.00000000E+00  0.18723389E+09  0.00000000E+00  0.00000000E+00  0.00000000E+00  0.00000000E+00  0.00000000E+00  0.10000000E-01  0.10000000E+01
 0.17600200E-08  0.91203560E-02  0.00000000E+00  0.31427560E+00  0.00000000E+00  0.00000000E+00  0.18723389E+09  0.00000000E+00  0.00000000E+00  0.00000000E+00  0.00000000E+00  0.00000000E+00  0.10000000E-01  0.10000000E+01
 0.17700200E-08  0.91203560E-02  0.00000000E+00  0.31614793E+00  0.00000000E+00  0.00000000E+00  0.18723389E+09  0.00000000E+00  0.00000000E+00  0.00000000E+00  0.00000000E+00  0.00000000E+00  0.10000000E-01  0.10000000E+01
 0.17800200E-08  0.91203560E-02  0.00000000E+00  0.31802027E+00  0.00000000E+00  0.00000000E+00  0.18723389E+09  0.00000000E+00  0.00000000E+00  0.00000000E+00  0.00000000E+00  0.00000000E+00  0.10000000E-01  0.10000000E+01
 0.17900200E-08  0.91203560E-02  0.00000000E+00  0.31989261E+00  0.00000000E+00  0.00000000E+00  0.18723389E+09  0.00000000E+00  0.00000000E+00  0.00000000E+00  0.00000000E+00  0.00000000E+00  0.10000000E-01  0.10000000E+01
 0.18000200E-08  0.91203560E-02  0.00000000E+00  0.32176495E+00  0.00000000E+00  0.00000000E+00  0.18723389E+09  0.00000000E+00  0.00000000E+00  0.00000000E+00  0.00000000E+00  0.00000000E+00  0.10000000E-01  0.10000000E+01
 0.18100200E-08  0.91203560E-02  0.00000000E+00  0.32363729E+00  0.00000000E+00  0.00000000E+00  0.18723389E+09  0.00000000E+00  0.00000000E+00  0.00000000E+00  0.00000000E+00  0.00000000E+00  0.10000000E-01  0.10000000E+01
 0.18200200E-08  0.91203560E-02  0.00000000E+00  0.32550963E+00  0.00000000E+00  0.00000000E+00  0.18723389E+09  0.00000000E+00  0.00000000E+00  0.00000000E+00  0.00000000E+00  0.00000000E+00  0.10000000E-01  0.10000000E+01
 0.18300200E-08  0.91203560E-02  0.00000000E+00  0.32738197E+00  0.00000000E+00  0.00000000E+00  0.18723389E+09  0.00000000E+00  0.00000000E+00  0.00000000E+00  0.00000000E+00  0.00000000E+00  0.10000000E-01  0.10000000E+01
 0.18400200E-08  0.91203560E-02  0.00000000E+00  0.32925431E+00  0.00000000E+00  0.00000000E+00  0.18723389E+09  0.00000000E+00  0.00000000E+00  0.00000000E+00  0.00000000E+00  0.00000000E+00  0.10000000E-01  0.10000000E+01
 0.18500200E-08  0.91203560E-02  0.00000000E+00  0.33112665E+00  0.00000000E+00  0.00000000E+00  0.18723389E+09  0.00000000E+00  0.00000000E+00  0.00000000E+00  0.00000000E+00  0.00000000E+00  0.10000000E-01  0.10000000E+01
 0.18600200E-08  0.91203560E-02  0.00000000E+00  0.33299898E+00  0.00000000E+00  0.00000000E+00  0.18723389E+09  0.00000000E+00  0.00000000E+00  0.00000000E+00  0.00000000E+00  0.00000000E+00  0.10000000E-01  0.10000000E+01
 0.18700200E-08  0.91203560E-02  0.00000000E+00  0.33487132E+00  0.00000000E+00  0.00000000E+00  0.18723389E+09  0.00000000E+00  0.00000000E+00  0.00000000E+00  0.00000000E+00  0.00000000E+00  0.10000000E-01  0.10000000E+01
 0.18800200E-08  0.91203560E-02  0.00000000E+00  0.33674366E+00  0.00000000E+00  0.00000000E+00  0.18723389E+09  0.00000000E+00  0.00000000E+00  0.00000000E+00  0.00000000E+00  0.00000000E+00  0.10000000E-01  0.10000000E+01
 0.18900200E-08  0.91203560E-02  0.00000000E+00  0.33861600E+00  0.00000000E+00  0.00000000E+00  0.18723389E+09  0.00000000E+00  0.00000000E+00  0.00000000E+00  0.00000000E+00  0.00000000E+00  0.10000000E-01  0.10000000E+01
 0.19000200E-08  0.91203560E-02  0.00000000E+00  0.34048834E+00  0.00000000E+00  0.00000000E+00  0.18723389E+09  0.00000000E+00  0.00000000E+00  0.00000000E+00  0.00000000E+00  0.00000000E+00  0.10000000E-01  0.10000000E+01
 0.19100200E-08  0.91203560E-02  0.00000000E+00  0.34236068E+00  0.00000000E+00  0.00000000E+00  0.18723389E+09  0.00000000E+00  0.00000000E+00  0.00000000E+00  0.00000000E+00  0.00000000E+00  0.10000000E-01  0.10000000E+01
 0.19200200E-08  0.91203560E-02  0.00000000E+00  0.34423302E+00  0.00000000E+00  0.00000000E+00  0.18723389E+09  0.00000000E+00  0.00000000E+00  0.00000000E+00  0.00000000E+00  0.00000000E+00  0.10000000E-01  0.10000000E+01
 0.19300200E-08  0.91203560E-02  0.00000000E+00  0.34610536E+00  0.00000000E+00  0.00000000E+00  0.18723389E+09  0.00000000E+00  0.00000000E+00  0.00000000E+00  0.00000000E+00  0.00000000E+00  0.10000000E-01  0.10000000E+01
 0.19400200E-08  0.91203560E-02  0.00000000E+00  0.34797770E+00  0.00000000E+00  0.00000000E+00  0.18723389E+09  0.00000000E+00  0.00000000E+00  0.00000000E+00  0.00000000E+00  0.00000000E+00  0.10000000E-01  0.10000000E+01
 0.19500200E-08  0.91203560E-02  0.00000000E+00  0.34985003E+00  0.00000000E+00  0.00000000E+00  0.18723389E+09  0.00000000E+00  0.00000000E+00  0.00000000E+00  0.00000000E+00  0.00000000E+00  0.10000000E-01  0.10000000E+01
 0.19600200E-08  0.91203560E-02  0.00000000E+00  0.35172237E+00  0.00000000E+00  0.00000000E+00  0.18723389E+09  0.00000000E+00  0.00000000E+00  0.00000000E+00  0.00000000E+00  0.00000000E+00  0.10000000E-01  0.10000000E+01
 0.19700200E-08  0.91203560E-02  0.00000000E+00  0.35359471E+00  0.00000000E+00  0.00000000E+00  0.18723389E+09  0.00000000E+00  0.00000000E+00  0.00000000E+00  0.00000000E+00  0.00000000E+00  0.10000000E-01  0.10000000E+01
 0.19800200E-08  0.91203560E-02  0.00000000E+00  0.35546705E+00  0.00000000E+00  0.00000000E+00  0.18723389E+09  0.00000000E+00  0.00000000E+00  0.00000000E+00  0.00000000E+00  0.00000000E+00  0.10000000E-01  0.10000000E+01
 0.19900200E-08  0.91203560E-02  0.00000000E+00  0.35733939E+00  0.00000000E+00  0.00000000E+00  0.18723389E+09  0.00000000E+00  0.00000000E+00  0.00000000E+00  0.00000000E+00  0.00000000E+00  0.10000000E-01  0.10000000E+01
