# ptime xp yp zp vx vy vz ex ey ez bx by bz wt
 0.20000000E-13  0.11812352E-01  0.00000000E+00 -0.87530574E-02  0.00000000E+00  0.00000000E+00  0.18268837E+09  0.00000000E+00  0.00000000E+00  0.00000000E+00  0.00000000E+00  0.00000000E+00  0.10000000E-01  0.10000000E+01
 0.10000000E-10  0.11812352E-01  0.00000000E+00 -0.69298275E-02  0.00000000E+00  0.00000000E+00  0.18268837E+09  0.00000000E+00  0.00000000E+00  0.00000000E+00  0.00000000E+00  0.00000000E+00  0.10000000E-01  0.10000000E+01
 0.20000000E-10  0.11812352E-01  0.00000000E+00 -0.51029438E-02  0.00000000E+00  0.00000000E+00  0.18268837E+09  0.00000000E+00  0.00000000E+00  0.00000000E+00  0.00000000E+00  0.00000000E+00  0.10000000E-01  0.10000000E+01
 0.30000000E-10  0.11812352E-01  0.00000000E+00 -0.32760601E-02  0.00000000E+00  0.00000000E+00  0.18268837E+09  0.00000000E+00  0.00000000E+00  0.00000000E+00  0.00000000E+00  0.00000000E+00  0.10000000E-01  0.10000000E+01
 0.40020000E-10  0.11812352E-01  0.00000000E+00 -0.14455227E-02  0.00000000E+00  0.00000000E+00  0.18268837E+09  0.00000000E+00  0.00000000E+00  0.00000000E+00  0.00000000E+00  0.00000000E+00  0.10000000E-01  0.10000000E+01
 0.50020000E-10  0.11812352E-01  0.00000000E+00  0.38136100E-03  0.00000000E+00  0.00000000E+00  0.18268837E+09  0.00000000E+00  0.00000000E+00  0.00000000E+00  0.00000000E+00  0.00000000E+00  0.10000000E-01  0.10000000E+01
 0.60020000E-10  0.11812352E-01  0.00000000E+00  0.22082447E-02  0.00000000E+00  0.00000000E+00  0.18268837E+09  0.00000000E+00  0.00000000E+00  0.00000000E+00  0.00000000E+00  0.00000000E+00  0.10000000E-01  0.10000000E+01
 0.70020000E-10  0.11812352E-01  0.00000000E+00  0.40351283E-02  0.00000000E+00  0.00000000E+00  0.18268837E+09  0.00000000E+00  0.00000000E+00  0.00000000E+00  0.00000000E+00  0.00000000E+00  0.10000000E-01  0.10000000E+01
 0.80000000E-10  0.11812352E-01  0.00000000E+00  0.58583582E-02  0.00000000E+00  0.00000000E+00  0.18268837E+09  0.00000000E+00  0.00000000E+00  0.00000000E+00  0.00000000E+00  0.00000000E+00  0.10000000E-01  0.10000000E+01
 0.90000000E-10  0.11812352E-01  0.00000000E+00  0.76852419E-02  0.00000000E+00  0.00000000E+00  0.18268837E+09  0.00000000E+00  0.00000000E+00  0.00000000E+00  0.00000000E+00  0.00000000E+00  0.10000000E-01  0.10000000E+01
 0.10000000E-09  0.11812352E-01  0.00000000E+00  0.95121256E-02  0.00000000E+00  0.00000000E+00  0.18268837E+09  0.00000000E+00  0.00000000E+00  0.00000000E+00  0.00000000E+00  0.00000000E+00  0.10000000E-01  0.10000000E+01
 0.11000000E-09  0.11812352E-01  0.00000000E+00  0.11339009E-01  0.00000000E+00  0.00000000E+00  0.18268837E+09  0.00000000E+00  0.00000000E+00  0.00000000E+00  0.00000000E+00  0.00000000E+00  0.10000000E-01  0.10000000E+01
 0.12000000E-09  0.11812352E-01  0.00000000E+00  0.13165893E-01  0.00000000E+00  0.00000000E+00  0.18268837E+09  0.00000000E+00  0.00000000E+00  0.00000000E+00  0.00000000E+00  0.00000000E+00  0.10000000E-01  0.10000000E+01
 0.13000000E-09  0.11812352E-01  0.00000000E+00  0.14992777E-01  0.00000000E+00  0.00000000E+00  0.18268837E+09  0.00000000E+00  0.00000000E+00  0.00000000E+00  0.00000000E+00  0.00000000E+00  0.10000000E-01  0.10000000E+01
 0.14002000E-09  0.11812352E-01  0.00000000E+00  0.16823314E-01  0.00000000E+00  0.00000000E+00  0.18268837E+09  0.00000000E+00  0.00000000E+00  0.00000000E+00  0.00000000E+00  0.00000000E+00  0.10000000E-01  0.10000000E+01
 0.15002000E-09  0.11812352E-01  0.00000000E+00  0.18650198E-01  0.00000000E+00  0.00000000E+00  0.18268837E+09  0.00000000E+00  0.00000000E+00  0.00000000E+00  0.00000000E+00  0.00000000E+00  0.10000000E-01  0.10000000E+01
 0.16002000E-09  0.11812352E-01  0.00000000E+00  0.20477081E-01  0.00000000E+00  0.00000000E+00  0.18268837E+09  0.00000000E+00  0.00000000E+00  0.00000000E+00  0.00000000E+00  0.00000000E+00  0.10000000E-01  0.10000000E+01
 0.17002000E-09  0.11812352E-01  0.00000000E+00  0.22303965E-01  0.00000000E+00  0.00000000E+00  0.18268837E+09  0.00000000E+00  0.00000000E+00  0.00000000E+00  0.00000000E+00  0.00000000E+00  0.10000000E-01  0.10000000E+01
 0.18002000E-09  0.11812352E-01  0.00000000E+00  0.24130849E-01  0.00000000E+00  0.00000000E+00  0.18268837E+09  0.00000000E+00  0.00000000E+00  0.00000000E+00  0.00000000E+00  0.00000000E+00  0.10000000E-01  0.10000000E+01
 0.19002000E-09  0.11812352E-01  0.00000000E+00  0.25957732E-01  0.00000000E+00  0.00000000E+00  0.18268837E+09  0.00000000E+00  0.00000000E+00  0.00000000E+00  0.00000000E+00  0.00000000E+00  0.10000000E-01  0.10000000E+01
 0.20002000E-09  0.11812352E-01  0.00000000E+00  0.27784616E-01  0.00000000E+00  0.00000000E+00  0.18268837E+09  0.00000000E+00  0.00000000E+00  0.00000000E+00  0.00000000E+00  0.00000000E+00  0.10000000E-01  0.10000000E+01
 0.21002000E-09  0.11812352E-01  0.00000000E+00  0.29611500E-01  0.00000000E+00  0.00000000E+00  0.18268837E+09  0.00000000E+00  0.00000000E+00  0.00000000E+00  0.00000000E+00  0.00000000E+00  0.10000000E-01  0.10000000E+01
 0.22002000E-09  0.11812352E-01  0.00000000E+00  0.31438383E-01  0.00000000E+00  0.00000000E+00  0.18268837E+09  0.00000000E+00  0.00000000E+00  0.00000000E+00  0.00000000E+00  0.00000000E+00  0.10000000E-01  0.10000000E+01
 0.23002000E-09  0.11812352E-01  0.00000000E+00  0.33265267E-01  0.00000000E+00  0.00000000E+00  0.18268837E+09  0.00000000E+00  0.00000000E+00  0.00000000E+00  0.00000000E+00  0.00000000E+00  0.10000000E-01  0.10000000E+01
 0.24002000E-09  0.11812352E-01  0.00000000E+00  0.35092151E-01  0.00000000E+00  0.00000000E+00  0.18268837E+09  0.00000000E+00  0.00000000E+00  0.00000000E+00  0.00000000E+00  0.00000000E+00  0.10000000E-01  0.10000000E+01
 0.25002000E-09  0.11812352E-01  0.00000000E+00  0.36919034E-01  0.00000000E+00  0.00000000E+00  0.18268837E+09  0.00000000E+00  0.00000000E+00  0.00000000E+00  0.00000000E+00  0.00000000E+00  0.10000000E-01  0.10000000E+01
 0.26002000E-09  0.11812352E-01  0.00000000E+00  0.38745918E-01  0.00000000E+00  0.00000000E+00  0.18268837E+09  0.00000000E+00  0.00000000E+00  0.00000000E+00  0.00000000E+00  0.00000000E+00  0.10000000E-01  0.10000000E+01
 0.27002000E-09  0.11812352E-01  0.00000000E+00  0.40572802E-01  0.00000000E+00  0.00000000E+00  0.18268837E+09  0.00000000E+00  0.00000000E+00  0.00000000E+00  0.00000000E+00  0.00000000E+00  0.10000000E-01  0.10000000E+01
 0.28002000E-09  0.11812352E-01  0.00000000E+00  0.42399685E-01  0.00000000E+00  0.00000000E+00  0.18268837E+09  0.00000000E+00  0.00000000E+00  0.00000000E+00  0.00000000E+00  0.00000000E+00  0.10000000E-01  0.10000000E+01
 0.29002000E-09  0.11812352E-01  0.00000000E+00  0.44226569E-01  0.00000000E+00  0.00000000E+00  0.18268837E+09  0.00000000E+00  0.00000000E+00  0.00000000E+00  0.00000000E+00  0.00000000E+00  0.10000000E-01  0.10000000E+01
 0.30000000E-09  0.11812352E-01  0.00000000E+00  0.46049799E-01  0.00000000E+00  0.00000000E+00  0.18268837E+09  0.00000000E+00  0.00000000E+00  0.00000000E+00  0.00000000E+00  0.00000000E+00  0.10000000E-01  0.10000000E+01
 0.31000000E-09  0.11812352E-01  0.00000000E+00  0.47876683E-01  0.00000000E+00  0.00000000E+00  0.18268837E+09  0.00000000E+00  0.00000000E+00  0.00000000E+00  0.00000000E+00  0.00000000E+00  0.10000000E-01  0.10000000E+01
 0.32000000E-09  0.11812352E-01  0.00000000E+00  0.49703566E-01  0.00000000E+00  0.00000000E+00  0.18268837E+09  0.00000000E+00  0.00000000E+00  0.00000000E+00  0.00000000E+00  0.00000000E+00  0.10000000E-01  0.10000000E+01
 0.33000000E-09  0.11812352E-01  0.00000000E+00  0.51530450E-01  0.00000000E+00  0.00000000E+00  0.18268837E+09  0.00000000E+00  0.00000000E+00  0.00000000E+00  0.00000000E+00  0.00000000E+00  0.10000000E-01  0.10000000E+01
 0.34000000E-09  0.11812352E-01  0.00000000E+00  0.53357334E-01  0.00000000E+00  0.00000000E+00  0.18268837E+09  0.00000000E+00  0.00000000E+00  0.00000000E+00  0.00000000E+00  0.00000000E+00  0.10000000E-01  0.10000000E+01
 0.35000000E-09  0.11812352E-01  0.00000000E+00  0.55184217E-01  0.00000000E+00  0.00000000E+00  0.18268837E+09  0.00000000E+00  0.00000000E+00  0.00000000E+00  0.00000000E+00  0.00000000E+00  0.10000000E-01  0.10000000E+01
 0.36000000E-09  0.11812352E-01  0.00000000E+00  0.57011101E-01  0.00000000E+00  0.00000000E+00  0.18268837E+09  0.00000000E+00  0.00000000E+00  0.00000000E+00  0.00000000E+00  0.00000000E+00  0.10000000E-01  0.10000000E+01
 0.37000000E-09  0.11812352E-01  0.00000000E+00  0.58837985E-01  0.00000000E+00  0.00000000E+00  0.18268837E+09  0.00000000E+00  0.00000000E+00  0.00000000E+00  0.00000000E+00  0.00000000E+00  0.10000000E-01  0.10000000E+01
 0.38000000E-09  0.11812352E-01  0.00000000E+00  0.60664868E-01  0.00000000E+00  0.00000000E+00  0.18268837E+09  0.00000000E+00  0.00000000E+00  0.00000000E+00  0.00000000E+00  0.00000000E+00  0.10000000E-01  0.10000000E+01
 0.39000000E-09  0.11812352E-01  0.00000000E+00  0.62491752E-01  0.00000000E+00  0.00000000E+00  0.18268837E+09  0.00000000E+00  0.00000000E+00  0.00000000E+00  0.00000000E+00  0.00000000E+00  0.10000000E-01  0.10000000E+01
 0.40000000E-09  0.11812352E-01  0.00000000E+00  0.64318636E-01  0.00000000E+00  0.00000000E+00  0.18268837E+09  0.00000000E+00  0.00000000E+00  0.00000000E+00  0.00000000E+00  0.00000000E+00  0.10000000E-01  0.10000000E+01
 0.41000000E-09  0.11812352E-01  0.00000000E+00  0.66145519E-01  0.00000000E+00  0.00000000E+00  0.18268837E+09  0.00000000E+00  0.00000000E+00  0.00000000E+00  0.00000000E+00  0.00000000E+00  0.10000000E-01  0.10000000E+01
 0.42000000E-09  0.11812352E-01  0.00000000E+00  0.67972403E-01  0.00000000E+00  0.00000000E+00  0.18268837E+09  0.00000000E+00  0.00000000E+00  0.00000000E+00  0.00000000E+00  0.00000000E+00  0.10000000E-01  0.10000000E+01
 0.43000000E-09  0.11812352E-01  0.00000000E+00  0.69799287E-01  0.00000000E+00  0.00000000E+00  0.18268837E+09  0.00000000E+00  0.00000000E+00  0.00000000E+00  0.00000000E+00  0.00000000E+00  0.10000000E-01  0.10000000E+01
 0.44000000E-09  0.11812352E-01  0.00000000E+00  0.71626170E-01  0.00000000E+00  0.00000000E+00  0.18268837E+09  0.00000000E+00  0.00000000E+00  0.00000000E+00  0.00000000E+00  0.00000000E+00  0.10000000E-01  0.10000000E+01
 0.45000000E-09  0.11812352E-01  0.00000000E+00  0.73453054E-01  0.00000000E+00  0.00000000E+00  0.18268837E+09  0.00000000E+00  0.00000000E+00  0.00000000E+00  0.00000000E+00  0.00000000E+00  0.10000000E-01  0.10000000E+01
 0.46000000E-09  0.11812352E-01  0.00000000E+00  0.75279938E-01  0.00000000E+00  0.00000000E+00  0.18268837E+09  0.00000000E+00  0.00000000E+00  0.00000000E+00  0.00000000E+00  0.00000000E+00  0.10000000E-01  0.10000000E+01
 0.47000000E-09  0.11812352E-01  0.00000000E+00  0.77106821E-01  0.00000000E+00  0.00000000E+00  0.18268837E+09  0.00000000E+00  0.00000000E+00  0.00000000E+00  0.00000000E+00  0.00000000E+00  0.10000000E-01  0.10000000E+01
 0.48000000E-09  0.11812352E-01  0.00000000E+00  0.78933705E-01  0.00000000E+00  0.00000000E+00  0.18268837E+09  0.00000000E+00  0.00000000E+00  0.00000000E+00  0.00000000E+00  0.00000000E+00  0.10000000E-01  0.10000000E+01
 0.49000000E-09  0.11812352E-01  0.00000000E+00  0.80760589E-01  0.00000000E+00  0.00000000E+00  0.18268837E+09  0.00000000E+00  0.00000000E+00  0.00000000E+00  0.00000000E+00  0.00000000E+00  0.10000000E-01  0.10000000E+01
 0.50000000E-09  0.11812352E-01  0.00000000E+00  0.82587472E-01  0.00000000E+00  0.00000000E+00  0.18268837E+09  0.00000000E+00  0.00000000E+00  0.00000000E+00  0.00000000E+00  0.00000000E+00  0.10000000E-01  0.10000000E+01
 0.51000000E-09  0.11812352E-01  0.00000000E+00  0.84414356E-01  0.00000000E+00  0.00000000E+00  0.18268837E+09  0.00000000E+00  0.00000000E+00  0.00000000E+00  0.00000000E+00  0.00000000E+00  0.10000000E-01  0.10000000E+01
 0.52000000E-09  0.11812352E-01  0.00000000E+00  0.86241240E-01  0.00000000E+00  0.00000000E+00  0.18268837E+09  0.00000000E+00  0.00000000E+00  0.00000000E+00  0.00000000E+00  0.00000000E+00  0.10000000E-01  0.10000000E+01
 0.53000000E-09  0.11812352E-01  0.00000000E+00  0.88068123E-01  0.00000000E+00  0.00000000E+00  0.18268837E+09  0.00000000E+00  0.00000000E+00  0.00000000E+00  0.00000000E+00  0.00000000E+00  0.10000000E-01  0.10000000E+01
 0.54000000E-09  0.11812352E-01  0.00000000E+00  0.89895007E-01  0.00000000E+00  0.00000000E+00  0.18268837E+09  0.00000000E+00  0.00000000E+00  0.00000000E+00  0.00000000E+00  0.00000000E+00  0.10000000E-01  0.10000000E+01
 0.55002000E-09  0.11812352E-01  0.00000000E+00  0.91725544E-01  0.00000000E+00  0.00000000E+00  0.18268837E+09  0.00000000E+00  0.00000000E+00  0.00000000E+00  0.00000000E+00  0.00000000E+00  0.10000000E-01  0.10000000E+01
 0.56002000E-09  0.11812352E-01  0.00000000E+00  0.93552428E-01  0.00000000E+00  0.00000000E+00  0.18268837E+09  0.00000000E+00  0.00000000E+00  0.00000000E+00  0.00000000E+00  0.00000000E+00  0.10000000E-01  0.10000000E+01
 0.57002000E-09  0.11812352E-01  0.00000000E+00  0.95379312E-01  0.00000000E+00  0.00000000E+00  0.18268837E+09  0.00000000E+00  0.00000000E+00  0.00000000E+00  0.00000000E+00  0.00000000E+00  0.10000000E-01  0.10000000E+01
 0.58002000E-09  0.11812352E-01  0.00000000E+00  0.97206196E-01  0.00000000E+00  0.00000000E+00  0.18268837E+09  0.00000000E+00  0.00000000E+00  0.00000000E+00  0.00000000E+00  0.00000000E+00  0.10000000E-01  0.10000000E+01
 0.59002000E-09  0.11812352E-01  0.00000000E+00  0.99033079E-01  0.00000000E+00  0.00000000E+00  0.18268837E+09  0.00000000E+00  0.00000000E+00  0.00000000E+00  0.00000000E+00  0.00000000E+00  0.10000000E-01  0.10000000E+01
 0.60002000E-09  0.11812352E-01  0.00000000E+00  0.10085996E+00  0.00000000E+00  0.00000000E+00  0.18268837E+09  0.00000000E+00  0.00000000E+00  0.00000000E+00  0.00000000E+00  0.00000000E+00  0.10000000E-01  0.10000000E+01
 0.61002000E-09  0.11812352E-01  0.00000000E+00  0.10268685E+00  0.00000000E+00  0.00000000E+00  0.18268837E+09  0.00000000E+00  0.00000000E+00  0.00000000E+00  0.00000000E+00  0.00000000E+00  0.10000000E-01  0.10000000E+01
 0.62002000E-09  0.11812352E-01  0.00000000E+00  0.10451373E+00  0.00000000E+00  0.00000000E+00  0.18268837E+09  0.00000000E+00  0.00000000E+00  0.00000000E+00  0.00000000E+00  0.00000000E+00  0.10000000E-01  0.10000000E+01
 0.63002000E-09  0.11812352E-01  0.00000000E+00  0.10634061E+00  0.00000000E+00  0.00000000E+00  0.18268837E+09  0.00000000E+00  0.00000000E+00  0.00000000E+00  0.00000000E+00  0.00000000E+00  0.10000000E-01  0.10000000E+01
 0.64002000E-09  0.11812352E-01  0.00000000E+00  0.10816750E+00  0.00000000E+00  0.00000000E+00  0.18268837E+09  0.00000000E+00  0.00000000E+00  0.00000000E+00  0.00000000E+00  0.00000000E+00  0.10000000E-01  0.10000000E+01
 0.65002000E-09  0.11812352E-01  0.00000000E+00  0.10999438E+00  0.00000000E+00  0.00000000E+00  0.18268837E+09  0.00000000E+00  0.00000000E+00  0.00000000E+00  0.00000000E+00  0.00000000E+00  0.10000000E-01  0.10000000E+01
 0.66002000E-09  0.11812352E-01  0.00000000E+00  0.11182126E+00  0.00000000E+00  0.00000000E+00  0.18268837E+09  0.00000000E+00  0.00000000E+00  0.00000000E+00  0.00000000E+00  0.00000000E+00  0.10000000E-01  0.10000000E+01
 0.67002000E-09  0.11812352E-01  0.00000000E+00  0.11364815E+00  0.00000000E+00  0.00000000E+00  0.18268837E+09  0.00000000E+00  0.00000000E+00  0.00000000E+00  0.00000000E+00  0.00000000E+00  0.10000000E-01  0.10000000E+01
 0.68002000E-09  0.11812352E-01  0.00000000E+00  0.11547503E+00  0.00000000E+00  0.00000000E+00  0.18268837E+09  0.00000000E+00  0.00000000E+00  0.00000000E+00  0.00000000E+00  0.00000000E+00  0.10000000E-01  0.10000000E+01
 0.69002000E-09  0.11812352E-01  0.00000000E+00  0.11730192E+00  0.00000000E+00  0.00000000E+00  0.18268837E+09  0.00000000E+00  0.00000000E+00  0.00000000E+00  0.00000000E+00  0.00000000E+00  0.10000000E-01  0.10000000E+01
 0.70002000E-09  0.11812352E-01  0.00000000E+00  0.11912880E+00  0.00000000E+00  0.00000000E+00  0.18268837E+09  0.00000000E+00  0.00000000E+00  0.00000000E+00  0.00000000E+00  0.00000000E+00  0.10000000E-01  0.10000000E+01
 0.71002000E-09  0.11812352E-01  0.00000000E+00  0.12095568E+00  0.00000000E+00  0.00000000E+00  0.18268837E+09  0.00000000E+00  0.00000000E+00  0.00000000E+00  0.00000000E+00  0.00000000E+00  0.10000000E-01  0.10000000E+01
 0.72002000E-09  0.11812352E-01  0.00000000E+00  0.12278257E+00  0.00000000E+00  0.00000000E+00  0.18268837E+09  0.00000000E+00  0.00000000E+00  0.00000000E+00  0.00000000E+00  0.00000000E+00  0.10000000E-01  0.10000000E+01
 0.73002000E-09  0.11812352E-01  0.00000000E+00  0.12460945E+00  0.00000000E+00  0.00000000E+00  0.18268837E+09  0.00000000E+00  0.00000000E+00  0.00000000E+00  0.00000000E+00  0.00000000E+00  0.10000000E-01  0.10000000E+01
 0.74002000E-09  0.11812352E-01  0.00000000E+00  0.12643633E+00  0.00000000E+00  0.00000000E+00  0.18268837E+09  0.00000000E+00  0.00000000E+00  0.00000000E+00  0.00000000E+00  0.00000000E+00  0.10000000E-01  0.10000000E+01
 0.75002000E-09  0.11812352E-01  0.00000000E+00  0.12826322E+00  0.00000000E+00  0.00000000E+00  0.18268837E+09  0.00000000E+00  0.00000000E+00  0.00000000E+00  0.00000000E+00  0.00000000E+00  0.10000000E-01  0.10000000E+01
 0.76002000E-09  0.11812352E-01  0.00000000E+00  0.13009010E+00  0.00000000E+00  0.00000000E+00  0.18268837E+09  0.00000000E+00  0.00000000E+00  0.00000000E+00  0.00000000E+00  0.00000000E+00  0.10000000E-01  0.10000000E+01
 0.77002000E-09  0.11812352E-01  0.00000000E+00  0.13191699E+00  0.00000000E+00  0.00000000E+00  0.18268837E+09  0.00000000E+00  0.00000000E+00  0.00000000E+00  0.00000000E+00  0.00000000E+00  0.10000000E-01  0.10000000E+01
 0.78002000E-09  0.11812352E-01  0.00000000E+00  0.13374387E+00  0.00000000E+00  0.00000000E+00  0.18268837E+09  0.00000000E+00  0.00000000E+00  0.00000000E+00  0.00000000E+00  0.00000000E+00  0.10000000E-01  0.10000000E+01
 0.79002000E-09  0.11812352E-01  0.00000000E+00  0.13557075E+00  0.00000000E+00  0.00000000E+00  0.18268837E+09  0.00000000E+00  0.00000000E+00  0.00000000E+00  0.00000000E+00  0.00000000E+00  0.10000000E-01  0.10000000E+01
 0.80002000E-09  0.11812352E-01  0.00000000E+00  0.13739764E+00  0.00000000E+00  0.00000000E+00  0.18268837E+09  0.00000000E+00  0.00000000E+00  0.00000000E+00  0.00000000E+00  0.00000000E+00  0.10000000E-01  0.10000000E+01
 0.81002000E-09  0.11812352E-01  0.00000000E+00  0.13922452E+00  0.00000000E+00  0.00000000E+00  0.18268837E+09  0.00000000E+00  0.00000000E+00  0.00000000E+00  0.00000000E+00  0.00000000E+00  0.10000000E-01  0.10000000E+01
 0.82002000E-09  0.11812352E-01  0.00000000E+00  0.14105140E+00  0.00000000E+00  0.00000000E+00  0.18268837E+09  0.00000000E+00  0.00000000E+00  0.00000000E+00  0.00000000E+00  0.00000000E+00  0.10000000E-01  0.10000000E+01
 0.83002000E-09  0.11812352E-01  0.00000000E+00  0.14287829E+00  0.00000000E+00  0.00000000E+00  0.18268837E+09  0.00000000E+00  0.00000000E+00  0.00000000E+00  0.00000000E+00  0.00000000E+00  0.10000000E-01  0.10000000E+01
 0.84002000E-09  0.11812352E-01  0.00000000E+00  0.14470517E+00  0.00000000E+00  0.00000000E+00  0.18268837E+09  0.00000000E+00  0.00000000E+00  0.00000000E+00  0.00000000E+00  0.00000000E+00  0.10000000E-01  0.10000000E+01
 0.85002000E-09  0.11812352E-01  0.00000000E+00  0.14653205E+00  0.00000000E+00  0.00000000E+00  0.18268837E+09  0.00000000E+00  0.00000000E+00  0.00000000E+00  0.00000000E+00  0.00000000E+00  0.10000000E-01  0.10000000E+01
 0.86002000E-09  0.11812352E-01  0.00000000E+00  0.14835894E+00  0.00000000E+00  0.00000000E+00  0.18268837E+09  0.00000000E+00  0.00000000E+00  0.00000000E+00  0.00000000E+00  0.00000000E+00  0.10000000E-01  0.10000000E+01
 0.87002000E-09  0.11812352E-01  0.00000000E+00  0.15018582E+00  0.00000000E+00  0.00000000E+00  0.18268837E+09  0.00000000E+00  0.00000000E+00  0.00000000E+00  0.00000000E+00  0.00000000E+00  0.10000000E-01  0.10000000E+01
 0.88002000E-09  0.11812352E-01  0.00000000E+00  0.15201271E+00  0.00000000E+00  0.00000000E+00  0.18268837E+09  0.00000000E+00  0.00000000E+00  0.00000000E+00  0.00000000E+00  0.00000000E+00  0.10000000E-01  0.10000000E+01
 0.89002000E-09  0.11812352E-01  0.00000000E+00  0.15383959E+00  0.00000000E+00  0.00000000E+00  0.18268837E+09  0.00000000E+00  0.00000000E+00  0.00000000E+00  0.00000000E+00  0.00000000E+00  0.10000000E-01  0.10000000E+01
 0.90002000E-09  0.11812352E-01  0.00000000E+00  0.15566647E+00  0.00000000E+00  0.00000000E+00  0.18268837E+09  0.00000000E+00  0.00000000E+00  0.00000000E+00  0.00000000E+00  0.00000000E+00  0.10000000E-01  0.10000000E+01
 0.91002000E-09  0.11812352E-01  0.00000000E+00  0.15749336E+00  0.00000000E+00  0.00000000E+00  0.18268837E+09  0.00000000E+00  0.00000000E+00  0.00000000E+00  0.00000000E+00  0.00000000E+00  0.10000000E-01  0.10000000E+01
 0.92002000E-09  0.11812352E-01  0.00000000E+00  0.15932024E+00  0.00000000E+00  0.00000000E+00  0.18268837E+09  0.00000000E+00  0.00000000E+00  0.00000000E+00  0.00000000E+00  0.00000000E+00  0.10000000E-01  0.10000000E+01
 0.93002000E-09  0.11812352E-01  0.00000000E+00  0.16114712E+00  0.00000000E+00  0.00000000E+00  0.18268837E+09  0.00000000E+00  0.00000000E+00  0.00000000E+00  0.00000000E+00  0.00000000E+00  0.10000000E-01  0.10000000E+01
 0.94002000E-09  0.11812352E-01  0.00000000E+00  0.16297401E+00  0.00000000E+00  0.00000000E+00  0.18268837E+09  0.00000000E+00  0.00000000E+00  0.00000000E+00  0.00000000E+00  0.00000000E+00  0.10000000E-01  0.10000000E+01
 0.95002000E-09  0.11812352E-01  0.00000000E+00  0.16480089E+00  0.00000000E+00  0.00000000E+00  0.18268837E+09  0.00000000E+00  0.00000000E+00  0.00000000E+00  0.00000000E+00  0.00000000E+00  0.10000000E-01  0.10000000E+01
 0.96002000E-09  0.11812352E-01  0.00000000E+00  0.16662777E+00  0.00000000E+00  0.00000000E+00  0.18268837E+09  0.00000000E+00  0.00000000E+00  0.00000000E+00  0.00000000E+00  0.00000000E+00  0.10000000E-01  0.10000000E+01
 0.97002000E-09  0.11812352E-01  0.00000000E+00  0.16845466E+00  0.00000000E+00  0.00000000E+00  0.18268837E+09  0.00000000E+00  0.00000000E+00  0.00000000E+00  0.00000000E+00  0.00000000E+00  0.10000000E-01  0.10000000E+01
 0.98002000E-09  0.11812352E-01  0.00000000E+00  0.17028154E+00  0.00000000E+00  0.00000000E+00  0.18268837E+09  0.00000000E+00  0.00000000E+00  0.00000000E+00  0.00000000E+00  0.00000000E+00  0.10000000E-01  0.10000000E+01
 0.99002000E-09  0.11812352E-01  0.00000000E+00  0.17210843E+00  0.00000000E+00  0.00000000E+00  0.18268837E+09  0.00000000E+00  0.00000000E+00  0.00000000E+00  0.00000000E+00  0.00000000E+00  0.10000000E-01  0.10000000E+01
 0.10000200E-08  0.11812352E-01  0.00000000E+00  0.17393531E+00  0.00000000E+00  0.00000000E+00  0.18268837E+09  0.00000000E+00  0.00000000E+00  0.00000000E+00  0.00000000E+00  0.00000000E+00  0.10000000E-01  0.10000000E+01
 0.10100200E-08  0.11812352E-01  0.00000000E+00  0.17576219E+00  0.00000000E+00  0.00000000E+00  0.18268837E+09  0.00000000E+00  0.00000000E+00  0.00000000E+00  0.00000000E+00  0.00000000E+00  0.10000000E-01  0.10000000E+01
 0.10200200E-08  0.11812352E-01  0.00000000E+00  0.17758908E+00  0.00000000E+00  0.00000000E+00  0.18268837E+09  0.00000000E+00  0.00000000E+00  0.00000000E+00  0.00000000E+00  0.00000000E+00  0.10000000E-01  0.10000000E+01
 0.10300200E-08  0.11812352E-01  0.00000000E+00  0.17941596E+00  0.00000000E+00  0.00000000E+00  0.18268837E+09  0.00000000E+00  0.00000000E+00  0.00000000E+00  0.00000000E+00  0.00000000E+00  0.10000000E-01  0.10000000E+01
 0.10400200E-08  0.11812352E-01  0.00000000E+00  0.18124284E+00  0.00000000E+00  0.00000000E+00  0.18268837E+09  0.00000000E+00  0.00000000E+00  0.00000000E+00  0.00000000E+00  0.00000000E+00  0.10000000E-01  0.10000000E+01
 0.10500200E-08  0.11812352E-01  0.00000000E+00  0.18306973E+00  0.00000000E+00  0.00000000E+00  0.18268837E+09  0.00000000E+00  0.00000000E+00  0.00000000E+00  0.00000000E+00  0.00000000E+00  0.10000000E-01  0.10000000E+01
 0.10600200E-08  0.11812352E-01  0.00000000E+00  0.18489661E+00  0.00000000E+00  0.00000000E+00  0.18268837E+09  0.00000000E+00  0.00000000E+00  0.00000000E+00  0.00000000E+00  0.00000000E+00  0.10000000E-01  0.10000000E+01
 0.10700200E-08  0.11812352E-01  0.00000000E+00  0.18672350E+00  0.00000000E+00  0.00000000E+00  0.18268837E+09  0.00000000E+00  0.00000000E+00  0.00000000E+00  0.00000000E+00  0.00000000E+00  0.10000000E-01  0.10000000E+01
 0.10800200E-08  0.11812352E-01  0.00000000E+00  0.18855038E+00  0.00000000E+00  0.00000000E+00  0.18268837E+09  0.00000000E+00  0.00000000E+00  0.00000000E+00  0.00000000E+00  0.00000000E+00  0.10000000E-01  0.10000000E+01
 0.10900200E-08  0.11812352E-01  0.00000000E+00  0.19037726E+00  0.00000000E+00  0.00000000E+00  0.18268837E+09  0.00000000E+00  0.00000000E+00  0.00000000E+00  0.00000000E+00  0.00000000E+00  0.10000000E-01  0.10000000E+01
 0.11000200E-08  0.11812352E-01  0.00000000E+00  0.19220415E+00  0.00000000E+00  0.00000000E+00  0.18268837E+09  0.00000000E+00  0.00000000E+00  0.00000000E+00  0.00000000E+00  0.00000000E+00  0.10000000E-01  0.10000000E+01
 0.11100200E-08  0.11812352E-01  0.00000000E+00  0.19403103E+00  0.00000000E+00  0.00000000E+00  0.18268837E+09  0.00000000E+00  0.00000000E+00  0.00000000E+00  0.00000000E+00  0.00000000E+00  0.10000000E-01  0.10000000E+01
 0.11200200E-08  0.11812352E-01  0.00000000E+00  0.19585791E+00  0.00000000E+00  0.00000000E+00  0.18268837E+09  0.00000000E+00  0.00000000E+00  0.00000000E+00  0.00000000E+00  0.00000000E+00  0.10000000E-01  0.10000000E+01
 0.11300200E-08  0.11812352E-01  0.00000000E+00  0.19768480E+00  0.00000000E+00  0.00000000E+00  0.18268837E+09  0.00000000E+00  0.00000000E+00  0.00000000E+00  0.00000000E+00  0.00000000E+00  0.10000000E-01  0.10000000E+01
 0.11400200E-08  0.11812352E-01  0.00000000E+00  0.19951168E+00  0.00000000E+00  0.00000000E+00  0.18268837E+09  0.00000000E+00  0.00000000E+00  0.00000000E+00  0.00000000E+00  0.00000000E+00  0.10000000E-01  0.10000000E+01
 0.11500200E-08  0.11812352E-01  0.00000000E+00  0.20133856E+00  0.00000000E+00  0.00000000E+00  0.18268837E+09  0.00000000E+00  0.00000000E+00  0.00000000E+00  0.00000000E+00  0.00000000E+00  0.10000000E-01  0.10000000E+01
 0.11600200E-08  0.11812352E-01  0.00000000E+00  0.20316545E+00  0.00000000E+00  0.00000000E+00  0.18268837E+09  0.00000000E+00  0.00000000E+00  0.00000000E+00  0.00000000E+00  0.00000000E+00  0.10000000E-01  0.10000000E+01
 0.11700200E-08  0.11812352E-01  0.00000000E+00  0.20499233E+00  0.00000000E+00  0.00000000E+00  0.18268837E+09  0.00000000E+00  0.00000000E+00  0.00000000E+00  0.00000000E+00  0.00000000E+00  0.10000000E-01  0.10000000E+01
 0.11800200E-08  0.11812352E-01  0.00000000E+00  0.20681922E+00  0.00000000E+00  0.00000000E+00  0.18268837E+09  0.00000000E+00  0.00000000E+00  0.00000000E+00  0.00000000E+00  0.00000000E+00  0.10000000E-01  0.10000000E+01
 0.11900200E-08  0.11812352E-01  0.00000000E+00  0.20864610E+00  0.00000000E+00  0.00000000E+00  0.18268837E+09  0.00000000E+00  0.00000000E+00  0.00000000E+00  0.00000000E+00  0.00000000E+00  0.10000000E-01  0.10000000E+01
 0.12000200E-08  0.11812352E-01  0.00000000E+00  0.21047298E+00  0.00000000E+00  0.00000000E+00  0.18268837E+09  0.00000000E+00  0.00000000E+00  0.00000000E+00  0.00000000E+00  0.00000000E+00  0.10000000E-01  0.10000000E+01
 0.12100200E-08  0.11812352E-01  0.00000000E+00  0.21229987E+00  0.00000000E+00  0.00000000E+00  0.18268837E+09  0.00000000E+00  0.00000000E+00  0.00000000E+00  0.00000000E+00  0.00000000E+00  0.10000000E-01  0.10000000E+01
 0.12200200E-08  0.11812352E-01  0.00000000E+00  0.21412675E+00  0.00000000E+00  0.00000000E+00  0.18268837E+09  0.00000000E+00  0.00000000E+00  0.00000000E+00  0.00000000E+00  0.00000000E+00  0.10000000E-01  0.10000000E+01
 0.12300200E-08  0.11812352E-01  0.00000000E+00  0.21595363E+00  0.00000000E+00  0.00000000E+00  0.18268837E+09  0.00000000E+00  0.00000000E+00  0.00000000E+00  0.00000000E+00  0.00000000E+00  0.10000000E-01  0.10000000E+01
 0.12400200E-08  0.11812352E-01  0.00000000E+00  0.21778052E+00  0.00000000E+00  0.00000000E+00  0.18268837E+09  0.00000000E+00  0.00000000E+00  0.00000000E+00  0.00000000E+00  0.00000000E+00  0.10000000E-01  0.10000000E+01
 0.12500200E-08  0.11812352E-01  0.00000000E+00  0.21960740E+00  0.00000000E+00  0.00000000E+00  0.18268837E+09  0.00000000E+00  0.00000000E+00  0.00000000E+00  0.00000000E+00  0.00000000E+00  0.10000000E-01  0.10000000E+01
 0.12600200E-08  0.11812352E-01  0.00000000E+00  0.22143429E+00  0.00000000E+00  0.00000000E+00  0.18268837E+09  0.00000000E+00  0.00000000E+00  0.00000000E+00  0.00000000E+00  0.00000000E+00  0.10000000E-01  0.10000000E+01
 0.12700200E-08  0.11812352E-01  0.00000000E+00  0.22326117E+00  0.00000000E+00  0.00000000E+00  0.18268837E+09  0.00000000E+00  0.00000000E+00  0.00000000E+00  0.00000000E+00  0.00000000E+00  0.10000000E-01  0.10000000E+01
 0.12800200E-08  0.11812352E-01  0.00000000E+00  0.22508805E+00  0.00000000E+00  0.00000000E+00  0.18268837E+09  0.00000000E+00  0.00000000E+00  0.00000000E+00  0.00000000E+00  0.00000000E+00  0.10000000E-01  0.10000000E+01
 0.12900200E-08  0.11812352E-01  0.00000000E+00  0.22691494E+00  0.00000000E+00  0.00000000E+00  0.18268837E+09  0.00000000E+00  0.00000000E+00  0.00000000E+00  0.00000000E+00  0.00000000E+00  0.10000000E-01  0.10000000E+01
 0.13000200E-08  0.11812352E-01  0.00000000E+00  0.22874182E+00  0.00000000E+00  0.00000000E+00  0.18268837E+09  0.00000000E+00  0.00000000E+00  0.00000000E+00  0.00000000E+00  0.00000000E+00  0.10000000E-01  0.10000000E+01
 0.13100200E-08  0.11812352E-01  0.00000000E+00  0.23056870E+00  0.00000000E+00  0.00000000E+00  0.18268837E+09  0.00000000E+00  0.00000000E+00  0.00000000E+00  0.00000000E+00  0.00000000E+00  0.10000000E-01  0.10000000E+01
 0.13200200E-08  0.11812352E-01  0.00000000E+00  0.23239559E+00  0.00000000E+00  0.00000000E+00  0.18268837E+09  0.00000000E+00  0.00000000E+00  0.00000000E+00  0.00000000E+00  0.00000000E+00  0.10000000E-01  0.10000000E+01
 0.13300200E-08  0.11812352E-01  0.00000000E+00  0.23422247E+00  0.00000000E+00  0.00000000E+00  0.18268837E+09  0.00000000E+00  0.00000000E+00  0.00000000E+00  0.00000000E+00  0.00000000E+00  0.10000000E-01  0.10000000E+01
 0.13400200E-08  0.11812352E-01  0.00000000E+00  0.23604935E+00  0.00000000E+00  0.00000000E+00  0.18268837E+09  0.00000000E+00  0.00000000E+00  0.00000000E+00  0.00000000E+00  0.00000000E+00  0.10000000E-01  0.10000000E+01
 0.13500200E-08  0.11812352E-01  0.00000000E+00  0.23787624E+00  0.00000000E+00  0.00000000E+00  0.18268837E+09  0.00000000E+00  0.00000000E+00  0.00000000E+00  0.00000000E+00  0.00000000E+00  0.10000000E-01  0.10000000E+01
 0.13600200E-08  0.11812352E-01  0.00000000E+00  0.23970312E+00  0.00000000E+00  0.00000000E+00  0.18268837E+09  0.00000000E+00  0.00000000E+00  0.00000000E+00  0.00000000E+00  0.00000000E+00  0.10000000E-01  0.10000000E+01
 0.13700200E-08  0.11812352E-01  0.00000000E+00  0.24153001E+00  0.00000000E+00  0.00000000E+00  0.18268837E+09  0.00000000E+00  0.00000000E+00  0.00000000E+00  0.00000000E+00  0.00000000E+00  0.10000000E-01  0.10000000E+01
 0.13800200E-08  0.11812352E-01  0.00000000E+00  0.24335689E+00  0.00000000E+00  0.00000000E+00  0.18268837E+09  0.00000000E+00  0.00000000E+00  0.00000000E+00  0.00000000E+00  0.00000000E+00  0.10000000E-01  0.10000000E+01
 0.13900200E-08  0.11812352E-01  0.00000000E+00  0.24518377E+00  0.00000000E+00  0.00000000E+00  0.18268837E+09  0.00000000E+00  0.00000000E+00  0.00000000E+00  0.00000000E+00  0.00000000E+00  0.10000000E-01  0.10000000E+01
 0.14000200E-08  0.11812352E-01  0.00000000E+00  0.24701066E+00  0.00000000E+00  0.00000000E+00  0.18268837E+09  0.00000000E+00  0.00000000E+00  0.00000000E+00  0.00000000E+00  0.00000000E+00  0.10000000E-01  0.10000000E+01
 0.14100200E-08  0.11812352E-01  0.00000000E+00  0.24883754E+00  0.00000000E+00  0.00000000E+00  0.18268837E+09  0.00000000E+00  0.00000000E+00  0.00000000E+00  0.00000000E+00  0.00000000E+00  0.10000000E-01  0.10000000E+01
 0.14200200E-08  0.11812352E-01  0.00000000E+00  0.25066442E+00  0.00000000E+00  0.00000000E+00  0.18268837E+09  0.00000000E+00  0.00000000E+00  0.00000000E+00  0.00000000E+00  0.00000000E+00  0.10000000E-01  0.10000000E+01
 0.14300200E-08  0.11812352E-01  0.00000000E+00  0.25249131E+00  0.00000000E+00  0.00000000E+00  0.18268837E+09  0.00000000E+00  0.00000000E+00  0.00000000E+00  0.00000000E+00  0.00000000E+00  0.10000000E-01  0.10000000E+01
 0.14400200E-08  0.11812352E-01  0.00000000E+00  0.25431819E+00  0.00000000E+00  0.00000000E+00  0.18268837E+09  0.00000000E+00  0.00000000E+00  0.00000000E+00  0.00000000E+00  0.00000000E+00  0.10000000E-01  0.10000000E+01
 0.14500200E-08  0.11812352E-01  0.00000000E+00  0.25614507E+00  0.00000000E+00  0.00000000E+00  0.18268837E+09  0.00000000E+00  0.00000000E+00  0.00000000E+00  0.00000000E+00  0.00000000E+00  0.10000000E-01  0.10000000E+01
 0.14600200E-08  0.11812352E-01  0.00000000E+00  0.25797196E+00  0.00000000E+00  0.00000000E+00  0.18268837E+09  0.00000000E+00  0.00000000E+00  0.00000000E+00  0.00000000E+00  0.00000000E+00  0.10000000E-01  0.10000000E+01
 0.14700200E-08  0.11812352E-01  0.00000000E+00  0.25979884E+00  0.00000000E+00  0.00000000E+00  0.18268837E+09  0.00000000E+00  0.00000000E+00  0.00000000E+00  0.00000000E+00  0.00000000E+00  0.10000000E-01  0.10000000E+01
 0.14800200E-08  0.11812352E-01  0.00000000E+00  0.26162573E+00  0.00000000E+00  0.00000000E+00  0.18268837E+09  0.00000000E+00  0.00000000E+00  0.00000000E+00  0.00000000E+00  0.00000000E+00  0.10000000E-01  0.10000000E+01
 0.14900200E-08  0.11812352E-01  0.00000000E+00  0.26345261E+00  0.00000000E+00  0.00000000E+00  0.18268837E+09  0.00000000E+00  0.00000000E+00  0.00000000E+00  0.00000000E+00  0.00000000E+00  0.10000000E-01  0.10000000E+01
 0.15000200E-08  0.11812352E-01  0.00000000E+00  0.26527949E+00  0.00000000E+00  0.00000000E+00  0.18268837E+09  0.00000000E+00  0.00000000E+00  0.00000000E+00  0.00000000E+00  0.00000000E+00  0.10000000E-01  0.10000000E+01
 0.15100200E-08  0.11812352E-01  0.00000000E+00  0.26710638E+00  0.00000000E+00  0.00000000E+00  0.18268837E+09  0.00000000E+00  0.00000000E+00  0.00000000E+00  0.00000000E+00  0.00000000E+00  0.10000000E-01  0.10000000E+01
 0.15200200E-08  0.11812352E-01  0.00000000E+00  0.26893326E+00  0.00000000E+00  0.00000000E+00  0.18268837E+09  0.00000000E+00  0.00000000E+00  0.00000000E+00  0.00000000E+00  0.00000000E+00  0.10000000E-01  0.10000000E+01
 0.15300200E-08  0.11812352E-01  0.00000000E+00  0.27076014E+00  0.00000000E+00  0.00000000E+00  0.18268837E+09  0.00000000E+00  0.00000000E+00  0.00000000E+00  0.00000000E+00  0.00000000E+00  0.10000000E-01  0.10000000E+01
 0.15400200E-08  0.11812352E-01  0.00000000E+00  0.27258703E+00  0.00000000E+00  0.00000000E+00  0.18268837E+09  0.00000000E+00  0.00000000E+00  0.00000000E+00  0.00000000E+00  0.00000000E+00  0.10000000E-01  0.10000000E+01
 0.15500200E-08  0.11812352E-01  0.00000000E+00  0.27441391E+00  0.00000000E+00  0.00000000E+00  0.18268837E+09  0.00000000E+00  0.00000000E+00  0.00000000E+00  0.00000000E+00  0.00000000E+00  0.10000000E-01  0.10000000E+01
 0.15600200E-08  0.11812352E-01  0.00000000E+00  0.27624080E+00  0.00000000E+00  0.00000000E+00  0.18268837E+09  0.00000000E+00  0.00000000E+00  0.00000000E+00  0.00000000E+00  0.00000000E+00  0.10000000E-01  0.10000000E+01
 0.15700200E-08  0.11812352E-01  0.00000000E+00  0.27806768E+00  0.00000000E+00  0.00000000E+00  0.18268837E+09  0.00000000E+00  0.00000000E+00  0.00000000E+00  0.00000000E+00  0.00000000E+00  0.10000000E-01  0.10000000E+01
 0.15800200E-08  0.11812352E-01  0.00000000E+00  0.27989456E+00  0.00000000E+00  0.00000000E+00  0.18268837E+09  0.00000000E+00  0.00000000E+00  0.00000000E+00  0.00000000E+00  0.00000000E+00  0.10000000E-01  0.10000000E+01
 0.15900200E-08  0.11812352E-01  0.00000000E+00  0.28172145E+00  0.00000000E+00  0.00000000E+00  0.18268837E+09  0.00000000E+00  0.00000000E+00  0.00000000E+00  0.00000000E+00  0.00000000E+00  0.10000000E-01  0.10000000E+01
 0.16000200E-08  0.11812352E-01  0.00000000E+00  0.28354833E+00  0.00000000E+00  0.00000000E+00  0.18268837E+09  0.00000000E+00  0.00000000E+00  0.00000000E+00  0.00000000E+00  0.00000000E+00  0.10000000E-01  0.10000000E+01
 0.16100200E-08  0.11812352E-01  0.00000000E+00  0.28537521E+00  0.00000000E+00  0.00000000E+00  0.18268837E+09  0.00000000E+00  0.00000000E+00  0.00000000E+00  0.00000000E+00  0.00000000E+00  0.10000000E-01  0.10000000E+01
 0.16200200E-08  0.11812352E-01  0.00000000E+00  0.28720210E+00  0.00000000E+00  0.00000000E+00  0.18268837E+09  0.00000000E+00  0.00000000E+00  0.00000000E+00  0.00000000E+00  0.00000000E+00  0.10000000E-01  0.10000000E+01
 0.16300200E-08  0.11812352E-01  0.00000000E+00  0.28902898E+00  0.00000000E+00  0.00000000E+00  0.18268837E+09  0.00000000E+00  0.00000000E+00  0.00000000E+00  0.00000000E+00  0.00000000E+00  0.10000000E-01  0.10000000E+01
 0.16400200E-08  0.11812352E-01  0.00000000E+00  0.29085586E+00  0.00000000E+00  0.00000000E+00  0.18268837E+09  0.00000000E+00  0.00000000E+00  0.00000000E+00  0.00000000E+00  0.00000000E+00  0.10000000E-01  0.10000000E+01
 0.16500200E-08  0.11812352E-01  0.00000000E+00  0.29268275E+00  0.00000000E+00  0.00000000E+00  0.18268837E+09  0.00000000E+00  0.00000000E+00  0.00000000E+00  0.00000000E+00  0.00000000E+00  0.10000000E-01  0.10000000E+01
 0.16600200E-08  0.11812352E-01  0.00000000E+00  0.29450963E+00  0.00000000E+00  0.00000000E+00  0.18268837E+09  0.00000000E+00  0.00000000E+00  0.00000000E+00  0.00000000E+00  0.00000000E+00  0.10000000E-01  0.10000000E+01
 0.16700200E-08  0.11812352E-01  0.00000000E+00  0.29633652E+00  0.00000000E+00  0.00000000E+00  0.18268837E+09  0.00000000E+00  0.00000000E+00  0.00000000E+00  0.00000000E+00  0.00000000E+00  0.10000000E-01  0.10000000E+01
 0.16800200E-08  0.11812352E-01  0.00000000E+00  0.29816340E+00  0.00000000E+00  0.00000000E+00  0.18268837E+09  0.00000000E+00  0.00000000E+00  0.00000000E+00  0.00000000E+00  0.00000000E+00  0.10000000E-01  0.10000000E+01
 0.16900200E-08  0.11812352E-01  0.00000000E+00  0.29999028E+00  0.00000000E+00  0.00000000E+00  0.18268837E+09  0.00000000E+00  0.00000000E+00  0.00000000E+00  0.00000000E+00  0.00000000E+00  0.10000000E-01  0.10000000E+01
 0.17000200E-08  0.11812352E-01  0.00000000E+00  0.30181717E+00  0.00000000E+00  0.00000000E+00  0.18268837E+09  0.00000000E+00  0.00000000E+00  0.00000000E+00  0.00000000E+00  0.00000000E+00  0.10000000E-01  0.10000000E+01
 0.17100200E-08  0.11812352E-01  0.00000000E+00  0.30364405E+00  0.00000000E+00  0.00000000E+00  0.18268837E+09  0.00000000E+00  0.00000000E+00  0.00000000E+00  0.00000000E+00  0.00000000E+00  0.10000000E-01  0.10000000E+01
 0.17200200E-08  0.11812352E-01  0.00000000E+00  0.30547093E+00  0.00000000E+00  0.00000000E+00  0.18268837E+09  0.00000000E+00  0.00000000E+00  0.00000000E+00  0.00000000E+00  0.00000000E+00  0.10000000E-01  0.10000000E+01
 0.17300200E-08  0.11812352E-01  0.00000000E+00  0.30729782E+00  0.00000000E+00  0.00000000E+00  0.18268837E+09  0.00000000E+00  0.00000000E+00  0.00000000E+00  0.00000000E+00  0.00000000E+00  0.10000000E-01  0.10000000E+01
 0.17400200E-08  0.11812352E-01  0.00000000E+00  0.30912470E+00  0.00000000E+00  0.00000000E+00  0.18268837E+09  0.00000000E+00  0.00000000E+00  0.00000000E+00  0.00000000E+00  0.00000000E+00  0.10000000E-01  0.10000000E+01
 0.17500200E-08  0.11812352E-01  0.00000000E+00  0.31095158E+00  0.00000000E+00  0.00000000E+00  0.18268837E+09  0.00000000E+00  0.00000000E+00  0.00000000E+00  0.00000000E+00  0.00000000E+00  0.10000000E-01  0.10000000E+01
 0.17600200E-08  0.11812352E-01  0.00000000E+00  0.31277847E+00  0.00000000E+00  0.00000000E+00  0.18268837E+09  0.00000000E+00  0.00000000E+00  0.00000000E+00  0.00000000E+00  0.00000000E+00  0.10000000E-01  0.10000000E+01
 0.17700200E-08  0.11812352E-01  0.00000000E+00  0.31460535E+00  0.00000000E+00  0.00000000E+00  0.18268837E+09  0.00000000E+00  0.00000000E+00  0.00000000E+00  0.00000000E+00  0.00000000E+00  0.10000000E-01  0.10000000E+01
 0.17800200E-08  0.11812352E-01  0.00000000E+00  0.31643224E+00  0.00000000E+00  0.00000000E+00  0.18268837E+09  0.00000000E+00  0.00000000E+00  0.00000000E+00  0.00000000E+00  0.00000000E+00  0.10000000E-01  0.10000000E+01
 0.17900200E-08  0.11812352E-01  0.00000000E+00  0.31825912E+00  0.00000000E+00  0.00000000E+00  0.18268837E+09  0.00000000E+00  0.00000000E+00  0.00000000E+00  0.00000000E+00  0.00000000E+00  0.10000000E-01  0.10000000E+01
 0.18000200E-08  0.11812352E-01  0.00000000E+00  0.32008600E+00  0.00000000E+00  0.00000000E+00  0.18268837E+09  0.00000000E+00  0.00000000E+00  0.00000000E+00  0.00000000E+00  0.00000000E+00  0.10000000E-01  0.10000000E+01
 0.18100200E-08  0.11812352E-01  0.00000000E+00  0.32191289E+00  0.00000000E+00  0.00000000E+00  0.18268837E+09  0.00000000E+00  0.00000000E+00  0.00000000E+00  0.00000000E+00  0.00000000E+00  0.10000000E-01  0.10000000E+01
 0.18200200E-08  0.11812352E-01  0.00000000E+00  0.32373977E+00  0.00000000E+00  0.00000000E+00  0.18268837E+09  0.00000000E+00  0.00000000E+00  0.00000000E+00  0.00000000E+00  0.00000000E+00  0.10000000E-01  0.10000000E+01
 0.18300200E-08  0.11812352E-01  0.00000000E+00  0.32556665E+00  0.00000000E+00  0.00000000E+00  0.18268837E+09  0.00000000E+00  0.00000000E+00  0.00000000E+00  0.00000000E+00  0.00000000E+00  0.10000000E-01  0.10000000E+01
 0.18400200E-08  0.11812352E-01  0.00000000E+00  0.32739354E+00  0.00000000E+00  0.00000000E+00  0.18268837E+09  0.00000000E+00  0.00000000E+00  0.00000000E+00  0.00000000E+00  0.00000000E+00  0.10000000E-01  0.10000000E+01
 0.18500200E-08  0.11812352E-01  0.00000000E+00  0.32922042E+00  0.00000000E+00  0.00000000E+00  0.18268837E+09  0.00000000E+00  0.00000000E+00  0.00000000E+00  0.00000000E+00  0.00000000E+00  0.10000000E-01  0.10000000E+01
 0.18600200E-08  0.11812352E-01  0.00000000E+00  0.33104731E+00  0.00000000E+00  0.00000000E+00  0.18268837E+09  0.00000000E+00  0.00000000E+00  0.00000000E+00  0.00000000E+00  0.00000000E+00  0.10000000E-01  0.10000000E+01
 0.18700200E-08  0.11812352E-01  0.00000000E+00  0.33287419E+00  0.00000000E+00  0.00000000E+00  0.18268837E+09  0.00000000E+00  0.00000000E+00  0.00000000E+00  0.00000000E+00  0.00000000E+00  0.10000000E-01  0.10000000E+01
 0.18800200E-08  0.11812352E-01  0.00000000E+00  0.33470107E+00  0.00000000E+00  0.00000000E+00  0.18268837E+09  0.00000000E+00  0.00000000E+00  0.00000000E+00  0.00000000E+00  0.00000000E+00  0.10000000E-01  0.10000000E+01
 0.18900200E-08  0.11812352E-01  0.00000000E+00  0.33652796E+00  0.00000000E+00  0.00000000E+00  0.18268837E+09  0.00000000E+00  0.00000000E+00  0.00000000E+00  0.00000000E+00  0.00000000E+00  0.10000000E-01  0.10000000E+01
 0.19000200E-08  0.11812352E-01  0.00000000E+00  0.33835484E+00  0.00000000E+00  0.00000000E+00  0.18268837E+09  0.00000000E+00  0.00000000E+00  0.00000000E+00  0.00000000E+00  0.00000000E+00  0.10000000E-01  0.10000000E+01
 0.19100200E-08  0.11812352E-01  0.00000000E+00  0.34018172E+00  0.00000000E+00  0.00000000E+00  0.18268837E+09  0.00000000E+00  0.00000000E+00  0.00000000E+00  0.00000000E+00  0.00000000E+00  0.10000000E-01  0.10000000E+01
 0.19200200E-08  0.11812352E-01  0.00000000E+00  0.34200861E+00  0.00000000E+00  0.00000000E+00  0.18268837E+09  0.00000000E+00  0.00000000E+00  0.00000000E+00  0.00000000E+00  0.00000000E+00  0.10000000E-01  0.10000000E+01
 0.19300200E-08  0.11812352E-01  0.00000000E+00  0.34383549E+00  0.00000000E+00  0.00000000E+00  0.18268837E+09  0.00000000E+00  0.00000000E+00  0.00000000E+00  0.00000000E+00  0.00000000E+00  0.10000000E-01  0.10000000E+01
 0.19400200E-08  0.11812352E-01  0.00000000E+00  0.34566237E+00  0.00000000E+00  0.00000000E+00  0.18268837E+09  0.00000000E+00  0.00000000E+00  0.00000000E+00  0.00000000E+00  0.00000000E+00  0.10000000E-01  0.10000000E+01
 0.19500200E-08  0.11812352E-01  0.00000000E+00  0.34748926E+00  0.00000000E+00  0.00000000E+00  0.18268837E+09  0.00000000E+00  0.00000000E+00  0.00000000E+00  0.00000000E+00  0.00000000E+00  0.10000000E-01  0.10000000E+01
 0.19600200E-08  0.11812352E-01  0.00000000E+00  0.34931614E+00  0.00000000E+00  0.00000000E+00  0.18268837E+09  0.00000000E+00  0.00000000E+00  0.00000000E+00  0.00000000E+00  0.00000000E+00  0.10000000E-01  0.10000000E+01
 0.19700200E-08  0.11812352E-01  0.00000000E+00  0.35114303E+00  0.00000000E+00  0.00000000E+00  0.18268837E+09  0.00000000E+00  0.00000000E+00  0.00000000E+00  0.00000000E+00  0.00000000E+00  0.10000000E-01  0.10000000E+01
 0.19800200E-08  0.11812352E-01  0.00000000E+00  0.35296991E+00  0.00000000E+00  0.00000000E+00  0.18268837E+09  0.00000000E+00  0.00000000E+00  0.00000000E+00  0.00000000E+00  0.00000000E+00  0.10000000E-01  0.10000000E+01
 0.19900200E-08  0.11812352E-01  0.00000000E+00  0.35479679E+00  0.00000000E+00  0.00000000E+00  0.18268837E+09  0.00000000E+00  0.00000000E+00  0.00000000E+00  0.00000000E+00  0.00000000E+00  0.10000000E-01  0.10000000E+01
