# ptime xp yp zp vx vy vz ex ey ez bx by bz wt
 0.20000000E-13  0.11515067E-01  0.00000000E+00 -0.25114210E-01  0.00000000E+00  0.00000000E+00  0.19528915E+09  0.00000000E+00  0.00000000E+00  0.00000000E+00  0.00000000E+00  0.00000000E+00  0.10000000E-01  0.10000000E+01
 0.10000000E-10  0.11515067E-01  0.00000000E+00 -0.23165224E-01  0.00000000E+00  0.00000000E+00  0.19528915E+09  0.00000000E+00  0.00000000E+00  0.00000000E+00  0.00000000E+00  0.00000000E+00  0.10000000E-01  0.10000000E+01
 0.20000000E-10  0.11515067E-01  0.00000000E+00 -0.21212333E-01  0.00000000E+00  0.00000000E+00  0.19528915E+09  0.00000000E+00  0.00000000E+00  0.00000000E+00  0.00000000E+00  0.00000000E+00  0.10000000E-01  0.10000000E+01
 0.30000000E-10  0.11515067E-01  0.00000000E+00 -0.19259441E-01  0.00000000E+00  0.00000000E+00  0.19528915E+09  0.00000000E+00  0.00000000E+00  0.00000000E+00  0.00000000E+00  0.00000000E+00  0.10000000E-01  0.10000000E+01
 0.40020000E-10  0.11515067E-01  0.00000000E+00 -0.17302644E-01  0.00000000E+00  0.00000000E+00  0.19528915E+09  0.00000000E+00  0.00000000E+00  0.00000000E+00  0.00000000E+00  0.00000000E+00  0.10000000E-01  0.10000000E+01
 0.50020000E-10  0.11515067E-01  0.00000000E+00 -0.15349753E-01  0.00000000E+00  0.00000000E+00  0.19528915E+09  0.00000000E+00  0.00000000E+00  0.00000000E+00  0.00000000E+00  0.00000000E+00  0.10000000E-01  0.10000000E+01
 0.60020000E-10  0.11515067E-01  0.00000000E+00 -0.13396861E-01  0.00000000E+00  0.00000000E+00  0.19528915E+09  0.00000000E+00  0.00000000E+00  0.00000000E+00  0.00000000E+00  0.00000000E+00  0.10000000E-01  0.10000000E+01
 0.70020000E-10  0.11515067E-01  0.00000000E+00 -0.11443970E-01  0.00000000E+00  0.00000000E+00  0.19528915E+09  0.00000000E+00  0.00000000E+00  0.00000000E+00  0.00000000E+00  0.00000000E+00  0.10000000E-01  0.10000000E+01
 0.80000000E-10  0.11515067E-01  0.00000000E+00 -0.94949839E-02  0.00000000E+00  0.00000000E+00  0.19528915E+09  0.00000000E+00  0.00000000E+00  0.00000000E+00  0.00000000E+00  0.00000000E+00  0.10000000E-01  0.10000000E+01
 0.90000000E-10  0.11515067E-01  0.00000000E+00 -0.75420924E-02  0.00000000E+00  0.00000000E+00  0.19528915E+09  0.00000000E+00  0.00000000E+00  0.00000000E+00  0.00000000E+00  0.00000000E+00  0.10000000E-01  0.10000000E+01
 0.10000000E-09  0.11515067E-01  0.00000000E+00 -0.55892009E-02  0.00000000E+00  0.00000000E+00  0.19528915E+09  0.00000000E+00  0.00000000E+00  0.00000000E+00  0.00000000E+00  0.00000000E+00  0.10000000E-01  0.10000000E+01
 0.11000000E-09  0.11515067E-01  0.00000000E+00 -0.36363094E-02  0.00000000E+00  0.00000000E+00  0.19528915E+09  0.00000000E+00  0.00000000E+00  0.00000000E+00  0.00000000E+00  0.00000000E+00  0.10000000E-01  0.10000000E+01
 0.12000000E-09  0.11515067E-01  0.00000000E+00 -0.16834179E-02  0.00000000E+00  0.00000000E+00  0.19528915E+09  0.00000000E+00  0.00000000E+00  0.00000000E+00  0.00000000E+00  0.00000000E+00  0.10000000E-01  0.10000000E+01
 0.13000000E-09  0.11515067E-01  0.00000000E+00  0.26947357E-03  0.00000000E+00  0.00000000E+00  0.19528915E+09  0.00000000E+00  0.00000000E+00  0.00000000E+00  0.00000000E+00  0.00000000E+00  0.10000000E-01  0.10000000E+01
 0.14002000E-09  0.11515067E-01  0.00000000E+00  0.22262708E-02  0.00000000E+00  0.00000000E+00  0.19528915E+09  0.00000000E+00  0.00000000E+00  0.00000000E+00  0.00000000E+00  0.00000000E+00  0.10000000E-01  0.10000000E+01
 0.15002000E-09  0.11515067E-01  0.00000000E+00  0.41791623E-02  0.00000000E+00  0.00000000E+00  0.19528915E+09  0.00000000E+00  0.00000000E+00  0.00000000E+00  0.00000000E+00  0.00000000E+00  0.10000000E-01  0.10000000E+01
 0.16002000E-09  0.11515067E-01  0.00000000E+00  0.61320538E-02  0.00000000E+00  0.00000000E+00  0.19528915E+09  0.00000000E+00  0.00000000E+00  0.00000000E+00  0.00000000E+00  0.00000000E+00  0.10000000E-01  0.10000000E+01
 0.17002000E-09  0.11515067E-01  0.00000000E+00  0.80849453E-02  0.00000000E+00  0.00000000E+00  0.19528915E+09  0.00000000E+00  0.00000000E+00  0.00000000E+00  0.00000000E+00  0.00000000E+00  0.10000000E-01  0.10000000E+01
 0.18002000E-09  0.11515067E-01  0.00000000E+00  0.10037837E-01  0.00000000E+00  0.00000000E+00  0.19528915E+09  0.00000000E+00  0.00000000E+00  0.00000000E+00  0.00000000E+00  0.00000000E+00  0.10000000E-01  0.10000000E+01
 0.19002000E-09  0.11515067E-01  0.00000000E+00  0.11990728E-01  0.00000000E+00  0.00000000E+00  0.19528915E+09  0.00000000E+00  0.00000000E+00  0.00000000E+00  0.00000000E+00  0.00000000E+00  0.10000000E-01  0.10000000E+01
 0.20002000E-09  0.11515067E-01  0.00000000E+00  0.13943620E-01  0.00000000E+00  0.00000000E+00  0.19528915E+09  0.00000000E+00  0.00000000E+00  0.00000000E+00  0.00000000E+00  0.00000000E+00  0.10000000E-01  0.10000000E+01
 0.21002000E-09  0.11515067E-01  0.00000000E+00  0.15896511E-01  0.00000000E+00  0.00000000E+00  0.19528915E+09  0.00000000E+00  0.00000000E+00  0.00000000E+00  0.00000000E+00  0.00000000E+00  0.10000000E-01  0.10000000E+01
 0.22002000E-09  0.11515067E-01  0.00000000E+00  0.17849403E-01  0.00000000E+00  0.00000000E+00  0.19528915E+09  0.00000000E+00  0.00000000E+00  0.00000000E+00  0.00000000E+00  0.00000000E+00  0.10000000E-01  0.10000000E+01
 0.23002000E-09  0.11515067E-01  0.00000000E+00  0.19802294E-01  0.00000000E+00  0.00000000E+00  0.19528915E+09  0.00000000E+00  0.00000000E+00  0.00000000E+00  0.00000000E+00  0.00000000E+00  0.10000000E-01  0.10000000E+01
 0.24002000E-09  0.11515067E-01  0.00000000E+00  0.21755186E-01  0.00000000E+00  0.00000000E+00  0.19528915E+09  0.00000000E+00  0.00000000E+00  0.00000000E+00  0.00000000E+00  0.00000000E+00  0.10000000E-01  0.10000000E+01
 0.25002000E-09  0.11515067E-01  0.00000000E+00  0.23708077E-01  0.00000000E+00  0.00000000E+00  0.19528915E+09  0.00000000E+00  0.00000000E+00  0.00000000E+00  0.00000000E+00  0.00000000E+00  0.10000000E-01  0.10000000E+01
 0.26002000E-09  0.11515067E-01  0.00000000E+00  0.25660969E-01  0.00000000E+00  0.00000000E+00  0.19528915E+09  0.00000000E+00  0.00000000E+00  0.00000000E+00  0.00000000E+00  0.00000000E+00  0.10000000E-01  0.10000000E+01
 0.27002000E-09  0.11515067E-01  0.00000000E+00  0.27613860E-01  0.00000000E+00  0.00000000E+00  0.19528915E+09  0.00000000E+00  0.00000000E+00  0.00000000E+00  0.00000000E+00  0.00000000E+00  0.10000000E-01  0.10000000E+01
 0.28002000E-09  0.11515067E-01  0.00000000E+00  0.29566752E-01  0.00000000E+00  0.00000000E+00  0.19528915E+09  0.00000000E+00  0.00000000E+00  0.00000000E+00  0.00000000E+00  0.00000000E+00  0.10000000E-01  0.10000000E+01
 0.29002000E-09  0.11515067E-01  0.00000000E+00  0.31519643E-01  0.00000000E+00  0.00000000E+00  0.19528915E+09  0.00000000E+00  0.00000000E+00  0.00000000E+00  0.00000000E+00  0.00000000E+00  0.10000000E-01  0.10000000E+01
 0.30000000E-09  0.11515067E-01  0.00000000E+00  0.33468629E-01  0.00000000E+00  0.00000000E+00  0.19528915E+09  0.00000000E+00  0.00000000E+00  0.00000000E+00  0.00000000E+00  0.00000000E+00  0.10000000E-01  0.10000000E+01
 0.31000000E-09  0.11515067E-01  0.00000000E+00  0.35421520E-01  0.00000000E+00  0.00000000E+00  0.19528915E+09  0.00000000E+00  0.00000000E+00  0.00000000E+00  0.00000000E+00  0.00000000E+00  0.10000000E-01  0.10000000E+01
 0.32000000E-09  0.11515067E-01  0.00000000E+00  0.37374412E-01  0.00000000E+00  0.00000000E+00  0.19528915E+09  0.00000000E+00  0.00000000E+00  0.00000000E+00  0.00000000E+00  0.00000000E+00  0.10000000E-01  0.10000000E+01
 0.33000000E-09  0.11515067E-01  0.00000000E+00  0.39327303E-01  0.00000000E+00  0.00000000E+00  0.19528915E+09  0.00000000E+00  0.00000000E+00  0.00000000E+00  0.00000000E+00  0.00000000E+00  0.10000000E-01  0.10000000E+01
 0.34000000E-09  0.11515067E-01  0.00000000E+00  0.41280195E-01  0.00000000E+00  0.00000000E+00  0.19528915E+09  0.00000000E+00  0.00000000E+00  0.00000000E+00  0.00000000E+00  0.00000000E+00  0.10000000E-01  0.10000000E+01
 0.35000000E-09  0.11515067E-01  0.00000000E+00  0.43233086E-01  0.00000000E+00  0.00000000E+00  0.19528915E+09  0.00000000E+00  0.00000000E+00  0.00000000E+00  0.00000000E+00  0.00000000E+00  0.10000000E-01  0.10000000E+01
 0.36000000E-09  0.11515067E-01  0.00000000E+00  0.45185978E-01  0.00000000E+00  0.00000000E+00  0.19528915E+09  0.00000000E+00  0.00000000E+00  0.00000000E+00  0.00000000E+00  0.00000000E+00  0.10000000E-01  0.10000000E+01
 0.37000000E-09  0.11515067E-01  0.00000000E+00  0.47138869E-01  0.00000000E+00  0.00000000E+00  0.19528915E+09  0.00000000E+00  0.00000000E+00  0.00000000E+00  0.00000000E+00  0.00000000E+00  0.10000000E-01  0.10000000E+01
 0.38000000E-09  0.11515067E-01  0.00000000E+00  0.49091761E-01  0.00000000E+00  0.00000000E+00  0.19528915E+09  0.00000000E+00  0.00000000E+00  0.00000000E+00  0.00000000E+00  0.00000000E+00  0.10000000E-01  0.10000000E+01
 0.39000000E-09  0.11515067E-01  0.00000000E+00  0.51044652E-01  0.00000000E+00  0.00000000E+00  0.19528915E+09  0.00000000E+00  0.00000000E+00  0.00000000E+00  0.00000000E+00  0.00000000E+00  0.10000000E-01  0.10000000E+01
 0.40000000E-09  0.11515067E-01  0.00000000E+00  0.52997544E-01  0.00000000E+00  0.00000000E+00  0.19528915E+09  0.00000000E+00  0.00000000E+00  0.00000000E+00  0.00000000E+00  0.00000000E+00  0.10000000E-01  0.10000000E+01
 0.41000000E-09  0.11515067E-01  0.00000000E+00  0.54950435E-01  0.00000000E+00  0.00000000E+00  0.19528915E+09  0.00000000E+00  0.00000000E+00  0.00000000E+00  0.00000000E+00  0.00000000E+00  0.10000000E-01  0.10000000E+01
 0.42000000E-09  0.11515067E-01  0.00000000E+00  0.56903327E-01  0.00000000E+00  0.00000000E+00  0.19528915E+09  0.00000000E+00  0.00000000E+00  0.00000000E+00  0.00000000E+00  0.00000000E+00  0.10000000E-01  0.10000000E+01
 0.43000000E-09  0.11515067E-01  0.00000000E+00  0.58856218E-01  0.00000000E+00  0.00000000E+00  0.19528915E+09  0.00000000E+00  0.00000000E+00  0.00000000E+00  0.00000000E+00  0.00000000E+00  0.10000000E-01  0.10000000E+01
 0.44000000E-09  0.11515067E-01  0.00000000E+00  0.60809110E-01  0.00000000E+00  0.00000000E+00  0.19528915E+09  0.00000000E+00  0.00000000E+00  0.00000000E+00  0.00000000E+00  0.00000000E+00  0.10000000E-01  0.10000000E+01
 0.45000000E-09  0.11515067E-01  0.00000000E+00  0.62762001E-01  0.00000000E+00  0.00000000E+00  0.19528915E+09  0.00000000E+00  0.00000000E+00  0.00000000E+00  0.00000000E+00  0.00000000E+00  0.10000000E-01  0.10000000E+01
 0.46000000E-09  0.11515067E-01  0.00000000E+00  0.64714893E-01  0.00000000E+00  0.00000000E+00  0.19528915E+09  0.00000000E+00  0.00000000E+00  0.00000000E+00  0.00000000E+00  0.00000000E+00  0.10000000E-01  0.10000000E+01
 0.47000000E-09  0.11515067E-01  0.00000000E+00  0.66667784E-01  0.00000000E+00  0.00000000E+00  0.19528915E+09  0.00000000E+00  0.00000000E+00  0.00000000E+00  0.00000000E+00  0.00000000E+00  0.10000000E-01  0.10000000E+01
 0.48000000E-09  0.11515067E-01  0.00000000E+00  0.68620676E-01  0.00000000E+00  0.00000000E+00  0.19528915E+09  0.00000000E+00  0.00000000E+00  0.00000000E+00  0.00000000E+00  0.00000000E+00  0.10000000E-01  0.10000000E+01
 0.49000000E-09  0.11515067E-01  0.00000000E+00  0.70573567E-01  0.00000000E+00  0.00000000E+00  0.19528915E+09  0.00000000E+00  0.00000000E+00  0.00000000E+00  0.00000000E+00  0.00000000E+00  0.10000000E-01  0.10000000E+01
 0.50000000E-09  0.11515067E-01  0.00000000E+00  0.72526459E-01  0.00000000E+00  0.00000000E+00  0.19528915E+09  0.00000000E+00  0.00000000E+00  0.00000000E+00  0.00000000E+00  0.00000000E+00  0.10000000E-01  0.10000000E+01
 0.51000000E-09  0.11515067E-01  0.00000000E+00  0.74479350E-01  0.00000000E+00  0.00000000E+00  0.19528915E+09  0.00000000E+00  0.00000000E+00  0.00000000E+00  0.00000000E+00  0.00000000E+00  0.10000000E-01  0.10000000E+01
 0.52000000E-09  0.11515067E-01  0.00000000E+00  0.76432242E-01  0.00000000E+00  0.00000000E+00  0.19528915E+09  0.00000000E+00  0.00000000E+00  0.00000000E+00  0.00000000E+00  0.00000000E+00  0.10000000E-01  0.10000000E+01
 0.53000000E-09  0.11515067E-01  0.00000000E+00  0.78385133E-01  0.00000000E+00  0.00000000E+00  0.19528915E+09  0.00000000E+00  0.00000000E+00  0.00000000E+00  0.00000000E+00  0.00000000E+00  0.10000000E-01  0.10000000E+01
 0.54000000E-09  0.11515067E-01  0.00000000E+00  0.80338025E-01  0.00000000E+00  0.00000000E+00  0.19528915E+09  0.00000000E+00  0.00000000E+00  0.00000000E+00  0.00000000E+00  0.00000000E+00  0.10000000E-01  0.10000000E+01
 0.55002000E-09  0.11515067E-01  0.00000000E+00  0.82294822E-01  0.00000000E+00  0.00000000E+00  0.19528915E+09  0.00000000E+00  0.00000000E+00  0.00000000E+00  0.00000000E+00  0.00000000E+00  0.10000000E-01  0.10000000E+01
 0.56002000E-09  0.11515067E-01  0.00000000E+00  0.84247713E-01  0.00000000E+00  0.00000000E+00  0.19528915E+09  0.00000000E+00  0.00000000E+00  0.00000000E+00  0.00000000E+00  0.00000000E+00  0.10000000E-01  0.10000000E+01
 0.57002000E-09  0.11515067E-01  0.00000000E+00  0.86200605E-01  0.00000000E+00  0.00000000E+00  0.19528915E+09  0.00000000E+00  0.00000000E+00  0.00000000E+00  0.00000000E+00  0.00000000E+00  0.10000000E-01  0.10000000E+01
 0.58002000E-09  0.11515067E-01  0.00000000E+00  0.88153496E-01  0.00000000E+00  0.00000000E+00  0.19528915E+09  0.00000000E+00  0.00000000E+00  0.00000000E+00  0.00000000E+00  0.00000000E+00  0.10000000E-01  0.10000000E+01
 0.59002000E-09  0.11515067E-01  0.00000000E+00  0.90106388E-01  0.00000000E+00  0.00000000E+00  0.19528915E+09  0.00000000E+00  0.00000000E+00  0.00000000E+00  0.00000000E+00  0.00000000E+00  0.10000000E-01  0.10000000E+01
 0.60002000E-09  0.11515067E-01  0.00000000E+00  0.92059279E-01  0.00000000E+00  0.00000000E+00  0.19528915E+09  0.00000000E+00  0.00000000E+00  0.00000000E+00  0.00000000E+00  0.00000000E+00  0.10000000E-01  0.10000000E+01
 0.61002000E-09  0.11515067E-01  0.00000000E+00  0.94012171E-01  0.00000000E+00  0.00000000E+00  0.19528915E+09  0.00000000E+00  0.00000000E+00  0.00000000E+00  0.00000000E+00  0.00000000E+00  0.10000000E-01  0.10000000E+01
 0.62002000E-09  0.11515067E-01  0.00000000E+00  0.95965062E-01  0.00000000E+00  0.00000000E+00  0.19528915E+09  0.00000000E+00  0.00000000E+00  0.00000000E+00  0.00000000E+00  0.00000000E+00  0.10000000E-01  0.10000000E+01
 0.63002000E-09  0.11515067E-01  0.00000000E+00  0.97917954E-01  0.00000000E+00  0.00000000E+00  0.19528915E+09  0.00000000E+00  0.00000000E+00  0.00000000E+00  0.00000000E+00  0.00000000E+00  0.10000000E-01  0.10000000E+01
 0.64002000E-09  0.11515067E-01  0.00000000E+00  0.99870845E-01  0.00000000E+00  0.00000000E+00  0.19528915E+09  0.00000000E+00  0.00000000E+00  0.00000000E+00  0.00000000E+00  0.00000000E+00  0.10000000E-01  0.10000000E+01
 0.65002000E-09  0.11515067E-01  0.00000000E+00  0.10182374E+00  0.00000000E+00  0.00000000E+00  0.19528915E+09  0.00000000E+00  0.00000000E+00  0.00000000E+00  0.00000000E+00  0.00000000E+00  0.10000000E-01  0.10000000E+01
 0.66002000E-09  0.11515067E-01  0.00000000E+00  0.10377663E+00  0.00000000E+00  0.00000000E+00  0.19528915E+09  0.00000000E+00  0.00000000E+00  0.00000000E+00  0.00000000E+00  0.00000000E+00  0.10000000E-01  0.10000000E+01
 0.67002000E-09  0.11515067E-01  0.00000000E+00  0.10572952E+00  0.00000000E+00  0.00000000E+00  0.19528915E+09  0.00000000E+00  0.00000000E+00  0.00000000E+00  0.00000000E+00  0.00000000E+00  0.10000000E-01  0.10000000E+01
 0.68002000E-09  0.11515067E-01  0.00000000E+00  0.10768241E+00  0.00000000E+00  0.00000000E+00  0.19528915E+09  0.00000000E+00  0.00000000E+00  0.00000000E+00  0.00000000E+00  0.00000000E+00  0.10000000E-01  0.10000000E+01
 0.69002000E-09  0.11515067E-01  0.00000000E+00  0.10963530E+00  0.00000000E+00  0.00000000E+00  0.19528915E+09  0.00000000E+00  0.00000000E+00  0.00000000E+00  0.00000000E+00  0.00000000E+00  0.10000000E-01  0.10000000E+01
 0.70002000E-09  0.11515067E-01  0.00000000E+00  0.11158819E+00  0.00000000E+00  0.00000000E+00  0.19528915E+09  0.00000000E+00  0.00000000E+00  0.00000000E+00  0.00000000E+00  0.00000000E+00  0.10000000E-01  0.10000000E+01
 0.71002000E-09  0.11515067E-01  0.00000000E+00  0.11354109E+00  0.00000000E+00  0.00000000E+00  0.19528915E+09  0.00000000E+00  0.00000000E+00  0.00000000E+00  0.00000000E+00  0.00000000E+00  0.10000000E-01  0.10000000E+01
 0.72002000E-09  0.11515067E-01  0.00000000E+00  0.11549398E+00  0.00000000E+00  0.00000000E+00  0.19528915E+09  0.00000000E+00  0.00000000E+00  0.00000000E+00  0.00000000E+00  0.00000000E+00  0.10000000E-01  0.10000000E+01
 0.73002000E-09  0.11515067E-01  0.00000000E+00  0.11744687E+00  0.00000000E+00  0.00000000E+00  0.19528915E+09  0.00000000E+00  0.00000000E+00  0.00000000E+00  0.00000000E+00  0.00000000E+00  0.10000000E-01  0.10000000E+01
 0.74002000E-09  0.11515067E-01  0.00000000E+00  0.11939976E+00  0.00000000E+00  0.00000000E+00  0.19528915E+09  0.00000000E+00  0.00000000E+00  0.00000000E+00  0.00000000E+00  0.00000000E+00  0.10000000E-01  0.10000000E+01
 0.75002000E-09  0.11515067E-01  0.00000000E+00  0.12135265E+00  0.00000000E+00  0.00000000E+00  0.19528915E+09  0.00000000E+00  0.00000000E+00  0.00000000E+00  0.00000000E+00  0.00000000E+00  0.10000000E-01  0.10000000E+01
 0.76002000E-09  0.11515067E-01  0.00000000E+00  0.12330554E+00  0.00000000E+00  0.00000000E+00  0.19528915E+09  0.00000000E+00  0.00000000E+00  0.00000000E+00  0.00000000E+00  0.00000000E+00  0.10000000E-01  0.10000000E+01
 0.77002000E-09  0.11515067E-01  0.00000000E+00  0.12525843E+00  0.00000000E+00  0.00000000E+00  0.19528915E+09  0.00000000E+00  0.00000000E+00  0.00000000E+00  0.00000000E+00  0.00000000E+00  0.10000000E-01  0.10000000E+01
 0.78002000E-09  0.11515067E-01  0.00000000E+00  0.12721133E+00  0.00000000E+00  0.00000000E+00  0.19528915E+09  0.00000000E+00  0.00000000E+00  0.00000000E+00  0.00000000E+00  0.00000000E+00  0.10000000E-01  0.10000000E+01
 0.79002000E-09  0.11515067E-01  0.00000000E+00  0.12916422E+00  0.00000000E+00  0.00000000E+00  0.19528915E+09  0.00000000E+00  0.00000000E+00  0.00000000E+00  0.00000000E+00  0.00000000E+00  0.10000000E-01  0.10000000E+01
 0.80002000E-09  0.11515067E-01  0.00000000E+00  0.13111711E+00  0.00000000E+00  0.00000000E+00  0.19528915E+09  0.00000000E+00  0.00000000E+00  0.00000000E+00  0.00000000E+00  0.00000000E+00  0.10000000E-01  0.10000000E+01
 0.81002000E-09  0.11515067E-01  0.00000000E+00  0.13307000E+00  0.00000000E+00  0.00000000E+00  0.19528915E+09  0.00000000E+00  0.00000000E+00  0.00000000E+00  0.00000000E+00  0.00000000E+00  0.10000000E-01  0.10000000E+01
 0.82002000E-09  0.11515067E-01  0.00000000E+00  0.13502289E+00  0.00000000E+00  0.00000000E+00  0.19528915E+09  0.00000000E+00  0.00000000E+00  0.00000000E+00  0.00000000E+00  0.00000000E+00  0.10000000E-01  0.10000000E+01
 0.83002000E-09  0.11515067E-01  0.00000000E+00  0.13697578E+00  0.00000000E+00  0.00000000E+00  0.19528915E+09  0.00000000E+00  0.00000000E+00  0.00000000E+00  0.00000000E+00  0.00000000E+00  0.10000000E-01  0.10000000E+01
 0.84002000E-09  0.11515067E-01  0.00000000E+00  0.13892868E+00  0.00000000E+00  0.00000000E+00  0.19528915E+09  0.00000000E+00  0.00000000E+00  0.00000000E+00  0.00000000E+00  0.00000000E+00  0.10000000E-01  0.10000000E+01
 0.85002000E-09  0.11515067E-01  0.00000000E+00  0.14088157E+00  0.00000000E+00  0.00000000E+00  0.19528915E+09  0.00000000E+00  0.00000000E+00  0.00000000E+00  0.00000000E+00  0.00000000E+00  0.10000000E-01  0.10000000E+01
 0.86002000E-09  0.11515067E-01  0.00000000E+00  0.14283446E+00  0.00000000E+00  0.00000000E+00  0.19528915E+09  0.00000000E+00  0.00000000E+00  0.00000000E+00  0.00000000E+00  0.00000000E+00  0.10000000E-01  0.10000000E+01
 0.87002000E-09  0.11515067E-01  0.00000000E+00  0.14478735E+00  0.00000000E+00  0.00000000E+00  0.19528915E+09  0.00000000E+00  0.00000000E+00  0.00000000E+00  0.00000000E+00  0.00000000E+00  0.10000000E-01  0.10000000E+01
 0.88002000E-09  0.11515067E-01  0.00000000E+00  0.14674024E+00  0.00000000E+00  0.00000000E+00  0.19528915E+09  0.00000000E+00  0.00000000E+00  0.00000000E+00  0.00000000E+00  0.00000000E+00  0.10000000E-01  0.10000000E+01
 0.89002000E-09  0.11515067E-01  0.00000000E+00  0.14869313E+00  0.00000000E+00  0.00000000E+00  0.19528915E+09  0.00000000E+00  0.00000000E+00  0.00000000E+00  0.00000000E+00  0.00000000E+00  0.10000000E-01  0.10000000E+01
 0.90002000E-09  0.11515067E-01  0.00000000E+00  0.15064602E+00  0.00000000E+00  0.00000000E+00  0.19528915E+09  0.00000000E+00  0.00000000E+00  0.00000000E+00  0.00000000E+00  0.00000000E+00  0.10000000E-01  0.10000000E+01
 0.91002000E-09  0.11515067E-01  0.00000000E+00  0.15259892E+00  0.00000000E+00  0.00000000E+00  0.19528915E+09  0.00000000E+00  0.00000000E+00  0.00000000E+00  0.00000000E+00  0.00000000E+00  0.10000000E-01  0.10000000E+01
 0.92002000E-09  0.11515067E-01  0.00000000E+00  0.15455181E+00  0.00000000E+00  0.00000000E+00  0.19528915E+09  0.00000000E+00  0.00000000E+00  0.00000000E+00  0.00000000E+00  0.00000000E+00  0.10000000E-01  0.10000000E+01
 0.93002000E-09  0.11515067E-01  0.00000000E+00  0.15650470E+00  0.00000000E+00  0.00000000E+00  0.19528915E+09  0.00000000E+00  0.00000000E+00  0.00000000E+00  0.00000000E+00  0.00000000E+00  0.10000000E-01  0.10000000E+01
 0.94002000E-09  0.11515067E-01  0.00000000E+00  0.15845759E+00  0.00000000E+00  0.00000000E+00  0.19528915E+09  0.00000000E+00  0.00000000E+00  0.00000000E+00  0.00000000E+00  0.00000000E+00  0.10000000E-01  0.10000000E+01
 0.95002000E-09  0.11515067E-01  0.00000000E+00  0.16041048E+00  0.00000000E+00  0.00000000E+00  0.19528915E+09  0.00000000E+00  0.00000000E+00  0.00000000E+00  0.00000000E+00  0.00000000E+00  0.10000000E-01  0.10000000E+01
 0.96002000E-09  0.11515067E-01  0.00000000E+00  0.16236337E+00  0.00000000E+00  0.00000000E+00  0.19528915E+09  0.00000000E+00  0.00000000E+00  0.00000000E+00  0.00000000E+00  0.00000000E+00  0.10000000E-01  0.10000000E+01
 0.97002000E-09  0.11515067E-01  0.00000000E+00  0.16431626E+00  0.00000000E+00  0.00000000E+00  0.19528915E+09  0.00000000E+00  0.00000000E+00  0.00000000E+00  0.00000000E+00  0.00000000E+00  0.10000000E-01  0.10000000E+01
 0.98002000E-09  0.11515067E-01  0.00000000E+00  0.16626916E+00  0.00000000E+00  0.00000000E+00  0.19528915E+09  0.00000000E+00  0.00000000E+00  0.00000000E+00  0.00000000E+00  0.00000000E+00  0.10000000E-01  0.10000000E+01
 0.99002000E-09  0.11515067E-01  0.00000000E+00  0.16822205E+00  0.00000000E+00  0.00000000E+00  0.19528915E+09  0.00000000E+00  0.00000000E+00  0.00000000E+00  0.00000000E+00  0.00000000E+00  0.10000000E-01  0.10000000E+01
 0.10000200E-08  0.11515067E-01  0.00000000E+00  0.17017494E+00  0.00000000E+00  0.00000000E+00  0.19528915E+09  0.00000000E+00  0.00000000E+00  0.00000000E+00  0.00000000E+00  0.00000000E+00  0.10000000E-01  0.10000000E+01
 0.10100200E-08  0.11515067E-01  0.00000000E+00  0.17212783E+00  0.00000000E+00  0.00000000E+00  0.19528915E+09  0.00000000E+00  0.00000000E+00  0.00000000E+00  0.00000000E+00  0.00000000E+00  0.10000000E-01  0.10000000E+01
 0.10200200E-08  0.11515067E-01  0.00000000E+00  0.17408072E+00  0.00000000E+00  0.00000000E+00  0.19528915E+09  0.00000000E+00  0.00000000E+00  0.00000000E+00  0.00000000E+00  0.00000000E+00  0.10000000E-01  0.10000000E+01
 0.10300200E-08  0.11515067E-01  0.00000000E+00  0.17603361E+00  0.00000000E+00  0.00000000E+00  0.19528915E+09  0.00000000E+00  0.00000000E+00  0.00000000E+00  0.00000000E+00  0.00000000E+00  0.10000000E-01  0.10000000E+01
 0.10400200E-08  0.11515067E-01  0.00000000E+00  0.17798650E+00  0.00000000E+00  0.00000000E+00  0.19528915E+09  0.00000000E+00  0.00000000E+00  0.00000000E+00  0.00000000E+00  0.00000000E+00  0.10000000E-01  0.10000000E+01
 0.10500200E-08  0.11515067E-01  0.00000000E+00  0.17993940E+00  0.00000000E+00  0.00000000E+00  0.19528915E+09  0.00000000E+00  0.00000000E+00  0.00000000E+00  0.00000000E+00  0.00000000E+00  0.10000000E-01  0.10000000E+01
 0.10600200E-08  0.11515067E-01  0.00000000E+00  0.18189229E+00  0.00000000E+00  0.00000000E+00  0.19528915E+09  0.00000000E+00  0.00000000E+00  0.00000000E+00  0.00000000E+00  0.00000000E+00  0.10000000E-01  0.10000000E+01
 0.10700200E-08  0.11515067E-01  0.00000000E+00  0.18384518E+00  0.00000000E+00  0.00000000E+00  0.19528915E+09  0.00000000E+00  0.00000000E+00  0.00000000E+00  0.00000000E+00  0.00000000E+00  0.10000000E-01  0.10000000E+01
 0.10800200E-08  0.11515067E-01  0.00000000E+00  0.18579807E+00  0.00000000E+00  0.00000000E+00  0.19528915E+09  0.00000000E+00  0.00000000E+00  0.00000000E+00  0.00000000E+00  0.00000000E+00  0.10000000E-01  0.10000000E+01
 0.10900200E-08  0.11515067E-01  0.00000000E+00  0.18775096E+00  0.00000000E+00  0.00000000E+00  0.19528915E+09  0.00000000E+00  0.00000000E+00  0.00000000E+00  0.00000000E+00  0.00000000E+00  0.10000000E-01  0.10000000E+01
 0.11000200E-08  0.11515067E-01  0.00000000E+00  0.18970385E+00  0.00000000E+00  0.00000000E+00  0.19528915E+09  0.00000000E+00  0.00000000E+00  0.00000000E+00  0.00000000E+00  0.00000000E+00  0.10000000E-01  0.10000000E+01
 0.11100200E-08  0.11515067E-01  0.00000000E+00  0.19165675E+00  0.00000000E+00  0.00000000E+00  0.19528915E+09  0.00000000E+00  0.00000000E+00  0.00000000E+00  0.00000000E+00  0.00000000E+00  0.10000000E-01  0.10000000E+01
 0.11200200E-08  0.11515067E-01  0.00000000E+00  0.19360964E+00  0.00000000E+00  0.00000000E+00  0.19528915E+09  0.00000000E+00  0.00000000E+00  0.00000000E+00  0.00000000E+00  0.00000000E+00  0.10000000E-01  0.10000000E+01
 0.11300200E-08  0.11515067E-01  0.00000000E+00  0.19556253E+00  0.00000000E+00  0.00000000E+00  0.19528915E+09  0.00000000E+00  0.00000000E+00  0.00000000E+00  0.00000000E+00  0.00000000E+00  0.10000000E-01  0.10000000E+01
 0.11400200E-08  0.11515067E-01  0.00000000E+00  0.19751542E+00  0.00000000E+00  0.00000000E+00  0.19528915E+09  0.00000000E+00  0.00000000E+00  0.00000000E+00  0.00000000E+00  0.00000000E+00  0.10000000E-01  0.10000000E+01
 0.11500200E-08  0.11515067E-01  0.00000000E+00  0.19946831E+00  0.00000000E+00  0.00000000E+00  0.19528915E+09  0.00000000E+00  0.00000000E+00  0.00000000E+00  0.00000000E+00  0.00000000E+00  0.10000000E-01  0.10000000E+01
 0.11600200E-08  0.11515067E-01  0.00000000E+00  0.20142120E+00  0.00000000E+00  0.00000000E+00  0.19528915E+09  0.00000000E+00  0.00000000E+00  0.00000000E+00  0.00000000E+00  0.00000000E+00  0.10000000E-01  0.10000000E+01
 0.11700200E-08  0.11515067E-01  0.00000000E+00  0.20337409E+00  0.00000000E+00  0.00000000E+00  0.19528915E+09  0.00000000E+00  0.00000000E+00  0.00000000E+00  0.00000000E+00  0.00000000E+00  0.10000000E-01  0.10000000E+01
 0.11800200E-08  0.11515067E-01  0.00000000E+00  0.20532699E+00  0.00000000E+00  0.00000000E+00  0.19528915E+09  0.00000000E+00  0.00000000E+00  0.00000000E+00  0.00000000E+00  0.00000000E+00  0.10000000E-01  0.10000000E+01
 0.11900200E-08  0.11515067E-01  0.00000000E+00  0.20727988E+00  0.00000000E+00  0.00000000E+00  0.19528915E+09  0.00000000E+00  0.00000000E+00  0.00000000E+00  0.00000000E+00  0.00000000E+00  0.10000000E-01  0.10000000E+01
 0.12000200E-08  0.11515067E-01  0.00000000E+00  0.20923277E+00  0.00000000E+00  0.00000000E+00  0.19528915E+09  0.00000000E+00  0.00000000E+00  0.00000000E+00  0.00000000E+00  0.00000000E+00  0.10000000E-01  0.10000000E+01
 0.12100200E-08  0.11515067E-01  0.00000000E+00  0.21118566E+00  0.00000000E+00  0.00000000E+00  0.19528915E+09  0.00000000E+00  0.00000000E+00  0.00000000E+00  0.00000000E+00  0.00000000E+00  0.10000000E-01  0.10000000E+01
 0.12200200E-08  0.11515067E-01  0.00000000E+00  0.21313855E+00  0.00000000E+00  0.00000000E+00  0.19528915E+09  0.00000000E+00  0.00000000E+00  0.00000000E+00  0.00000000E+00  0.00000000E+00  0.10000000E-01  0.10000000E+01
 0.12300200E-08  0.11515067E-01  0.00000000E+00  0.21509144E+00  0.00000000E+00  0.00000000E+00  0.19528915E+09  0.00000000E+00  0.00000000E+00  0.00000000E+00  0.00000000E+00  0.00000000E+00  0.10000000E-01  0.10000000E+01
 0.12400200E-08  0.11515067E-01  0.00000000E+00  0.21704433E+00  0.00000000E+00  0.00000000E+00  0.19528915E+09  0.00000000E+00  0.00000000E+00  0.00000000E+00  0.00000000E+00  0.00000000E+00  0.10000000E-01  0.10000000E+01
 0.12500200E-08  0.11515067E-01  0.00000000E+00  0.21899723E+00  0.00000000E+00  0.00000000E+00  0.19528915E+09  0.00000000E+00  0.00000000E+00  0.00000000E+00  0.00000000E+00  0.00000000E+00  0.10000000E-01  0.10000000E+01
 0.12600200E-08  0.11515067E-01  0.00000000E+00  0.22095012E+00  0.00000000E+00  0.00000000E+00  0.19528915E+09  0.00000000E+00  0.00000000E+00  0.00000000E+00  0.00000000E+00  0.00000000E+00  0.10000000E-01  0.10000000E+01
 0.12700200E-08  0.11515067E-01  0.00000000E+00  0.22290301E+00  0.00000000E+00  0.00000000E+00  0.19528915E+09  0.00000000E+00  0.00000000E+00  0.00000000E+00  0.00000000E+00  0.00000000E+00  0.10000000E-01  0.10000000E+01
 0.12800200E-08  0.11515067E-01  0.00000000E+00  0.22485590E+00  0.00000000E+00  0.00000000E+00  0.19528915E+09  0.00000000E+00  0.00000000E+00  0.00000000E+00  0.00000000E+00  0.00000000E+00  0.10000000E-01  0.10000000E+01
 0.12900200E-08  0.11515067E-01  0.00000000E+00  0.22680879E+00  0.00000000E+00  0.00000000E+00  0.19528915E+09  0.00000000E+00  0.00000000E+00  0.00000000E+00  0.00000000E+00  0.00000000E+00  0.10000000E-01  0.10000000E+01
 0.13000200E-08  0.11515067E-01  0.00000000E+00  0.22876168E+00  0.00000000E+00  0.00000000E+00  0.19528915E+09  0.00000000E+00  0.00000000E+00  0.00000000E+00  0.00000000E+00  0.00000000E+00  0.10000000E-01  0.10000000E+01
 0.13100200E-08  0.11515067E-01  0.00000000E+00  0.23071458E+00  0.00000000E+00  0.00000000E+00  0.19528915E+09  0.00000000E+00  0.00000000E+00  0.00000000E+00  0.00000000E+00  0.00000000E+00  0.10000000E-01  0.10000000E+01
 0.13200200E-08  0.11515067E-01  0.00000000E+00  0.23266747E+00  0.00000000E+00  0.00000000E+00  0.19528915E+09  0.00000000E+00  0.00000000E+00  0.00000000E+00  0.00000000E+00  0.00000000E+00  0.10000000E-01  0.10000000E+01
 0.13300200E-08  0.11515067E-01  0.00000000E+00  0.23462036E+00  0.00000000E+00  0.00000000E+00  0.19528915E+09  0.00000000E+00  0.00000000E+00  0.00000000E+00  0.00000000E+00  0.00000000E+00  0.10000000E-01  0.10000000E+01
 0.13400200E-08  0.11515067E-01  0.00000000E+00  0.23657325E+00  0.00000000E+00  0.00000000E+00  0.19528915E+09  0.00000000E+00  0.00000000E+00  0.00000000E+00  0.00000000E+00  0.00000000E+00  0.10000000E-01  0.10000000E+01
 0.13500200E-08  0.11515067E-01  0.00000000E+00  0.23852614E+00  0.00000000E+00  0.00000000E+00  0.19528915E+09  0.00000000E+00  0.00000000E+00  0.00000000E+00  0.00000000E+00  0.00000000E+00  0.10000000E-01  0.10000000E+01
 0.13600200E-08  0.11515067E-01  0.00000000E+00  0.24047903E+00  0.00000000E+00  0.00000000E+00  0.19528915E+09  0.00000000E+00  0.00000000E+00  0.00000000E+00  0.00000000E+00  0.00000000E+00  0.10000000E-01  0.10000000E+01
 0.13700200E-08  0.11515067E-01  0.00000000E+00  0.24243192E+00  0.00000000E+00  0.00000000E+00  0.19528915E+09  0.00000000E+00  0.00000000E+00  0.00000000E+00  0.00000000E+00  0.00000000E+00  0.10000000E-01  0.10000000E+01
 0.13800200E-08  0.11515067E-01  0.00000000E+00  0.24438482E+00  0.00000000E+00  0.00000000E+00  0.19528915E+09  0.00000000E+00  0.00000000E+00  0.00000000E+00  0.00000000E+00  0.00000000E+00  0.10000000E-01  0.10000000E+01
 0.13900200E-08  0.11515067E-01  0.00000000E+00  0.24633771E+00  0.00000000E+00  0.00000000E+00  0.19528915E+09  0.00000000E+00  0.00000000E+00  0.00000000E+00  0.00000000E+00  0.00000000E+00  0.10000000E-01  0.10000000E+01
 0.14000200E-08  0.11515067E-01  0.00000000E+00  0.24829060E+00  0.00000000E+00  0.00000000E+00  0.19528915E+09  0.00000000E+00  0.00000000E+00  0.00000000E+00  0.00000000E+00  0.00000000E+00  0.10000000E-01  0.10000000E+01
 0.14100200E-08  0.11515067E-01  0.00000000E+00  0.25024349E+00  0.00000000E+00  0.00000000E+00  0.19528915E+09  0.00000000E+00  0.00000000E+00  0.00000000E+00  0.00000000E+00  0.00000000E+00  0.10000000E-01  0.10000000E+01
 0.14200200E-08  0.11515067E-01  0.00000000E+00  0.25219638E+00  0.00000000E+00  0.00000000E+00  0.19528915E+09  0.00000000E+00  0.00000000E+00  0.00000000E+00  0.00000000E+00  0.00000000E+00  0.10000000E-01  0.10000000E+01
 0.14300200E-08  0.11515067E-01  0.00000000E+00  0.25414927E+00  0.00000000E+00  0.00000000E+00  0.19528915E+09  0.00000000E+00  0.00000000E+00  0.00000000E+00  0.00000000E+00  0.00000000E+00  0.10000000E-01  0.10000000E+01
 0.14400200E-08  0.11515067E-01  0.00000000E+00  0.25610216E+00  0.00000000E+00  0.00000000E+00  0.19528915E+09  0.00000000E+00  0.00000000E+00  0.00000000E+00  0.00000000E+00  0.00000000E+00  0.10000000E-01  0.10000000E+01
 0.14500200E-08  0.11515067E-01  0.00000000E+00  0.25805506E+00  0.00000000E+00  0.00000000E+00  0.19528915E+09  0.00000000E+00  0.00000000E+00  0.00000000E+00  0.00000000E+00  0.00000000E+00  0.10000000E-01  0.10000000E+01
 0.14600200E-08  0.11515067E-01  0.00000000E+00  0.26000795E+00  0.00000000E+00  0.00000000E+00  0.19528915E+09  0.00000000E+00  0.00000000E+00  0.00000000E+00  0.00000000E+00  0.00000000E+00  0.10000000E-01  0.10000000E+01
 0.14700200E-08  0.11515067E-01  0.00000000E+00  0.26196084E+00  0.00000000E+00  0.00000000E+00  0.19528915E+09  0.00000000E+00  0.00000000E+00  0.00000000E+00  0.00000000E+00  0.00000000E+00  0.10000000E-01  0.10000000E+01
 0.14800200E-08  0.11515067E-01  0.00000000E+00  0.26391373E+00  0.00000000E+00  0.00000000E+00  0.19528915E+09  0.00000000E+00  0.00000000E+00  0.00000000E+00  0.00000000E+00  0.00000000E+00  0.10000000E-01  0.10000000E+01
 0.14900200E-08  0.11515067E-01  0.00000000E+00  0.26586662E+00  0.00000000E+00  0.00000000E+00  0.19528915E+09  0.00000000E+00  0.00000000E+00  0.00000000E+00  0.00000000E+00  0.00000000E+00  0.10000000E-01  0.10000000E+01
 0.15000200E-08  0.11515067E-01  0.00000000E+00  0.26781951E+00  0.00000000E+00  0.00000000E+00  0.19528915E+09  0.00000000E+00  0.00000000E+00  0.00000000E+00  0.00000000E+00  0.00000000E+00  0.10000000E-01  0.10000000E+01
 0.15100200E-08  0.11515067E-01  0.00000000E+00  0.26977240E+00  0.00000000E+00  0.00000000E+00  0.19528915E+09  0.00000000E+00  0.00000000E+00  0.00000000E+00  0.00000000E+00  0.00000000E+00  0.10000000E-01  0.10000000E+01
 0.15200200E-08  0.11515067E-01  0.00000000E+00  0.27172530E+00  0.00000000E+00  0.00000000E+00  0.19528915E+09  0.00000000E+00  0.00000000E+00  0.00000000E+00  0.00000000E+00  0.00000000E+00  0.10000000E-01  0.10000000E+01
 0.15300200E-08  0.11515067E-01  0.00000000E+00  0.27367819E+00  0.00000000E+00  0.00000000E+00  0.19528915E+09  0.00000000E+00  0.00000000E+00  0.00000000E+00  0.00000000E+00  0.00000000E+00  0.10000000E-01  0.10000000E+01
 0.15400200E-08  0.11515067E-01  0.00000000E+00  0.27563108E+00  0.00000000E+00  0.00000000E+00  0.19528915E+09  0.00000000E+00  0.00000000E+00  0.00000000E+00  0.00000000E+00  0.00000000E+00  0.10000000E-01  0.10000000E+01
 0.15500200E-08  0.11515067E-01  0.00000000E+00  0.27758397E+00  0.00000000E+00  0.00000000E+00  0.19528915E+09  0.00000000E+00  0.00000000E+00  0.00000000E+00  0.00000000E+00  0.00000000E+00  0.10000000E-01  0.10000000E+01
 0.15600200E-08  0.11515067E-01  0.00000000E+00  0.27953686E+00  0.00000000E+00  0.00000000E+00  0.19528915E+09  0.00000000E+00  0.00000000E+00  0.00000000E+00  0.00000000E+00  0.00000000E+00  0.10000000E-01  0.10000000E+01
 0.15700200E-08  0.11515067E-01  0.00000000E+00  0.28148975E+00  0.00000000E+00  0.00000000E+00  0.19528915E+09  0.00000000E+00  0.00000000E+00  0.00000000E+00  0.00000000E+00  0.00000000E+00  0.10000000E-01  0.10000000E+01
 0.15800200E-08  0.11515067E-01  0.00000000E+00  0.28344265E+00  0.00000000E+00  0.00000000E+00  0.19528915E+09  0.00000000E+00  0.00000000E+00  0.00000000E+00  0.00000000E+00  0.00000000E+00  0.10000000E-01  0.10000000E+01
 0.15900200E-08  0.11515067E-01  0.00000000E+00  0.28539554E+00  0.00000000E+00  0.00000000E+00  0.19528915E+09  0.00000000E+00  0.00000000E+00  0.00000000E+00  0.00000000E+00  0.00000000E+00  0.10000000E-01  0.10000000E+01
 0.16000200E-08  0.11515067E-01  0.00000000E+00  0.28734843E+00  0.00000000E+00  0.00000000E+00  0.19528915E+09  0.00000000E+00  0.00000000E+00  0.00000000E+00  0.00000000E+00  0.00000000E+00  0.10000000E-01  0.10000000E+01
 0.16100200E-08  0.11515067E-01  0.00000000E+00  0.28930132E+00  0.00000000E+00  0.00000000E+00  0.19528915E+09  0.00000000E+00  0.00000000E+00  0.00000000E+00  0.00000000E+00  0.00000000E+00  0.10000000E-01  0.10000000E+01
 0.16200200E-08  0.11515067E-01  0.00000000E+00  0.29125421E+00  0.00000000E+00  0.00000000E+00  0.19528915E+09  0.00000000E+00  0.00000000E+00  0.00000000E+00  0.00000000E+00  0.00000000E+00  0.10000000E-01  0.10000000E+01
 0.16300200E-08  0.11515067E-01  0.00000000E+00  0.29320710E+00  0.00000000E+00  0.00000000E+00  0.19528915E+09  0.00000000E+00  0.00000000E+00  0.00000000E+00  0.00000000E+00  0.00000000E+00  0.10000000E-01  0.10000000E+01
 0.16400200E-08  0.11515067E-01  0.00000000E+00  0.29515999E+00  0.00000000E+00  0.00000000E+00  0.19528915E+09  0.00000000E+00  0.00000000E+00  0.00000000E+00  0.00000000E+00  0.00000000E+00  0.10000000E-01  0.10000000E+01
 0.16500200E-08  0.11515067E-01  0.00000000E+00  0.29711289E+00  0.00000000E+00  0.00000000E+00  0.19528915E+09  0.00000000E+00  0.00000000E+00  0.00000000E+00  0.00000000E+00  0.00000000E+00  0.10000000E-01  0.10000000E+01
 0.16600200E-08  0.11515067E-01  0.00000000E+00  0.29906578E+00  0.00000000E+00  0.00000000E+00  0.19528915E+09  0.00000000E+00  0.00000000E+00  0.00000000E+00  0.00000000E+00  0.00000000E+00  0.10000000E-01  0.10000000E+01
 0.16700200E-08  0.11515067E-01  0.00000000E+00  0.30101867E+00  0.00000000E+00  0.00000000E+00  0.19528915E+09  0.00000000E+00  0.00000000E+00  0.00000000E+00  0.00000000E+00  0.00000000E+00  0.10000000E-01  0.10000000E+01
 0.16800200E-08  0.11515067E-01  0.00000000E+00  0.30297156E+00  0.00000000E+00  0.00000000E+00  0.19528915E+09  0.00000000E+00  0.00000000E+00  0.00000000E+00  0.00000000E+00  0.00000000E+00  0.10000000E-01  0.10000000E+01
 0.16900200E-08  0.11515067E-01  0.00000000E+00  0.30492445E+00  0.00000000E+00  0.00000000E+00  0.19528915E+09  0.00000000E+00  0.00000000E+00  0.00000000E+00  0.00000000E+00  0.00000000E+00  0.10000000E-01  0.10000000E+01
 0.17000200E-08  0.11515067E-01  0.00000000E+00  0.30687734E+00  0.00000000E+00  0.00000000E+00  0.19528915E+09  0.00000000E+00  0.00000000E+00  0.00000000E+00  0.00000000E+00  0.00000000E+00  0.10000000E-01  0.10000000E+01
 0.17100200E-08  0.11515067E-01  0.00000000E+00  0.30883023E+00  0.00000000E+00  0.00000000E+00  0.19528915E+09  0.00000000E+00  0.00000000E+00  0.00000000E+00  0.00000000E+00  0.00000000E+00  0.10000000E-01  0.10000000E+01
 0.17200200E-08  0.11515067E-01  0.00000000E+00  0.31078313E+00  0.00000000E+00  0.00000000E+00  0.19528915E+09  0.00000000E+00  0.00000000E+00  0.00000000E+00  0.00000000E+00  0.00000000E+00  0.10000000E-01  0.10000000E+01
 0.17300200E-08  0.11515067E-01  0.00000000E+00  0.31273602E+00  0.00000000E+00  0.00000000E+00  0.19528915E+09  0.00000000E+00  0.00000000E+00  0.00000000E+00  0.00000000E+00  0.00000000E+00  0.10000000E-01  0.10000000E+01
 0.17400200E-08  0.11515067E-01  0.00000000E+00  0.31468891E+00  0.00000000E+00  0.00000000E+00  0.19528915E+09  0.00000000E+00  0.00000000E+00  0.00000000E+00  0.00000000E+00  0.00000000E+00  0.10000000E-01  0.10000000E+01
 0.17500200E-08  0.11515067E-01  0.00000000E+00  0.31664180E+00  0.00000000E+00  0.00000000E+00  0.19528915E+09  0.00000000E+00  0.00000000E+00  0.00000000E+00  0.00000000E+00  0.00000000E+00  0.10000000E-01  0.10000000E+01
 0.17600200E-08  0.11515067E-01  0.00000000E+00  0.31859469E+00  0.00000000E+00  0.00000000E+00  0.19528915E+09  0.00000000E+00  0.00000000E+00  0.00000000E+00  0.00000000E+00  0.00000000E+00  0.10000000E-01  0.10000000E+01
 0.17700200E-08  0.11515067E-01  0.00000000E+00  0.32054758E+00  0.00000000E+00  0.00000000E+00  0.19528915E+09  0.00000000E+00  0.00000000E+00  0.00000000E+00  0.00000000E+00  0.00000000E+00  0.10000000E-01  0.10000000E+01
 0.17800200E-08  0.11515067E-01  0.00000000E+00  0.32250048E+00  0.00000000E+00  0.00000000E+00  0.19528915E+09  0.00000000E+00  0.00000000E+00  0.00000000E+00  0.00000000E+00  0.00000000E+00  0.10000000E-01  0.10000000E+01
 0.17900200E-08  0.11515067E-01  0.00000000E+00  0.32445337E+00  0.00000000E+00  0.00000000E+00  0.19528915E+09  0.00000000E+00  0.00000000E+00  0.00000000E+00  0.00000000E+00  0.00000000E+00  0.10000000E-01  0.10000000E+01
 0.18000200E-08  0.11515067E-01  0.00000000E+00  0.32640626E+00  0.00000000E+00  0.00000000E+00  0.19528915E+09  0.00000000E+00  0.00000000E+00  0.00000000E+00  0.00000000E+00  0.00000000E+00  0.10000000E-01  0.10000000E+01
 0.18100200E-08  0.11515067E-01  0.00000000E+00  0.32835915E+00  0.00000000E+00  0.00000000E+00  0.19528915E+09  0.00000000E+00  0.00000000E+00  0.00000000E+00  0.00000000E+00  0.00000000E+00  0.10000000E-01  0.10000000E+01
 0.18200200E-08  0.11515067E-01  0.00000000E+00  0.33031204E+00  0.00000000E+00  0.00000000E+00  0.19528915E+09  0.00000000E+00  0.00000000E+00  0.00000000E+00  0.00000000E+00  0.00000000E+00  0.10000000E-01  0.10000000E+01
 0.18300200E-08  0.11515067E-01  0.00000000E+00  0.33226493E+00  0.00000000E+00  0.00000000E+00  0.19528915E+09  0.00000000E+00  0.00000000E+00  0.00000000E+00  0.00000000E+00  0.00000000E+00  0.10000000E-01  0.10000000E+01
 0.18400200E-08  0.11515067E-01  0.00000000E+00  0.33421782E+00  0.00000000E+00  0.00000000E+00  0.19528915E+09  0.00000000E+00  0.00000000E+00  0.00000000E+00  0.00000000E+00  0.00000000E+00  0.10000000E-01  0.10000000E+01
 0.18500200E-08  0.11515067E-01  0.00000000E+00  0.33617072E+00  0.00000000E+00  0.00000000E+00  0.19528915E+09  0.00000000E+00  0.00000000E+00  0.00000000E+00  0.00000000E+00  0.00000000E+00  0.10000000E-01  0.10000000E+01
 0.18600200E-08  0.11515067E-01  0.00000000E+00  0.33812361E+00  0.00000000E+00  0.00000000E+00  0.19528915E+09  0.00000000E+00  0.00000000E+00  0.00000000E+00  0.00000000E+00  0.00000000E+00  0.10000000E-01  0.10000000E+01
 0.18700200E-08  0.11515067E-01  0.00000000E+00  0.34007650E+00  0.00000000E+00  0.00000000E+00  0.19528915E+09  0.00000000E+00  0.00000000E+00  0.00000000E+00  0.00000000E+00  0.00000000E+00  0.10000000E-01  0.10000000E+01
 0.18800200E-08  0.11515067E-01  0.00000000E+00  0.34202939E+00  0.00000000E+00  0.00000000E+00  0.19528915E+09  0.00000000E+00  0.00000000E+00  0.00000000E+00  0.00000000E+00  0.00000000E+00  0.10000000E-01  0.10000000E+01
 0.18900200E-08  0.11515067E-01  0.00000000E+00  0.34398228E+00  0.00000000E+00  0.00000000E+00  0.19528915E+09  0.00000000E+00  0.00000000E+00  0.00000000E+00  0.00000000E+00  0.00000000E+00  0.10000000E-01  0.10000000E+01
 0.19000200E-08  0.11515067E-01  0.00000000E+00  0.34593517E+00  0.00000000E+00  0.00000000E+00  0.19528915E+09  0.00000000E+00  0.00000000E+00  0.00000000E+00  0.00000000E+00  0.00000000E+00  0.10000000E-01  0.10000000E+01
 0.19100200E-08  0.11515067E-01  0.00000000E+00  0.34788806E+00  0.00000000E+00  0.00000000E+00  0.19528915E+09  0.00000000E+00  0.00000000E+00  0.00000000E+00  0.00000000E+00  0.00000000E+00  0.10000000E-01  0.10000000E+01
 0.19200200E-08  0.11515067E-01  0.00000000E+00  0.34984096E+00  0.00000000E+00  0.00000000E+00  0.19528915E+09  0.00000000E+00  0.00000000E+00  0.00000000E+00  0.00000000E+00  0.00000000E+00  0.10000000E-01  0.10000000E+01
 0.19300200E-08  0.11515067E-01  0.00000000E+00  0.35179385E+00  0.00000000E+00  0.00000000E+00  0.19528915E+09  0.00000000E+00  0.00000000E+00  0.00000000E+00  0.00000000E+00  0.00000000E+00  0.10000000E-01  0.10000000E+01
 0.19400200E-08  0.11515067E-01  0.00000000E+00  0.35374674E+00  0.00000000E+00  0.00000000E+00  0.19528915E+09  0.00000000E+00  0.00000000E+00  0.00000000E+00  0.00000000E+00  0.00000000E+00  0.10000000E-01  0.10000000E+01
 0.19500200E-08  0.11515067E-01  0.00000000E+00  0.35569963E+00  0.00000000E+00  0.00000000E+00  0.19528915E+09  0.00000000E+00  0.00000000E+00  0.00000000E+00  0.00000000E+00  0.00000000E+00  0.10000000E-01  0.10000000E+01
 0.19600200E-08  0.11515067E-01  0.00000000E+00  0.35765252E+00  0.00000000E+00  0.00000000E+00  0.19528915E+09  0.00000000E+00  0.00000000E+00  0.00000000E+00  0.00000000E+00  0.00000000E+00  0.10000000E-01  0.10000000E+01
 0.19700200E-08  0.11515067E-01  0.00000000E+00  0.35960541E+00  0.00000000E+00  0.00000000E+00  0.19528915E+09  0.00000000E+00  0.00000000E+00  0.00000000E+00  0.00000000E+00  0.00000000E+00  0.10000000E-01  0.10000000E+01
 0.19800200E-08  0.11515067E-01  0.00000000E+00  0.36155831E+00  0.00000000E+00  0.00000000E+00  0.19528915E+09  0.00000000E+00  0.00000000E+00  0.00000000E+00  0.00000000E+00  0.00000000E+00  0.10000000E-01  0.10000000E+01
 0.19900200E-08  0.11515067E-01  0.00000000E+00  0.36351120E+00  0.00000000E+00  0.00000000E+00  0.19528915E+09  0.00000000E+00  0.00000000E+00  0.00000000E+00  0.00000000E+00  0.00000000E+00  0.10000000E-01  0.10000000E+01
