# ptime xp yp zp vx vy vz ex ey ez bx by bz wt
 0.20000000E-13  0.95423139E-02  0.00000000E+00 -0.17296963E-01  0.00000000E+00  0.00000000E+00  0.17067762E+09  0.00000000E+00  0.00000000E+00  0.00000000E+00  0.00000000E+00  0.00000000E+00  0.10000000E-01  0.10000000E+01
 0.10000000E-10  0.95423139E-02  0.00000000E+00 -0.15593600E-01  0.00000000E+00  0.00000000E+00  0.17067762E+09  0.00000000E+00  0.00000000E+00  0.00000000E+00  0.00000000E+00  0.00000000E+00  0.10000000E-01  0.10000000E+01
 0.20000000E-10  0.95423139E-02  0.00000000E+00 -0.13886824E-01  0.00000000E+00  0.00000000E+00  0.17067762E+09  0.00000000E+00  0.00000000E+00  0.00000000E+00  0.00000000E+00  0.00000000E+00  0.10000000E-01  0.10000000E+01
 0.30000000E-10  0.95423139E-02  0.00000000E+00 -0.12180048E-01  0.00000000E+00  0.00000000E+00  0.17067762E+09  0.00000000E+00  0.00000000E+00  0.00000000E+00  0.00000000E+00  0.00000000E+00  0.10000000E-01  0.10000000E+01
 0.40020000E-10  0.95423139E-02  0.00000000E+00 -0.10469858E-01  0.00000000E+00  0.00000000E+00  0.17067762E+09  0.00000000E+00  0.00000000E+00  0.00000000E+00  0.00000000E+00  0.00000000E+00  0.10000000E-01  0.10000000E+01
 0.50020000E-10  0.95423139E-02  0.00000000E+00 -0.87630816E-02  0.00000000E+00  0.00000000E+00  0.17067762E+09  0.00000000E+00  0.00000000E+00  0.00000000E+00  0.00000000E+00  0.00000000E+00  0.10000000E-01  0.10000000E+01
 0.60020000E-10  0.95423139E-02  0.00000000E+00 -0.70563054E-02  0.00000000E+00  0.00000000E+00  0.17067762E+09  0.00000000E+00  0.00000000E+00  0.00000000E+00  0.00000000E+00  0.00000000E+00  0.10000000E-01  0.10000000E+01
 0.70020000E-10  0.95423139E-02  0.00000000E+00 -0.53495291E-02  0.00000000E+00  0.00000000E+00  0.17067762E+09  0.00000000E+00  0.00000000E+00  0.00000000E+00  0.00000000E+00  0.00000000E+00  0.10000000E-01  0.10000000E+01
 0.80000000E-10  0.95423139E-02  0.00000000E+00 -0.36461665E-02  0.00000000E+00  0.00000000E+00  0.17067762E+09  0.00000000E+00  0.00000000E+00  0.00000000E+00  0.00000000E+00  0.00000000E+00  0.10000000E-01  0.10000000E+01
 0.90000000E-10  0.95423139E-02  0.00000000E+00 -0.19393902E-02  0.00000000E+00  0.00000000E+00  0.17067762E+09  0.00000000E+00  0.00000000E+00  0.00000000E+00  0.00000000E+00  0.00000000E+00  0.10000000E-01  0.10000000E+01
 0.10000000E-09  0.95423139E-02  0.00000000E+00 -0.23261400E-03  0.00000000E+00  0.00000000E+00  0.17067762E+09  0.00000000E+00  0.00000000E+00  0.00000000E+00  0.00000000E+00  0.00000000E+00  0.10000000E-01  0.10000000E+01
 0.11000000E-09  0.95423139E-02  0.00000000E+00  0.14741622E-02  0.00000000E+00  0.00000000E+00  0.17067762E+09  0.00000000E+00  0.00000000E+00  0.00000000E+00  0.00000000E+00  0.00000000E+00  0.10000000E-01  0.10000000E+01
 0.12000000E-09  0.95423139E-02  0.00000000E+00  0.31809385E-02  0.00000000E+00  0.00000000E+00  0.17067762E+09  0.00000000E+00  0.00000000E+00  0.00000000E+00  0.00000000E+00  0.00000000E+00  0.10000000E-01  0.10000000E+01
 0.13000000E-09  0.95423139E-02  0.00000000E+00  0.48877147E-02  0.00000000E+00  0.00000000E+00  0.17067762E+09  0.00000000E+00  0.00000000E+00  0.00000000E+00  0.00000000E+00  0.00000000E+00  0.10000000E-01  0.10000000E+01
 0.14002000E-09  0.95423139E-02  0.00000000E+00  0.65979045E-02  0.00000000E+00  0.00000000E+00  0.17067762E+09  0.00000000E+00  0.00000000E+00  0.00000000E+00  0.00000000E+00  0.00000000E+00  0.10000000E-01  0.10000000E+01
 0.15002000E-09  0.95423139E-02  0.00000000E+00  0.83046807E-02  0.00000000E+00  0.00000000E+00  0.17067762E+09  0.00000000E+00  0.00000000E+00  0.00000000E+00  0.00000000E+00  0.00000000E+00  0.10000000E-01  0.10000000E+01
 0.16002000E-09  0.95423139E-02  0.00000000E+00  0.10011457E-01  0.00000000E+00  0.00000000E+00  0.17067762E+09  0.00000000E+00  0.00000000E+00  0.00000000E+00  0.00000000E+00  0.00000000E+00  0.10000000E-01  0.10000000E+01
 0.17002000E-09  0.95423139E-02  0.00000000E+00  0.11718233E-01  0.00000000E+00  0.00000000E+00  0.17067762E+09  0.00000000E+00  0.00000000E+00  0.00000000E+00  0.00000000E+00  0.00000000E+00  0.10000000E-01  0.10000000E+01
 0.18002000E-09  0.95423139E-02  0.00000000E+00  0.13425009E-01  0.00000000E+00  0.00000000E+00  0.17067762E+09  0.00000000E+00  0.00000000E+00  0.00000000E+00  0.00000000E+00  0.00000000E+00  0.10000000E-01  0.10000000E+01
 0.19002000E-09  0.95423139E-02  0.00000000E+00  0.15131786E-01  0.00000000E+00  0.00000000E+00  0.17067762E+09  0.00000000E+00  0.00000000E+00  0.00000000E+00  0.00000000E+00  0.00000000E+00  0.10000000E-01  0.10000000E+01
 0.20002000E-09  0.95423139E-02  0.00000000E+00  0.16838562E-01  0.00000000E+00  0.00000000E+00  0.17067762E+09  0.00000000E+00  0.00000000E+00  0.00000000E+00  0.00000000E+00  0.00000000E+00  0.10000000E-01  0.10000000E+01
 0.21002000E-09  0.95423139E-02  0.00000000E+00  0.18545338E-01  0.00000000E+00  0.00000000E+00  0.17067762E+09  0.00000000E+00  0.00000000E+00  0.00000000E+00  0.00000000E+00  0.00000000E+00  0.10000000E-01  0.10000000E+01
 0.22002000E-09  0.95423139E-02  0.00000000E+00  0.20252114E-01  0.00000000E+00  0.00000000E+00  0.17067762E+09  0.00000000E+00  0.00000000E+00  0.00000000E+00  0.00000000E+00  0.00000000E+00  0.10000000E-01  0.10000000E+01
 0.23002000E-09  0.95423139E-02  0.00000000E+00  0.21958891E-01  0.00000000E+00  0.00000000E+00  0.17067762E+09  0.00000000E+00  0.00000000E+00  0.00000000E+00  0.00000000E+00  0.00000000E+00  0.10000000E-01  0.10000000E+01
 0.24002000E-09  0.95423139E-02  0.00000000E+00  0.23665667E-01  0.00000000E+00  0.00000000E+00  0.17067762E+09  0.00000000E+00  0.00000000E+00  0.00000000E+00  0.00000000E+00  0.00000000E+00  0.10000000E-01  0.10000000E+01
 0.25002000E-09  0.95423139E-02  0.00000000E+00  0.25372443E-01  0.00000000E+00  0.00000000E+00  0.17067762E+09  0.00000000E+00  0.00000000E+00  0.00000000E+00  0.00000000E+00  0.00000000E+00  0.10000000E-01  0.10000000E+01
 0.26002000E-09  0.95423139E-02  0.00000000E+00  0.27079219E-01  0.00000000E+00  0.00000000E+00  0.17067762E+09  0.00000000E+00  0.00000000E+00  0.00000000E+00  0.00000000E+00  0.00000000E+00  0.10000000E-01  0.10000000E+01
 0.27002000E-09  0.95423139E-02  0.00000000E+00  0.28785995E-01  0.00000000E+00  0.00000000E+00  0.17067762E+09  0.00000000E+00  0.00000000E+00  0.00000000E+00  0.00000000E+00  0.00000000E+00  0.10000000E-01  0.10000000E+01
 0.28002000E-09  0.95423139E-02  0.00000000E+00  0.30492772E-01  0.00000000E+00  0.00000000E+00  0.17067762E+09  0.00000000E+00  0.00000000E+00  0.00000000E+00  0.00000000E+00  0.00000000E+00  0.10000000E-01  0.10000000E+01
 0.29002000E-09  0.95423139E-02  0.00000000E+00  0.32199548E-01  0.00000000E+00  0.00000000E+00  0.17067762E+09  0.00000000E+00  0.00000000E+00  0.00000000E+00  0.00000000E+00  0.00000000E+00  0.10000000E-01  0.10000000E+01
 0.30000000E-09  0.95423139E-02  0.00000000E+00  0.33902911E-01  0.00000000E+00  0.00000000E+00  0.17067762E+09  0.00000000E+00  0.00000000E+00  0.00000000E+00  0.00000000E+00  0.00000000E+00  0.10000000E-01  0.10000000E+01
 0.31000000E-09  0.95423139E-02  0.00000000E+00  0.35609687E-01  0.00000000E+00  0.00000000E+00  0.17067762E+09  0.00000000E+00  0.00000000E+00  0.00000000E+00  0.00000000E+00  0.00000000E+00  0.10000000E-01  0.10000000E+01
 0.32000000E-09  0.95423139E-02  0.00000000E+00  0.37316463E-01  0.00000000E+00  0.00000000E+00  0.17067762E+09  0.00000000E+00  0.00000000E+00  0.00000000E+00  0.00000000E+00  0.00000000E+00  0.10000000E-01  0.10000000E+01
 0.33000000E-09  0.95423139E-02  0.00000000E+00  0.39023239E-01  0.00000000E+00  0.00000000E+00  0.17067762E+09  0.00000000E+00  0.00000000E+00  0.00000000E+00  0.00000000E+00  0.00000000E+00  0.10000000E-01  0.10000000E+01
 0.34000000E-09  0.95423139E-02  0.00000000E+00  0.40730016E-01  0.00000000E+00  0.00000000E+00  0.17067762E+09  0.00000000E+00  0.00000000E+00  0.00000000E+00  0.00000000E+00  0.00000000E+00  0.10000000E-01  0.10000000E+01
 0.35000000E-09  0.95423139E-02  0.00000000E+00  0.42436792E-01  0.00000000E+00  0.00000000E+00  0.17067762E+09  0.00000000E+00  0.00000000E+00  0.00000000E+00  0.00000000E+00  0.00000000E+00  0.10000000E-01  0.10000000E+01
 0.36000000E-09  0.95423139E-02  0.00000000E+00  0.44143568E-01  0.00000000E+00  0.00000000E+00  0.17067762E+09  0.00000000E+00  0.00000000E+00  0.00000000E+00  0.00000000E+00  0.00000000E+00  0.10000000E-01  0.10000000E+01
 0.37000000E-09  0.95423139E-02  0.00000000E+00  0.45850344E-01  0.00000000E+00  0.00000000E+00  0.17067762E+09  0.00000000E+00  0.00000000E+00  0.00000000E+00  0.00000000E+00  0.00000000E+00  0.10000000E-01  0.10000000E+01
 0.38000000E-09  0.95423139E-02  0.00000000E+00  0.47557120E-01  0.00000000E+00  0.00000000E+00  0.17067762E+09  0.00000000E+00  0.00000000E+00  0.00000000E+00  0.00000000E+00  0.00000000E+00  0.10000000E-01  0.10000000E+01
 0.39000000E-09  0.95423139E-02  0.00000000E+00  0.49263897E-01  0.00000000E+00  0.00000000E+00  0.17067762E+09  0.00000000E+00  0.00000000E+00  0.00000000E+00  0.00000000E+00  0.00000000E+00  0.10000000E-01  0.10000000E+01
 0.40000000E-09  0.95423139E-02  0.00000000E+00  0.50970673E-01  0.00000000E+00  0.00000000E+00  0.17067762E+09  0.00000000E+00  0.00000000E+00  0.00000000E+00  0.00000000E+00  0.00000000E+00  0.10000000E-01  0.10000000E+01
 0.41000000E-09  0.95423139E-02  0.00000000E+00  0.52677449E-01  0.00000000E+00  0.00000000E+00  0.17067762E+09  0.00000000E+00  0.00000000E+00  0.00000000E+00  0.00000000E+00  0.00000000E+00  0.10000000E-01  0.10000000E+01
 0.42000000E-09  0.95423139E-02  0.00000000E+00  0.54384225E-01  0.00000000E+00  0.00000000E+00  0.17067762E+09  0.00000000E+00  0.00000000E+00  0.00000000E+00  0.00000000E+00  0.00000000E+00  0.10000000E-01  0.10000000E+01
 0.43000000E-09  0.95423139E-02  0.00000000E+00  0.56091002E-01  0.00000000E+00  0.00000000E+00  0.17067762E+09  0.00000000E+00  0.00000000E+00  0.00000000E+00  0.00000000E+00  0.00000000E+00  0.10000000E-01  0.10000000E+01
 0.44000000E-09  0.95423139E-02  0.00000000E+00  0.57797778E-01  0.00000000E+00  0.00000000E+00  0.17067762E+09  0.00000000E+00  0.00000000E+00  0.00000000E+00  0.00000000E+00  0.00000000E+00  0.10000000E-01  0.10000000E+01
 0.45000000E-09  0.95423139E-02  0.00000000E+00  0.59504554E-01  0.00000000E+00  0.00000000E+00  0.17067762E+09  0.00000000E+00  0.00000000E+00  0.00000000E+00  0.00000000E+00  0.00000000E+00  0.10000000E-01  0.10000000E+01
 0.46000000E-09  0.95423139E-02  0.00000000E+00  0.61211330E-01  0.00000000E+00  0.00000000E+00  0.17067762E+09  0.00000000E+00  0.00000000E+00  0.00000000E+00  0.00000000E+00  0.00000000E+00  0.10000000E-01  0.10000000E+01
 0.47000000E-09  0.95423139E-02  0.00000000E+00  0.62918107E-01  0.00000000E+00  0.00000000E+00  0.17067762E+09  0.00000000E+00  0.00000000E+00  0.00000000E+00  0.00000000E+00  0.00000000E+00  0.10000000E-01  0.10000000E+01
 0.48000000E-09  0.95423139E-02  0.00000000E+00  0.64624883E-01  0.00000000E+00  0.00000000E+00  0.17067762E+09  0.00000000E+00  0.00000000E+00  0.00000000E+00  0.00000000E+00  0.00000000E+00  0.10000000E-01  0.10000000E+01
 0.49000000E-09  0.95423139E-02  0.00000000E+00  0.66331659E-01  0.00000000E+00  0.00000000E+00  0.17067762E+09  0.00000000E+00  0.00000000E+00  0.00000000E+00  0.00000000E+00  0.00000000E+00  0.10000000E-01  0.10000000E+01
 0.50000000E-09  0.95423139E-02  0.00000000E+00  0.68038435E-01  0.00000000E+00  0.00000000E+00  0.17067762E+09  0.00000000E+00  0.00000000E+00  0.00000000E+00  0.00000000E+00  0.00000000E+00  0.10000000E-01  0.10000000E+01
 0.51000000E-09  0.95423139E-02  0.00000000E+00  0.69745211E-01  0.00000000E+00  0.00000000E+00  0.17067762E+09  0.00000000E+00  0.00000000E+00  0.00000000E+00  0.00000000E+00  0.00000000E+00  0.10000000E-01  0.10000000E+01
 0.52000000E-09  0.95423139E-02  0.00000000E+00  0.71451988E-01  0.00000000E+00  0.00000000E+00  0.17067762E+09  0.00000000E+00  0.00000000E+00  0.00000000E+00  0.00000000E+00  0.00000000E+00  0.10000000E-01  0.10000000E+01
 0.53000000E-09  0.95423139E-02  0.00000000E+00  0.73158764E-01  0.00000000E+00  0.00000000E+00  0.17067762E+09  0.00000000E+00  0.00000000E+00  0.00000000E+00  0.00000000E+00  0.00000000E+00  0.10000000E-01  0.10000000E+01
 0.54000000E-09  0.95423139E-02  0.00000000E+00  0.74865540E-01  0.00000000E+00  0.00000000E+00  0.17067762E+09  0.00000000E+00  0.00000000E+00  0.00000000E+00  0.00000000E+00  0.00000000E+00  0.10000000E-01  0.10000000E+01
 0.55002000E-09  0.95423139E-02  0.00000000E+00  0.76575730E-01  0.00000000E+00  0.00000000E+00  0.17067762E+09  0.00000000E+00  0.00000000E+00  0.00000000E+00  0.00000000E+00  0.00000000E+00  0.10000000E-01  0.10000000E+01
 0.56002000E-09  0.95423139E-02  0.00000000E+00  0.78282506E-01  0.00000000E+00  0.00000000E+00  0.17067762E+09  0.00000000E+00  0.00000000E+00  0.00000000E+00  0.00000000E+00  0.00000000E+00  0.10000000E-01  0.10000000E+01
 0.57002000E-09  0.95423139E-02  0.00000000E+00  0.79989282E-01  0.00000000E+00  0.00000000E+00  0.17067762E+09  0.00000000E+00  0.00000000E+00  0.00000000E+00  0.00000000E+00  0.00000000E+00  0.10000000E-01  0.10000000E+01
 0.58002000E-09  0.95423139E-02  0.00000000E+00  0.81696059E-01  0.00000000E+00  0.00000000E+00  0.17067762E+09  0.00000000E+00  0.00000000E+00  0.00000000E+00  0.00000000E+00  0.00000000E+00  0.10000000E-01  0.10000000E+01
 0.59002000E-09  0.95423139E-02  0.00000000E+00  0.83402835E-01  0.00000000E+00  0.00000000E+00  0.17067762E+09  0.00000000E+00  0.00000000E+00  0.00000000E+00  0.00000000E+00  0.00000000E+00  0.10000000E-01  0.10000000E+01
 0.60002000E-09  0.95423139E-02  0.00000000E+00  0.85109611E-01  0.00000000E+00  0.00000000E+00  0.17067762E+09  0.00000000E+00  0.00000000E+00  0.00000000E+00  0.00000000E+00  0.00000000E+00  0.10000000E-01  0.10000000E+01
 0.61002000E-09  0.95423139E-02  0.00000000E+00  0.86816387E-01  0.00000000E+00  0.00000000E+00  0.17067762E+09  0.00000000E+00  0.00000000E+00  0.00000000E+00  0.00000000E+00  0.00000000E+00  0.10000000E-01  0.10000000E+01
 0.62002000E-09  0.95423139E-02  0.00000000E+00  0.88523164E-01  0.00000000E+00  0.00000000E+00  0.17067762E+09  0.00000000E+00  0.00000000E+00  0.00000000E+00  0.00000000E+00  0.00000000E+00  0.10000000E-01  0.10000000E+01
 0.63002000E-09  0.95423139E-02  0.00000000E+00  0.90229940E-01  0.00000000E+00  0.00000000E+00  0.17067762E+09  0.00000000E+00  0.00000000E+00  0.00000000E+00  0.00000000E+00  0.00000000E+00  0.10000000E-01  0.10000000E+01
 0.64002000E-09  0.95423139E-02  0.00000000E+00  0.91936716E-01  0.00000000E+00  0.00000000E+00  0.17067762E+09  0.00000000E+00  0.00000000E+00  0.00000000E+00  0.00000000E+00  0.00000000E+00  0.10000000E-01  0.10000000E+01
 0.65002000E-09  0.95423139E-02  0.00000000E+00  0.93643492E-01  0.00000000E+00  0.00000000E+00  0.17067762E+09  0.00000000E+00  0.00000000E+00  0.00000000E+00  0.00000000E+00  0.00000000E+00  0.10000000E-01  0.10000000E+01
 0.66002000E-09  0.95423139E-02  0.00000000E+00  0.95350268E-01  0.00000000E+00  0.00000000E+00  0.17067762E+09  0.00000000E+00  0.00000000E+00  0.00000000E+00  0.00000000E+00  0.00000000E+00  0.10000000E-01  0.10000000E+01
 0.67002000E-09  0.95423139E-02  0.00000000E+00  0.97057045E-01  0.00000000E+00  0.00000000E+00  0.17067762E+09  0.00000000E+00  0.00000000E+00  0.00000000E+00  0.00000000E+00  0.00000000E+00  0.10000000E-01  0.10000000E+01
 0.68002000E-09  0.95423139E-02  0.00000000E+00  0.98763821E-01  0.00000000E+00  0.00000000E+00  0.17067762E+09  0.00000000E+00  0.00000000E+00  0.00000000E+00  0.00000000E+00  0.00000000E+00  0.10000000E-01  0.10000000E+01
 0.69002000E-09  0.95423139E-02  0.00000000E+00  0.10047060E+00  0.00000000E+00  0.00000000E+00  0.17067762E+09  0.00000000E+00  0.00000000E+00  0.00000000E+00  0.00000000E+00  0.00000000E+00  0.10000000E-01  0.10000000E+01
 0.70002000E-09  0.95423139E-02  0.00000000E+00  0.10217737E+00  0.00000000E+00  0.00000000E+00  0.17067762E+09  0.00000000E+00  0.00000000E+00  0.00000000E+00  0.00000000E+00  0.00000000E+00  0.10000000E-01  0.10000000E+01
 0.71002000E-09  0.95423139E-02  0.00000000E+00  0.10388415E+00  0.00000000E+00  0.00000000E+00  0.17067762E+09  0.00000000E+00  0.00000000E+00  0.00000000E+00  0.00000000E+00  0.00000000E+00  0.10000000E-01  0.10000000E+01
 0.72002000E-09  0.95423139E-02  0.00000000E+00  0.10559093E+00  0.00000000E+00  0.00000000E+00  0.17067762E+09  0.00000000E+00  0.00000000E+00  0.00000000E+00  0.00000000E+00  0.00000000E+00  0.10000000E-01  0.10000000E+01
 0.73002000E-09  0.95423139E-02  0.00000000E+00  0.10729770E+00  0.00000000E+00  0.00000000E+00  0.17067762E+09  0.00000000E+00  0.00000000E+00  0.00000000E+00  0.00000000E+00  0.00000000E+00  0.10000000E-01  0.10000000E+01
 0.74002000E-09  0.95423139E-02  0.00000000E+00  0.10900448E+00  0.00000000E+00  0.00000000E+00  0.17067762E+09  0.00000000E+00  0.00000000E+00  0.00000000E+00  0.00000000E+00  0.00000000E+00  0.10000000E-01  0.10000000E+01
 0.75002000E-09  0.95423139E-02  0.00000000E+00  0.11071125E+00  0.00000000E+00  0.00000000E+00  0.17067762E+09  0.00000000E+00  0.00000000E+00  0.00000000E+00  0.00000000E+00  0.00000000E+00  0.10000000E-01  0.10000000E+01
 0.76002000E-09  0.95423139E-02  0.00000000E+00  0.11241803E+00  0.00000000E+00  0.00000000E+00  0.17067762E+09  0.00000000E+00  0.00000000E+00  0.00000000E+00  0.00000000E+00  0.00000000E+00  0.10000000E-01  0.10000000E+01
 0.77002000E-09  0.95423139E-02  0.00000000E+00  0.11412481E+00  0.00000000E+00  0.00000000E+00  0.17067762E+09  0.00000000E+00  0.00000000E+00  0.00000000E+00  0.00000000E+00  0.00000000E+00  0.10000000E-01  0.10000000E+01
 0.78002000E-09  0.95423139E-02  0.00000000E+00  0.11583158E+00  0.00000000E+00  0.00000000E+00  0.17067762E+09  0.00000000E+00  0.00000000E+00  0.00000000E+00  0.00000000E+00  0.00000000E+00  0.10000000E-01  0.10000000E+01
 0.79002000E-09  0.95423139E-02  0.00000000E+00  0.11753836E+00  0.00000000E+00  0.00000000E+00  0.17067762E+09  0.00000000E+00  0.00000000E+00  0.00000000E+00  0.00000000E+00  0.00000000E+00  0.10000000E-01  0.10000000E+01
 0.80002000E-09  0.95423139E-02  0.00000000E+00  0.11924514E+00  0.00000000E+00  0.00000000E+00  0.17067762E+09  0.00000000E+00  0.00000000E+00  0.00000000E+00  0.00000000E+00  0.00000000E+00  0.10000000E-01  0.10000000E+01
 0.81002000E-09  0.95423139E-02  0.00000000E+00  0.12095191E+00  0.00000000E+00  0.00000000E+00  0.17067762E+09  0.00000000E+00  0.00000000E+00  0.00000000E+00  0.00000000E+00  0.00000000E+00  0.10000000E-01  0.10000000E+01
 0.82002000E-09  0.95423139E-02  0.00000000E+00  0.12265869E+00  0.00000000E+00  0.00000000E+00  0.17067762E+09  0.00000000E+00  0.00000000E+00  0.00000000E+00  0.00000000E+00  0.00000000E+00  0.10000000E-01  0.10000000E+01
 0.83002000E-09  0.95423139E-02  0.00000000E+00  0.12436546E+00  0.00000000E+00  0.00000000E+00  0.17067762E+09  0.00000000E+00  0.00000000E+00  0.00000000E+00  0.00000000E+00  0.00000000E+00  0.10000000E-01  0.10000000E+01
 0.84002000E-09  0.95423139E-02  0.00000000E+00  0.12607224E+00  0.00000000E+00  0.00000000E+00  0.17067762E+09  0.00000000E+00  0.00000000E+00  0.00000000E+00  0.00000000E+00  0.00000000E+00  0.10000000E-01  0.10000000E+01
 0.85002000E-09  0.95423139E-02  0.00000000E+00  0.12777902E+00  0.00000000E+00  0.00000000E+00  0.17067762E+09  0.00000000E+00  0.00000000E+00  0.00000000E+00  0.00000000E+00  0.00000000E+00  0.10000000E-01  0.10000000E+01
 0.86002000E-09  0.95423139E-02  0.00000000E+00  0.12948579E+00  0.00000000E+00  0.00000000E+00  0.17067762E+09  0.00000000E+00  0.00000000E+00  0.00000000E+00  0.00000000E+00  0.00000000E+00  0.10000000E-01  0.10000000E+01
 0.87002000E-09  0.95423139E-02  0.00000000E+00  0.13119257E+00  0.00000000E+00  0.00000000E+00  0.17067762E+09  0.00000000E+00  0.00000000E+00  0.00000000E+00  0.00000000E+00  0.00000000E+00  0.10000000E-01  0.10000000E+01
 0.88002000E-09  0.95423139E-02  0.00000000E+00  0.13289935E+00  0.00000000E+00  0.00000000E+00  0.17067762E+09  0.00000000E+00  0.00000000E+00  0.00000000E+00  0.00000000E+00  0.00000000E+00  0.10000000E-01  0.10000000E+01
 0.89002000E-09  0.95423139E-02  0.00000000E+00  0.13460612E+00  0.00000000E+00  0.00000000E+00  0.17067762E+09  0.00000000E+00  0.00000000E+00  0.00000000E+00  0.00000000E+00  0.00000000E+00  0.10000000E-01  0.10000000E+01
 0.90002000E-09  0.95423139E-02  0.00000000E+00  0.13631290E+00  0.00000000E+00  0.00000000E+00  0.17067762E+09  0.00000000E+00  0.00000000E+00  0.00000000E+00  0.00000000E+00  0.00000000E+00  0.10000000E-01  0.10000000E+01
 0.91002000E-09  0.95423139E-02  0.00000000E+00  0.13801967E+00  0.00000000E+00  0.00000000E+00  0.17067762E+09  0.00000000E+00  0.00000000E+00  0.00000000E+00  0.00000000E+00  0.00000000E+00  0.10000000E-01  0.10000000E+01
 0.92002000E-09  0.95423139E-02  0.00000000E+00  0.13972645E+00  0.00000000E+00  0.00000000E+00  0.17067762E+09  0.00000000E+00  0.00000000E+00  0.00000000E+00  0.00000000E+00  0.00000000E+00  0.10000000E-01  0.10000000E+01
 0.93002000E-09  0.95423139E-02  0.00000000E+00  0.14143323E+00  0.00000000E+00  0.00000000E+00  0.17067762E+09  0.00000000E+00  0.00000000E+00  0.00000000E+00  0.00000000E+00  0.00000000E+00  0.10000000E-01  0.10000000E+01
 0.94002000E-09  0.95423139E-02  0.00000000E+00  0.14314000E+00  0.00000000E+00  0.00000000E+00  0.17067762E+09  0.00000000E+00  0.00000000E+00  0.00000000E+00  0.00000000E+00  0.00000000E+00  0.10000000E-01  0.10000000E+01
 0.95002000E-09  0.95423139E-02  0.00000000E+00  0.14484678E+00  0.00000000E+00  0.00000000E+00  0.17067762E+09  0.00000000E+00  0.00000000E+00  0.00000000E+00  0.00000000E+00  0.00000000E+00  0.10000000E-01  0.10000000E+01
 0.96002000E-09  0.95423139E-02  0.00000000E+00  0.14655356E+00  0.00000000E+00  0.00000000E+00  0.17067762E+09  0.00000000E+00  0.00000000E+00  0.00000000E+00  0.00000000E+00  0.00000000E+00  0.10000000E-01  0.10000000E+01
 0.97002000E-09  0.95423139E-02  0.00000000E+00  0.14826033E+00  0.00000000E+00  0.00000000E+00  0.17067762E+09  0.00000000E+00  0.00000000E+00  0.00000000E+00  0.00000000E+00  0.00000000E+00  0.10000000E-01  0.10000000E+01
 0.98002000E-09  0.95423139E-02  0.00000000E+00  0.14996711E+00  0.00000000E+00  0.00000000E+00  0.17067762E+09  0.00000000E+00  0.00000000E+00  0.00000000E+00  0.00000000E+00  0.00000000E+00  0.10000000E-01  0.10000000E+01
 0.99002000E-09  0.95423139E-02  0.00000000E+00  0.15167388E+00  0.00000000E+00  0.00000000E+00  0.17067762E+09  0.00000000E+00  0.00000000E+00  0.00000000E+00  0.00000000E+00  0.00000000E+00  0.10000000E-01  0.10000000E+01
 0.10000200E-08  0.95423139E-02  0.00000000E+00  0.15338066E+00  0.00000000E+00  0.00000000E+00  0.17067762E+09  0.00000000E+00  0.00000000E+00  0.00000000E+00  0.00000000E+00  0.00000000E+00  0.10000000E-01  0.10000000E+01
 0.10100200E-08  0.95423139E-02  0.00000000E+00  0.15508744E+00  0.00000000E+00  0.00000000E+00  0.17067762E+09  0.00000000E+00  0.00000000E+00  0.00000000E+00  0.00000000E+00  0.00000000E+00  0.10000000E-01  0.10000000E+01
 0.10200200E-08  0.95423139E-02  0.00000000E+00  0.15679421E+00  0.00000000E+00  0.00000000E+00  0.17067762E+09  0.00000000E+00  0.00000000E+00  0.00000000E+00  0.00000000E+00  0.00000000E+00  0.10000000E-01  0.10000000E+01
 0.10300200E-08  0.95423139E-02  0.00000000E+00  0.15850099E+00  0.00000000E+00  0.00000000E+00  0.17067762E+09  0.00000000E+00  0.00000000E+00  0.00000000E+00  0.00000000E+00  0.00000000E+00  0.10000000E-01  0.10000000E+01
 0.10400200E-08  0.95423139E-02  0.00000000E+00  0.16020777E+00  0.00000000E+00  0.00000000E+00  0.17067762E+09  0.00000000E+00  0.00000000E+00  0.00000000E+00  0.00000000E+00  0.00000000E+00  0.10000000E-01  0.10000000E+01
 0.10500200E-08  0.95423139E-02  0.00000000E+00  0.16191454E+00  0.00000000E+00  0.00000000E+00  0.17067762E+09  0.00000000E+00  0.00000000E+00  0.00000000E+00  0.00000000E+00  0.00000000E+00  0.10000000E-01  0.10000000E+01
 0.10600200E-08  0.95423139E-02  0.00000000E+00  0.16362132E+00  0.00000000E+00  0.00000000E+00  0.17067762E+09  0.00000000E+00  0.00000000E+00  0.00000000E+00  0.00000000E+00  0.00000000E+00  0.10000000E-01  0.10000000E+01
 0.10700200E-08  0.95423139E-02  0.00000000E+00  0.16532809E+00  0.00000000E+00  0.00000000E+00  0.17067762E+09  0.00000000E+00  0.00000000E+00  0.00000000E+00  0.00000000E+00  0.00000000E+00  0.10000000E-01  0.10000000E+01
 0.10800200E-08  0.95423139E-02  0.00000000E+00  0.16703487E+00  0.00000000E+00  0.00000000E+00  0.17067762E+09  0.00000000E+00  0.00000000E+00  0.00000000E+00  0.00000000E+00  0.00000000E+00  0.10000000E-01  0.10000000E+01
 0.10900200E-08  0.95423139E-02  0.00000000E+00  0.16874165E+00  0.00000000E+00  0.00000000E+00  0.17067762E+09  0.00000000E+00  0.00000000E+00  0.00000000E+00  0.00000000E+00  0.00000000E+00  0.10000000E-01  0.10000000E+01
 0.11000200E-08  0.95423139E-02  0.00000000E+00  0.17044842E+00  0.00000000E+00  0.00000000E+00  0.17067762E+09  0.00000000E+00  0.00000000E+00  0.00000000E+00  0.00000000E+00  0.00000000E+00  0.10000000E-01  0.10000000E+01
 0.11100200E-08  0.95423139E-02  0.00000000E+00  0.17215520E+00  0.00000000E+00  0.00000000E+00  0.17067762E+09  0.00000000E+00  0.00000000E+00  0.00000000E+00  0.00000000E+00  0.00000000E+00  0.10000000E-01  0.10000000E+01
 0.11200200E-08  0.95423139E-02  0.00000000E+00  0.17386198E+00  0.00000000E+00  0.00000000E+00  0.17067762E+09  0.00000000E+00  0.00000000E+00  0.00000000E+00  0.00000000E+00  0.00000000E+00  0.10000000E-01  0.10000000E+01
 0.11300200E-08  0.95423139E-02  0.00000000E+00  0.17556875E+00  0.00000000E+00  0.00000000E+00  0.17067762E+09  0.00000000E+00  0.00000000E+00  0.00000000E+00  0.00000000E+00  0.00000000E+00  0.10000000E-01  0.10000000E+01
 0.11400200E-08  0.95423139E-02  0.00000000E+00  0.17727553E+00  0.00000000E+00  0.00000000E+00  0.17067762E+09  0.00000000E+00  0.00000000E+00  0.00000000E+00  0.00000000E+00  0.00000000E+00  0.10000000E-01  0.10000000E+01
 0.11500200E-08  0.95423139E-02  0.00000000E+00  0.17898230E+00  0.00000000E+00  0.00000000E+00  0.17067762E+09  0.00000000E+00  0.00000000E+00  0.00000000E+00  0.00000000E+00  0.00000000E+00  0.10000000E-01  0.10000000E+01
 0.11600200E-08  0.95423139E-02  0.00000000E+00  0.18068908E+00  0.00000000E+00  0.00000000E+00  0.17067762E+09  0.00000000E+00  0.00000000E+00  0.00000000E+00  0.00000000E+00  0.00000000E+00  0.10000000E-01  0.10000000E+01
 0.11700200E-08  0.95423139E-02  0.00000000E+00  0.18239586E+00  0.00000000E+00  0.00000000E+00  0.17067762E+09  0.00000000E+00  0.00000000E+00  0.00000000E+00  0.00000000E+00  0.00000000E+00  0.10000000E-01  0.10000000E+01
 0.11800200E-08  0.95423139E-02  0.00000000E+00  0.18410263E+00  0.00000000E+00  0.00000000E+00  0.17067762E+09  0.00000000E+00  0.00000000E+00  0.00000000E+00  0.00000000E+00  0.00000000E+00  0.10000000E-01  0.10000000E+01
 0.11900200E-08  0.95423139E-02  0.00000000E+00  0.18580941E+00  0.00000000E+00  0.00000000E+00  0.17067762E+09  0.00000000E+00  0.00000000E+00  0.00000000E+00  0.00000000E+00  0.00000000E+00  0.10000000E-01  0.10000000E+01
 0.12000200E-08  0.95423139E-02  0.00000000E+00  0.18751618E+00  0.00000000E+00  0.00000000E+00  0.17067762E+09  0.00000000E+00  0.00000000E+00  0.00000000E+00  0.00000000E+00  0.00000000E+00  0.10000000E-01  0.10000000E+01
 0.12100200E-08  0.95423139E-02  0.00000000E+00  0.18922296E+00  0.00000000E+00  0.00000000E+00  0.17067762E+09  0.00000000E+00  0.00000000E+00  0.00000000E+00  0.00000000E+00  0.00000000E+00  0.10000000E-01  0.10000000E+01
 0.12200200E-08  0.95423139E-02  0.00000000E+00  0.19092974E+00  0.00000000E+00  0.00000000E+00  0.17067762E+09  0.00000000E+00  0.00000000E+00  0.00000000E+00  0.00000000E+00  0.00000000E+00  0.10000000E-01  0.10000000E+01
 0.12300200E-08  0.95423139E-02  0.00000000E+00  0.19263651E+00  0.00000000E+00  0.00000000E+00  0.17067762E+09  0.00000000E+00  0.00000000E+00  0.00000000E+00  0.00000000E+00  0.00000000E+00  0.10000000E-01  0.10000000E+01
 0.12400200E-08  0.95423139E-02  0.00000000E+00  0.19434329E+00  0.00000000E+00  0.00000000E+00  0.17067762E+09  0.00000000E+00  0.00000000E+00  0.00000000E+00  0.00000000E+00  0.00000000E+00  0.10000000E-01  0.10000000E+01
 0.12500200E-08  0.95423139E-02  0.00000000E+00  0.19605007E+00  0.00000000E+00  0.00000000E+00  0.17067762E+09  0.00000000E+00  0.00000000E+00  0.00000000E+00  0.00000000E+00  0.00000000E+00  0.10000000E-01  0.10000000E+01
 0.12600200E-08  0.95423139E-02  0.00000000E+00  0.19775684E+00  0.00000000E+00  0.00000000E+00  0.17067762E+09  0.00000000E+00  0.00000000E+00  0.00000000E+00  0.00000000E+00  0.00000000E+00  0.10000000E-01  0.10000000E+01
 0.12700200E-08  0.95423139E-02  0.00000000E+00  0.19946362E+00  0.00000000E+00  0.00000000E+00  0.17067762E+09  0.00000000E+00  0.00000000E+00  0.00000000E+00  0.00000000E+00  0.00000000E+00  0.10000000E-01  0.10000000E+01
 0.12800200E-08  0.95423139E-02  0.00000000E+00  0.20117039E+00  0.00000000E+00  0.00000000E+00  0.17067762E+09  0.00000000E+00  0.00000000E+00  0.00000000E+00  0.00000000E+00  0.00000000E+00  0.10000000E-01  0.10000000E+01
 0.12900200E-08  0.95423139E-02  0.00000000E+00  0.20287717E+00  0.00000000E+00  0.00000000E+00  0.17067762E+09  0.00000000E+00  0.00000000E+00  0.00000000E+00  0.00000000E+00  0.00000000E+00  0.10000000E-01  0.10000000E+01
 0.13000200E-08  0.95423139E-02  0.00000000E+00  0.20458395E+00  0.00000000E+00  0.00000000E+00  0.17067762E+09  0.00000000E+00  0.00000000E+00  0.00000000E+00  0.00000000E+00  0.00000000E+00  0.10000000E-01  0.10000000E+01
 0.13100200E-08  0.95423139E-02  0.00000000E+00  0.20629072E+00  0.00000000E+00  0.00000000E+00  0.17067762E+09  0.00000000E+00  0.00000000E+00  0.00000000E+00  0.00000000E+00  0.00000000E+00  0.10000000E-01  0.10000000E+01
 0.13200200E-08  0.95423139E-02  0.00000000E+00  0.20799750E+00  0.00000000E+00  0.00000000E+00  0.17067762E+09  0.00000000E+00  0.00000000E+00  0.00000000E+00  0.00000000E+00  0.00000000E+00  0.10000000E-01  0.10000000E+01
 0.13300200E-08  0.95423139E-02  0.00000000E+00  0.20970428E+00  0.00000000E+00  0.00000000E+00  0.17067762E+09  0.00000000E+00  0.00000000E+00  0.00000000E+00  0.00000000E+00  0.00000000E+00  0.10000000E-01  0.10000000E+01
 0.13400200E-08  0.95423139E-02  0.00000000E+00  0.21141105E+00  0.00000000E+00  0.00000000E+00  0.17067762E+09  0.00000000E+00  0.00000000E+00  0.00000000E+00  0.00000000E+00  0.00000000E+00  0.10000000E-01  0.10000000E+01
 0.13500200E-08  0.95423139E-02  0.00000000E+00  0.21311783E+00  0.00000000E+00  0.00000000E+00  0.17067762E+09  0.00000000E+00  0.00000000E+00  0.00000000E+00  0.00000000E+00  0.00000000E+00  0.10000000E-01  0.10000000E+01
 0.13600200E-08  0.95423139E-02  0.00000000E+00  0.21482460E+00  0.00000000E+00  0.00000000E+00  0.17067762E+09  0.00000000E+00  0.00000000E+00  0.00000000E+00  0.00000000E+00  0.00000000E+00  0.10000000E-01  0.10000000E+01
 0.13700200E-08  0.95423139E-02  0.00000000E+00  0.21653138E+00  0.00000000E+00  0.00000000E+00  0.17067762E+09  0.00000000E+00  0.00000000E+00  0.00000000E+00  0.00000000E+00  0.00000000E+00  0.10000000E-01  0.10000000E+01
 0.13800200E-08  0.95423139E-02  0.00000000E+00  0.21823816E+00  0.00000000E+00  0.00000000E+00  0.17067762E+09  0.00000000E+00  0.00000000E+00  0.00000000E+00  0.00000000E+00  0.00000000E+00  0.10000000E-01  0.10000000E+01
 0.13900200E-08  0.95423139E-02  0.00000000E+00  0.21994493E+00  0.00000000E+00  0.00000000E+00  0.17067762E+09  0.00000000E+00  0.00000000E+00  0.00000000E+00  0.00000000E+00  0.00000000E+00  0.10000000E-01  0.10000000E+01
 0.14000200E-08  0.95423139E-02  0.00000000E+00  0.22165171E+00  0.00000000E+00  0.00000000E+00  0.17067762E+09  0.00000000E+00  0.00000000E+00  0.00000000E+00  0.00000000E+00  0.00000000E+00  0.10000000E-01  0.10000000E+01
 0.14100200E-08  0.95423139E-02  0.00000000E+00  0.22335849E+00  0.00000000E+00  0.00000000E+00  0.17067762E+09  0.00000000E+00  0.00000000E+00  0.00000000E+00  0.00000000E+00  0.00000000E+00  0.10000000E-01  0.10000000E+01
 0.14200200E-08  0.95423139E-02  0.00000000E+00  0.22506526E+00  0.00000000E+00  0.00000000E+00  0.17067762E+09  0.00000000E+00  0.00000000E+00  0.00000000E+00  0.00000000E+00  0.00000000E+00  0.10000000E-01  0.10000000E+01
 0.14300200E-08  0.95423139E-02  0.00000000E+00  0.22677204E+00  0.00000000E+00  0.00000000E+00  0.17067762E+09  0.00000000E+00  0.00000000E+00  0.00000000E+00  0.00000000E+00  0.00000000E+00  0.10000000E-01  0.10000000E+01
 0.14400200E-08  0.95423139E-02  0.00000000E+00  0.22847881E+00  0.00000000E+00  0.00000000E+00  0.17067762E+09  0.00000000E+00  0.00000000E+00  0.00000000E+00  0.00000000E+00  0.00000000E+00  0.10000000E-01  0.10000000E+01
 0.14500200E-08  0.95423139E-02  0.00000000E+00  0.23018559E+00  0.00000000E+00  0.00000000E+00  0.17067762E+09  0.00000000E+00  0.00000000E+00  0.00000000E+00  0.00000000E+00  0.00000000E+00  0.10000000E-01  0.10000000E+01
 0.14600200E-08  0.95423139E-02  0.00000000E+00  0.23189237E+00  0.00000000E+00  0.00000000E+00  0.17067762E+09  0.00000000E+00  0.00000000E+00  0.00000000E+00  0.00000000E+00  0.00000000E+00  0.10000000E-01  0.10000000E+01
 0.14700200E-08  0.95423139E-02  0.00000000E+00  0.23359914E+00  0.00000000E+00  0.00000000E+00  0.17067762E+09  0.00000000E+00  0.00000000E+00  0.00000000E+00  0.00000000E+00  0.00000000E+00  0.10000000E-01  0.10000000E+01
 0.14800200E-08  0.95423139E-02  0.00000000E+00  0.23530592E+00  0.00000000E+00  0.00000000E+00  0.17067762E+09  0.00000000E+00  0.00000000E+00  0.00000000E+00  0.00000000E+00  0.00000000E+00  0.10000000E-01  0.10000000E+01
 0.14900200E-08  0.95423139E-02  0.00000000E+00  0.23701270E+00  0.00000000E+00  0.00000000E+00  0.17067762E+09  0.00000000E+00  0.00000000E+00  0.00000000E+00  0.00000000E+00  0.00000000E+00  0.10000000E-01  0.10000000E+01
 0.15000200E-08  0.95423139E-02  0.00000000E+00  0.23871947E+00  0.00000000E+00  0.00000000E+00  0.17067762E+09  0.00000000E+00  0.00000000E+00  0.00000000E+00  0.00000000E+00  0.00000000E+00  0.10000000E-01  0.10000000E+01
 0.15100200E-08  0.95423139E-02  0.00000000E+00  0.24042625E+00  0.00000000E+00  0.00000000E+00  0.17067762E+09  0.00000000E+00  0.00000000E+00  0.00000000E+00  0.00000000E+00  0.00000000E+00  0.10000000E-01  0.10000000E+01
 0.15200200E-08  0.95423139E-02  0.00000000E+00  0.24213302E+00  0.00000000E+00  0.00000000E+00  0.17067762E+09  0.00000000E+00  0.00000000E+00  0.00000000E+00  0.00000000E+00  0.00000000E+00  0.10000000E-01  0.10000000E+01
 0.15300200E-08  0.95423139E-02  0.00000000E+00  0.24383980E+00  0.00000000E+00  0.00000000E+00  0.17067762E+09  0.00000000E+00  0.00000000E+00  0.00000000E+00  0.00000000E+00  0.00000000E+00  0.10000000E-01  0.10000000E+01
 0.15400200E-08  0.95423139E-02  0.00000000E+00  0.24554658E+00  0.00000000E+00  0.00000000E+00  0.17067762E+09  0.00000000E+00  0.00000000E+00  0.00000000E+00  0.00000000E+00  0.00000000E+00  0.10000000E-01  0.10000000E+01
 0.15500200E-08  0.95423139E-02  0.00000000E+00  0.24725335E+00  0.00000000E+00  0.00000000E+00  0.17067762E+09  0.00000000E+00  0.00000000E+00  0.00000000E+00  0.00000000E+00  0.00000000E+00  0.10000000E-01  0.10000000E+01
 0.15600200E-08  0.95423139E-02  0.00000000E+00  0.24896013E+00  0.00000000E+00  0.00000000E+00  0.17067762E+09  0.00000000E+00  0.00000000E+00  0.00000000E+00  0.00000000E+00  0.00000000E+00  0.10000000E-01  0.10000000E+01
 0.15700200E-08  0.95423139E-02  0.00000000E+00  0.25066691E+00  0.00000000E+00  0.00000000E+00  0.17067762E+09  0.00000000E+00  0.00000000E+00  0.00000000E+00  0.00000000E+00  0.00000000E+00  0.10000000E-01  0.10000000E+01
 0.15800200E-08  0.95423139E-02  0.00000000E+00  0.25237368E+00  0.00000000E+00  0.00000000E+00  0.17067762E+09  0.00000000E+00  0.00000000E+00  0.00000000E+00  0.00000000E+00  0.00000000E+00  0.10000000E-01  0.10000000E+01
 0.15900200E-08  0.95423139E-02  0.00000000E+00  0.25408046E+00  0.00000000E+00  0.00000000E+00  0.17067762E+09  0.00000000E+00  0.00000000E+00  0.00000000E+00  0.00000000E+00  0.00000000E+00  0.10000000E-01  0.10000000E+01
 0.16000200E-08  0.95423139E-02  0.00000000E+00  0.25578723E+00  0.00000000E+00  0.00000000E+00  0.17067762E+09  0.00000000E+00  0.00000000E+00  0.00000000E+00  0.00000000E+00  0.00000000E+00  0.10000000E-01  0.10000000E+01
 0.16100200E-08  0.95423139E-02  0.00000000E+00  0.25749401E+00  0.00000000E+00  0.00000000E+00  0.17067762E+09  0.00000000E+00  0.00000000E+00  0.00000000E+00  0.00000000E+00  0.00000000E+00  0.10000000E-01  0.10000000E+01
 0.16200200E-08  0.95423139E-02  0.00000000E+00  0.25920079E+00  0.00000000E+00  0.00000000E+00  0.17067762E+09  0.00000000E+00  0.00000000E+00  0.00000000E+00  0.00000000E+00  0.00000000E+00  0.10000000E-01  0.10000000E+01
 0.16300200E-08  0.95423139E-02  0.00000000E+00  0.26090756E+00  0.00000000E+00  0.00000000E+00  0.17067762E+09  0.00000000E+00  0.00000000E+00  0.00000000E+00  0.00000000E+00  0.00000000E+00  0.10000000E-01  0.10000000E+01
 0.16400200E-08  0.95423139E-02  0.00000000E+00  0.26261434E+00  0.00000000E+00  0.00000000E+00  0.17067762E+09  0.00000000E+00  0.00000000E+00  0.00000000E+00  0.00000000E+00  0.00000000E+00  0.10000000E-01  0.10000000E+01
 0.16500200E-08  0.95423139E-02  0.00000000E+00  0.26432112E+00  0.00000000E+00  0.00000000E+00  0.17067762E+09  0.00000000E+00  0.00000000E+00  0.00000000E+00  0.00000000E+00  0.00000000E+00  0.10000000E-01  0.10000000E+01
 0.16600200E-08  0.95423139E-02  0.00000000E+00  0.26602789E+00  0.00000000E+00  0.00000000E+00  0.17067762E+09  0.00000000E+00  0.00000000E+00  0.00000000E+00  0.00000000E+00  0.00000000E+00  0.10000000E-01  0.10000000E+01
 0.16700200E-08  0.95423139E-02  0.00000000E+00  0.26773467E+00  0.00000000E+00  0.00000000E+00  0.17067762E+09  0.00000000E+00  0.00000000E+00  0.00000000E+00  0.00000000E+00  0.00000000E+00  0.10000000E-01  0.10000000E+01
 0.16800200E-08  0.95423139E-02  0.00000000E+00  0.26944144E+00  0.00000000E+00  0.00000000E+00  0.17067762E+09  0.00000000E+00  0.00000000E+00  0.00000000E+00  0.00000000E+00  0.00000000E+00  0.10000000E-01  0.10000000E+01
 0.16900200E-08  0.95423139E-02  0.00000000E+00  0.27114822E+00  0.00000000E+00  0.00000000E+00  0.17067762E+09  0.00000000E+00  0.00000000E+00  0.00000000E+00  0.00000000E+00  0.00000000E+00  0.10000000E-01  0.10000000E+01
 0.17000200E-08  0.95423139E-02  0.00000000E+00  0.27285500E+00  0.00000000E+00  0.00000000E+00  0.17067762E+09  0.00000000E+00  0.00000000E+00  0.00000000E+00  0.00000000E+00  0.00000000E+00  0.10000000E-01  0.10000000E+01
 0.17100200E-08  0.95423139E-02  0.00000000E+00  0.27456177E+00  0.00000000E+00  0.00000000E+00  0.17067762E+09  0.00000000E+00  0.00000000E+00  0.00000000E+00  0.00000000E+00  0.00000000E+00  0.10000000E-01  0.10000000E+01
 0.17200200E-08  0.95423139E-02  0.00000000E+00  0.27626855E+00  0.00000000E+00  0.00000000E+00  0.17067762E+09  0.00000000E+00  0.00000000E+00  0.00000000E+00  0.00000000E+00  0.00000000E+00  0.10000000E-01  0.10000000E+01
 0.17300200E-08  0.95423139E-02  0.00000000E+00  0.27797533E+00  0.00000000E+00  0.00000000E+00  0.17067762E+09  0.00000000E+00  0.00000000E+00  0.00000000E+00  0.00000000E+00  0.00000000E+00  0.10000000E-01  0.10000000E+01
 0.17400200E-08  0.95423139E-02  0.00000000E+00  0.27968210E+00  0.00000000E+00  0.00000000E+00  0.17067762E+09  0.00000000E+00  0.00000000E+00  0.00000000E+00  0.00000000E+00  0.00000000E+00  0.10000000E-01  0.10000000E+01
 0.17500200E-08  0.95423139E-02  0.00000000E+00  0.28138888E+00  0.00000000E+00  0.00000000E+00  0.17067762E+09  0.00000000E+00  0.00000000E+00  0.00000000E+00  0.00000000E+00  0.00000000E+00  0.10000000E-01  0.10000000E+01
 0.17600200E-08  0.95423139E-02  0.00000000E+00  0.28309565E+00  0.00000000E+00  0.00000000E+00  0.17067762E+09  0.00000000E+00  0.00000000E+00  0.00000000E+00  0.00000000E+00  0.00000000E+00  0.10000000E-01  0.10000000E+01
 0.17700200E-08  0.95423139E-02  0.00000000E+00  0.28480243E+00  0.00000000E+00  0.00000000E+00  0.17067762E+09  0.00000000E+00  0.00000000E+00  0.00000000E+00  0.00000000E+00  0.00000000E+00  0.10000000E-01  0.10000000E+01
 0.17800200E-08  0.95423139E-02  0.00000000E+00  0.28650921E+00  0.00000000E+00  0.00000000E+00  0.17067762E+09  0.00000000E+00  0.00000000E+00  0.00000000E+00  0.00000000E+00  0.00000000E+00  0.10000000E-01  0.10000000E+01
 0.17900200E-08  0.95423139E-02  0.00000000E+00  0.28821598E+00  0.00000000E+00  0.00000000E+00  0.17067762E+09  0.00000000E+00  0.00000000E+00  0.00000000E+00  0.00000000E+00  0.00000000E+00  0.10000000E-01  0.10000000E+01
 0.18000200E-08  0.95423139E-02  0.00000000E+00  0.28992276E+00  0.00000000E+00  0.00000000E+00  0.17067762E+09  0.00000000E+00  0.00000000E+00  0.00000000E+00  0.00000000E+00  0.00000000E+00  0.10000000E-01  0.10000000E+01
 0.18100200E-08  0.95423139E-02  0.00000000E+00  0.29162953E+00  0.00000000E+00  0.00000000E+00  0.17067762E+09  0.00000000E+00  0.00000000E+00  0.00000000E+00  0.00000000E+00  0.00000000E+00  0.10000000E-01  0.10000000E+01
 0.18200200E-08  0.95423139E-02  0.00000000E+00  0.29333631E+00  0.00000000E+00  0.00000000E+00  0.17067762E+09  0.00000000E+00  0.00000000E+00  0.00000000E+00  0.00000000E+00  0.00000000E+00  0.10000000E-01  0.10000000E+01
 0.18300200E-08  0.95423139E-02  0.00000000E+00  0.29504309E+00  0.00000000E+00  0.00000000E+00  0.17067762E+09  0.00000000E+00  0.00000000E+00  0.00000000E+00  0.00000000E+00  0.00000000E+00  0.10000000E-01  0.10000000E+01
 0.18400200E-08  0.95423139E-02  0.00000000E+00  0.29674986E+00  0.00000000E+00  0.00000000E+00  0.17067762E+09  0.00000000E+00  0.00000000E+00  0.00000000E+00  0.00000000E+00  0.00000000E+00  0.10000000E-01  0.10000000E+01
 0.18500200E-08  0.95423139E-02  0.00000000E+00  0.29845664E+00  0.00000000E+00  0.00000000E+00  0.17067762E+09  0.00000000E+00  0.00000000E+00  0.00000000E+00  0.00000000E+00  0.00000000E+00  0.10000000E-01  0.10000000E+01
 0.18600200E-08  0.95423139E-02  0.00000000E+00  0.30016342E+00  0.00000000E+00  0.00000000E+00  0.17067762E+09  0.00000000E+00  0.00000000E+00  0.00000000E+00  0.00000000E+00  0.00000000E+00  0.10000000E-01  0.10000000E+01
 0.18700200E-08  0.95423139E-02  0.00000000E+00  0.30187019E+00  0.00000000E+00  0.00000000E+00  0.17067762E+09  0.00000000E+00  0.00000000E+00  0.00000000E+00  0.00000000E+00  0.00000000E+00  0.10000000E-01  0.10000000E+01
 0.18800200E-08  0.95423139E-02  0.00000000E+00  0.30357697E+00  0.00000000E+00  0.00000000E+00  0.17067762E+09  0.00000000E+00  0.00000000E+00  0.00000000E+00  0.00000000E+00  0.00000000E+00  0.10000000E-01  0.10000000E+01
 0.18900200E-08  0.95423139E-02  0.00000000E+00  0.30528374E+00  0.00000000E+00  0.00000000E+00  0.17067762E+09  0.00000000E+00  0.00000000E+00  0.00000000E+00  0.00000000E+00  0.00000000E+00  0.10000000E-01  0.10000000E+01
 0.19000200E-08  0.95423139E-02  0.00000000E+00  0.30699052E+00  0.00000000E+00  0.00000000E+00  0.17067762E+09  0.00000000E+00  0.00000000E+00  0.00000000E+00  0.00000000E+00  0.00000000E+00  0.10000000E-01  0.10000000E+01
 0.19100200E-08  0.95423139E-02  0.00000000E+00  0.30869730E+00  0.00000000E+00  0.00000000E+00  0.17067762E+09  0.00000000E+00  0.00000000E+00  0.00000000E+00  0.00000000E+00  0.00000000E+00  0.10000000E-01  0.10000000E+01
 0.19200200E-08  0.95423139E-02  0.00000000E+00  0.31040407E+00  0.00000000E+00  0.00000000E+00  0.17067762E+09  0.00000000E+00  0.00000000E+00  0.00000000E+00  0.00000000E+00  0.00000000E+00  0.10000000E-01  0.10000000E+01
 0.19300200E-08  0.95423139E-02  0.00000000E+00  0.31211085E+00  0.00000000E+00  0.00000000E+00  0.17067762E+09  0.00000000E+00  0.00000000E+00  0.00000000E+00  0.00000000E+00  0.00000000E+00  0.10000000E-01  0.10000000E+01
 0.19400200E-08  0.95423139E-02  0.00000000E+00  0.31381763E+00  0.00000000E+00  0.00000000E+00  0.17067762E+09  0.00000000E+00  0.00000000E+00  0.00000000E+00  0.00000000E+00  0.00000000E+00  0.10000000E-01  0.10000000E+01
 0.19500200E-08  0.95423139E-02  0.00000000E+00  0.31552440E+00  0.00000000E+00  0.00000000E+00  0.17067762E+09  0.00000000E+00  0.00000000E+00  0.00000000E+00  0.00000000E+00  0.00000000E+00  0.10000000E-01  0.10000000E+01
 0.19600200E-08  0.95423139E-02  0.00000000E+00  0.31723118E+00  0.00000000E+00  0.00000000E+00  0.17067762E+09  0.00000000E+00  0.00000000E+00  0.00000000E+00  0.00000000E+00  0.00000000E+00  0.10000000E-01  0.10000000E+01
 0.19700200E-08  0.95423139E-02  0.00000000E+00  0.31893795E+00  0.00000000E+00  0.00000000E+00  0.17067762E+09  0.00000000E+00  0.00000000E+00  0.00000000E+00  0.00000000E+00  0.00000000E+00  0.10000000E-01  0.10000000E+01
 0.19800200E-08  0.95423139E-02  0.00000000E+00  0.32064473E+00  0.00000000E+00  0.00000000E+00  0.17067762E+09  0.00000000E+00  0.00000000E+00  0.00000000E+00  0.00000000E+00  0.00000000E+00  0.10000000E-01  0.10000000E+01
 0.19900200E-08  0.95423139E-02  0.00000000E+00  0.32235151E+00  0.00000000E+00  0.00000000E+00  0.17067762E+09  0.00000000E+00  0.00000000E+00  0.00000000E+00  0.00000000E+00  0.00000000E+00  0.10000000E-01  0.10000000E+01
