# ptime xp yp zp vx vy vz ex ey ez bx by bz wt
 0.20000000E-13  0.25157519E-02  0.00000000E+00 -0.17841725E-01  0.00000000E+00  0.00000000E+00  0.16977429E+09  0.00000000E+00  0.00000000E+00  0.00000000E+00  0.00000000E+00  0.00000000E+00  0.10000000E-01  0.10000000E+01
 0.10000000E-10  0.25157519E-02  0.00000000E+00 -0.16147378E-01  0.00000000E+00  0.00000000E+00  0.16977429E+09  0.00000000E+00  0.00000000E+00  0.00000000E+00  0.00000000E+00  0.00000000E+00  0.10000000E-01  0.10000000E+01
 0.20000000E-10  0.25157519E-02  0.00000000E+00 -0.14449635E-01  0.00000000E+00  0.00000000E+00  0.16977429E+09  0.00000000E+00  0.00000000E+00  0.00000000E+00  0.00000000E+00  0.00000000E+00  0.10000000E-01  0.10000000E+01
 0.30000000E-10  0.25157519E-02  0.00000000E+00 -0.12751892E-01  0.00000000E+00  0.00000000E+00  0.16977429E+09  0.00000000E+00  0.00000000E+00  0.00000000E+00  0.00000000E+00  0.00000000E+00  0.10000000E-01  0.10000000E+01
 0.40020000E-10  0.25157519E-02  0.00000000E+00 -0.11050754E-01  0.00000000E+00  0.00000000E+00  0.16977429E+09  0.00000000E+00  0.00000000E+00  0.00000000E+00  0.00000000E+00  0.00000000E+00  0.10000000E-01  0.10000000E+01
 0.50020000E-10  0.25157519E-02  0.00000000E+00 -0.93530108E-02  0.00000000E+00  0.00000000E+00  0.16977429E+09  0.00000000E+00  0.00000000E+00  0.00000000E+00  0.00000000E+00  0.00000000E+00  0.10000000E-01  0.10000000E+01
 0.60020000E-10  0.25157519E-02  0.00000000E+00 -0.76552679E-02  0.00000000E+00  0.00000000E+00  0.16977429E+09  0.00000000E+00  0.00000000E+00  0.00000000E+00  0.00000000E+00  0.00000000E+00  0.10000000E-01  0.10000000E+01
 0.70020000E-10  0.25157519E-02  0.00000000E+00 -0.59575251E-02  0.00000000E+00  0.00000000E+00  0.16977429E+09  0.00000000E+00  0.00000000E+00  0.00000000E+00  0.00000000E+00  0.00000000E+00  0.10000000E-01  0.10000000E+01
 0.80000000E-10  0.25157519E-02  0.00000000E+00 -0.42631777E-02  0.00000000E+00  0.00000000E+00  0.16977429E+09  0.00000000E+00  0.00000000E+00  0.00000000E+00  0.00000000E+00  0.00000000E+00  0.10000000E-01  0.10000000E+01
 0.90000000E-10  0.25157519E-02  0.00000000E+00 -0.25654348E-02  0.00000000E+00  0.00000000E+00  0.16977429E+09  0.00000000E+00  0.00000000E+00  0.00000000E+00  0.00000000E+00  0.00000000E+00  0.10000000E-01  0.10000000E+01
 0.10000000E-09  0.25157519E-02  0.00000000E+00 -0.86769190E-03  0.00000000E+00  0.00000000E+00  0.16977429E+09  0.00000000E+00  0.00000000E+00  0.00000000E+00  0.00000000E+00  0.00000000E+00  0.10000000E-01  0.10000000E+01
 0.11000000E-09  0.25157519E-02  0.00000000E+00  0.83005098E-03  0.00000000E+00  0.00000000E+00  0.16977429E+09  0.00000000E+00  0.00000000E+00  0.00000000E+00  0.00000000E+00  0.00000000E+00  0.10000000E-01  0.10000000E+01
 0.12000000E-09  0.25157519E-02  0.00000000E+00  0.25277939E-02  0.00000000E+00  0.00000000E+00  0.16977429E+09  0.00000000E+00  0.00000000E+00  0.00000000E+00  0.00000000E+00  0.00000000E+00  0.10000000E-01  0.10000000E+01
 0.13000000E-09  0.25157519E-02  0.00000000E+00  0.42255367E-02  0.00000000E+00  0.00000000E+00  0.16977429E+09  0.00000000E+00  0.00000000E+00  0.00000000E+00  0.00000000E+00  0.00000000E+00  0.10000000E-01  0.10000000E+01
 0.14002000E-09  0.25157519E-02  0.00000000E+00  0.59266751E-02  0.00000000E+00  0.00000000E+00  0.16977429E+09  0.00000000E+00  0.00000000E+00  0.00000000E+00  0.00000000E+00  0.00000000E+00  0.10000000E-01  0.10000000E+01
 0.15002000E-09  0.25157519E-02  0.00000000E+00  0.76244180E-02  0.00000000E+00  0.00000000E+00  0.16977429E+09  0.00000000E+00  0.00000000E+00  0.00000000E+00  0.00000000E+00  0.00000000E+00  0.10000000E-01  0.10000000E+01
 0.16002000E-09  0.25157519E-02  0.00000000E+00  0.93221609E-02  0.00000000E+00  0.00000000E+00  0.16977429E+09  0.00000000E+00  0.00000000E+00  0.00000000E+00  0.00000000E+00  0.00000000E+00  0.10000000E-01  0.10000000E+01
 0.17002000E-09  0.25157519E-02  0.00000000E+00  0.11019904E-01  0.00000000E+00  0.00000000E+00  0.16977429E+09  0.00000000E+00  0.00000000E+00  0.00000000E+00  0.00000000E+00  0.00000000E+00  0.10000000E-01  0.10000000E+01
 0.18002000E-09  0.25157519E-02  0.00000000E+00  0.12717647E-01  0.00000000E+00  0.00000000E+00  0.16977429E+09  0.00000000E+00  0.00000000E+00  0.00000000E+00  0.00000000E+00  0.00000000E+00  0.10000000E-01  0.10000000E+01
 0.19002000E-09  0.25157519E-02  0.00000000E+00  0.14415390E-01  0.00000000E+00  0.00000000E+00  0.16977429E+09  0.00000000E+00  0.00000000E+00  0.00000000E+00  0.00000000E+00  0.00000000E+00  0.10000000E-01  0.10000000E+01
 0.20002000E-09  0.25157519E-02  0.00000000E+00  0.16113132E-01  0.00000000E+00  0.00000000E+00  0.16977429E+09  0.00000000E+00  0.00000000E+00  0.00000000E+00  0.00000000E+00  0.00000000E+00  0.10000000E-01  0.10000000E+01
 0.21002000E-09  0.25157519E-02  0.00000000E+00  0.17810875E-01  0.00000000E+00  0.00000000E+00  0.16977429E+09  0.00000000E+00  0.00000000E+00  0.00000000E+00  0.00000000E+00  0.00000000E+00  0.10000000E-01  0.10000000E+01
 0.22002000E-09  0.25157519E-02  0.00000000E+00  0.19508618E-01  0.00000000E+00  0.00000000E+00  0.16977429E+09  0.00000000E+00  0.00000000E+00  0.00000000E+00  0.00000000E+00  0.00000000E+00  0.10000000E-01  0.10000000E+01
 0.23002000E-09  0.25157519E-02  0.00000000E+00  0.21206361E-01  0.00000000E+00  0.00000000E+00  0.16977429E+09  0.00000000E+00  0.00000000E+00  0.00000000E+00  0.00000000E+00  0.00000000E+00  0.10000000E-01  0.10000000E+01
 0.24002000E-09  0.25157519E-02  0.00000000E+00  0.22904104E-01  0.00000000E+00  0.00000000E+00  0.16977429E+09  0.00000000E+00  0.00000000E+00  0.00000000E+00  0.00000000E+00  0.00000000E+00  0.10000000E-01  0.10000000E+01
 0.25002000E-09  0.25157519E-02  0.00000000E+00  0.24601847E-01  0.00000000E+00  0.00000000E+00  0.16977429E+09  0.00000000E+00  0.00000000E+00  0.00000000E+00  0.00000000E+00  0.00000000E+00  0.10000000E-01  0.10000000E+01
 0.26002000E-09  0.25157519E-02  0.00000000E+00  0.26299590E-01  0.00000000E+00  0.00000000E+00  0.16977429E+09  0.00000000E+00  0.00000000E+00  0.00000000E+00  0.00000000E+00  0.00000000E+00  0.10000000E-01  0.10000000E+01
 0.27002000E-09  0.25157519E-02  0.00000000E+00  0.27997333E-01  0.00000000E+00  0.00000000E+00  0.16977429E+09  0.00000000E+00  0.00000000E+00  0.00000000E+00  0.00000000E+00  0.00000000E+00  0.10000000E-01  0.10000000E+01
 0.28002000E-09  0.25157519E-02  0.00000000E+00  0.29695075E-01  0.00000000E+00  0.00000000E+00  0.16977429E+09  0.00000000E+00  0.00000000E+00  0.00000000E+00  0.00000000E+00  0.00000000E+00  0.10000000E-01  0.10000000E+01
 0.29002000E-09  0.25157519E-02  0.00000000E+00  0.31392818E-01  0.00000000E+00  0.00000000E+00  0.16977429E+09  0.00000000E+00  0.00000000E+00  0.00000000E+00  0.00000000E+00  0.00000000E+00  0.10000000E-01  0.10000000E+01
 0.30000000E-09  0.25157519E-02  0.00000000E+00  0.33087166E-01  0.00000000E+00  0.00000000E+00  0.16977429E+09  0.00000000E+00  0.00000000E+00  0.00000000E+00  0.00000000E+00  0.00000000E+00  0.10000000E-01  0.10000000E+01
 0.31000000E-09  0.25157519E-02  0.00000000E+00  0.34784909E-01  0.00000000E+00  0.00000000E+00  0.16977429E+09  0.00000000E+00  0.00000000E+00  0.00000000E+00  0.00000000E+00  0.00000000E+00  0.10000000E-01  0.10000000E+01
 0.32000000E-09  0.25157519E-02  0.00000000E+00  0.36482651E-01  0.00000000E+00  0.00000000E+00  0.16977429E+09  0.00000000E+00  0.00000000E+00  0.00000000E+00  0.00000000E+00  0.00000000E+00  0.10000000E-01  0.10000000E+01
 0.33000000E-09  0.25157519E-02  0.00000000E+00  0.38180394E-01  0.00000000E+00  0.00000000E+00  0.16977429E+09  0.00000000E+00  0.00000000E+00  0.00000000E+00  0.00000000E+00  0.00000000E+00  0.10000000E-01  0.10000000E+01
 0.34000000E-09  0.25157519E-02  0.00000000E+00  0.39878137E-01  0.00000000E+00  0.00000000E+00  0.16977429E+09  0.00000000E+00  0.00000000E+00  0.00000000E+00  0.00000000E+00  0.00000000E+00  0.10000000E-01  0.10000000E+01
 0.35000000E-09  0.25157519E-02  0.00000000E+00  0.41575880E-01  0.00000000E+00  0.00000000E+00  0.16977429E+09  0.00000000E+00  0.00000000E+00  0.00000000E+00  0.00000000E+00  0.00000000E+00  0.10000000E-01  0.10000000E+01
 0.36000000E-09  0.25157519E-02  0.00000000E+00  0.43273623E-01  0.00000000E+00  0.00000000E+00  0.16977429E+09  0.00000000E+00  0.00000000E+00  0.00000000E+00  0.00000000E+00  0.00000000E+00  0.10000000E-01  0.10000000E+01
 0.37000000E-09  0.25157519E-02  0.00000000E+00  0.44971366E-01  0.00000000E+00  0.00000000E+00  0.16977429E+09  0.00000000E+00  0.00000000E+00  0.00000000E+00  0.00000000E+00  0.00000000E+00  0.10000000E-01  0.10000000E+01
 0.38000000E-09  0.25157519E-02  0.00000000E+00  0.46669109E-01  0.00000000E+00  0.00000000E+00  0.16977429E+09  0.00000000E+00  0.00000000E+00  0.00000000E+00  0.00000000E+00  0.00000000E+00  0.10000000E-01  0.10000000E+01
 0.39000000E-09  0.25157519E-02  0.00000000E+00  0.48366852E-01  0.00000000E+00  0.00000000E+00  0.16977429E+09  0.00000000E+00  0.00000000E+00  0.00000000E+00  0.00000000E+00  0.00000000E+00  0.10000000E-01  0.10000000E+01
 0.40000000E-09  0.25157519E-02  0.00000000E+00  0.50064594E-01  0.00000000E+00  0.00000000E+00  0.16977429E+09  0.00000000E+00  0.00000000E+00  0.00000000E+00  0.00000000E+00  0.00000000E+00  0.10000000E-01  0.10000000E+01
 0.41000000E-09  0.25157519E-02  0.00000000E+00  0.51762337E-01  0.00000000E+00  0.00000000E+00  0.16977429E+09  0.00000000E+00  0.00000000E+00  0.00000000E+00  0.00000000E+00  0.00000000E+00  0.10000000E-01  0.10000000E+01
 0.42000000E-09  0.25157519E-02  0.00000000E+00  0.53460080E-01  0.00000000E+00  0.00000000E+00  0.16977429E+09  0.00000000E+00  0.00000000E+00  0.00000000E+00  0.00000000E+00  0.00000000E+00  0.10000000E-01  0.10000000E+01
 0.43000000E-09  0.25157519E-02  0.00000000E+00  0.55157823E-01  0.00000000E+00  0.00000000E+00  0.16977429E+09  0.00000000E+00  0.00000000E+00  0.00000000E+00  0.00000000E+00  0.00000000E+00  0.10000000E-01  0.10000000E+01
 0.44000000E-09  0.25157519E-02  0.00000000E+00  0.56855566E-01  0.00000000E+00  0.00000000E+00  0.16977429E+09  0.00000000E+00  0.00000000E+00  0.00000000E+00  0.00000000E+00  0.00000000E+00  0.10000000E-01  0.10000000E+01
 0.45000000E-09  0.25157519E-02  0.00000000E+00  0.58553309E-01  0.00000000E+00  0.00000000E+00  0.16977429E+09  0.00000000E+00  0.00000000E+00  0.00000000E+00  0.00000000E+00  0.00000000E+00  0.10000000E-01  0.10000000E+01
 0.46000000E-09  0.25157519E-02  0.00000000E+00  0.60251052E-01  0.00000000E+00  0.00000000E+00  0.16977429E+09  0.00000000E+00  0.00000000E+00  0.00000000E+00  0.00000000E+00  0.00000000E+00  0.10000000E-01  0.10000000E+01
 0.47000000E-09  0.25157519E-02  0.00000000E+00  0.61948795E-01  0.00000000E+00  0.00000000E+00  0.16977429E+09  0.00000000E+00  0.00000000E+00  0.00000000E+00  0.00000000E+00  0.00000000E+00  0.10000000E-01  0.10000000E+01
 0.48000000E-09  0.25157519E-02  0.00000000E+00  0.63646538E-01  0.00000000E+00  0.00000000E+00  0.16977429E+09  0.00000000E+00  0.00000000E+00  0.00000000E+00  0.00000000E+00  0.00000000E+00  0.10000000E-01  0.10000000E+01
 0.49000000E-09  0.25157519E-02  0.00000000E+00  0.65344280E-01  0.00000000E+00  0.00000000E+00  0.16977429E+09  0.00000000E+00  0.00000000E+00  0.00000000E+00  0.00000000E+00  0.00000000E+00  0.10000000E-01  0.10000000E+01
 0.50000000E-09  0.25157519E-02  0.00000000E+00  0.67042023E-01  0.00000000E+00  0.00000000E+00  0.16977429E+09  0.00000000E+00  0.00000000E+00  0.00000000E+00  0.00000000E+00  0.00000000E+00  0.10000000E-01  0.10000000E+01
 0.51000000E-09  0.25157519E-02  0.00000000E+00  0.68739766E-01  0.00000000E+00  0.00000000E+00  0.16977429E+09  0.00000000E+00  0.00000000E+00  0.00000000E+00  0.00000000E+00  0.00000000E+00  0.10000000E-01  0.10000000E+01
 0.52000000E-09  0.25157519E-02  0.00000000E+00  0.70437509E-01  0.00000000E+00  0.00000000E+00  0.16977429E+09  0.00000000E+00  0.00000000E+00  0.00000000E+00  0.00000000E+00  0.00000000E+00  0.10000000E-01  0.10000000E+01
 0.53000000E-09  0.25157519E-02  0.00000000E+00  0.72135252E-01  0.00000000E+00  0.00000000E+00  0.16977429E+09  0.00000000E+00  0.00000000E+00  0.00000000E+00  0.00000000E+00  0.00000000E+00  0.10000000E-01  0.10000000E+01
 0.54000000E-09  0.25157519E-02  0.00000000E+00  0.73832995E-01  0.00000000E+00  0.00000000E+00  0.16977429E+09  0.00000000E+00  0.00000000E+00  0.00000000E+00  0.00000000E+00  0.00000000E+00  0.10000000E-01  0.10000000E+01
 0.55002000E-09  0.25157519E-02  0.00000000E+00  0.75534133E-01  0.00000000E+00  0.00000000E+00  0.16977429E+09  0.00000000E+00  0.00000000E+00  0.00000000E+00  0.00000000E+00  0.00000000E+00  0.10000000E-01  0.10000000E+01
 0.56002000E-09  0.25157519E-02  0.00000000E+00  0.77231876E-01  0.00000000E+00  0.00000000E+00  0.16977429E+09  0.00000000E+00  0.00000000E+00  0.00000000E+00  0.00000000E+00  0.00000000E+00  0.10000000E-01  0.10000000E+01
 0.57002000E-09  0.25157519E-02  0.00000000E+00  0.78929619E-01  0.00000000E+00  0.00000000E+00  0.16977429E+09  0.00000000E+00  0.00000000E+00  0.00000000E+00  0.00000000E+00  0.00000000E+00  0.10000000E-01  0.10000000E+01
 0.58002000E-09  0.25157519E-02  0.00000000E+00  0.80627362E-01  0.00000000E+00  0.00000000E+00  0.16977429E+09  0.00000000E+00  0.00000000E+00  0.00000000E+00  0.00000000E+00  0.00000000E+00  0.10000000E-01  0.10000000E+01
 0.59002000E-09  0.25157519E-02  0.00000000E+00  0.82325105E-01  0.00000000E+00  0.00000000E+00  0.16977429E+09  0.00000000E+00  0.00000000E+00  0.00000000E+00  0.00000000E+00  0.00000000E+00  0.10000000E-01  0.10000000E+01
 0.60002000E-09  0.25157519E-02  0.00000000E+00  0.84022848E-01  0.00000000E+00  0.00000000E+00  0.16977429E+09  0.00000000E+00  0.00000000E+00  0.00000000E+00  0.00000000E+00  0.00000000E+00  0.10000000E-01  0.10000000E+01
 0.61002000E-09  0.25157519E-02  0.00000000E+00  0.85720590E-01  0.00000000E+00  0.00000000E+00  0.16977429E+09  0.00000000E+00  0.00000000E+00  0.00000000E+00  0.00000000E+00  0.00000000E+00  0.10000000E-01  0.10000000E+01
 0.62002000E-09  0.25157519E-02  0.00000000E+00  0.87418333E-01  0.00000000E+00  0.00000000E+00  0.16977429E+09  0.00000000E+00  0.00000000E+00  0.00000000E+00  0.00000000E+00  0.00000000E+00  0.10000000E-01  0.10000000E+01
 0.63002000E-09  0.25157519E-02  0.00000000E+00  0.89116076E-01  0.00000000E+00  0.00000000E+00  0.16977429E+09  0.00000000E+00  0.00000000E+00  0.00000000E+00  0.00000000E+00  0.00000000E+00  0.10000000E-01  0.10000000E+01
 0.64002000E-09  0.25157519E-02  0.00000000E+00  0.90813819E-01  0.00000000E+00  0.00000000E+00  0.16977429E+09  0.00000000E+00  0.00000000E+00  0.00000000E+00  0.00000000E+00  0.00000000E+00  0.10000000E-01  0.10000000E+01
 0.65002000E-09  0.25157519E-02  0.00000000E+00  0.92511562E-01  0.00000000E+00  0.00000000E+00  0.16977429E+09  0.00000000E+00  0.00000000E+00  0.00000000E+00  0.00000000E+00  0.00000000E+00  0.10000000E-01  0.10000000E+01
 0.66002000E-09  0.25157519E-02  0.00000000E+00  0.94209305E-01  0.00000000E+00  0.00000000E+00  0.16977429E+09  0.00000000E+00  0.00000000E+00  0.00000000E+00  0.00000000E+00  0.00000000E+00  0.10000000E-01  0.10000000E+01
 0.67002000E-09  0.25157519E-02  0.00000000E+00  0.95907048E-01  0.00000000E+00  0.00000000E+00  0.16977429E+09  0.00000000E+00  0.00000000E+00  0.00000000E+00  0.00000000E+00  0.00000000E+00  0.10000000E-01  0.10000000E+01
 0.68002000E-09  0.25157519E-02  0.00000000E+00  0.97604791E-01  0.00000000E+00  0.00000000E+00  0.16977429E+09  0.00000000E+00  0.00000000E+00  0.00000000E+00  0.00000000E+00  0.00000000E+00  0.10000000E-01  0.10000000E+01
 0.69002000E-09  0.25157519E-02  0.00000000E+00  0.99302534E-01  0.00000000E+00  0.00000000E+00  0.16977429E+09  0.00000000E+00  0.00000000E+00  0.00000000E+00  0.00000000E+00  0.00000000E+00  0.10000000E-01  0.10000000E+01
 0.70002000E-09  0.25157519E-02  0.00000000E+00  0.10100028E+00  0.00000000E+00  0.00000000E+00  0.16977429E+09  0.00000000E+00  0.00000000E+00  0.00000000E+00  0.00000000E+00  0.00000000E+00  0.10000000E-01  0.10000000E+01
 0.71002000E-09  0.25157519E-02  0.00000000E+00  0.10269802E+00  0.00000000E+00  0.00000000E+00  0.16977429E+09  0.00000000E+00  0.00000000E+00  0.00000000E+00  0.00000000E+00  0.00000000E+00  0.10000000E-01  0.10000000E+01
 0.72002000E-09  0.25157519E-02  0.00000000E+00  0.10439576E+00  0.00000000E+00  0.00000000E+00  0.16977429E+09  0.00000000E+00  0.00000000E+00  0.00000000E+00  0.00000000E+00  0.00000000E+00  0.10000000E-01  0.10000000E+01
 0.73002000E-09  0.25157519E-02  0.00000000E+00  0.10609351E+00  0.00000000E+00  0.00000000E+00  0.16977429E+09  0.00000000E+00  0.00000000E+00  0.00000000E+00  0.00000000E+00  0.00000000E+00  0.10000000E-01  0.10000000E+01
 0.74002000E-09  0.25157519E-02  0.00000000E+00  0.10779125E+00  0.00000000E+00  0.00000000E+00  0.16977429E+09  0.00000000E+00  0.00000000E+00  0.00000000E+00  0.00000000E+00  0.00000000E+00  0.10000000E-01  0.10000000E+01
 0.75002000E-09  0.25157519E-02  0.00000000E+00  0.10948899E+00  0.00000000E+00  0.00000000E+00  0.16977429E+09  0.00000000E+00  0.00000000E+00  0.00000000E+00  0.00000000E+00  0.00000000E+00  0.10000000E-01  0.10000000E+01
 0.76002000E-09  0.25157519E-02  0.00000000E+00  0.11118673E+00  0.00000000E+00  0.00000000E+00  0.16977429E+09  0.00000000E+00  0.00000000E+00  0.00000000E+00  0.00000000E+00  0.00000000E+00  0.10000000E-01  0.10000000E+01
 0.77002000E-09  0.25157519E-02  0.00000000E+00  0.11288448E+00  0.00000000E+00  0.00000000E+00  0.16977429E+09  0.00000000E+00  0.00000000E+00  0.00000000E+00  0.00000000E+00  0.00000000E+00  0.10000000E-01  0.10000000E+01
 0.78002000E-09  0.25157519E-02  0.00000000E+00  0.11458222E+00  0.00000000E+00  0.00000000E+00  0.16977429E+09  0.00000000E+00  0.00000000E+00  0.00000000E+00  0.00000000E+00  0.00000000E+00  0.10000000E-01  0.10000000E+01
 0.79002000E-09  0.25157519E-02  0.00000000E+00  0.11627996E+00  0.00000000E+00  0.00000000E+00  0.16977429E+09  0.00000000E+00  0.00000000E+00  0.00000000E+00  0.00000000E+00  0.00000000E+00  0.10000000E-01  0.10000000E+01
 0.80002000E-09  0.25157519E-02  0.00000000E+00  0.11797771E+00  0.00000000E+00  0.00000000E+00  0.16977429E+09  0.00000000E+00  0.00000000E+00  0.00000000E+00  0.00000000E+00  0.00000000E+00  0.10000000E-01  0.10000000E+01
 0.81002000E-09  0.25157519E-02  0.00000000E+00  0.11967545E+00  0.00000000E+00  0.00000000E+00  0.16977429E+09  0.00000000E+00  0.00000000E+00  0.00000000E+00  0.00000000E+00  0.00000000E+00  0.10000000E-01  0.10000000E+01
 0.82002000E-09  0.25157519E-02  0.00000000E+00  0.12137319E+00  0.00000000E+00  0.00000000E+00  0.16977429E+09  0.00000000E+00  0.00000000E+00  0.00000000E+00  0.00000000E+00  0.00000000E+00  0.10000000E-01  0.10000000E+01
 0.83002000E-09  0.25157519E-02  0.00000000E+00  0.12307093E+00  0.00000000E+00  0.00000000E+00  0.16977429E+09  0.00000000E+00  0.00000000E+00  0.00000000E+00  0.00000000E+00  0.00000000E+00  0.10000000E-01  0.10000000E+01
 0.84002000E-09  0.25157519E-02  0.00000000E+00  0.12476868E+00  0.00000000E+00  0.00000000E+00  0.16977429E+09  0.00000000E+00  0.00000000E+00  0.00000000E+00  0.00000000E+00  0.00000000E+00  0.10000000E-01  0.10000000E+01
 0.85002000E-09  0.25157519E-02  0.00000000E+00  0.12646642E+00  0.00000000E+00  0.00000000E+00  0.16977429E+09  0.00000000E+00  0.00000000E+00  0.00000000E+00  0.00000000E+00  0.00000000E+00  0.10000000E-01  0.10000000E+01
 0.86002000E-09  0.25157519E-02  0.00000000E+00  0.12816416E+00  0.00000000E+00  0.00000000E+00  0.16977429E+09  0.00000000E+00  0.00000000E+00  0.00000000E+00  0.00000000E+00  0.00000000E+00  0.10000000E-01  0.10000000E+01
 0.87002000E-09  0.25157519E-02  0.00000000E+00  0.12986191E+00  0.00000000E+00  0.00000000E+00  0.16977429E+09  0.00000000E+00  0.00000000E+00  0.00000000E+00  0.00000000E+00  0.00000000E+00  0.10000000E-01  0.10000000E+01
 0.88002000E-09  0.25157519E-02  0.00000000E+00  0.13155965E+00  0.00000000E+00  0.00000000E+00  0.16977429E+09  0.00000000E+00  0.00000000E+00  0.00000000E+00  0.00000000E+00  0.00000000E+00  0.10000000E-01  0.10000000E+01
 0.89002000E-09  0.25157519E-02  0.00000000E+00  0.13325739E+00  0.00000000E+00  0.00000000E+00  0.16977429E+09  0.00000000E+00  0.00000000E+00  0.00000000E+00  0.00000000E+00  0.00000000E+00  0.10000000E-01  0.10000000E+01
 0.90002000E-09  0.25157519E-02  0.00000000E+00  0.13495513E+00  0.00000000E+00  0.00000000E+00  0.16977429E+09  0.00000000E+00  0.00000000E+00  0.00000000E+00  0.00000000E+00  0.00000000E+00  0.10000000E-01  0.10000000E+01
 0.91002000E-09  0.25157519E-02  0.00000000E+00  0.13665288E+00  0.00000000E+00  0.00000000E+00  0.16977429E+09  0.00000000E+00  0.00000000E+00  0.00000000E+00  0.00000000E+00  0.00000000E+00  0.10000000E-01  0.10000000E+01
 0.92002000E-09  0.25157519E-02  0.00000000E+00  0.13835062E+00  0.00000000E+00  0.00000000E+00  0.16977429E+09  0.00000000E+00  0.00000000E+00  0.00000000E+00  0.00000000E+00  0.00000000E+00  0.10000000E-01  0.10000000E+01
 0.93002000E-09  0.25157519E-02  0.00000000E+00  0.14004836E+00  0.00000000E+00  0.00000000E+00  0.16977429E+09  0.00000000E+00  0.00000000E+00  0.00000000E+00  0.00000000E+00  0.00000000E+00  0.10000000E-01  0.10000000E+01
 0.94002000E-09  0.25157519E-02  0.00000000E+00  0.14174611E+00  0.00000000E+00  0.00000000E+00  0.16977429E+09  0.00000000E+00  0.00000000E+00  0.00000000E+00  0.00000000E+00  0.00000000E+00  0.10000000E-01  0.10000000E+01
 0.95002000E-09  0.25157519E-02  0.00000000E+00  0.14344385E+00  0.00000000E+00  0.00000000E+00  0.16977429E+09  0.00000000E+00  0.00000000E+00  0.00000000E+00  0.00000000E+00  0.00000000E+00  0.10000000E-01  0.10000000E+01
 0.96002000E-09  0.25157519E-02  0.00000000E+00  0.14514159E+00  0.00000000E+00  0.00000000E+00  0.16977429E+09  0.00000000E+00  0.00000000E+00  0.00000000E+00  0.00000000E+00  0.00000000E+00  0.10000000E-01  0.10000000E+01
 0.97002000E-09  0.25157519E-02  0.00000000E+00  0.14683933E+00  0.00000000E+00  0.00000000E+00  0.16977429E+09  0.00000000E+00  0.00000000E+00  0.00000000E+00  0.00000000E+00  0.00000000E+00  0.10000000E-01  0.10000000E+01
 0.98002000E-09  0.25157519E-02  0.00000000E+00  0.14853708E+00  0.00000000E+00  0.00000000E+00  0.16977429E+09  0.00000000E+00  0.00000000E+00  0.00000000E+00  0.00000000E+00  0.00000000E+00  0.10000000E-01  0.10000000E+01
 0.99002000E-09  0.25157519E-02  0.00000000E+00  0.15023482E+00  0.00000000E+00  0.00000000E+00  0.16977429E+09  0.00000000E+00  0.00000000E+00  0.00000000E+00  0.00000000E+00  0.00000000E+00  0.10000000E-01  0.10000000E+01
 0.10000200E-08  0.25157519E-02  0.00000000E+00  0.15193256E+00  0.00000000E+00  0.00000000E+00  0.16977429E+09  0.00000000E+00  0.00000000E+00  0.00000000E+00  0.00000000E+00  0.00000000E+00  0.10000000E-01  0.10000000E+01
 0.10100200E-08  0.25157519E-02  0.00000000E+00  0.15363031E+00  0.00000000E+00  0.00000000E+00  0.16977429E+09  0.00000000E+00  0.00000000E+00  0.00000000E+00  0.00000000E+00  0.00000000E+00  0.10000000E-01  0.10000000E+01
 0.10200200E-08  0.25157519E-02  0.00000000E+00  0.15532805E+00  0.00000000E+00  0.00000000E+00  0.16977429E+09  0.00000000E+00  0.00000000E+00  0.00000000E+00  0.00000000E+00  0.00000000E+00  0.10000000E-01  0.10000000E+01
 0.10300200E-08  0.25157519E-02  0.00000000E+00  0.15702579E+00  0.00000000E+00  0.00000000E+00  0.16977429E+09  0.00000000E+00  0.00000000E+00  0.00000000E+00  0.00000000E+00  0.00000000E+00  0.10000000E-01  0.10000000E+01
 0.10400200E-08  0.25157519E-02  0.00000000E+00  0.15872353E+00  0.00000000E+00  0.00000000E+00  0.16977429E+09  0.00000000E+00  0.00000000E+00  0.00000000E+00  0.00000000E+00  0.00000000E+00  0.10000000E-01  0.10000000E+01
 0.10500200E-08  0.25157519E-02  0.00000000E+00  0.16042128E+00  0.00000000E+00  0.00000000E+00  0.16977429E+09  0.00000000E+00  0.00000000E+00  0.00000000E+00  0.00000000E+00  0.00000000E+00  0.10000000E-01  0.10000000E+01
 0.10600200E-08  0.25157519E-02  0.00000000E+00  0.16211902E+00  0.00000000E+00  0.00000000E+00  0.16977429E+09  0.00000000E+00  0.00000000E+00  0.00000000E+00  0.00000000E+00  0.00000000E+00  0.10000000E-01  0.10000000E+01
 0.10700200E-08  0.25157519E-02  0.00000000E+00  0.16381676E+00  0.00000000E+00  0.00000000E+00  0.16977429E+09  0.00000000E+00  0.00000000E+00  0.00000000E+00  0.00000000E+00  0.00000000E+00  0.10000000E-01  0.10000000E+01
 0.10800200E-08  0.25157519E-02  0.00000000E+00  0.16551451E+00  0.00000000E+00  0.00000000E+00  0.16977429E+09  0.00000000E+00  0.00000000E+00  0.00000000E+00  0.00000000E+00  0.00000000E+00  0.10000000E-01  0.10000000E+01
 0.10900200E-08  0.25157519E-02  0.00000000E+00  0.16721225E+00  0.00000000E+00  0.00000000E+00  0.16977429E+09  0.00000000E+00  0.00000000E+00  0.00000000E+00  0.00000000E+00  0.00000000E+00  0.10000000E-01  0.10000000E+01
 0.11000200E-08  0.25157519E-02  0.00000000E+00  0.16890999E+00  0.00000000E+00  0.00000000E+00  0.16977429E+09  0.00000000E+00  0.00000000E+00  0.00000000E+00  0.00000000E+00  0.00000000E+00  0.10000000E-01  0.10000000E+01
 0.11100200E-08  0.25157519E-02  0.00000000E+00  0.17060773E+00  0.00000000E+00  0.00000000E+00  0.16977429E+09  0.00000000E+00  0.00000000E+00  0.00000000E+00  0.00000000E+00  0.00000000E+00  0.10000000E-01  0.10000000E+01
 0.11200200E-08  0.25157519E-02  0.00000000E+00  0.17230548E+00  0.00000000E+00  0.00000000E+00  0.16977429E+09  0.00000000E+00  0.00000000E+00  0.00000000E+00  0.00000000E+00  0.00000000E+00  0.10000000E-01  0.10000000E+01
 0.11300200E-08  0.25157519E-02  0.00000000E+00  0.17400322E+00  0.00000000E+00  0.00000000E+00  0.16977429E+09  0.00000000E+00  0.00000000E+00  0.00000000E+00  0.00000000E+00  0.00000000E+00  0.10000000E-01  0.10000000E+01
 0.11400200E-08  0.25157519E-02  0.00000000E+00  0.17570096E+00  0.00000000E+00  0.00000000E+00  0.16977429E+09  0.00000000E+00  0.00000000E+00  0.00000000E+00  0.00000000E+00  0.00000000E+00  0.10000000E-01  0.10000000E+01
 0.11500200E-08  0.25157519E-02  0.00000000E+00  0.17739871E+00  0.00000000E+00  0.00000000E+00  0.16977429E+09  0.00000000E+00  0.00000000E+00  0.00000000E+00  0.00000000E+00  0.00000000E+00  0.10000000E-01  0.10000000E+01
 0.11600200E-08  0.25157519E-02  0.00000000E+00  0.17909645E+00  0.00000000E+00  0.00000000E+00  0.16977429E+09  0.00000000E+00  0.00000000E+00  0.00000000E+00  0.00000000E+00  0.00000000E+00  0.10000000E-01  0.10000000E+01
 0.11700200E-08  0.25157519E-02  0.00000000E+00  0.18079419E+00  0.00000000E+00  0.00000000E+00  0.16977429E+09  0.00000000E+00  0.00000000E+00  0.00000000E+00  0.00000000E+00  0.00000000E+00  0.10000000E-01  0.10000000E+01
 0.11800200E-08  0.25157519E-02  0.00000000E+00  0.18249193E+00  0.00000000E+00  0.00000000E+00  0.16977429E+09  0.00000000E+00  0.00000000E+00  0.00000000E+00  0.00000000E+00  0.00000000E+00  0.10000000E-01  0.10000000E+01
 0.11900200E-08  0.25157519E-02  0.00000000E+00  0.18418968E+00  0.00000000E+00  0.00000000E+00  0.16977429E+09  0.00000000E+00  0.00000000E+00  0.00000000E+00  0.00000000E+00  0.00000000E+00  0.10000000E-01  0.10000000E+01
 0.12000200E-08  0.25157519E-02  0.00000000E+00  0.18588742E+00  0.00000000E+00  0.00000000E+00  0.16977429E+09  0.00000000E+00  0.00000000E+00  0.00000000E+00  0.00000000E+00  0.00000000E+00  0.10000000E-01  0.10000000E+01
 0.12100200E-08  0.25157519E-02  0.00000000E+00  0.18758516E+00  0.00000000E+00  0.00000000E+00  0.16977429E+09  0.00000000E+00  0.00000000E+00  0.00000000E+00  0.00000000E+00  0.00000000E+00  0.10000000E-01  0.10000000E+01
 0.12200200E-08  0.25157519E-02  0.00000000E+00  0.18928291E+00  0.00000000E+00  0.00000000E+00  0.16977429E+09  0.00000000E+00  0.00000000E+00  0.00000000E+00  0.00000000E+00  0.00000000E+00  0.10000000E-01  0.10000000E+01
 0.12300200E-08  0.25157519E-02  0.00000000E+00  0.19098065E+00  0.00000000E+00  0.00000000E+00  0.16977429E+09  0.00000000E+00  0.00000000E+00  0.00000000E+00  0.00000000E+00  0.00000000E+00  0.10000000E-01  0.10000000E+01
 0.12400200E-08  0.25157519E-02  0.00000000E+00  0.19267839E+00  0.00000000E+00  0.00000000E+00  0.16977429E+09  0.00000000E+00  0.00000000E+00  0.00000000E+00  0.00000000E+00  0.00000000E+00  0.10000000E-01  0.10000000E+01
 0.12500200E-08  0.25157519E-02  0.00000000E+00  0.19437613E+00  0.00000000E+00  0.00000000E+00  0.16977429E+09  0.00000000E+00  0.00000000E+00  0.00000000E+00  0.00000000E+00  0.00000000E+00  0.10000000E-01  0.10000000E+01
 0.12600200E-08  0.25157519E-02  0.00000000E+00  0.19607388E+00  0.00000000E+00  0.00000000E+00  0.16977429E+09  0.00000000E+00  0.00000000E+00  0.00000000E+00  0.00000000E+00  0.00000000E+00  0.10000000E-01  0.10000000E+01
 0.12700200E-08  0.25157519E-02  0.00000000E+00  0.19777162E+00  0.00000000E+00  0.00000000E+00  0.16977429E+09  0.00000000E+00  0.00000000E+00  0.00000000E+00  0.00000000E+00  0.00000000E+00  0.10000000E-01  0.10000000E+01
 0.12800200E-08  0.25157519E-02  0.00000000E+00  0.19946936E+00  0.00000000E+00  0.00000000E+00  0.16977429E+09  0.00000000E+00  0.00000000E+00  0.00000000E+00  0.00000000E+00  0.00000000E+00  0.10000000E-01  0.10000000E+01
 0.12900200E-08  0.25157519E-02  0.00000000E+00  0.20116711E+00  0.00000000E+00  0.00000000E+00  0.16977429E+09  0.00000000E+00  0.00000000E+00  0.00000000E+00  0.00000000E+00  0.00000000E+00  0.10000000E-01  0.10000000E+01
 0.13000200E-08  0.25157519E-02  0.00000000E+00  0.20286485E+00  0.00000000E+00  0.00000000E+00  0.16977429E+09  0.00000000E+00  0.00000000E+00  0.00000000E+00  0.00000000E+00  0.00000000E+00  0.10000000E-01  0.10000000E+01
 0.13100200E-08  0.25157519E-02  0.00000000E+00  0.20456259E+00  0.00000000E+00  0.00000000E+00  0.16977429E+09  0.00000000E+00  0.00000000E+00  0.00000000E+00  0.00000000E+00  0.00000000E+00  0.10000000E-01  0.10000000E+01
 0.13200200E-08  0.25157519E-02  0.00000000E+00  0.20626033E+00  0.00000000E+00  0.00000000E+00  0.16977429E+09  0.00000000E+00  0.00000000E+00  0.00000000E+00  0.00000000E+00  0.00000000E+00  0.10000000E-01  0.10000000E+01
 0.13300200E-08  0.25157519E-02  0.00000000E+00  0.20795808E+00  0.00000000E+00  0.00000000E+00  0.16977429E+09  0.00000000E+00  0.00000000E+00  0.00000000E+00  0.00000000E+00  0.00000000E+00  0.10000000E-01  0.10000000E+01
 0.13400200E-08  0.25157519E-02  0.00000000E+00  0.20965582E+00  0.00000000E+00  0.00000000E+00  0.16977429E+09  0.00000000E+00  0.00000000E+00  0.00000000E+00  0.00000000E+00  0.00000000E+00  0.10000000E-01  0.10000000E+01
 0.13500200E-08  0.25157519E-02  0.00000000E+00  0.21135356E+00  0.00000000E+00  0.00000000E+00  0.16977429E+09  0.00000000E+00  0.00000000E+00  0.00000000E+00  0.00000000E+00  0.00000000E+00  0.10000000E-01  0.10000000E+01
 0.13600200E-08  0.25157519E-02  0.00000000E+00  0.21305131E+00  0.00000000E+00  0.00000000E+00  0.16977429E+09  0.00000000E+00  0.00000000E+00  0.00000000E+00  0.00000000E+00  0.00000000E+00  0.10000000E-01  0.10000000E+01
 0.13700200E-08  0.25157519E-02  0.00000000E+00  0.21474905E+00  0.00000000E+00  0.00000000E+00  0.16977429E+09  0.00000000E+00  0.00000000E+00  0.00000000E+00  0.00000000E+00  0.00000000E+00  0.10000000E-01  0.10000000E+01
 0.13800200E-08  0.25157519E-02  0.00000000E+00  0.21644679E+00  0.00000000E+00  0.00000000E+00  0.16977429E+09  0.00000000E+00  0.00000000E+00  0.00000000E+00  0.00000000E+00  0.00000000E+00  0.10000000E-01  0.10000000E+01
 0.13900200E-08  0.25157519E-02  0.00000000E+00  0.21814454E+00  0.00000000E+00  0.00000000E+00  0.16977429E+09  0.00000000E+00  0.00000000E+00  0.00000000E+00  0.00000000E+00  0.00000000E+00  0.10000000E-01  0.10000000E+01
 0.14000200E-08  0.25157519E-02  0.00000000E+00  0.21984228E+00  0.00000000E+00  0.00000000E+00  0.16977429E+09  0.00000000E+00  0.00000000E+00  0.00000000E+00  0.00000000E+00  0.00000000E+00  0.10000000E-01  0.10000000E+01
 0.14100200E-08  0.25157519E-02  0.00000000E+00  0.22154002E+00  0.00000000E+00  0.00000000E+00  0.16977429E+09  0.00000000E+00  0.00000000E+00  0.00000000E+00  0.00000000E+00  0.00000000E+00  0.10000000E-01  0.10000000E+01
 0.14200200E-08  0.25157519E-02  0.00000000E+00  0.22323776E+00  0.00000000E+00  0.00000000E+00  0.16977429E+09  0.00000000E+00  0.00000000E+00  0.00000000E+00  0.00000000E+00  0.00000000E+00  0.10000000E-01  0.10000000E+01
 0.14300200E-08  0.25157519E-02  0.00000000E+00  0.22493551E+00  0.00000000E+00  0.00000000E+00  0.16977429E+09  0.00000000E+00  0.00000000E+00  0.00000000E+00  0.00000000E+00  0.00000000E+00  0.10000000E-01  0.10000000E+01
 0.14400200E-08  0.25157519E-02  0.00000000E+00  0.22663325E+00  0.00000000E+00  0.00000000E+00  0.16977429E+09  0.00000000E+00  0.00000000E+00  0.00000000E+00  0.00000000E+00  0.00000000E+00  0.10000000E-01  0.10000000E+01
 0.14500200E-08  0.25157519E-02  0.00000000E+00  0.22833099E+00  0.00000000E+00  0.00000000E+00  0.16977429E+09  0.00000000E+00  0.00000000E+00  0.00000000E+00  0.00000000E+00  0.00000000E+00  0.10000000E-01  0.10000000E+01
 0.14600200E-08  0.25157519E-02  0.00000000E+00  0.23002874E+00  0.00000000E+00  0.00000000E+00  0.16977429E+09  0.00000000E+00  0.00000000E+00  0.00000000E+00  0.00000000E+00  0.00000000E+00  0.10000000E-01  0.10000000E+01
 0.14700200E-08  0.25157519E-02  0.00000000E+00  0.23172648E+00  0.00000000E+00  0.00000000E+00  0.16977429E+09  0.00000000E+00  0.00000000E+00  0.00000000E+00  0.00000000E+00  0.00000000E+00  0.10000000E-01  0.10000000E+01
 0.14800200E-08  0.25157519E-02  0.00000000E+00  0.23342422E+00  0.00000000E+00  0.00000000E+00  0.16977429E+09  0.00000000E+00  0.00000000E+00  0.00000000E+00  0.00000000E+00  0.00000000E+00  0.10000000E-01  0.10000000E+01
 0.14900200E-08  0.25157519E-02  0.00000000E+00  0.23512196E+00  0.00000000E+00  0.00000000E+00  0.16977429E+09  0.00000000E+00  0.00000000E+00  0.00000000E+00  0.00000000E+00  0.00000000E+00  0.10000000E-01  0.10000000E+01
 0.15000200E-08  0.25157519E-02  0.00000000E+00  0.23681971E+00  0.00000000E+00  0.00000000E+00  0.16977429E+09  0.00000000E+00  0.00000000E+00  0.00000000E+00  0.00000000E+00  0.00000000E+00  0.10000000E-01  0.10000000E+01
 0.15100200E-08  0.25157519E-02  0.00000000E+00  0.23851745E+00  0.00000000E+00  0.00000000E+00  0.16977429E+09  0.00000000E+00  0.00000000E+00  0.00000000E+00  0.00000000E+00  0.00000000E+00  0.10000000E-01  0.10000000E+01
 0.15200200E-08  0.25157519E-02  0.00000000E+00  0.24021519E+00  0.00000000E+00  0.00000000E+00  0.16977429E+09  0.00000000E+00  0.00000000E+00  0.00000000E+00  0.00000000E+00  0.00000000E+00  0.10000000E-01  0.10000000E+01
 0.15300200E-08  0.25157519E-02  0.00000000E+00  0.24191294E+00  0.00000000E+00  0.00000000E+00  0.16977429E+09  0.00000000E+00  0.00000000E+00  0.00000000E+00  0.00000000E+00  0.00000000E+00  0.10000000E-01  0.10000000E+01
 0.15400200E-08  0.25157519E-02  0.00000000E+00  0.24361068E+00  0.00000000E+00  0.00000000E+00  0.16977429E+09  0.00000000E+00  0.00000000E+00  0.00000000E+00  0.00000000E+00  0.00000000E+00  0.10000000E-01  0.10000000E+01
 0.15500200E-08  0.25157519E-02  0.00000000E+00  0.24530842E+00  0.00000000E+00  0.00000000E+00  0.16977429E+09  0.00000000E+00  0.00000000E+00  0.00000000E+00  0.00000000E+00  0.00000000E+00  0.10000000E-01  0.10000000E+01
 0.15600200E-08  0.25157519E-02  0.00000000E+00  0.24700616E+00  0.00000000E+00  0.00000000E+00  0.16977429E+09  0.00000000E+00  0.00000000E+00  0.00000000E+00  0.00000000E+00  0.00000000E+00  0.10000000E-01  0.10000000E+01
 0.15700200E-08  0.25157519E-02  0.00000000E+00  0.24870391E+00  0.00000000E+00  0.00000000E+00  0.16977429E+09  0.00000000E+00  0.00000000E+00  0.00000000E+00  0.00000000E+00  0.00000000E+00  0.10000000E-01  0.10000000E+01
 0.15800200E-08  0.25157519E-02  0.00000000E+00  0.25040165E+00  0.00000000E+00  0.00000000E+00  0.16977429E+09  0.00000000E+00  0.00000000E+00  0.00000000E+00  0.00000000E+00  0.00000000E+00  0.10000000E-01  0.10000000E+01
 0.15900200E-08  0.25157519E-02  0.00000000E+00  0.25209939E+00  0.00000000E+00  0.00000000E+00  0.16977429E+09  0.00000000E+00  0.00000000E+00  0.00000000E+00  0.00000000E+00  0.00000000E+00  0.10000000E-01  0.10000000E+01
 0.16000200E-08  0.25157519E-02  0.00000000E+00  0.25379714E+00  0.00000000E+00  0.00000000E+00  0.16977429E+09  0.00000000E+00  0.00000000E+00  0.00000000E+00  0.00000000E+00  0.00000000E+00  0.10000000E-01  0.10000000E+01
 0.16100200E-08  0.25157519E-02  0.00000000E+00  0.25549488E+00  0.00000000E+00  0.00000000E+00  0.16977429E+09  0.00000000E+00  0.00000000E+00  0.00000000E+00  0.00000000E+00  0.00000000E+00  0.10000000E-01  0.10000000E+01
 0.16200200E-08  0.25157519E-02  0.00000000E+00  0.25719262E+00  0.00000000E+00  0.00000000E+00  0.16977429E+09  0.00000000E+00  0.00000000E+00  0.00000000E+00  0.00000000E+00  0.00000000E+00  0.10000000E-01  0.10000000E+01
 0.16300200E-08  0.25157519E-02  0.00000000E+00  0.25889036E+00  0.00000000E+00  0.00000000E+00  0.16977429E+09  0.00000000E+00  0.00000000E+00  0.00000000E+00  0.00000000E+00  0.00000000E+00  0.10000000E-01  0.10000000E+01
 0.16400200E-08  0.25157519E-02  0.00000000E+00  0.26058811E+00  0.00000000E+00  0.00000000E+00  0.16977429E+09  0.00000000E+00  0.00000000E+00  0.00000000E+00  0.00000000E+00  0.00000000E+00  0.10000000E-01  0.10000000E+01
 0.16500200E-08  0.25157519E-02  0.00000000E+00  0.26228585E+00  0.00000000E+00  0.00000000E+00  0.16977429E+09  0.00000000E+00  0.00000000E+00  0.00000000E+00  0.00000000E+00  0.00000000E+00  0.10000000E-01  0.10000000E+01
 0.16600200E-08  0.25157519E-02  0.00000000E+00  0.26398359E+00  0.00000000E+00  0.00000000E+00  0.16977429E+09  0.00000000E+00  0.00000000E+00  0.00000000E+00  0.00000000E+00  0.00000000E+00  0.10000000E-01  0.10000000E+01
 0.16700200E-08  0.25157519E-02  0.00000000E+00  0.26568134E+00  0.00000000E+00  0.00000000E+00  0.16977429E+09  0.00000000E+00  0.00000000E+00  0.00000000E+00  0.00000000E+00  0.00000000E+00  0.10000000E-01  0.10000000E+01
 0.16800200E-08  0.25157519E-02  0.00000000E+00  0.26737908E+00  0.00000000E+00  0.00000000E+00  0.16977429E+09  0.00000000E+00  0.00000000E+00  0.00000000E+00  0.00000000E+00  0.00000000E+00  0.10000000E-01  0.10000000E+01
 0.16900200E-08  0.25157519E-02  0.00000000E+00  0.26907682E+00  0.00000000E+00  0.00000000E+00  0.16977429E+09  0.00000000E+00  0.00000000E+00  0.00000000E+00  0.00000000E+00  0.00000000E+00  0.10000000E-01  0.10000000E+01
 0.17000200E-08  0.25157519E-02  0.00000000E+00  0.27077456E+00  0.00000000E+00  0.00000000E+00  0.16977429E+09  0.00000000E+00  0.00000000E+00  0.00000000E+00  0.00000000E+00  0.00000000E+00  0.10000000E-01  0.10000000E+01
 0.17100200E-08  0.25157519E-02  0.00000000E+00  0.27247231E+00  0.00000000E+00  0.00000000E+00  0.16977429E+09  0.00000000E+00  0.00000000E+00  0.00000000E+00  0.00000000E+00  0.00000000E+00  0.10000000E-01  0.10000000E+01
 0.17200200E-08  0.25157519E-02  0.00000000E+00  0.27417005E+00  0.00000000E+00  0.00000000E+00  0.16977429E+09  0.00000000E+00  0.00000000E+00  0.00000000E+00  0.00000000E+00  0.00000000E+00  0.10000000E-01  0.10000000E+01
 0.17300200E-08  0.25157519E-02  0.00000000E+00  0.27586779E+00  0.00000000E+00  0.00000000E+00  0.16977429E+09  0.00000000E+00  0.00000000E+00  0.00000000E+00  0.00000000E+00  0.00000000E+00  0.10000000E-01  0.10000000E+01
 0.17400200E-08  0.25157519E-02  0.00000000E+00  0.27756554E+00  0.00000000E+00  0.00000000E+00  0.16977429E+09  0.00000000E+00  0.00000000E+00  0.00000000E+00  0.00000000E+00  0.00000000E+00  0.10000000E-01  0.10000000E+01
 0.17500200E-08  0.25157519E-02  0.00000000E+00  0.27926328E+00  0.00000000E+00  0.00000000E+00  0.16977429E+09  0.00000000E+00  0.00000000E+00  0.00000000E+00  0.00000000E+00  0.00000000E+00  0.10000000E-01  0.10000000E+01
 0.17600200E-08  0.25157519E-02  0.00000000E+00  0.28096102E+00  0.00000000E+00  0.00000000E+00  0.16977429E+09  0.00000000E+00  0.00000000E+00  0.00000000E+00  0.00000000E+00  0.00000000E+00  0.10000000E-01  0.10000000E+01
 0.17700200E-08  0.25157519E-02  0.00000000E+00  0.28265876E+00  0.00000000E+00  0.00000000E+00  0.16977429E+09  0.00000000E+00  0.00000000E+00  0.00000000E+00  0.00000000E+00  0.00000000E+00  0.10000000E-01  0.10000000E+01
 0.17800200E-08  0.25157519E-02  0.00000000E+00  0.28435651E+00  0.00000000E+00  0.00000000E+00  0.16977429E+09  0.00000000E+00  0.00000000E+00  0.00000000E+00  0.00000000E+00  0.00000000E+00  0.10000000E-01  0.10000000E+01
 0.17900200E-08  0.25157519E-02  0.00000000E+00  0.28605425E+00  0.00000000E+00  0.00000000E+00  0.16977429E+09  0.00000000E+00  0.00000000E+00  0.00000000E+00  0.00000000E+00  0.00000000E+00  0.10000000E-01  0.10000000E+01
 0.18000200E-08  0.25157519E-02  0.00000000E+00  0.28775199E+00  0.00000000E+00  0.00000000E+00  0.16977429E+09  0.00000000E+00  0.00000000E+00  0.00000000E+00  0.00000000E+00  0.00000000E+00  0.10000000E-01  0.10000000E+01
 0.18100200E-08  0.25157519E-02  0.00000000E+00  0.28944974E+00  0.00000000E+00  0.00000000E+00  0.16977429E+09  0.00000000E+00  0.00000000E+00  0.00000000E+00  0.00000000E+00  0.00000000E+00  0.10000000E-01  0.10000000E+01
 0.18200200E-08  0.25157519E-02  0.00000000E+00  0.29114748E+00  0.00000000E+00  0.00000000E+00  0.16977429E+09  0.00000000E+00  0.00000000E+00  0.00000000E+00  0.00000000E+00  0.00000000E+00  0.10000000E-01  0.10000000E+01
 0.18300200E-08  0.25157519E-02  0.00000000E+00  0.29284522E+00  0.00000000E+00  0.00000000E+00  0.16977429E+09  0.00000000E+00  0.00000000E+00  0.00000000E+00  0.00000000E+00  0.00000000E+00  0.10000000E-01  0.10000000E+01
 0.18400200E-08  0.25157519E-02  0.00000000E+00  0.29454296E+00  0.00000000E+00  0.00000000E+00  0.16977429E+09  0.00000000E+00  0.00000000E+00  0.00000000E+00  0.00000000E+00  0.00000000E+00  0.10000000E-01  0.10000000E+01
 0.18500200E-08  0.25157519E-02  0.00000000E+00  0.29624071E+00  0.00000000E+00  0.00000000E+00  0.16977429E+09  0.00000000E+00  0.00000000E+00  0.00000000E+00  0.00000000E+00  0.00000000E+00  0.10000000E-01  0.10000000E+01
 0.18600200E-08  0.25157519E-02  0.00000000E+00  0.29793845E+00  0.00000000E+00  0.00000000E+00  0.16977429E+09  0.00000000E+00  0.00000000E+00  0.00000000E+00  0.00000000E+00  0.00000000E+00  0.10000000E-01  0.10000000E+01
 0.18700200E-08  0.25157519E-02  0.00000000E+00  0.29963619E+00  0.00000000E+00  0.00000000E+00  0.16977429E+09  0.00000000E+00  0.00000000E+00  0.00000000E+00  0.00000000E+00  0.00000000E+00  0.10000000E-01  0.10000000E+01
 0.18800200E-08  0.25157519E-02  0.00000000E+00  0.30133394E+00  0.00000000E+00  0.00000000E+00  0.16977429E+09  0.00000000E+00  0.00000000E+00  0.00000000E+00  0.00000000E+00  0.00000000E+00  0.10000000E-01  0.10000000E+01
 0.18900200E-08  0.25157519E-02  0.00000000E+00  0.30303168E+00  0.00000000E+00  0.00000000E+00  0.16977429E+09  0.00000000E+00  0.00000000E+00  0.00000000E+00  0.00000000E+00  0.00000000E+00  0.10000000E-01  0.10000000E+01
 0.19000200E-08  0.25157519E-02  0.00000000E+00  0.30472942E+00  0.00000000E+00  0.00000000E+00  0.16977429E+09  0.00000000E+00  0.00000000E+00  0.00000000E+00  0.00000000E+00  0.00000000E+00  0.10000000E-01  0.10000000E+01
 0.19100200E-08  0.25157519E-02  0.00000000E+00  0.30642716E+00  0.00000000E+00  0.00000000E+00  0.16977429E+09  0.00000000E+00  0.00000000E+00  0.00000000E+00  0.00000000E+00  0.00000000E+00  0.10000000E-01  0.10000000E+01
 0.19200200E-08  0.25157519E-02  0.00000000E+00  0.30812491E+00  0.00000000E+00  0.00000000E+00  0.16977429E+09  0.00000000E+00  0.00000000E+00  0.00000000E+00  0.00000000E+00  0.00000000E+00  0.10000000E-01  0.10000000E+01
 0.19300200E-08  0.25157519E-02  0.00000000E+00  0.30982265E+00  0.00000000E+00  0.00000000E+00  0.16977429E+09  0.00000000E+00  0.00000000E+00  0.00000000E+00  0.00000000E+00  0.00000000E+00  0.10000000E-01  0.10000000E+01
 0.19400200E-08  0.25157519E-02  0.00000000E+00  0.31152039E+00  0.00000000E+00  0.00000000E+00  0.16977429E+09  0.00000000E+00  0.00000000E+00  0.00000000E+00  0.00000000E+00  0.00000000E+00  0.10000000E-01  0.10000000E+01
 0.19500200E-08  0.25157519E-02  0.00000000E+00  0.31321814E+00  0.00000000E+00  0.00000000E+00  0.16977429E+09  0.00000000E+00  0.00000000E+00  0.00000000E+00  0.00000000E+00  0.00000000E+00  0.10000000E-01  0.10000000E+01
 0.19600200E-08  0.25157519E-02  0.00000000E+00  0.31491588E+00  0.00000000E+00  0.00000000E+00  0.16977429E+09  0.00000000E+00  0.00000000E+00  0.00000000E+00  0.00000000E+00  0.00000000E+00  0.10000000E-01  0.10000000E+01
 0.19700200E-08  0.25157519E-02  0.00000000E+00  0.31661362E+00  0.00000000E+00  0.00000000E+00  0.16977429E+09  0.00000000E+00  0.00000000E+00  0.00000000E+00  0.00000000E+00  0.00000000E+00  0.10000000E-01  0.10000000E+01
 0.19800200E-08  0.25157519E-02  0.00000000E+00  0.31831137E+00  0.00000000E+00  0.00000000E+00  0.16977429E+09  0.00000000E+00  0.00000000E+00  0.00000000E+00  0.00000000E+00  0.00000000E+00  0.10000000E-01  0.10000000E+01
 0.19900200E-08  0.25157519E-02  0.00000000E+00  0.32000911E+00  0.00000000E+00  0.00000000E+00  0.16977429E+09  0.00000000E+00  0.00000000E+00  0.00000000E+00  0.00000000E+00  0.00000000E+00  0.10000000E-01  0.10000000E+01
