# ptime xp yp zp vx vy vz ex ey ez bx by bz wt
 0.20000000E-13  0.42454675E-02  0.00000000E+00 -0.21672844E-01  0.00000000E+00  0.00000000E+00  0.18410910E+09  0.00000000E+00  0.00000000E+00  0.00000000E+00  0.00000000E+00  0.00000000E+00  0.10000000E-01  0.10000000E+01
 0.10000000E-10  0.42454675E-02  0.00000000E+00 -0.19835435E-01  0.00000000E+00  0.00000000E+00  0.18410910E+09  0.00000000E+00  0.00000000E+00  0.00000000E+00  0.00000000E+00  0.00000000E+00  0.10000000E-01  0.10000000E+01
 0.20000000E-10  0.42454675E-02  0.00000000E+00 -0.17994344E-01  0.00000000E+00  0.00000000E+00  0.18410910E+09  0.00000000E+00  0.00000000E+00  0.00000000E+00  0.00000000E+00  0.00000000E+00  0.10000000E-01  0.10000000E+01
 0.30000000E-10  0.42454675E-02  0.00000000E+00 -0.16153253E-01  0.00000000E+00  0.00000000E+00  0.18410910E+09  0.00000000E+00  0.00000000E+00  0.00000000E+00  0.00000000E+00  0.00000000E+00  0.10000000E-01  0.10000000E+01
 0.40020000E-10  0.42454675E-02  0.00000000E+00 -0.14308480E-01  0.00000000E+00  0.00000000E+00  0.18410910E+09  0.00000000E+00  0.00000000E+00  0.00000000E+00  0.00000000E+00  0.00000000E+00  0.10000000E-01  0.10000000E+01
 0.50020000E-10  0.42454675E-02  0.00000000E+00 -0.12467389E-01  0.00000000E+00  0.00000000E+00  0.18410910E+09  0.00000000E+00  0.00000000E+00  0.00000000E+00  0.00000000E+00  0.00000000E+00  0.10000000E-01  0.10000000E+01
 0.60020000E-10  0.42454675E-02  0.00000000E+00 -0.10626298E-01  0.00000000E+00  0.00000000E+00  0.18410910E+09  0.00000000E+00  0.00000000E+00  0.00000000E+00  0.00000000E+00  0.00000000E+00  0.10000000E-01  0.10000000E+01
 0.70020000E-10  0.42454675E-02  0.00000000E+00 -0.87852068E-02  0.00000000E+00  0.00000000E+00  0.18410910E+09  0.00000000E+00  0.00000000E+00  0.00000000E+00  0.00000000E+00  0.00000000E+00  0.10000000E-01  0.10000000E+01
 0.80000000E-10  0.42454675E-02  0.00000000E+00 -0.69477979E-02  0.00000000E+00  0.00000000E+00  0.18410910E+09  0.00000000E+00  0.00000000E+00  0.00000000E+00  0.00000000E+00  0.00000000E+00  0.10000000E-01  0.10000000E+01
 0.90000000E-10  0.42454675E-02  0.00000000E+00 -0.51067069E-02  0.00000000E+00  0.00000000E+00  0.18410910E+09  0.00000000E+00  0.00000000E+00  0.00000000E+00  0.00000000E+00  0.00000000E+00  0.10000000E-01  0.10000000E+01
 0.10000000E-09  0.42454675E-02  0.00000000E+00 -0.32656158E-02  0.00000000E+00  0.00000000E+00  0.18410910E+09  0.00000000E+00  0.00000000E+00  0.00000000E+00  0.00000000E+00  0.00000000E+00  0.10000000E-01  0.10000000E+01
 0.11000000E-09  0.42454675E-02  0.00000000E+00 -0.14245248E-02  0.00000000E+00  0.00000000E+00  0.18410910E+09  0.00000000E+00  0.00000000E+00  0.00000000E+00  0.00000000E+00  0.00000000E+00  0.10000000E-01  0.10000000E+01
 0.12000000E-09  0.42454675E-02  0.00000000E+00  0.41656630E-03  0.00000000E+00  0.00000000E+00  0.18410910E+09  0.00000000E+00  0.00000000E+00  0.00000000E+00  0.00000000E+00  0.00000000E+00  0.10000000E-01  0.10000000E+01
 0.13000000E-09  0.42454675E-02  0.00000000E+00  0.22576573E-02  0.00000000E+00  0.00000000E+00  0.18410910E+09  0.00000000E+00  0.00000000E+00  0.00000000E+00  0.00000000E+00  0.00000000E+00  0.10000000E-01  0.10000000E+01
 0.14002000E-09  0.42454675E-02  0.00000000E+00  0.41024306E-02  0.00000000E+00  0.00000000E+00  0.18410910E+09  0.00000000E+00  0.00000000E+00  0.00000000E+00  0.00000000E+00  0.00000000E+00  0.10000000E-01  0.10000000E+01
 0.15002000E-09  0.42454675E-02  0.00000000E+00  0.59435216E-02  0.00000000E+00  0.00000000E+00  0.18410910E+09  0.00000000E+00  0.00000000E+00  0.00000000E+00  0.00000000E+00  0.00000000E+00  0.10000000E-01  0.10000000E+01
 0.16002000E-09  0.42454675E-02  0.00000000E+00  0.77846127E-02  0.00000000E+00  0.00000000E+00  0.18410910E+09  0.00000000E+00  0.00000000E+00  0.00000000E+00  0.00000000E+00  0.00000000E+00  0.10000000E-01  0.10000000E+01
 0.17002000E-09  0.42454675E-02  0.00000000E+00  0.96257037E-02  0.00000000E+00  0.00000000E+00  0.18410910E+09  0.00000000E+00  0.00000000E+00  0.00000000E+00  0.00000000E+00  0.00000000E+00  0.10000000E-01  0.10000000E+01
 0.18002000E-09  0.42454675E-02  0.00000000E+00  0.11466795E-01  0.00000000E+00  0.00000000E+00  0.18410910E+09  0.00000000E+00  0.00000000E+00  0.00000000E+00  0.00000000E+00  0.00000000E+00  0.10000000E-01  0.10000000E+01
 0.19002000E-09  0.42454675E-02  0.00000000E+00  0.13307886E-01  0.00000000E+00  0.00000000E+00  0.18410910E+09  0.00000000E+00  0.00000000E+00  0.00000000E+00  0.00000000E+00  0.00000000E+00  0.10000000E-01  0.10000000E+01
 0.20002000E-09  0.42454675E-02  0.00000000E+00  0.15148977E-01  0.00000000E+00  0.00000000E+00  0.18410910E+09  0.00000000E+00  0.00000000E+00  0.00000000E+00  0.00000000E+00  0.00000000E+00  0.10000000E-01  0.10000000E+01
 0.21002000E-09  0.42454675E-02  0.00000000E+00  0.16990068E-01  0.00000000E+00  0.00000000E+00  0.18410910E+09  0.00000000E+00  0.00000000E+00  0.00000000E+00  0.00000000E+00  0.00000000E+00  0.10000000E-01  0.10000000E+01
 0.22002000E-09  0.42454675E-02  0.00000000E+00  0.18831159E-01  0.00000000E+00  0.00000000E+00  0.18410910E+09  0.00000000E+00  0.00000000E+00  0.00000000E+00  0.00000000E+00  0.00000000E+00  0.10000000E-01  0.10000000E+01
 0.23002000E-09  0.42454675E-02  0.00000000E+00  0.20672250E-01  0.00000000E+00  0.00000000E+00  0.18410910E+09  0.00000000E+00  0.00000000E+00  0.00000000E+00  0.00000000E+00  0.00000000E+00  0.10000000E-01  0.10000000E+01
 0.24002000E-09  0.42454675E-02  0.00000000E+00  0.22513341E-01  0.00000000E+00  0.00000000E+00  0.18410910E+09  0.00000000E+00  0.00000000E+00  0.00000000E+00  0.00000000E+00  0.00000000E+00  0.10000000E-01  0.10000000E+01
 0.25002000E-09  0.42454675E-02  0.00000000E+00  0.24354432E-01  0.00000000E+00  0.00000000E+00  0.18410910E+09  0.00000000E+00  0.00000000E+00  0.00000000E+00  0.00000000E+00  0.00000000E+00  0.10000000E-01  0.10000000E+01
 0.26002000E-09  0.42454675E-02  0.00000000E+00  0.26195523E-01  0.00000000E+00  0.00000000E+00  0.18410910E+09  0.00000000E+00  0.00000000E+00  0.00000000E+00  0.00000000E+00  0.00000000E+00  0.10000000E-01  0.10000000E+01
 0.27002000E-09  0.42454675E-02  0.00000000E+00  0.28036614E-01  0.00000000E+00  0.00000000E+00  0.18410910E+09  0.00000000E+00  0.00000000E+00  0.00000000E+00  0.00000000E+00  0.00000000E+00  0.10000000E-01  0.10000000E+01
 0.28002000E-09  0.42454675E-02  0.00000000E+00  0.29877705E-01  0.00000000E+00  0.00000000E+00  0.18410910E+09  0.00000000E+00  0.00000000E+00  0.00000000E+00  0.00000000E+00  0.00000000E+00  0.10000000E-01  0.10000000E+01
 0.29002000E-09  0.42454675E-02  0.00000000E+00  0.31718796E-01  0.00000000E+00  0.00000000E+00  0.18410910E+09  0.00000000E+00  0.00000000E+00  0.00000000E+00  0.00000000E+00  0.00000000E+00  0.10000000E-01  0.10000000E+01
 0.30000000E-09  0.42454675E-02  0.00000000E+00  0.33556205E-01  0.00000000E+00  0.00000000E+00  0.18410910E+09  0.00000000E+00  0.00000000E+00  0.00000000E+00  0.00000000E+00  0.00000000E+00  0.10000000E-01  0.10000000E+01
 0.31000000E-09  0.42454675E-02  0.00000000E+00  0.35397296E-01  0.00000000E+00  0.00000000E+00  0.18410910E+09  0.00000000E+00  0.00000000E+00  0.00000000E+00  0.00000000E+00  0.00000000E+00  0.10000000E-01  0.10000000E+01
 0.32000000E-09  0.42454675E-02  0.00000000E+00  0.37238387E-01  0.00000000E+00  0.00000000E+00  0.18410910E+09  0.00000000E+00  0.00000000E+00  0.00000000E+00  0.00000000E+00  0.00000000E+00  0.10000000E-01  0.10000000E+01
 0.33000000E-09  0.42454675E-02  0.00000000E+00  0.39079478E-01  0.00000000E+00  0.00000000E+00  0.18410910E+09  0.00000000E+00  0.00000000E+00  0.00000000E+00  0.00000000E+00  0.00000000E+00  0.10000000E-01  0.10000000E+01
 0.34000000E-09  0.42454675E-02  0.00000000E+00  0.40920569E-01  0.00000000E+00  0.00000000E+00  0.18410910E+09  0.00000000E+00  0.00000000E+00  0.00000000E+00  0.00000000E+00  0.00000000E+00  0.10000000E-01  0.10000000E+01
 0.35000000E-09  0.42454675E-02  0.00000000E+00  0.42761660E-01  0.00000000E+00  0.00000000E+00  0.18410910E+09  0.00000000E+00  0.00000000E+00  0.00000000E+00  0.00000000E+00  0.00000000E+00  0.10000000E-01  0.10000000E+01
 0.36000000E-09  0.42454675E-02  0.00000000E+00  0.44602751E-01  0.00000000E+00  0.00000000E+00  0.18410910E+09  0.00000000E+00  0.00000000E+00  0.00000000E+00  0.00000000E+00  0.00000000E+00  0.10000000E-01  0.10000000E+01
 0.37000000E-09  0.42454675E-02  0.00000000E+00  0.46443843E-01  0.00000000E+00  0.00000000E+00  0.18410910E+09  0.00000000E+00  0.00000000E+00  0.00000000E+00  0.00000000E+00  0.00000000E+00  0.10000000E-01  0.10000000E+01
 0.38000000E-09  0.42454675E-02  0.00000000E+00  0.48284934E-01  0.00000000E+00  0.00000000E+00  0.18410910E+09  0.00000000E+00  0.00000000E+00  0.00000000E+00  0.00000000E+00  0.00000000E+00  0.10000000E-01  0.10000000E+01
 0.39000000E-09  0.42454675E-02  0.00000000E+00  0.50126025E-01  0.00000000E+00  0.00000000E+00  0.18410910E+09  0.00000000E+00  0.00000000E+00  0.00000000E+00  0.00000000E+00  0.00000000E+00  0.10000000E-01  0.10000000E+01
 0.40000000E-09  0.42454675E-02  0.00000000E+00  0.51967116E-01  0.00000000E+00  0.00000000E+00  0.18410910E+09  0.00000000E+00  0.00000000E+00  0.00000000E+00  0.00000000E+00  0.00000000E+00  0.10000000E-01  0.10000000E+01
 0.41000000E-09  0.42454675E-02  0.00000000E+00  0.53808207E-01  0.00000000E+00  0.00000000E+00  0.18410910E+09  0.00000000E+00  0.00000000E+00  0.00000000E+00  0.00000000E+00  0.00000000E+00  0.10000000E-01  0.10000000E+01
 0.42000000E-09  0.42454675E-02  0.00000000E+00  0.55649298E-01  0.00000000E+00  0.00000000E+00  0.18410910E+09  0.00000000E+00  0.00000000E+00  0.00000000E+00  0.00000000E+00  0.00000000E+00  0.10000000E-01  0.10000000E+01
 0.43000000E-09  0.42454675E-02  0.00000000E+00  0.57490389E-01  0.00000000E+00  0.00000000E+00  0.18410910E+09  0.00000000E+00  0.00000000E+00  0.00000000E+00  0.00000000E+00  0.00000000E+00  0.10000000E-01  0.10000000E+01
 0.44000000E-09  0.42454675E-02  0.00000000E+00  0.59331480E-01  0.00000000E+00  0.00000000E+00  0.18410910E+09  0.00000000E+00  0.00000000E+00  0.00000000E+00  0.00000000E+00  0.00000000E+00  0.10000000E-01  0.10000000E+01
 0.45000000E-09  0.42454675E-02  0.00000000E+00  0.61172571E-01  0.00000000E+00  0.00000000E+00  0.18410910E+09  0.00000000E+00  0.00000000E+00  0.00000000E+00  0.00000000E+00  0.00000000E+00  0.10000000E-01  0.10000000E+01
 0.46000000E-09  0.42454675E-02  0.00000000E+00  0.63013662E-01  0.00000000E+00  0.00000000E+00  0.18410910E+09  0.00000000E+00  0.00000000E+00  0.00000000E+00  0.00000000E+00  0.00000000E+00  0.10000000E-01  0.10000000E+01
 0.47000000E-09  0.42454675E-02  0.00000000E+00  0.64854753E-01  0.00000000E+00  0.00000000E+00  0.18410910E+09  0.00000000E+00  0.00000000E+00  0.00000000E+00  0.00000000E+00  0.00000000E+00  0.10000000E-01  0.10000000E+01
 0.48000000E-09  0.42454675E-02  0.00000000E+00  0.66695844E-01  0.00000000E+00  0.00000000E+00  0.18410910E+09  0.00000000E+00  0.00000000E+00  0.00000000E+00  0.00000000E+00  0.00000000E+00  0.10000000E-01  0.10000000E+01
 0.49000000E-09  0.42454675E-02  0.00000000E+00  0.68536935E-01  0.00000000E+00  0.00000000E+00  0.18410910E+09  0.00000000E+00  0.00000000E+00  0.00000000E+00  0.00000000E+00  0.00000000E+00  0.10000000E-01  0.10000000E+01
 0.50000000E-09  0.42454675E-02  0.00000000E+00  0.70378026E-01  0.00000000E+00  0.00000000E+00  0.18410910E+09  0.00000000E+00  0.00000000E+00  0.00000000E+00  0.00000000E+00  0.00000000E+00  0.10000000E-01  0.10000000E+01
 0.51000000E-09  0.42454675E-02  0.00000000E+00  0.72219117E-01  0.00000000E+00  0.00000000E+00  0.18410910E+09  0.00000000E+00  0.00000000E+00  0.00000000E+00  0.00000000E+00  0.00000000E+00  0.10000000E-01  0.10000000E+01
 0.52000000E-09  0.42454675E-02  0.00000000E+00  0.74060208E-01  0.00000000E+00  0.00000000E+00  0.18410910E+09  0.00000000E+00  0.00000000E+00  0.00000000E+00  0.00000000E+00  0.00000000E+00  0.10000000E-01  0.10000000E+01
 0.53000000E-09  0.42454675E-02  0.00000000E+00  0.75901299E-01  0.00000000E+00  0.00000000E+00  0.18410910E+09  0.00000000E+00  0.00000000E+00  0.00000000E+00  0.00000000E+00  0.00000000E+00  0.10000000E-01  0.10000000E+01
 0.54000000E-09  0.42454675E-02  0.00000000E+00  0.77742390E-01  0.00000000E+00  0.00000000E+00  0.18410910E+09  0.00000000E+00  0.00000000E+00  0.00000000E+00  0.00000000E+00  0.00000000E+00  0.10000000E-01  0.10000000E+01
 0.55002000E-09  0.42454675E-02  0.00000000E+00  0.79587164E-01  0.00000000E+00  0.00000000E+00  0.18410910E+09  0.00000000E+00  0.00000000E+00  0.00000000E+00  0.00000000E+00  0.00000000E+00  0.10000000E-01  0.10000000E+01
 0.56002000E-09  0.42454675E-02  0.00000000E+00  0.81428255E-01  0.00000000E+00  0.00000000E+00  0.18410910E+09  0.00000000E+00  0.00000000E+00  0.00000000E+00  0.00000000E+00  0.00000000E+00  0.10000000E-01  0.10000000E+01
 0.57002000E-09  0.42454675E-02  0.00000000E+00  0.83269346E-01  0.00000000E+00  0.00000000E+00  0.18410910E+09  0.00000000E+00  0.00000000E+00  0.00000000E+00  0.00000000E+00  0.00000000E+00  0.10000000E-01  0.10000000E+01
 0.58002000E-09  0.42454675E-02  0.00000000E+00  0.85110437E-01  0.00000000E+00  0.00000000E+00  0.18410910E+09  0.00000000E+00  0.00000000E+00  0.00000000E+00  0.00000000E+00  0.00000000E+00  0.10000000E-01  0.10000000E+01
 0.59002000E-09  0.42454675E-02  0.00000000E+00  0.86951528E-01  0.00000000E+00  0.00000000E+00  0.18410910E+09  0.00000000E+00  0.00000000E+00  0.00000000E+00  0.00000000E+00  0.00000000E+00  0.10000000E-01  0.10000000E+01
 0.60002000E-09  0.42454675E-02  0.00000000E+00  0.88792619E-01  0.00000000E+00  0.00000000E+00  0.18410910E+09  0.00000000E+00  0.00000000E+00  0.00000000E+00  0.00000000E+00  0.00000000E+00  0.10000000E-01  0.10000000E+01
 0.61002000E-09  0.42454675E-02  0.00000000E+00  0.90633710E-01  0.00000000E+00  0.00000000E+00  0.18410910E+09  0.00000000E+00  0.00000000E+00  0.00000000E+00  0.00000000E+00  0.00000000E+00  0.10000000E-01  0.10000000E+01
 0.62002000E-09  0.42454675E-02  0.00000000E+00  0.92474801E-01  0.00000000E+00  0.00000000E+00  0.18410910E+09  0.00000000E+00  0.00000000E+00  0.00000000E+00  0.00000000E+00  0.00000000E+00  0.10000000E-01  0.10000000E+01
 0.63002000E-09  0.42454675E-02  0.00000000E+00  0.94315892E-01  0.00000000E+00  0.00000000E+00  0.18410910E+09  0.00000000E+00  0.00000000E+00  0.00000000E+00  0.00000000E+00  0.00000000E+00  0.10000000E-01  0.10000000E+01
 0.64002000E-09  0.42454675E-02  0.00000000E+00  0.96156983E-01  0.00000000E+00  0.00000000E+00  0.18410910E+09  0.00000000E+00  0.00000000E+00  0.00000000E+00  0.00000000E+00  0.00000000E+00  0.10000000E-01  0.10000000E+01
 0.65002000E-09  0.42454675E-02  0.00000000E+00  0.97998074E-01  0.00000000E+00  0.00000000E+00  0.18410910E+09  0.00000000E+00  0.00000000E+00  0.00000000E+00  0.00000000E+00  0.00000000E+00  0.10000000E-01  0.10000000E+01
 0.66002000E-09  0.42454675E-02  0.00000000E+00  0.99839165E-01  0.00000000E+00  0.00000000E+00  0.18410910E+09  0.00000000E+00  0.00000000E+00  0.00000000E+00  0.00000000E+00  0.00000000E+00  0.10000000E-01  0.10000000E+01
 0.67002000E-09  0.42454675E-02  0.00000000E+00  0.10168026E+00  0.00000000E+00  0.00000000E+00  0.18410910E+09  0.00000000E+00  0.00000000E+00  0.00000000E+00  0.00000000E+00  0.00000000E+00  0.10000000E-01  0.10000000E+01
 0.68002000E-09  0.42454675E-02  0.00000000E+00  0.10352135E+00  0.00000000E+00  0.00000000E+00  0.18410910E+09  0.00000000E+00  0.00000000E+00  0.00000000E+00  0.00000000E+00  0.00000000E+00  0.10000000E-01  0.10000000E+01
 0.69002000E-09  0.42454675E-02  0.00000000E+00  0.10536244E+00  0.00000000E+00  0.00000000E+00  0.18410910E+09  0.00000000E+00  0.00000000E+00  0.00000000E+00  0.00000000E+00  0.00000000E+00  0.10000000E-01  0.10000000E+01
 0.70002000E-09  0.42454675E-02  0.00000000E+00  0.10720353E+00  0.00000000E+00  0.00000000E+00  0.18410910E+09  0.00000000E+00  0.00000000E+00  0.00000000E+00  0.00000000E+00  0.00000000E+00  0.10000000E-01  0.10000000E+01
 0.71002000E-09  0.42454675E-02  0.00000000E+00  0.10904462E+00  0.00000000E+00  0.00000000E+00  0.18410910E+09  0.00000000E+00  0.00000000E+00  0.00000000E+00  0.00000000E+00  0.00000000E+00  0.10000000E-01  0.10000000E+01
 0.72002000E-09  0.42454675E-02  0.00000000E+00  0.11088571E+00  0.00000000E+00  0.00000000E+00  0.18410910E+09  0.00000000E+00  0.00000000E+00  0.00000000E+00  0.00000000E+00  0.00000000E+00  0.10000000E-01  0.10000000E+01
 0.73002000E-09  0.42454675E-02  0.00000000E+00  0.11272680E+00  0.00000000E+00  0.00000000E+00  0.18410910E+09  0.00000000E+00  0.00000000E+00  0.00000000E+00  0.00000000E+00  0.00000000E+00  0.10000000E-01  0.10000000E+01
 0.74002000E-09  0.42454675E-02  0.00000000E+00  0.11456789E+00  0.00000000E+00  0.00000000E+00  0.18410910E+09  0.00000000E+00  0.00000000E+00  0.00000000E+00  0.00000000E+00  0.00000000E+00  0.10000000E-01  0.10000000E+01
 0.75002000E-09  0.42454675E-02  0.00000000E+00  0.11640898E+00  0.00000000E+00  0.00000000E+00  0.18410910E+09  0.00000000E+00  0.00000000E+00  0.00000000E+00  0.00000000E+00  0.00000000E+00  0.10000000E-01  0.10000000E+01
 0.76002000E-09  0.42454675E-02  0.00000000E+00  0.11825008E+00  0.00000000E+00  0.00000000E+00  0.18410910E+09  0.00000000E+00  0.00000000E+00  0.00000000E+00  0.00000000E+00  0.00000000E+00  0.10000000E-01  0.10000000E+01
 0.77002000E-09  0.42454675E-02  0.00000000E+00  0.12009117E+00  0.00000000E+00  0.00000000E+00  0.18410910E+09  0.00000000E+00  0.00000000E+00  0.00000000E+00  0.00000000E+00  0.00000000E+00  0.10000000E-01  0.10000000E+01
 0.78002000E-09  0.42454675E-02  0.00000000E+00  0.12193226E+00  0.00000000E+00  0.00000000E+00  0.18410910E+09  0.00000000E+00  0.00000000E+00  0.00000000E+00  0.00000000E+00  0.00000000E+00  0.10000000E-01  0.10000000E+01
 0.79002000E-09  0.42454675E-02  0.00000000E+00  0.12377335E+00  0.00000000E+00  0.00000000E+00  0.18410910E+09  0.00000000E+00  0.00000000E+00  0.00000000E+00  0.00000000E+00  0.00000000E+00  0.10000000E-01  0.10000000E+01
 0.80002000E-09  0.42454675E-02  0.00000000E+00  0.12561444E+00  0.00000000E+00  0.00000000E+00  0.18410910E+09  0.00000000E+00  0.00000000E+00  0.00000000E+00  0.00000000E+00  0.00000000E+00  0.10000000E-01  0.10000000E+01
 0.81002000E-09  0.42454675E-02  0.00000000E+00  0.12745553E+00  0.00000000E+00  0.00000000E+00  0.18410910E+09  0.00000000E+00  0.00000000E+00  0.00000000E+00  0.00000000E+00  0.00000000E+00  0.10000000E-01  0.10000000E+01
 0.82002000E-09  0.42454675E-02  0.00000000E+00  0.12929662E+00  0.00000000E+00  0.00000000E+00  0.18410910E+09  0.00000000E+00  0.00000000E+00  0.00000000E+00  0.00000000E+00  0.00000000E+00  0.10000000E-01  0.10000000E+01
 0.83002000E-09  0.42454675E-02  0.00000000E+00  0.13113771E+00  0.00000000E+00  0.00000000E+00  0.18410910E+09  0.00000000E+00  0.00000000E+00  0.00000000E+00  0.00000000E+00  0.00000000E+00  0.10000000E-01  0.10000000E+01
 0.84002000E-09  0.42454675E-02  0.00000000E+00  0.13297880E+00  0.00000000E+00  0.00000000E+00  0.18410910E+09  0.00000000E+00  0.00000000E+00  0.00000000E+00  0.00000000E+00  0.00000000E+00  0.10000000E-01  0.10000000E+01
 0.85002000E-09  0.42454675E-02  0.00000000E+00  0.13481990E+00  0.00000000E+00  0.00000000E+00  0.18410910E+09  0.00000000E+00  0.00000000E+00  0.00000000E+00  0.00000000E+00  0.00000000E+00  0.10000000E-01  0.10000000E+01
 0.86002000E-09  0.42454675E-02  0.00000000E+00  0.13666099E+00  0.00000000E+00  0.00000000E+00  0.18410910E+09  0.00000000E+00  0.00000000E+00  0.00000000E+00  0.00000000E+00  0.00000000E+00  0.10000000E-01  0.10000000E+01
 0.87002000E-09  0.42454675E-02  0.00000000E+00  0.13850208E+00  0.00000000E+00  0.00000000E+00  0.18410910E+09  0.00000000E+00  0.00000000E+00  0.00000000E+00  0.00000000E+00  0.00000000E+00  0.10000000E-01  0.10000000E+01
 0.88002000E-09  0.42454675E-02  0.00000000E+00  0.14034317E+00  0.00000000E+00  0.00000000E+00  0.18410910E+09  0.00000000E+00  0.00000000E+00  0.00000000E+00  0.00000000E+00  0.00000000E+00  0.10000000E-01  0.10000000E+01
 0.89002000E-09  0.42454675E-02  0.00000000E+00  0.14218426E+00  0.00000000E+00  0.00000000E+00  0.18410910E+09  0.00000000E+00  0.00000000E+00  0.00000000E+00  0.00000000E+00  0.00000000E+00  0.10000000E-01  0.10000000E+01
 0.90002000E-09  0.42454675E-02  0.00000000E+00  0.14402535E+00  0.00000000E+00  0.00000000E+00  0.18410910E+09  0.00000000E+00  0.00000000E+00  0.00000000E+00  0.00000000E+00  0.00000000E+00  0.10000000E-01  0.10000000E+01
 0.91002000E-09  0.42454675E-02  0.00000000E+00  0.14586644E+00  0.00000000E+00  0.00000000E+00  0.18410910E+09  0.00000000E+00  0.00000000E+00  0.00000000E+00  0.00000000E+00  0.00000000E+00  0.10000000E-01  0.10000000E+01
 0.92002000E-09  0.42454675E-02  0.00000000E+00  0.14770753E+00  0.00000000E+00  0.00000000E+00  0.18410910E+09  0.00000000E+00  0.00000000E+00  0.00000000E+00  0.00000000E+00  0.00000000E+00  0.10000000E-01  0.10000000E+01
 0.93002000E-09  0.42454675E-02  0.00000000E+00  0.14954862E+00  0.00000000E+00  0.00000000E+00  0.18410910E+09  0.00000000E+00  0.00000000E+00  0.00000000E+00  0.00000000E+00  0.00000000E+00  0.10000000E-01  0.10000000E+01
 0.94002000E-09  0.42454675E-02  0.00000000E+00  0.15138971E+00  0.00000000E+00  0.00000000E+00  0.18410910E+09  0.00000000E+00  0.00000000E+00  0.00000000E+00  0.00000000E+00  0.00000000E+00  0.10000000E-01  0.10000000E+01
 0.95002000E-09  0.42454675E-02  0.00000000E+00  0.15323081E+00  0.00000000E+00  0.00000000E+00  0.18410910E+09  0.00000000E+00  0.00000000E+00  0.00000000E+00  0.00000000E+00  0.00000000E+00  0.10000000E-01  0.10000000E+01
 0.96002000E-09  0.42454675E-02  0.00000000E+00  0.15507190E+00  0.00000000E+00  0.00000000E+00  0.18410910E+09  0.00000000E+00  0.00000000E+00  0.00000000E+00  0.00000000E+00  0.00000000E+00  0.10000000E-01  0.10000000E+01
 0.97002000E-09  0.42454675E-02  0.00000000E+00  0.15691299E+00  0.00000000E+00  0.00000000E+00  0.18410910E+09  0.00000000E+00  0.00000000E+00  0.00000000E+00  0.00000000E+00  0.00000000E+00  0.10000000E-01  0.10000000E+01
 0.98002000E-09  0.42454675E-02  0.00000000E+00  0.15875408E+00  0.00000000E+00  0.00000000E+00  0.18410910E+09  0.00000000E+00  0.00000000E+00  0.00000000E+00  0.00000000E+00  0.00000000E+00  0.10000000E-01  0.10000000E+01
 0.99002000E-09  0.42454675E-02  0.00000000E+00  0.16059517E+00  0.00000000E+00  0.00000000E+00  0.18410910E+09  0.00000000E+00  0.00000000E+00  0.00000000E+00  0.00000000E+00  0.00000000E+00  0.10000000E-01  0.10000000E+01
 0.10000200E-08  0.42454675E-02  0.00000000E+00  0.16243626E+00  0.00000000E+00  0.00000000E+00  0.18410910E+09  0.00000000E+00  0.00000000E+00  0.00000000E+00  0.00000000E+00  0.00000000E+00  0.10000000E-01  0.10000000E+01
 0.10100200E-08  0.42454675E-02  0.00000000E+00  0.16427735E+00  0.00000000E+00  0.00000000E+00  0.18410910E+09  0.00000000E+00  0.00000000E+00  0.00000000E+00  0.00000000E+00  0.00000000E+00  0.10000000E-01  0.10000000E+01
 0.10200200E-08  0.42454675E-02  0.00000000E+00  0.16611844E+00  0.00000000E+00  0.00000000E+00  0.18410910E+09  0.00000000E+00  0.00000000E+00  0.00000000E+00  0.00000000E+00  0.00000000E+00  0.10000000E-01  0.10000000E+01
 0.10300200E-08  0.42454675E-02  0.00000000E+00  0.16795953E+00  0.00000000E+00  0.00000000E+00  0.18410910E+09  0.00000000E+00  0.00000000E+00  0.00000000E+00  0.00000000E+00  0.00000000E+00  0.10000000E-01  0.10000000E+01
 0.10400200E-08  0.42454675E-02  0.00000000E+00  0.16980063E+00  0.00000000E+00  0.00000000E+00  0.18410910E+09  0.00000000E+00  0.00000000E+00  0.00000000E+00  0.00000000E+00  0.00000000E+00  0.10000000E-01  0.10000000E+01
 0.10500200E-08  0.42454675E-02  0.00000000E+00  0.17164172E+00  0.00000000E+00  0.00000000E+00  0.18410910E+09  0.00000000E+00  0.00000000E+00  0.00000000E+00  0.00000000E+00  0.00000000E+00  0.10000000E-01  0.10000000E+01
 0.10600200E-08  0.42454675E-02  0.00000000E+00  0.17348281E+00  0.00000000E+00  0.00000000E+00  0.18410910E+09  0.00000000E+00  0.00000000E+00  0.00000000E+00  0.00000000E+00  0.00000000E+00  0.10000000E-01  0.10000000E+01
 0.10700200E-08  0.42454675E-02  0.00000000E+00  0.17532390E+00  0.00000000E+00  0.00000000E+00  0.18410910E+09  0.00000000E+00  0.00000000E+00  0.00000000E+00  0.00000000E+00  0.00000000E+00  0.10000000E-01  0.10000000E+01
 0.10800200E-08  0.42454675E-02  0.00000000E+00  0.17716499E+00  0.00000000E+00  0.00000000E+00  0.18410910E+09  0.00000000E+00  0.00000000E+00  0.00000000E+00  0.00000000E+00  0.00000000E+00  0.10000000E-01  0.10000000E+01
 0.10900200E-08  0.42454675E-02  0.00000000E+00  0.17900608E+00  0.00000000E+00  0.00000000E+00  0.18410910E+09  0.00000000E+00  0.00000000E+00  0.00000000E+00  0.00000000E+00  0.00000000E+00  0.10000000E-01  0.10000000E+01
 0.11000200E-08  0.42454675E-02  0.00000000E+00  0.18084717E+00  0.00000000E+00  0.00000000E+00  0.18410910E+09  0.00000000E+00  0.00000000E+00  0.00000000E+00  0.00000000E+00  0.00000000E+00  0.10000000E-01  0.10000000E+01
 0.11100200E-08  0.42454675E-02  0.00000000E+00  0.18268826E+00  0.00000000E+00  0.00000000E+00  0.18410910E+09  0.00000000E+00  0.00000000E+00  0.00000000E+00  0.00000000E+00  0.00000000E+00  0.10000000E-01  0.10000000E+01
 0.11200200E-08  0.42454675E-02  0.00000000E+00  0.18452935E+00  0.00000000E+00  0.00000000E+00  0.18410910E+09  0.00000000E+00  0.00000000E+00  0.00000000E+00  0.00000000E+00  0.00000000E+00  0.10000000E-01  0.10000000E+01
 0.11300200E-08  0.42454675E-02  0.00000000E+00  0.18637044E+00  0.00000000E+00  0.00000000E+00  0.18410910E+09  0.00000000E+00  0.00000000E+00  0.00000000E+00  0.00000000E+00  0.00000000E+00  0.10000000E-01  0.10000000E+01
 0.11400200E-08  0.42454675E-02  0.00000000E+00  0.18821154E+00  0.00000000E+00  0.00000000E+00  0.18410910E+09  0.00000000E+00  0.00000000E+00  0.00000000E+00  0.00000000E+00  0.00000000E+00  0.10000000E-01  0.10000000E+01
 0.11500200E-08  0.42454675E-02  0.00000000E+00  0.19005263E+00  0.00000000E+00  0.00000000E+00  0.18410910E+09  0.00000000E+00  0.00000000E+00  0.00000000E+00  0.00000000E+00  0.00000000E+00  0.10000000E-01  0.10000000E+01
 0.11600200E-08  0.42454675E-02  0.00000000E+00  0.19189372E+00  0.00000000E+00  0.00000000E+00  0.18410910E+09  0.00000000E+00  0.00000000E+00  0.00000000E+00  0.00000000E+00  0.00000000E+00  0.10000000E-01  0.10000000E+01
 0.11700200E-08  0.42454675E-02  0.00000000E+00  0.19373481E+00  0.00000000E+00  0.00000000E+00  0.18410910E+09  0.00000000E+00  0.00000000E+00  0.00000000E+00  0.00000000E+00  0.00000000E+00  0.10000000E-01  0.10000000E+01
 0.11800200E-08  0.42454675E-02  0.00000000E+00  0.19557590E+00  0.00000000E+00  0.00000000E+00  0.18410910E+09  0.00000000E+00  0.00000000E+00  0.00000000E+00  0.00000000E+00  0.00000000E+00  0.10000000E-01  0.10000000E+01
 0.11900200E-08  0.42454675E-02  0.00000000E+00  0.19741699E+00  0.00000000E+00  0.00000000E+00  0.18410910E+09  0.00000000E+00  0.00000000E+00  0.00000000E+00  0.00000000E+00  0.00000000E+00  0.10000000E-01  0.10000000E+01
 0.12000200E-08  0.42454675E-02  0.00000000E+00  0.19925808E+00  0.00000000E+00  0.00000000E+00  0.18410910E+09  0.00000000E+00  0.00000000E+00  0.00000000E+00  0.00000000E+00  0.00000000E+00  0.10000000E-01  0.10000000E+01
 0.12100200E-08  0.42454675E-02  0.00000000E+00  0.20109917E+00  0.00000000E+00  0.00000000E+00  0.18410910E+09  0.00000000E+00  0.00000000E+00  0.00000000E+00  0.00000000E+00  0.00000000E+00  0.10000000E-01  0.10000000E+01
 0.12200200E-08  0.42454675E-02  0.00000000E+00  0.20294026E+00  0.00000000E+00  0.00000000E+00  0.18410910E+09  0.00000000E+00  0.00000000E+00  0.00000000E+00  0.00000000E+00  0.00000000E+00  0.10000000E-01  0.10000000E+01
 0.12300200E-08  0.42454675E-02  0.00000000E+00  0.20478136E+00  0.00000000E+00  0.00000000E+00  0.18410910E+09  0.00000000E+00  0.00000000E+00  0.00000000E+00  0.00000000E+00  0.00000000E+00  0.10000000E-01  0.10000000E+01
 0.12400200E-08  0.42454675E-02  0.00000000E+00  0.20662245E+00  0.00000000E+00  0.00000000E+00  0.18410910E+09  0.00000000E+00  0.00000000E+00  0.00000000E+00  0.00000000E+00  0.00000000E+00  0.10000000E-01  0.10000000E+01
 0.12500200E-08  0.42454675E-02  0.00000000E+00  0.20846354E+00  0.00000000E+00  0.00000000E+00  0.18410910E+09  0.00000000E+00  0.00000000E+00  0.00000000E+00  0.00000000E+00  0.00000000E+00  0.10000000E-01  0.10000000E+01
 0.12600200E-08  0.42454675E-02  0.00000000E+00  0.21030463E+00  0.00000000E+00  0.00000000E+00  0.18410910E+09  0.00000000E+00  0.00000000E+00  0.00000000E+00  0.00000000E+00  0.00000000E+00  0.10000000E-01  0.10000000E+01
 0.12700200E-08  0.42454675E-02  0.00000000E+00  0.21214572E+00  0.00000000E+00  0.00000000E+00  0.18410910E+09  0.00000000E+00  0.00000000E+00  0.00000000E+00  0.00000000E+00  0.00000000E+00  0.10000000E-01  0.10000000E+01
 0.12800200E-08  0.42454675E-02  0.00000000E+00  0.21398681E+00  0.00000000E+00  0.00000000E+00  0.18410910E+09  0.00000000E+00  0.00000000E+00  0.00000000E+00  0.00000000E+00  0.00000000E+00  0.10000000E-01  0.10000000E+01
 0.12900200E-08  0.42454675E-02  0.00000000E+00  0.21582790E+00  0.00000000E+00  0.00000000E+00  0.18410910E+09  0.00000000E+00  0.00000000E+00  0.00000000E+00  0.00000000E+00  0.00000000E+00  0.10000000E-01  0.10000000E+01
 0.13000200E-08  0.42454675E-02  0.00000000E+00  0.21766899E+00  0.00000000E+00  0.00000000E+00  0.18410910E+09  0.00000000E+00  0.00000000E+00  0.00000000E+00  0.00000000E+00  0.00000000E+00  0.10000000E-01  0.10000000E+01
 0.13100200E-08  0.42454675E-02  0.00000000E+00  0.21951008E+00  0.00000000E+00  0.00000000E+00  0.18410910E+09  0.00000000E+00  0.00000000E+00  0.00000000E+00  0.00000000E+00  0.00000000E+00  0.10000000E-01  0.10000000E+01
 0.13200200E-08  0.42454675E-02  0.00000000E+00  0.22135117E+00  0.00000000E+00  0.00000000E+00  0.18410910E+09  0.00000000E+00  0.00000000E+00  0.00000000E+00  0.00000000E+00  0.00000000E+00  0.10000000E-01  0.10000000E+01
 0.13300200E-08  0.42454675E-02  0.00000000E+00  0.22319227E+00  0.00000000E+00  0.00000000E+00  0.18410910E+09  0.00000000E+00  0.00000000E+00  0.00000000E+00  0.00000000E+00  0.00000000E+00  0.10000000E-01  0.10000000E+01
 0.13400200E-08  0.42454675E-02  0.00000000E+00  0.22503336E+00  0.00000000E+00  0.00000000E+00  0.18410910E+09  0.00000000E+00  0.00000000E+00  0.00000000E+00  0.00000000E+00  0.00000000E+00  0.10000000E-01  0.10000000E+01
 0.13500200E-08  0.42454675E-02  0.00000000E+00  0.22687445E+00  0.00000000E+00  0.00000000E+00  0.18410910E+09  0.00000000E+00  0.00000000E+00  0.00000000E+00  0.00000000E+00  0.00000000E+00  0.10000000E-01  0.10000000E+01
 0.13600200E-08  0.42454675E-02  0.00000000E+00  0.22871554E+00  0.00000000E+00  0.00000000E+00  0.18410910E+09  0.00000000E+00  0.00000000E+00  0.00000000E+00  0.00000000E+00  0.00000000E+00  0.10000000E-01  0.10000000E+01
 0.13700200E-08  0.42454675E-02  0.00000000E+00  0.23055663E+00  0.00000000E+00  0.00000000E+00  0.18410910E+09  0.00000000E+00  0.00000000E+00  0.00000000E+00  0.00000000E+00  0.00000000E+00  0.10000000E-01  0.10000000E+01
 0.13800200E-08  0.42454675E-02  0.00000000E+00  0.23239772E+00  0.00000000E+00  0.00000000E+00  0.18410910E+09  0.00000000E+00  0.00000000E+00  0.00000000E+00  0.00000000E+00  0.00000000E+00  0.10000000E-01  0.10000000E+01
 0.13900200E-08  0.42454675E-02  0.00000000E+00  0.23423881E+00  0.00000000E+00  0.00000000E+00  0.18410910E+09  0.00000000E+00  0.00000000E+00  0.00000000E+00  0.00000000E+00  0.00000000E+00  0.10000000E-01  0.10000000E+01
 0.14000200E-08  0.42454675E-02  0.00000000E+00  0.23607990E+00  0.00000000E+00  0.00000000E+00  0.18410910E+09  0.00000000E+00  0.00000000E+00  0.00000000E+00  0.00000000E+00  0.00000000E+00  0.10000000E-01  0.10000000E+01
 0.14100200E-08  0.42454675E-02  0.00000000E+00  0.23792099E+00  0.00000000E+00  0.00000000E+00  0.18410910E+09  0.00000000E+00  0.00000000E+00  0.00000000E+00  0.00000000E+00  0.00000000E+00  0.10000000E-01  0.10000000E+01
 0.14200200E-08  0.42454675E-02  0.00000000E+00  0.23976208E+00  0.00000000E+00  0.00000000E+00  0.18410910E+09  0.00000000E+00  0.00000000E+00  0.00000000E+00  0.00000000E+00  0.00000000E+00  0.10000000E-01  0.10000000E+01
 0.14300200E-08  0.42454675E-02  0.00000000E+00  0.24160318E+00  0.00000000E+00  0.00000000E+00  0.18410910E+09  0.00000000E+00  0.00000000E+00  0.00000000E+00  0.00000000E+00  0.00000000E+00  0.10000000E-01  0.10000000E+01
 0.14400200E-08  0.42454675E-02  0.00000000E+00  0.24344427E+00  0.00000000E+00  0.00000000E+00  0.18410910E+09  0.00000000E+00  0.00000000E+00  0.00000000E+00  0.00000000E+00  0.00000000E+00  0.10000000E-01  0.10000000E+01
 0.14500200E-08  0.42454675E-02  0.00000000E+00  0.24528536E+00  0.00000000E+00  0.00000000E+00  0.18410910E+09  0.00000000E+00  0.00000000E+00  0.00000000E+00  0.00000000E+00  0.00000000E+00  0.10000000E-01  0.10000000E+01
 0.14600200E-08  0.42454675E-02  0.00000000E+00  0.24712645E+00  0.00000000E+00  0.00000000E+00  0.18410910E+09  0.00000000E+00  0.00000000E+00  0.00000000E+00  0.00000000E+00  0.00000000E+00  0.10000000E-01  0.10000000E+01
 0.14700200E-08  0.42454675E-02  0.00000000E+00  0.24896754E+00  0.00000000E+00  0.00000000E+00  0.18410910E+09  0.00000000E+00  0.00000000E+00  0.00000000E+00  0.00000000E+00  0.00000000E+00  0.10000000E-01  0.10000000E+01
 0.14800200E-08  0.42454675E-02  0.00000000E+00  0.25080863E+00  0.00000000E+00  0.00000000E+00  0.18410910E+09  0.00000000E+00  0.00000000E+00  0.00000000E+00  0.00000000E+00  0.00000000E+00  0.10000000E-01  0.10000000E+01
 0.14900200E-08  0.42454675E-02  0.00000000E+00  0.25264972E+00  0.00000000E+00  0.00000000E+00  0.18410910E+09  0.00000000E+00  0.00000000E+00  0.00000000E+00  0.00000000E+00  0.00000000E+00  0.10000000E-01  0.10000000E+01
 0.15000200E-08  0.42454675E-02  0.00000000E+00  0.25449081E+00  0.00000000E+00  0.00000000E+00  0.18410910E+09  0.00000000E+00  0.00000000E+00  0.00000000E+00  0.00000000E+00  0.00000000E+00  0.10000000E-01  0.10000000E+01
 0.15100200E-08  0.42454675E-02  0.00000000E+00  0.25633190E+00  0.00000000E+00  0.00000000E+00  0.18410910E+09  0.00000000E+00  0.00000000E+00  0.00000000E+00  0.00000000E+00  0.00000000E+00  0.10000000E-01  0.10000000E+01
 0.15200200E-08  0.42454675E-02  0.00000000E+00  0.25817300E+00  0.00000000E+00  0.00000000E+00  0.18410910E+09  0.00000000E+00  0.00000000E+00  0.00000000E+00  0.00000000E+00  0.00000000E+00  0.10000000E-01  0.10000000E+01
 0.15300200E-08  0.42454675E-02  0.00000000E+00  0.26001409E+00  0.00000000E+00  0.00000000E+00  0.18410910E+09  0.00000000E+00  0.00000000E+00  0.00000000E+00  0.00000000E+00  0.00000000E+00  0.10000000E-01  0.10000000E+01
 0.15400200E-08  0.42454675E-02  0.00000000E+00  0.26185518E+00  0.00000000E+00  0.00000000E+00  0.18410910E+09  0.00000000E+00  0.00000000E+00  0.00000000E+00  0.00000000E+00  0.00000000E+00  0.10000000E-01  0.10000000E+01
 0.15500200E-08  0.42454675E-02  0.00000000E+00  0.26369627E+00  0.00000000E+00  0.00000000E+00  0.18410910E+09  0.00000000E+00  0.00000000E+00  0.00000000E+00  0.00000000E+00  0.00000000E+00  0.10000000E-01  0.10000000E+01
 0.15600200E-08  0.42454675E-02  0.00000000E+00  0.26553736E+00  0.00000000E+00  0.00000000E+00  0.18410910E+09  0.00000000E+00  0.00000000E+00  0.00000000E+00  0.00000000E+00  0.00000000E+00  0.10000000E-01  0.10000000E+01
 0.15700200E-08  0.42454675E-02  0.00000000E+00  0.26737845E+00  0.00000000E+00  0.00000000E+00  0.18410910E+09  0.00000000E+00  0.00000000E+00  0.00000000E+00  0.00000000E+00  0.00000000E+00  0.10000000E-01  0.10000000E+01
 0.15800200E-08  0.42454675E-02  0.00000000E+00  0.26921954E+00  0.00000000E+00  0.00000000E+00  0.18410910E+09  0.00000000E+00  0.00000000E+00  0.00000000E+00  0.00000000E+00  0.00000000E+00  0.10000000E-01  0.10000000E+01
 0.15900200E-08  0.42454675E-02  0.00000000E+00  0.27106063E+00  0.00000000E+00  0.00000000E+00  0.18410910E+09  0.00000000E+00  0.00000000E+00  0.00000000E+00  0.00000000E+00  0.00000000E+00  0.10000000E-01  0.10000000E+01
 0.16000200E-08  0.42454675E-02  0.00000000E+00  0.27290172E+00  0.00000000E+00  0.00000000E+00  0.18410910E+09  0.00000000E+00  0.00000000E+00  0.00000000E+00  0.00000000E+00  0.00000000E+00  0.10000000E-01  0.10000000E+01
 0.16100200E-08  0.42454675E-02  0.00000000E+00  0.27474281E+00  0.00000000E+00  0.00000000E+00  0.18410910E+09  0.00000000E+00  0.00000000E+00  0.00000000E+00  0.00000000E+00  0.00000000E+00  0.10000000E-01  0.10000000E+01
 0.16200200E-08  0.42454675E-02  0.00000000E+00  0.27658391E+00  0.00000000E+00  0.00000000E+00  0.18410910E+09  0.00000000E+00  0.00000000E+00  0.00000000E+00  0.00000000E+00  0.00000000E+00  0.10000000E-01  0.10000000E+01
 0.16300200E-08  0.42454675E-02  0.00000000E+00  0.27842500E+00  0.00000000E+00  0.00000000E+00  0.18410910E+09  0.00000000E+00  0.00000000E+00  0.00000000E+00  0.00000000E+00  0.00000000E+00  0.10000000E-01  0.10000000E+01
 0.16400200E-08  0.42454675E-02  0.00000000E+00  0.28026609E+00  0.00000000E+00  0.00000000E+00  0.18410910E+09  0.00000000E+00  0.00000000E+00  0.00000000E+00  0.00000000E+00  0.00000000E+00  0.10000000E-01  0.10000000E+01
 0.16500200E-08  0.42454675E-02  0.00000000E+00  0.28210718E+00  0.00000000E+00  0.00000000E+00  0.18410910E+09  0.00000000E+00  0.00000000E+00  0.00000000E+00  0.00000000E+00  0.00000000E+00  0.10000000E-01  0.10000000E+01
 0.16600200E-08  0.42454675E-02  0.00000000E+00  0.28394827E+00  0.00000000E+00  0.00000000E+00  0.18410910E+09  0.00000000E+00  0.00000000E+00  0.00000000E+00  0.00000000E+00  0.00000000E+00  0.10000000E-01  0.10000000E+01
 0.16700200E-08  0.42454675E-02  0.00000000E+00  0.28578936E+00  0.00000000E+00  0.00000000E+00  0.18410910E+09  0.00000000E+00  0.00000000E+00  0.00000000E+00  0.00000000E+00  0.00000000E+00  0.10000000E-01  0.10000000E+01
 0.16800200E-08  0.42454675E-02  0.00000000E+00  0.28763045E+00  0.00000000E+00  0.00000000E+00  0.18410910E+09  0.00000000E+00  0.00000000E+00  0.00000000E+00  0.00000000E+00  0.00000000E+00  0.10000000E-01  0.10000000E+01
 0.16900200E-08  0.42454675E-02  0.00000000E+00  0.28947154E+00  0.00000000E+00  0.00000000E+00  0.18410910E+09  0.00000000E+00  0.00000000E+00  0.00000000E+00  0.00000000E+00  0.00000000E+00  0.10000000E-01  0.10000000E+01
 0.17000200E-08  0.42454675E-02  0.00000000E+00  0.29131263E+00  0.00000000E+00  0.00000000E+00  0.18410910E+09  0.00000000E+00  0.00000000E+00  0.00000000E+00  0.00000000E+00  0.00000000E+00  0.10000000E-01  0.10000000E+01
 0.17100200E-08  0.42454675E-02  0.00000000E+00  0.29315373E+00  0.00000000E+00  0.00000000E+00  0.18410910E+09  0.00000000E+00  0.00000000E+00  0.00000000E+00  0.00000000E+00  0.00000000E+00  0.10000000E-01  0.10000000E+01
 0.17200200E-08  0.42454675E-02  0.00000000E+00  0.29499482E+00  0.00000000E+00  0.00000000E+00  0.18410910E+09  0.00000000E+00  0.00000000E+00  0.00000000E+00  0.00000000E+00  0.00000000E+00  0.10000000E-01  0.10000000E+01
 0.17300200E-08  0.42454675E-02  0.00000000E+00  0.29683591E+00  0.00000000E+00  0.00000000E+00  0.18410910E+09  0.00000000E+00  0.00000000E+00  0.00000000E+00  0.00000000E+00  0.00000000E+00  0.10000000E-01  0.10000000E+01
 0.17400200E-08  0.42454675E-02  0.00000000E+00  0.29867700E+00  0.00000000E+00  0.00000000E+00  0.18410910E+09  0.00000000E+00  0.00000000E+00  0.00000000E+00  0.00000000E+00  0.00000000E+00  0.10000000E-01  0.10000000E+01
 0.17500200E-08  0.42454675E-02  0.00000000E+00  0.30051809E+00  0.00000000E+00  0.00000000E+00  0.18410910E+09  0.00000000E+00  0.00000000E+00  0.00000000E+00  0.00000000E+00  0.00000000E+00  0.10000000E-01  0.10000000E+01
 0.17600200E-08  0.42454675E-02  0.00000000E+00  0.30235918E+00  0.00000000E+00  0.00000000E+00  0.18410910E+09  0.00000000E+00  0.00000000E+00  0.00000000E+00  0.00000000E+00  0.00000000E+00  0.10000000E-01  0.10000000E+01
 0.17700200E-08  0.42454675E-02  0.00000000E+00  0.30420027E+00  0.00000000E+00  0.00000000E+00  0.18410910E+09  0.00000000E+00  0.00000000E+00  0.00000000E+00  0.00000000E+00  0.00000000E+00  0.10000000E-01  0.10000000E+01
 0.17800200E-08  0.42454675E-02  0.00000000E+00  0.30604136E+00  0.00000000E+00  0.00000000E+00  0.18410910E+09  0.00000000E+00  0.00000000E+00  0.00000000E+00  0.00000000E+00  0.00000000E+00  0.10000000E-01  0.10000000E+01
 0.17900200E-08  0.42454675E-02  0.00000000E+00  0.30788245E+00  0.00000000E+00  0.00000000E+00  0.18410910E+09  0.00000000E+00  0.00000000E+00  0.00000000E+00  0.00000000E+00  0.00000000E+00  0.10000000E-01  0.10000000E+01
 0.18000200E-08  0.42454675E-02  0.00000000E+00  0.30972354E+00  0.00000000E+00  0.00000000E+00  0.18410910E+09  0.00000000E+00  0.00000000E+00  0.00000000E+00  0.00000000E+00  0.00000000E+00  0.10000000E-01  0.10000000E+01
 0.18100200E-08  0.42454675E-02  0.00000000E+00  0.31156464E+00  0.00000000E+00  0.00000000E+00  0.18410910E+09  0.00000000E+00  0.00000000E+00  0.00000000E+00  0.00000000E+00  0.00000000E+00  0.10000000E-01  0.10000000E+01
 0.18200200E-08  0.42454675E-02  0.00000000E+00  0.31340573E+00  0.00000000E+00  0.00000000E+00  0.18410910E+09  0.00000000E+00  0.00000000E+00  0.00000000E+00  0.00000000E+00  0.00000000E+00  0.10000000E-01  0.10000000E+01
 0.18300200E-08  0.42454675E-02  0.00000000E+00  0.31524682E+00  0.00000000E+00  0.00000000E+00  0.18410910E+09  0.00000000E+00  0.00000000E+00  0.00000000E+00  0.00000000E+00  0.00000000E+00  0.10000000E-01  0.10000000E+01
 0.18400200E-08  0.42454675E-02  0.00000000E+00  0.31708791E+00  0.00000000E+00  0.00000000E+00  0.18410910E+09  0.00000000E+00  0.00000000E+00  0.00000000E+00  0.00000000E+00  0.00000000E+00  0.10000000E-01  0.10000000E+01
 0.18500200E-08  0.42454675E-02  0.00000000E+00  0.31892900E+00  0.00000000E+00  0.00000000E+00  0.18410910E+09  0.00000000E+00  0.00000000E+00  0.00000000E+00  0.00000000E+00  0.00000000E+00  0.10000000E-01  0.10000000E+01
 0.18600200E-08  0.42454675E-02  0.00000000E+00  0.32077009E+00  0.00000000E+00  0.00000000E+00  0.18410910E+09  0.00000000E+00  0.00000000E+00  0.00000000E+00  0.00000000E+00  0.00000000E+00  0.10000000E-01  0.10000000E+01
 0.18700200E-08  0.42454675E-02  0.00000000E+00  0.32261118E+00  0.00000000E+00  0.00000000E+00  0.18410910E+09  0.00000000E+00  0.00000000E+00  0.00000000E+00  0.00000000E+00  0.00000000E+00  0.10000000E-01  0.10000000E+01
 0.18800200E-08  0.42454675E-02  0.00000000E+00  0.32445227E+00  0.00000000E+00  0.00000000E+00  0.18410910E+09  0.00000000E+00  0.00000000E+00  0.00000000E+00  0.00000000E+00  0.00000000E+00  0.10000000E-01  0.10000000E+01
 0.18900200E-08  0.42454675E-02  0.00000000E+00  0.32629336E+00  0.00000000E+00  0.00000000E+00  0.18410910E+09  0.00000000E+00  0.00000000E+00  0.00000000E+00  0.00000000E+00  0.00000000E+00  0.10000000E-01  0.10000000E+01
 0.19000200E-08  0.42454675E-02  0.00000000E+00  0.32813446E+00  0.00000000E+00  0.00000000E+00  0.18410910E+09  0.00000000E+00  0.00000000E+00  0.00000000E+00  0.00000000E+00  0.00000000E+00  0.10000000E-01  0.10000000E+01
 0.19100200E-08  0.42454675E-02  0.00000000E+00  0.32997555E+00  0.00000000E+00  0.00000000E+00  0.18410910E+09  0.00000000E+00  0.00000000E+00  0.00000000E+00  0.00000000E+00  0.00000000E+00  0.10000000E-01  0.10000000E+01
 0.19200200E-08  0.42454675E-02  0.00000000E+00  0.33181664E+00  0.00000000E+00  0.00000000E+00  0.18410910E+09  0.00000000E+00  0.00000000E+00  0.00000000E+00  0.00000000E+00  0.00000000E+00  0.10000000E-01  0.10000000E+01
 0.19300200E-08  0.42454675E-02  0.00000000E+00  0.33365773E+00  0.00000000E+00  0.00000000E+00  0.18410910E+09  0.00000000E+00  0.00000000E+00  0.00000000E+00  0.00000000E+00  0.00000000E+00  0.10000000E-01  0.10000000E+01
 0.19400200E-08  0.42454675E-02  0.00000000E+00  0.33549882E+00  0.00000000E+00  0.00000000E+00  0.18410910E+09  0.00000000E+00  0.00000000E+00  0.00000000E+00  0.00000000E+00  0.00000000E+00  0.10000000E-01  0.10000000E+01
 0.19500200E-08  0.42454675E-02  0.00000000E+00  0.33733991E+00  0.00000000E+00  0.00000000E+00  0.18410910E+09  0.00000000E+00  0.00000000E+00  0.00000000E+00  0.00000000E+00  0.00000000E+00  0.10000000E-01  0.10000000E+01
 0.19600200E-08  0.42454675E-02  0.00000000E+00  0.33918100E+00  0.00000000E+00  0.00000000E+00  0.18410910E+09  0.00000000E+00  0.00000000E+00  0.00000000E+00  0.00000000E+00  0.00000000E+00  0.10000000E-01  0.10000000E+01
 0.19700200E-08  0.42454675E-02  0.00000000E+00  0.34102209E+00  0.00000000E+00  0.00000000E+00  0.18410910E+09  0.00000000E+00  0.00000000E+00  0.00000000E+00  0.00000000E+00  0.00000000E+00  0.10000000E-01  0.10000000E+01
 0.19800200E-08  0.42454675E-02  0.00000000E+00  0.34286318E+00  0.00000000E+00  0.00000000E+00  0.18410910E+09  0.00000000E+00  0.00000000E+00  0.00000000E+00  0.00000000E+00  0.00000000E+00  0.10000000E-01  0.10000000E+01
 0.19900200E-08  0.42454675E-02  0.00000000E+00  0.34470427E+00  0.00000000E+00  0.00000000E+00  0.18410910E+09  0.00000000E+00  0.00000000E+00  0.00000000E+00  0.00000000E+00  0.00000000E+00  0.10000000E-01  0.10000000E+01
