# ptime xp yp zp vx vy vz ex ey ez bx by bz wt
 0.20000000E-13  0.90759183E-02  0.00000000E+00 -0.25720408E-01  0.00000000E+00  0.00000000E+00  0.16880364E+09  0.00000000E+00  0.00000000E+00  0.00000000E+00  0.00000000E+00  0.00000000E+00  0.10000000E-01  0.10000000E+01
 0.10000000E-10  0.90759183E-02  0.00000000E+00 -0.24035747E-01  0.00000000E+00  0.00000000E+00  0.16880364E+09  0.00000000E+00  0.00000000E+00  0.00000000E+00  0.00000000E+00  0.00000000E+00  0.10000000E-01  0.10000000E+01
 0.20000000E-10  0.90759183E-02  0.00000000E+00 -0.22347711E-01  0.00000000E+00  0.00000000E+00  0.16880364E+09  0.00000000E+00  0.00000000E+00  0.00000000E+00  0.00000000E+00  0.00000000E+00  0.10000000E-01  0.10000000E+01
 0.30000000E-10  0.90759183E-02  0.00000000E+00 -0.20659674E-01  0.00000000E+00  0.00000000E+00  0.16880364E+09  0.00000000E+00  0.00000000E+00  0.00000000E+00  0.00000000E+00  0.00000000E+00  0.10000000E-01  0.10000000E+01
 0.40020000E-10  0.90759183E-02  0.00000000E+00 -0.18968262E-01  0.00000000E+00  0.00000000E+00  0.16880364E+09  0.00000000E+00  0.00000000E+00  0.00000000E+00  0.00000000E+00  0.00000000E+00  0.10000000E-01  0.10000000E+01
 0.50020000E-10  0.90759183E-02  0.00000000E+00 -0.17280226E-01  0.00000000E+00  0.00000000E+00  0.16880364E+09  0.00000000E+00  0.00000000E+00  0.00000000E+00  0.00000000E+00  0.00000000E+00  0.10000000E-01  0.10000000E+01
 0.60020000E-10  0.90759183E-02  0.00000000E+00 -0.15592189E-01  0.00000000E+00  0.00000000E+00  0.16880364E+09  0.00000000E+00  0.00000000E+00  0.00000000E+00  0.00000000E+00  0.00000000E+00  0.10000000E-01  0.10000000E+01
 0.70020000E-10  0.90759183E-02  0.00000000E+00 -0.13904153E-01  0.00000000E+00  0.00000000E+00  0.16880364E+09  0.00000000E+00  0.00000000E+00  0.00000000E+00  0.00000000E+00  0.00000000E+00  0.10000000E-01  0.10000000E+01
 0.80000000E-10  0.90759183E-02  0.00000000E+00 -0.12219493E-01  0.00000000E+00  0.00000000E+00  0.16880364E+09  0.00000000E+00  0.00000000E+00  0.00000000E+00  0.00000000E+00  0.00000000E+00  0.10000000E-01  0.10000000E+01
 0.90000000E-10  0.90759183E-02  0.00000000E+00 -0.10531456E-01  0.00000000E+00  0.00000000E+00  0.16880364E+09  0.00000000E+00  0.00000000E+00  0.00000000E+00  0.00000000E+00  0.00000000E+00  0.10000000E-01  0.10000000E+01
 0.10000000E-09  0.90759183E-02  0.00000000E+00 -0.88434199E-02  0.00000000E+00  0.00000000E+00  0.16880364E+09  0.00000000E+00  0.00000000E+00  0.00000000E+00  0.00000000E+00  0.00000000E+00  0.10000000E-01  0.10000000E+01
 0.11000000E-09  0.90759183E-02  0.00000000E+00 -0.71553835E-02  0.00000000E+00  0.00000000E+00  0.16880364E+09  0.00000000E+00  0.00000000E+00  0.00000000E+00  0.00000000E+00  0.00000000E+00  0.10000000E-01  0.10000000E+01
 0.12000000E-09  0.90759183E-02  0.00000000E+00 -0.54673472E-02  0.00000000E+00  0.00000000E+00  0.16880364E+09  0.00000000E+00  0.00000000E+00  0.00000000E+00  0.00000000E+00  0.00000000E+00  0.10000000E-01  0.10000000E+01
 0.13000000E-09  0.90759183E-02  0.00000000E+00 -0.37793108E-02  0.00000000E+00  0.00000000E+00  0.16880364E+09  0.00000000E+00  0.00000000E+00  0.00000000E+00  0.00000000E+00  0.00000000E+00  0.10000000E-01  0.10000000E+01
 0.14002000E-09  0.90759183E-02  0.00000000E+00 -0.20878983E-02  0.00000000E+00  0.00000000E+00  0.16880364E+09  0.00000000E+00  0.00000000E+00  0.00000000E+00  0.00000000E+00  0.00000000E+00  0.10000000E-01  0.10000000E+01
 0.15002000E-09  0.90759183E-02  0.00000000E+00 -0.39986198E-03  0.00000000E+00  0.00000000E+00  0.16880364E+09  0.00000000E+00  0.00000000E+00  0.00000000E+00  0.00000000E+00  0.00000000E+00  0.10000000E-01  0.10000000E+01
 0.16002000E-09  0.90759183E-02  0.00000000E+00  0.12881744E-02  0.00000000E+00  0.00000000E+00  0.16880364E+09  0.00000000E+00  0.00000000E+00  0.00000000E+00  0.00000000E+00  0.00000000E+00  0.10000000E-01  0.10000000E+01
 0.17002000E-09  0.90759183E-02  0.00000000E+00  0.29762108E-02  0.00000000E+00  0.00000000E+00  0.16880364E+09  0.00000000E+00  0.00000000E+00  0.00000000E+00  0.00000000E+00  0.00000000E+00  0.10000000E-01  0.10000000E+01
 0.18002000E-09  0.90759183E-02  0.00000000E+00  0.46642471E-02  0.00000000E+00  0.00000000E+00  0.16880364E+09  0.00000000E+00  0.00000000E+00  0.00000000E+00  0.00000000E+00  0.00000000E+00  0.10000000E-01  0.10000000E+01
 0.19002000E-09  0.90759183E-02  0.00000000E+00  0.63522835E-02  0.00000000E+00  0.00000000E+00  0.16880364E+09  0.00000000E+00  0.00000000E+00  0.00000000E+00  0.00000000E+00  0.00000000E+00  0.10000000E-01  0.10000000E+01
 0.20002000E-09  0.90759183E-02  0.00000000E+00  0.80403199E-02  0.00000000E+00  0.00000000E+00  0.16880364E+09  0.00000000E+00  0.00000000E+00  0.00000000E+00  0.00000000E+00  0.00000000E+00  0.10000000E-01  0.10000000E+01
 0.21002000E-09  0.90759183E-02  0.00000000E+00  0.97283562E-02  0.00000000E+00  0.00000000E+00  0.16880364E+09  0.00000000E+00  0.00000000E+00  0.00000000E+00  0.00000000E+00  0.00000000E+00  0.10000000E-01  0.10000000E+01
 0.22002000E-09  0.90759183E-02  0.00000000E+00  0.11416393E-01  0.00000000E+00  0.00000000E+00  0.16880364E+09  0.00000000E+00  0.00000000E+00  0.00000000E+00  0.00000000E+00  0.00000000E+00  0.10000000E-01  0.10000000E+01
 0.23002000E-09  0.90759183E-02  0.00000000E+00  0.13104429E-01  0.00000000E+00  0.00000000E+00  0.16880364E+09  0.00000000E+00  0.00000000E+00  0.00000000E+00  0.00000000E+00  0.00000000E+00  0.10000000E-01  0.10000000E+01
 0.24002000E-09  0.90759183E-02  0.00000000E+00  0.14792465E-01  0.00000000E+00  0.00000000E+00  0.16880364E+09  0.00000000E+00  0.00000000E+00  0.00000000E+00  0.00000000E+00  0.00000000E+00  0.10000000E-01  0.10000000E+01
 0.25002000E-09  0.90759183E-02  0.00000000E+00  0.16480502E-01  0.00000000E+00  0.00000000E+00  0.16880364E+09  0.00000000E+00  0.00000000E+00  0.00000000E+00  0.00000000E+00  0.00000000E+00  0.10000000E-01  0.10000000E+01
 0.26002000E-09  0.90759183E-02  0.00000000E+00  0.18168538E-01  0.00000000E+00  0.00000000E+00  0.16880364E+09  0.00000000E+00  0.00000000E+00  0.00000000E+00  0.00000000E+00  0.00000000E+00  0.10000000E-01  0.10000000E+01
 0.27002000E-09  0.90759183E-02  0.00000000E+00  0.19856574E-01  0.00000000E+00  0.00000000E+00  0.16880364E+09  0.00000000E+00  0.00000000E+00  0.00000000E+00  0.00000000E+00  0.00000000E+00  0.10000000E-01  0.10000000E+01
 0.28002000E-09  0.90759183E-02  0.00000000E+00  0.21544611E-01  0.00000000E+00  0.00000000E+00  0.16880364E+09  0.00000000E+00  0.00000000E+00  0.00000000E+00  0.00000000E+00  0.00000000E+00  0.10000000E-01  0.10000000E+01
 0.29002000E-09  0.90759183E-02  0.00000000E+00  0.23232647E-01  0.00000000E+00  0.00000000E+00  0.16880364E+09  0.00000000E+00  0.00000000E+00  0.00000000E+00  0.00000000E+00  0.00000000E+00  0.10000000E-01  0.10000000E+01
 0.30000000E-09  0.90759183E-02  0.00000000E+00  0.24917308E-01  0.00000000E+00  0.00000000E+00  0.16880364E+09  0.00000000E+00  0.00000000E+00  0.00000000E+00  0.00000000E+00  0.00000000E+00  0.10000000E-01  0.10000000E+01
 0.31000000E-09  0.90759183E-02  0.00000000E+00  0.26605344E-01  0.00000000E+00  0.00000000E+00  0.16880364E+09  0.00000000E+00  0.00000000E+00  0.00000000E+00  0.00000000E+00  0.00000000E+00  0.10000000E-01  0.10000000E+01
 0.32000000E-09  0.90759183E-02  0.00000000E+00  0.28293380E-01  0.00000000E+00  0.00000000E+00  0.16880364E+09  0.00000000E+00  0.00000000E+00  0.00000000E+00  0.00000000E+00  0.00000000E+00  0.10000000E-01  0.10000000E+01
 0.33000000E-09  0.90759183E-02  0.00000000E+00  0.29981417E-01  0.00000000E+00  0.00000000E+00  0.16880364E+09  0.00000000E+00  0.00000000E+00  0.00000000E+00  0.00000000E+00  0.00000000E+00  0.10000000E-01  0.10000000E+01
 0.34000000E-09  0.90759183E-02  0.00000000E+00  0.31669453E-01  0.00000000E+00  0.00000000E+00  0.16880364E+09  0.00000000E+00  0.00000000E+00  0.00000000E+00  0.00000000E+00  0.00000000E+00  0.10000000E-01  0.10000000E+01
 0.35000000E-09  0.90759183E-02  0.00000000E+00  0.33357489E-01  0.00000000E+00  0.00000000E+00  0.16880364E+09  0.00000000E+00  0.00000000E+00  0.00000000E+00  0.00000000E+00  0.00000000E+00  0.10000000E-01  0.10000000E+01
 0.36000000E-09  0.90759183E-02  0.00000000E+00  0.35045526E-01  0.00000000E+00  0.00000000E+00  0.16880364E+09  0.00000000E+00  0.00000000E+00  0.00000000E+00  0.00000000E+00  0.00000000E+00  0.10000000E-01  0.10000000E+01
 0.37000000E-09  0.90759183E-02  0.00000000E+00  0.36733562E-01  0.00000000E+00  0.00000000E+00  0.16880364E+09  0.00000000E+00  0.00000000E+00  0.00000000E+00  0.00000000E+00  0.00000000E+00  0.10000000E-01  0.10000000E+01
 0.38000000E-09  0.90759183E-02  0.00000000E+00  0.38421598E-01  0.00000000E+00  0.00000000E+00  0.16880364E+09  0.00000000E+00  0.00000000E+00  0.00000000E+00  0.00000000E+00  0.00000000E+00  0.10000000E-01  0.10000000E+01
 0.39000000E-09  0.90759183E-02  0.00000000E+00  0.40109635E-01  0.00000000E+00  0.00000000E+00  0.16880364E+09  0.00000000E+00  0.00000000E+00  0.00000000E+00  0.00000000E+00  0.00000000E+00  0.10000000E-01  0.10000000E+01
 0.40000000E-09  0.90759183E-02  0.00000000E+00  0.41797671E-01  0.00000000E+00  0.00000000E+00  0.16880364E+09  0.00000000E+00  0.00000000E+00  0.00000000E+00  0.00000000E+00  0.00000000E+00  0.10000000E-01  0.10000000E+01
 0.41000000E-09  0.90759183E-02  0.00000000E+00  0.43485708E-01  0.00000000E+00  0.00000000E+00  0.16880364E+09  0.00000000E+00  0.00000000E+00  0.00000000E+00  0.00000000E+00  0.00000000E+00  0.10000000E-01  0.10000000E+01
 0.42000000E-09  0.90759183E-02  0.00000000E+00  0.45173744E-01  0.00000000E+00  0.00000000E+00  0.16880364E+09  0.00000000E+00  0.00000000E+00  0.00000000E+00  0.00000000E+00  0.00000000E+00  0.10000000E-01  0.10000000E+01
 0.43000000E-09  0.90759183E-02  0.00000000E+00  0.46861780E-01  0.00000000E+00  0.00000000E+00  0.16880364E+09  0.00000000E+00  0.00000000E+00  0.00000000E+00  0.00000000E+00  0.00000000E+00  0.10000000E-01  0.10000000E+01
 0.44000000E-09  0.90759183E-02  0.00000000E+00  0.48549817E-01  0.00000000E+00  0.00000000E+00  0.16880364E+09  0.00000000E+00  0.00000000E+00  0.00000000E+00  0.00000000E+00  0.00000000E+00  0.10000000E-01  0.10000000E+01
 0.45000000E-09  0.90759183E-02  0.00000000E+00  0.50237853E-01  0.00000000E+00  0.00000000E+00  0.16880364E+09  0.00000000E+00  0.00000000E+00  0.00000000E+00  0.00000000E+00  0.00000000E+00  0.10000000E-01  0.10000000E+01
 0.46000000E-09  0.90759183E-02  0.00000000E+00  0.51925889E-01  0.00000000E+00  0.00000000E+00  0.16880364E+09  0.00000000E+00  0.00000000E+00  0.00000000E+00  0.00000000E+00  0.00000000E+00  0.10000000E-01  0.10000000E+01
 0.47000000E-09  0.90759183E-02  0.00000000E+00  0.53613926E-01  0.00000000E+00  0.00000000E+00  0.16880364E+09  0.00000000E+00  0.00000000E+00  0.00000000E+00  0.00000000E+00  0.00000000E+00  0.10000000E-01  0.10000000E+01
 0.48000000E-09  0.90759183E-02  0.00000000E+00  0.55301962E-01  0.00000000E+00  0.00000000E+00  0.16880364E+09  0.00000000E+00  0.00000000E+00  0.00000000E+00  0.00000000E+00  0.00000000E+00  0.10000000E-01  0.10000000E+01
 0.49000000E-09  0.90759183E-02  0.00000000E+00  0.56989999E-01  0.00000000E+00  0.00000000E+00  0.16880364E+09  0.00000000E+00  0.00000000E+00  0.00000000E+00  0.00000000E+00  0.00000000E+00  0.10000000E-01  0.10000000E+01
 0.50000000E-09  0.90759183E-02  0.00000000E+00  0.58678035E-01  0.00000000E+00  0.00000000E+00  0.16880364E+09  0.00000000E+00  0.00000000E+00  0.00000000E+00  0.00000000E+00  0.00000000E+00  0.10000000E-01  0.10000000E+01
 0.51000000E-09  0.90759183E-02  0.00000000E+00  0.60366071E-01  0.00000000E+00  0.00000000E+00  0.16880364E+09  0.00000000E+00  0.00000000E+00  0.00000000E+00  0.00000000E+00  0.00000000E+00  0.10000000E-01  0.10000000E+01
 0.52000000E-09  0.90759183E-02  0.00000000E+00  0.62054108E-01  0.00000000E+00  0.00000000E+00  0.16880364E+09  0.00000000E+00  0.00000000E+00  0.00000000E+00  0.00000000E+00  0.00000000E+00  0.10000000E-01  0.10000000E+01
 0.53000000E-09  0.90759183E-02  0.00000000E+00  0.63742144E-01  0.00000000E+00  0.00000000E+00  0.16880364E+09  0.00000000E+00  0.00000000E+00  0.00000000E+00  0.00000000E+00  0.00000000E+00  0.10000000E-01  0.10000000E+01
 0.54000000E-09  0.90759183E-02  0.00000000E+00  0.65430180E-01  0.00000000E+00  0.00000000E+00  0.16880364E+09  0.00000000E+00  0.00000000E+00  0.00000000E+00  0.00000000E+00  0.00000000E+00  0.10000000E-01  0.10000000E+01
 0.55002000E-09  0.90759183E-02  0.00000000E+00  0.67121593E-01  0.00000000E+00  0.00000000E+00  0.16880364E+09  0.00000000E+00  0.00000000E+00  0.00000000E+00  0.00000000E+00  0.00000000E+00  0.10000000E-01  0.10000000E+01
 0.56002000E-09  0.90759183E-02  0.00000000E+00  0.68809629E-01  0.00000000E+00  0.00000000E+00  0.16880364E+09  0.00000000E+00  0.00000000E+00  0.00000000E+00  0.00000000E+00  0.00000000E+00  0.10000000E-01  0.10000000E+01
 0.57002000E-09  0.90759183E-02  0.00000000E+00  0.70497666E-01  0.00000000E+00  0.00000000E+00  0.16880364E+09  0.00000000E+00  0.00000000E+00  0.00000000E+00  0.00000000E+00  0.00000000E+00  0.10000000E-01  0.10000000E+01
 0.58002000E-09  0.90759183E-02  0.00000000E+00  0.72185702E-01  0.00000000E+00  0.00000000E+00  0.16880364E+09  0.00000000E+00  0.00000000E+00  0.00000000E+00  0.00000000E+00  0.00000000E+00  0.10000000E-01  0.10000000E+01
 0.59002000E-09  0.90759183E-02  0.00000000E+00  0.73873738E-01  0.00000000E+00  0.00000000E+00  0.16880364E+09  0.00000000E+00  0.00000000E+00  0.00000000E+00  0.00000000E+00  0.00000000E+00  0.10000000E-01  0.10000000E+01
 0.60002000E-09  0.90759183E-02  0.00000000E+00  0.75561775E-01  0.00000000E+00  0.00000000E+00  0.16880364E+09  0.00000000E+00  0.00000000E+00  0.00000000E+00  0.00000000E+00  0.00000000E+00  0.10000000E-01  0.10000000E+01
 0.61002000E-09  0.90759183E-02  0.00000000E+00  0.77249811E-01  0.00000000E+00  0.00000000E+00  0.16880364E+09  0.00000000E+00  0.00000000E+00  0.00000000E+00  0.00000000E+00  0.00000000E+00  0.10000000E-01  0.10000000E+01
 0.62002000E-09  0.90759183E-02  0.00000000E+00  0.78937847E-01  0.00000000E+00  0.00000000E+00  0.16880364E+09  0.00000000E+00  0.00000000E+00  0.00000000E+00  0.00000000E+00  0.00000000E+00  0.10000000E-01  0.10000000E+01
 0.63002000E-09  0.90759183E-02  0.00000000E+00  0.80625884E-01  0.00000000E+00  0.00000000E+00  0.16880364E+09  0.00000000E+00  0.00000000E+00  0.00000000E+00  0.00000000E+00  0.00000000E+00  0.10000000E-01  0.10000000E+01
 0.64002000E-09  0.90759183E-02  0.00000000E+00  0.82313920E-01  0.00000000E+00  0.00000000E+00  0.16880364E+09  0.00000000E+00  0.00000000E+00  0.00000000E+00  0.00000000E+00  0.00000000E+00  0.10000000E-01  0.10000000E+01
 0.65002000E-09  0.90759183E-02  0.00000000E+00  0.84001957E-01  0.00000000E+00  0.00000000E+00  0.16880364E+09  0.00000000E+00  0.00000000E+00  0.00000000E+00  0.00000000E+00  0.00000000E+00  0.10000000E-01  0.10000000E+01
 0.66002000E-09  0.90759183E-02  0.00000000E+00  0.85689993E-01  0.00000000E+00  0.00000000E+00  0.16880364E+09  0.00000000E+00  0.00000000E+00  0.00000000E+00  0.00000000E+00  0.00000000E+00  0.10000000E-01  0.10000000E+01
 0.67002000E-09  0.90759183E-02  0.00000000E+00  0.87378029E-01  0.00000000E+00  0.00000000E+00  0.16880364E+09  0.00000000E+00  0.00000000E+00  0.00000000E+00  0.00000000E+00  0.00000000E+00  0.10000000E-01  0.10000000E+01
 0.68002000E-09  0.90759183E-02  0.00000000E+00  0.89066066E-01  0.00000000E+00  0.00000000E+00  0.16880364E+09  0.00000000E+00  0.00000000E+00  0.00000000E+00  0.00000000E+00  0.00000000E+00  0.10000000E-01  0.10000000E+01
 0.69002000E-09  0.90759183E-02  0.00000000E+00  0.90754102E-01  0.00000000E+00  0.00000000E+00  0.16880364E+09  0.00000000E+00  0.00000000E+00  0.00000000E+00  0.00000000E+00  0.00000000E+00  0.10000000E-01  0.10000000E+01
 0.70002000E-09  0.90759183E-02  0.00000000E+00  0.92442138E-01  0.00000000E+00  0.00000000E+00  0.16880364E+09  0.00000000E+00  0.00000000E+00  0.00000000E+00  0.00000000E+00  0.00000000E+00  0.10000000E-01  0.10000000E+01
 0.71002000E-09  0.90759183E-02  0.00000000E+00  0.94130175E-01  0.00000000E+00  0.00000000E+00  0.16880364E+09  0.00000000E+00  0.00000000E+00  0.00000000E+00  0.00000000E+00  0.00000000E+00  0.10000000E-01  0.10000000E+01
 0.72002000E-09  0.90759183E-02  0.00000000E+00  0.95818211E-01  0.00000000E+00  0.00000000E+00  0.16880364E+09  0.00000000E+00  0.00000000E+00  0.00000000E+00  0.00000000E+00  0.00000000E+00  0.10000000E-01  0.10000000E+01
 0.73002000E-09  0.90759183E-02  0.00000000E+00  0.97506247E-01  0.00000000E+00  0.00000000E+00  0.16880364E+09  0.00000000E+00  0.00000000E+00  0.00000000E+00  0.00000000E+00  0.00000000E+00  0.10000000E-01  0.10000000E+01
 0.74002000E-09  0.90759183E-02  0.00000000E+00  0.99194284E-01  0.00000000E+00  0.00000000E+00  0.16880364E+09  0.00000000E+00  0.00000000E+00  0.00000000E+00  0.00000000E+00  0.00000000E+00  0.10000000E-01  0.10000000E+01
 0.75002000E-09  0.90759183E-02  0.00000000E+00  0.10088232E+00  0.00000000E+00  0.00000000E+00  0.16880364E+09  0.00000000E+00  0.00000000E+00  0.00000000E+00  0.00000000E+00  0.00000000E+00  0.10000000E-01  0.10000000E+01
 0.76002000E-09  0.90759183E-02  0.00000000E+00  0.10257036E+00  0.00000000E+00  0.00000000E+00  0.16880364E+09  0.00000000E+00  0.00000000E+00  0.00000000E+00  0.00000000E+00  0.00000000E+00  0.10000000E-01  0.10000000E+01
 0.77002000E-09  0.90759183E-02  0.00000000E+00  0.10425839E+00  0.00000000E+00  0.00000000E+00  0.16880364E+09  0.00000000E+00  0.00000000E+00  0.00000000E+00  0.00000000E+00  0.00000000E+00  0.10000000E-01  0.10000000E+01
 0.78002000E-09  0.90759183E-02  0.00000000E+00  0.10594643E+00  0.00000000E+00  0.00000000E+00  0.16880364E+09  0.00000000E+00  0.00000000E+00  0.00000000E+00  0.00000000E+00  0.00000000E+00  0.10000000E-01  0.10000000E+01
 0.79002000E-09  0.90759183E-02  0.00000000E+00  0.10763447E+00  0.00000000E+00  0.00000000E+00  0.16880364E+09  0.00000000E+00  0.00000000E+00  0.00000000E+00  0.00000000E+00  0.00000000E+00  0.10000000E-01  0.10000000E+01
 0.80002000E-09  0.90759183E-02  0.00000000E+00  0.10932250E+00  0.00000000E+00  0.00000000E+00  0.16880364E+09  0.00000000E+00  0.00000000E+00  0.00000000E+00  0.00000000E+00  0.00000000E+00  0.10000000E-01  0.10000000E+01
 0.81002000E-09  0.90759183E-02  0.00000000E+00  0.11101054E+00  0.00000000E+00  0.00000000E+00  0.16880364E+09  0.00000000E+00  0.00000000E+00  0.00000000E+00  0.00000000E+00  0.00000000E+00  0.10000000E-01  0.10000000E+01
 0.82002000E-09  0.90759183E-02  0.00000000E+00  0.11269857E+00  0.00000000E+00  0.00000000E+00  0.16880364E+09  0.00000000E+00  0.00000000E+00  0.00000000E+00  0.00000000E+00  0.00000000E+00  0.10000000E-01  0.10000000E+01
 0.83002000E-09  0.90759183E-02  0.00000000E+00  0.11438661E+00  0.00000000E+00  0.00000000E+00  0.16880364E+09  0.00000000E+00  0.00000000E+00  0.00000000E+00  0.00000000E+00  0.00000000E+00  0.10000000E-01  0.10000000E+01
 0.84002000E-09  0.90759183E-02  0.00000000E+00  0.11607465E+00  0.00000000E+00  0.00000000E+00  0.16880364E+09  0.00000000E+00  0.00000000E+00  0.00000000E+00  0.00000000E+00  0.00000000E+00  0.10000000E-01  0.10000000E+01
 0.85002000E-09  0.90759183E-02  0.00000000E+00  0.11776268E+00  0.00000000E+00  0.00000000E+00  0.16880364E+09  0.00000000E+00  0.00000000E+00  0.00000000E+00  0.00000000E+00  0.00000000E+00  0.10000000E-01  0.10000000E+01
 0.86002000E-09  0.90759183E-02  0.00000000E+00  0.11945072E+00  0.00000000E+00  0.00000000E+00  0.16880364E+09  0.00000000E+00  0.00000000E+00  0.00000000E+00  0.00000000E+00  0.00000000E+00  0.10000000E-01  0.10000000E+01
 0.87002000E-09  0.90759183E-02  0.00000000E+00  0.12113876E+00  0.00000000E+00  0.00000000E+00  0.16880364E+09  0.00000000E+00  0.00000000E+00  0.00000000E+00  0.00000000E+00  0.00000000E+00  0.10000000E-01  0.10000000E+01
 0.88002000E-09  0.90759183E-02  0.00000000E+00  0.12282679E+00  0.00000000E+00  0.00000000E+00  0.16880364E+09  0.00000000E+00  0.00000000E+00  0.00000000E+00  0.00000000E+00  0.00000000E+00  0.10000000E-01  0.10000000E+01
 0.89002000E-09  0.90759183E-02  0.00000000E+00  0.12451483E+00  0.00000000E+00  0.00000000E+00  0.16880364E+09  0.00000000E+00  0.00000000E+00  0.00000000E+00  0.00000000E+00  0.00000000E+00  0.10000000E-01  0.10000000E+01
 0.90002000E-09  0.90759183E-02  0.00000000E+00  0.12620287E+00  0.00000000E+00  0.00000000E+00  0.16880364E+09  0.00000000E+00  0.00000000E+00  0.00000000E+00  0.00000000E+00  0.00000000E+00  0.10000000E-01  0.10000000E+01
 0.91002000E-09  0.90759183E-02  0.00000000E+00  0.12789090E+00  0.00000000E+00  0.00000000E+00  0.16880364E+09  0.00000000E+00  0.00000000E+00  0.00000000E+00  0.00000000E+00  0.00000000E+00  0.10000000E-01  0.10000000E+01
 0.92002000E-09  0.90759183E-02  0.00000000E+00  0.12957894E+00  0.00000000E+00  0.00000000E+00  0.16880364E+09  0.00000000E+00  0.00000000E+00  0.00000000E+00  0.00000000E+00  0.00000000E+00  0.10000000E-01  0.10000000E+01
 0.93002000E-09  0.90759183E-02  0.00000000E+00  0.13126697E+00  0.00000000E+00  0.00000000E+00  0.16880364E+09  0.00000000E+00  0.00000000E+00  0.00000000E+00  0.00000000E+00  0.00000000E+00  0.10000000E-01  0.10000000E+01
 0.94002000E-09  0.90759183E-02  0.00000000E+00  0.13295501E+00  0.00000000E+00  0.00000000E+00  0.16880364E+09  0.00000000E+00  0.00000000E+00  0.00000000E+00  0.00000000E+00  0.00000000E+00  0.10000000E-01  0.10000000E+01
 0.95002000E-09  0.90759183E-02  0.00000000E+00  0.13464305E+00  0.00000000E+00  0.00000000E+00  0.16880364E+09  0.00000000E+00  0.00000000E+00  0.00000000E+00  0.00000000E+00  0.00000000E+00  0.10000000E-01  0.10000000E+01
 0.96002000E-09  0.90759183E-02  0.00000000E+00  0.13633108E+00  0.00000000E+00  0.00000000E+00  0.16880364E+09  0.00000000E+00  0.00000000E+00  0.00000000E+00  0.00000000E+00  0.00000000E+00  0.10000000E-01  0.10000000E+01
 0.97002000E-09  0.90759183E-02  0.00000000E+00  0.13801912E+00  0.00000000E+00  0.00000000E+00  0.16880364E+09  0.00000000E+00  0.00000000E+00  0.00000000E+00  0.00000000E+00  0.00000000E+00  0.10000000E-01  0.10000000E+01
 0.98002000E-09  0.90759183E-02  0.00000000E+00  0.13970716E+00  0.00000000E+00  0.00000000E+00  0.16880364E+09  0.00000000E+00  0.00000000E+00  0.00000000E+00  0.00000000E+00  0.00000000E+00  0.10000000E-01  0.10000000E+01
 0.99002000E-09  0.90759183E-02  0.00000000E+00  0.14139519E+00  0.00000000E+00  0.00000000E+00  0.16880364E+09  0.00000000E+00  0.00000000E+00  0.00000000E+00  0.00000000E+00  0.00000000E+00  0.10000000E-01  0.10000000E+01
 0.10000200E-08  0.90759183E-02  0.00000000E+00  0.14308323E+00  0.00000000E+00  0.00000000E+00  0.16880364E+09  0.00000000E+00  0.00000000E+00  0.00000000E+00  0.00000000E+00  0.00000000E+00  0.10000000E-01  0.10000000E+01
 0.10100200E-08  0.90759183E-02  0.00000000E+00  0.14477127E+00  0.00000000E+00  0.00000000E+00  0.16880364E+09  0.00000000E+00  0.00000000E+00  0.00000000E+00  0.00000000E+00  0.00000000E+00  0.10000000E-01  0.10000000E+01
 0.10200200E-08  0.90759183E-02  0.00000000E+00  0.14645930E+00  0.00000000E+00  0.00000000E+00  0.16880364E+09  0.00000000E+00  0.00000000E+00  0.00000000E+00  0.00000000E+00  0.00000000E+00  0.10000000E-01  0.10000000E+01
 0.10300200E-08  0.90759183E-02  0.00000000E+00  0.14814734E+00  0.00000000E+00  0.00000000E+00  0.16880364E+09  0.00000000E+00  0.00000000E+00  0.00000000E+00  0.00000000E+00  0.00000000E+00  0.10000000E-01  0.10000000E+01
 0.10400200E-08  0.90759183E-02  0.00000000E+00  0.14983537E+00  0.00000000E+00  0.00000000E+00  0.16880364E+09  0.00000000E+00  0.00000000E+00  0.00000000E+00  0.00000000E+00  0.00000000E+00  0.10000000E-01  0.10000000E+01
 0.10500200E-08  0.90759183E-02  0.00000000E+00  0.15152341E+00  0.00000000E+00  0.00000000E+00  0.16880364E+09  0.00000000E+00  0.00000000E+00  0.00000000E+00  0.00000000E+00  0.00000000E+00  0.10000000E-01  0.10000000E+01
 0.10600200E-08  0.90759183E-02  0.00000000E+00  0.15321145E+00  0.00000000E+00  0.00000000E+00  0.16880364E+09  0.00000000E+00  0.00000000E+00  0.00000000E+00  0.00000000E+00  0.00000000E+00  0.10000000E-01  0.10000000E+01
 0.10700200E-08  0.90759183E-02  0.00000000E+00  0.15489948E+00  0.00000000E+00  0.00000000E+00  0.16880364E+09  0.00000000E+00  0.00000000E+00  0.00000000E+00  0.00000000E+00  0.00000000E+00  0.10000000E-01  0.10000000E+01
 0.10800200E-08  0.90759183E-02  0.00000000E+00  0.15658752E+00  0.00000000E+00  0.00000000E+00  0.16880364E+09  0.00000000E+00  0.00000000E+00  0.00000000E+00  0.00000000E+00  0.00000000E+00  0.10000000E-01  0.10000000E+01
 0.10900200E-08  0.90759183E-02  0.00000000E+00  0.15827556E+00  0.00000000E+00  0.00000000E+00  0.16880364E+09  0.00000000E+00  0.00000000E+00  0.00000000E+00  0.00000000E+00  0.00000000E+00  0.10000000E-01  0.10000000E+01
 0.11000200E-08  0.90759183E-02  0.00000000E+00  0.15996359E+00  0.00000000E+00  0.00000000E+00  0.16880364E+09  0.00000000E+00  0.00000000E+00  0.00000000E+00  0.00000000E+00  0.00000000E+00  0.10000000E-01  0.10000000E+01
 0.11100200E-08  0.90759183E-02  0.00000000E+00  0.16165163E+00  0.00000000E+00  0.00000000E+00  0.16880364E+09  0.00000000E+00  0.00000000E+00  0.00000000E+00  0.00000000E+00  0.00000000E+00  0.10000000E-01  0.10000000E+01
 0.11200200E-08  0.90759183E-02  0.00000000E+00  0.16333967E+00  0.00000000E+00  0.00000000E+00  0.16880364E+09  0.00000000E+00  0.00000000E+00  0.00000000E+00  0.00000000E+00  0.00000000E+00  0.10000000E-01  0.10000000E+01
 0.11300200E-08  0.90759183E-02  0.00000000E+00  0.16502770E+00  0.00000000E+00  0.00000000E+00  0.16880364E+09  0.00000000E+00  0.00000000E+00  0.00000000E+00  0.00000000E+00  0.00000000E+00  0.10000000E-01  0.10000000E+01
 0.11400200E-08  0.90759183E-02  0.00000000E+00  0.16671574E+00  0.00000000E+00  0.00000000E+00  0.16880364E+09  0.00000000E+00  0.00000000E+00  0.00000000E+00  0.00000000E+00  0.00000000E+00  0.10000000E-01  0.10000000E+01
 0.11500200E-08  0.90759183E-02  0.00000000E+00  0.16840378E+00  0.00000000E+00  0.00000000E+00  0.16880364E+09  0.00000000E+00  0.00000000E+00  0.00000000E+00  0.00000000E+00  0.00000000E+00  0.10000000E-01  0.10000000E+01
 0.11600200E-08  0.90759183E-02  0.00000000E+00  0.17009181E+00  0.00000000E+00  0.00000000E+00  0.16880364E+09  0.00000000E+00  0.00000000E+00  0.00000000E+00  0.00000000E+00  0.00000000E+00  0.10000000E-01  0.10000000E+01
 0.11700200E-08  0.90759183E-02  0.00000000E+00  0.17177985E+00  0.00000000E+00  0.00000000E+00  0.16880364E+09  0.00000000E+00  0.00000000E+00  0.00000000E+00  0.00000000E+00  0.00000000E+00  0.10000000E-01  0.10000000E+01
 0.11800200E-08  0.90759183E-02  0.00000000E+00  0.17346788E+00  0.00000000E+00  0.00000000E+00  0.16880364E+09  0.00000000E+00  0.00000000E+00  0.00000000E+00  0.00000000E+00  0.00000000E+00  0.10000000E-01  0.10000000E+01
 0.11900200E-08  0.90759183E-02  0.00000000E+00  0.17515592E+00  0.00000000E+00  0.00000000E+00  0.16880364E+09  0.00000000E+00  0.00000000E+00  0.00000000E+00  0.00000000E+00  0.00000000E+00  0.10000000E-01  0.10000000E+01
 0.12000200E-08  0.90759183E-02  0.00000000E+00  0.17684396E+00  0.00000000E+00  0.00000000E+00  0.16880364E+09  0.00000000E+00  0.00000000E+00  0.00000000E+00  0.00000000E+00  0.00000000E+00  0.10000000E-01  0.10000000E+01
 0.12100200E-08  0.90759183E-02  0.00000000E+00  0.17853199E+00  0.00000000E+00  0.00000000E+00  0.16880364E+09  0.00000000E+00  0.00000000E+00  0.00000000E+00  0.00000000E+00  0.00000000E+00  0.10000000E-01  0.10000000E+01
 0.12200200E-08  0.90759183E-02  0.00000000E+00  0.18022003E+00  0.00000000E+00  0.00000000E+00  0.16880364E+09  0.00000000E+00  0.00000000E+00  0.00000000E+00  0.00000000E+00  0.00000000E+00  0.10000000E-01  0.10000000E+01
 0.12300200E-08  0.90759183E-02  0.00000000E+00  0.18190807E+00  0.00000000E+00  0.00000000E+00  0.16880364E+09  0.00000000E+00  0.00000000E+00  0.00000000E+00  0.00000000E+00  0.00000000E+00  0.10000000E-01  0.10000000E+01
 0.12400200E-08  0.90759183E-02  0.00000000E+00  0.18359610E+00  0.00000000E+00  0.00000000E+00  0.16880364E+09  0.00000000E+00  0.00000000E+00  0.00000000E+00  0.00000000E+00  0.00000000E+00  0.10000000E-01  0.10000000E+01
 0.12500200E-08  0.90759183E-02  0.00000000E+00  0.18528414E+00  0.00000000E+00  0.00000000E+00  0.16880364E+09  0.00000000E+00  0.00000000E+00  0.00000000E+00  0.00000000E+00  0.00000000E+00  0.10000000E-01  0.10000000E+01
 0.12600200E-08  0.90759183E-02  0.00000000E+00  0.18697218E+00  0.00000000E+00  0.00000000E+00  0.16880364E+09  0.00000000E+00  0.00000000E+00  0.00000000E+00  0.00000000E+00  0.00000000E+00  0.10000000E-01  0.10000000E+01
 0.12700200E-08  0.90759183E-02  0.00000000E+00  0.18866021E+00  0.00000000E+00  0.00000000E+00  0.16880364E+09  0.00000000E+00  0.00000000E+00  0.00000000E+00  0.00000000E+00  0.00000000E+00  0.10000000E-01  0.10000000E+01
 0.12800200E-08  0.90759183E-02  0.00000000E+00  0.19034825E+00  0.00000000E+00  0.00000000E+00  0.16880364E+09  0.00000000E+00  0.00000000E+00  0.00000000E+00  0.00000000E+00  0.00000000E+00  0.10000000E-01  0.10000000E+01
 0.12900200E-08  0.90759183E-02  0.00000000E+00  0.19203628E+00  0.00000000E+00  0.00000000E+00  0.16880364E+09  0.00000000E+00  0.00000000E+00  0.00000000E+00  0.00000000E+00  0.00000000E+00  0.10000000E-01  0.10000000E+01
 0.13000200E-08  0.90759183E-02  0.00000000E+00  0.19372432E+00  0.00000000E+00  0.00000000E+00  0.16880364E+09  0.00000000E+00  0.00000000E+00  0.00000000E+00  0.00000000E+00  0.00000000E+00  0.10000000E-01  0.10000000E+01
 0.13100200E-08  0.90759183E-02  0.00000000E+00  0.19541236E+00  0.00000000E+00  0.00000000E+00  0.16880364E+09  0.00000000E+00  0.00000000E+00  0.00000000E+00  0.00000000E+00  0.00000000E+00  0.10000000E-01  0.10000000E+01
 0.13200200E-08  0.90759183E-02  0.00000000E+00  0.19710039E+00  0.00000000E+00  0.00000000E+00  0.16880364E+09  0.00000000E+00  0.00000000E+00  0.00000000E+00  0.00000000E+00  0.00000000E+00  0.10000000E-01  0.10000000E+01
 0.13300200E-08  0.90759183E-02  0.00000000E+00  0.19878843E+00  0.00000000E+00  0.00000000E+00  0.16880364E+09  0.00000000E+00  0.00000000E+00  0.00000000E+00  0.00000000E+00  0.00000000E+00  0.10000000E-01  0.10000000E+01
 0.13400200E-08  0.90759183E-02  0.00000000E+00  0.20047647E+00  0.00000000E+00  0.00000000E+00  0.16880364E+09  0.00000000E+00  0.00000000E+00  0.00000000E+00  0.00000000E+00  0.00000000E+00  0.10000000E-01  0.10000000E+01
 0.13500200E-08  0.90759183E-02  0.00000000E+00  0.20216450E+00  0.00000000E+00  0.00000000E+00  0.16880364E+09  0.00000000E+00  0.00000000E+00  0.00000000E+00  0.00000000E+00  0.00000000E+00  0.10000000E-01  0.10000000E+01
 0.13600200E-08  0.90759183E-02  0.00000000E+00  0.20385254E+00  0.00000000E+00  0.00000000E+00  0.16880364E+09  0.00000000E+00  0.00000000E+00  0.00000000E+00  0.00000000E+00  0.00000000E+00  0.10000000E-01  0.10000000E+01
 0.13700200E-08  0.90759183E-02  0.00000000E+00  0.20554058E+00  0.00000000E+00  0.00000000E+00  0.16880364E+09  0.00000000E+00  0.00000000E+00  0.00000000E+00  0.00000000E+00  0.00000000E+00  0.10000000E-01  0.10000000E+01
 0.13800200E-08  0.90759183E-02  0.00000000E+00  0.20722861E+00  0.00000000E+00  0.00000000E+00  0.16880364E+09  0.00000000E+00  0.00000000E+00  0.00000000E+00  0.00000000E+00  0.00000000E+00  0.10000000E-01  0.10000000E+01
 0.13900200E-08  0.90759183E-02  0.00000000E+00  0.20891665E+00  0.00000000E+00  0.00000000E+00  0.16880364E+09  0.00000000E+00  0.00000000E+00  0.00000000E+00  0.00000000E+00  0.00000000E+00  0.10000000E-01  0.10000000E+01
 0.14000200E-08  0.90759183E-02  0.00000000E+00  0.21060468E+00  0.00000000E+00  0.00000000E+00  0.16880364E+09  0.00000000E+00  0.00000000E+00  0.00000000E+00  0.00000000E+00  0.00000000E+00  0.10000000E-01  0.10000000E+01
 0.14100200E-08  0.90759183E-02  0.00000000E+00  0.21229272E+00  0.00000000E+00  0.00000000E+00  0.16880364E+09  0.00000000E+00  0.00000000E+00  0.00000000E+00  0.00000000E+00  0.00000000E+00  0.10000000E-01  0.10000000E+01
 0.14200200E-08  0.90759183E-02  0.00000000E+00  0.21398076E+00  0.00000000E+00  0.00000000E+00  0.16880364E+09  0.00000000E+00  0.00000000E+00  0.00000000E+00  0.00000000E+00  0.00000000E+00  0.10000000E-01  0.10000000E+01
 0.14300200E-08  0.90759183E-02  0.00000000E+00  0.21566879E+00  0.00000000E+00  0.00000000E+00  0.16880364E+09  0.00000000E+00  0.00000000E+00  0.00000000E+00  0.00000000E+00  0.00000000E+00  0.10000000E-01  0.10000000E+01
 0.14400200E-08  0.90759183E-02  0.00000000E+00  0.21735683E+00  0.00000000E+00  0.00000000E+00  0.16880364E+09  0.00000000E+00  0.00000000E+00  0.00000000E+00  0.00000000E+00  0.00000000E+00  0.10000000E-01  0.10000000E+01
 0.14500200E-08  0.90759183E-02  0.00000000E+00  0.21904487E+00  0.00000000E+00  0.00000000E+00  0.16880364E+09  0.00000000E+00  0.00000000E+00  0.00000000E+00  0.00000000E+00  0.00000000E+00  0.10000000E-01  0.10000000E+01
 0.14600200E-08  0.90759183E-02  0.00000000E+00  0.22073290E+00  0.00000000E+00  0.00000000E+00  0.16880364E+09  0.00000000E+00  0.00000000E+00  0.00000000E+00  0.00000000E+00  0.00000000E+00  0.10000000E-01  0.10000000E+01
 0.14700200E-08  0.90759183E-02  0.00000000E+00  0.22242094E+00  0.00000000E+00  0.00000000E+00  0.16880364E+09  0.00000000E+00  0.00000000E+00  0.00000000E+00  0.00000000E+00  0.00000000E+00  0.10000000E-01  0.10000000E+01
 0.14800200E-08  0.90759183E-02  0.00000000E+00  0.22410898E+00  0.00000000E+00  0.00000000E+00  0.16880364E+09  0.00000000E+00  0.00000000E+00  0.00000000E+00  0.00000000E+00  0.00000000E+00  0.10000000E-01  0.10000000E+01
 0.14900200E-08  0.90759183E-02  0.00000000E+00  0.22579701E+00  0.00000000E+00  0.00000000E+00  0.16880364E+09  0.00000000E+00  0.00000000E+00  0.00000000E+00  0.00000000E+00  0.00000000E+00  0.10000000E-01  0.10000000E+01
 0.15000200E-08  0.90759183E-02  0.00000000E+00  0.22748505E+00  0.00000000E+00  0.00000000E+00  0.16880364E+09  0.00000000E+00  0.00000000E+00  0.00000000E+00  0.00000000E+00  0.00000000E+00  0.10000000E-01  0.10000000E+01
 0.15100200E-08  0.90759183E-02  0.00000000E+00  0.22917308E+00  0.00000000E+00  0.00000000E+00  0.16880364E+09  0.00000000E+00  0.00000000E+00  0.00000000E+00  0.00000000E+00  0.00000000E+00  0.10000000E-01  0.10000000E+01
 0.15200200E-08  0.90759183E-02  0.00000000E+00  0.23086112E+00  0.00000000E+00  0.00000000E+00  0.16880364E+09  0.00000000E+00  0.00000000E+00  0.00000000E+00  0.00000000E+00  0.00000000E+00  0.10000000E-01  0.10000000E+01
 0.15300200E-08  0.90759183E-02  0.00000000E+00  0.23254916E+00  0.00000000E+00  0.00000000E+00  0.16880364E+09  0.00000000E+00  0.00000000E+00  0.00000000E+00  0.00000000E+00  0.00000000E+00  0.10000000E-01  0.10000000E+01
 0.15400200E-08  0.90759183E-02  0.00000000E+00  0.23423719E+00  0.00000000E+00  0.00000000E+00  0.16880364E+09  0.00000000E+00  0.00000000E+00  0.00000000E+00  0.00000000E+00  0.00000000E+00  0.10000000E-01  0.10000000E+01
 0.15500200E-08  0.90759183E-02  0.00000000E+00  0.23592523E+00  0.00000000E+00  0.00000000E+00  0.16880364E+09  0.00000000E+00  0.00000000E+00  0.00000000E+00  0.00000000E+00  0.00000000E+00  0.10000000E-01  0.10000000E+01
 0.15600200E-08  0.90759183E-02  0.00000000E+00  0.23761327E+00  0.00000000E+00  0.00000000E+00  0.16880364E+09  0.00000000E+00  0.00000000E+00  0.00000000E+00  0.00000000E+00  0.00000000E+00  0.10000000E-01  0.10000000E+01
 0.15700200E-08  0.90759183E-02  0.00000000E+00  0.23930130E+00  0.00000000E+00  0.00000000E+00  0.16880364E+09  0.00000000E+00  0.00000000E+00  0.00000000E+00  0.00000000E+00  0.00000000E+00  0.10000000E-01  0.10000000E+01
 0.15800200E-08  0.90759183E-02  0.00000000E+00  0.24098934E+00  0.00000000E+00  0.00000000E+00  0.16880364E+09  0.00000000E+00  0.00000000E+00  0.00000000E+00  0.00000000E+00  0.00000000E+00  0.10000000E-01  0.10000000E+01
 0.15900200E-08  0.90759183E-02  0.00000000E+00  0.24267738E+00  0.00000000E+00  0.00000000E+00  0.16880364E+09  0.00000000E+00  0.00000000E+00  0.00000000E+00  0.00000000E+00  0.00000000E+00  0.10000000E-01  0.10000000E+01
 0.16000200E-08  0.90759183E-02  0.00000000E+00  0.24436541E+00  0.00000000E+00  0.00000000E+00  0.16880364E+09  0.00000000E+00  0.00000000E+00  0.00000000E+00  0.00000000E+00  0.00000000E+00  0.10000000E-01  0.10000000E+01
 0.16100200E-08  0.90759183E-02  0.00000000E+00  0.24605345E+00  0.00000000E+00  0.00000000E+00  0.16880364E+09  0.00000000E+00  0.00000000E+00  0.00000000E+00  0.00000000E+00  0.00000000E+00  0.10000000E-01  0.10000000E+01
 0.16200200E-08  0.90759183E-02  0.00000000E+00  0.24774148E+00  0.00000000E+00  0.00000000E+00  0.16880364E+09  0.00000000E+00  0.00000000E+00  0.00000000E+00  0.00000000E+00  0.00000000E+00  0.10000000E-01  0.10000000E+01
 0.16300200E-08  0.90759183E-02  0.00000000E+00  0.24942952E+00  0.00000000E+00  0.00000000E+00  0.16880364E+09  0.00000000E+00  0.00000000E+00  0.00000000E+00  0.00000000E+00  0.00000000E+00  0.10000000E-01  0.10000000E+01
 0.16400200E-08  0.90759183E-02  0.00000000E+00  0.25111756E+00  0.00000000E+00  0.00000000E+00  0.16880364E+09  0.00000000E+00  0.00000000E+00  0.00000000E+00  0.00000000E+00  0.00000000E+00  0.10000000E-01  0.10000000E+01
 0.16500200E-08  0.90759183E-02  0.00000000E+00  0.25280559E+00  0.00000000E+00  0.00000000E+00  0.16880364E+09  0.00000000E+00  0.00000000E+00  0.00000000E+00  0.00000000E+00  0.00000000E+00  0.10000000E-01  0.10000000E+01
 0.16600200E-08  0.90759183E-02  0.00000000E+00  0.25449363E+00  0.00000000E+00  0.00000000E+00  0.16880364E+09  0.00000000E+00  0.00000000E+00  0.00000000E+00  0.00000000E+00  0.00000000E+00  0.10000000E-01  0.10000000E+01
 0.16700200E-08  0.90759183E-02  0.00000000E+00  0.25618167E+00  0.00000000E+00  0.00000000E+00  0.16880364E+09  0.00000000E+00  0.00000000E+00  0.00000000E+00  0.00000000E+00  0.00000000E+00  0.10000000E-01  0.10000000E+01
 0.16800200E-08  0.90759183E-02  0.00000000E+00  0.25786970E+00  0.00000000E+00  0.00000000E+00  0.16880364E+09  0.00000000E+00  0.00000000E+00  0.00000000E+00  0.00000000E+00  0.00000000E+00  0.10000000E-01  0.10000000E+01
 0.16900200E-08  0.90759183E-02  0.00000000E+00  0.25955774E+00  0.00000000E+00  0.00000000E+00  0.16880364E+09  0.00000000E+00  0.00000000E+00  0.00000000E+00  0.00000000E+00  0.00000000E+00  0.10000000E-01  0.10000000E+01
 0.17000200E-08  0.90759183E-02  0.00000000E+00  0.26124578E+00  0.00000000E+00  0.00000000E+00  0.16880364E+09  0.00000000E+00  0.00000000E+00  0.00000000E+00  0.00000000E+00  0.00000000E+00  0.10000000E-01  0.10000000E+01
 0.17100200E-08  0.90759183E-02  0.00000000E+00  0.26293381E+00  0.00000000E+00  0.00000000E+00  0.16880364E+09  0.00000000E+00  0.00000000E+00  0.00000000E+00  0.00000000E+00  0.00000000E+00  0.10000000E-01  0.10000000E+01
 0.17200200E-08  0.90759183E-02  0.00000000E+00  0.26462185E+00  0.00000000E+00  0.00000000E+00  0.16880364E+09  0.00000000E+00  0.00000000E+00  0.00000000E+00  0.00000000E+00  0.00000000E+00  0.10000000E-01  0.10000000E+01
 0.17300200E-08  0.90759183E-02  0.00000000E+00  0.26630988E+00  0.00000000E+00  0.00000000E+00  0.16880364E+09  0.00000000E+00  0.00000000E+00  0.00000000E+00  0.00000000E+00  0.00000000E+00  0.10000000E-01  0.10000000E+01
 0.17400200E-08  0.90759183E-02  0.00000000E+00  0.26799792E+00  0.00000000E+00  0.00000000E+00  0.16880364E+09  0.00000000E+00  0.00000000E+00  0.00000000E+00  0.00000000E+00  0.00000000E+00  0.10000000E-01  0.10000000E+01
 0.17500200E-08  0.90759183E-02  0.00000000E+00  0.26968596E+00  0.00000000E+00  0.00000000E+00  0.16880364E+09  0.00000000E+00  0.00000000E+00  0.00000000E+00  0.00000000E+00  0.00000000E+00  0.10000000E-01  0.10000000E+01
 0.17600200E-08  0.90759183E-02  0.00000000E+00  0.27137399E+00  0.00000000E+00  0.00000000E+00  0.16880364E+09  0.00000000E+00  0.00000000E+00  0.00000000E+00  0.00000000E+00  0.00000000E+00  0.10000000E-01  0.10000000E+01
 0.17700200E-08  0.90759183E-02  0.00000000E+00  0.27306203E+00  0.00000000E+00  0.00000000E+00  0.16880364E+09  0.00000000E+00  0.00000000E+00  0.00000000E+00  0.00000000E+00  0.00000000E+00  0.10000000E-01  0.10000000E+01
 0.17800200E-08  0.90759183E-02  0.00000000E+00  0.27475007E+00  0.00000000E+00  0.00000000E+00  0.16880364E+09  0.00000000E+00  0.00000000E+00  0.00000000E+00  0.00000000E+00  0.00000000E+00  0.10000000E-01  0.10000000E+01
 0.17900200E-08  0.90759183E-02  0.00000000E+00  0.27643810E+00  0.00000000E+00  0.00000000E+00  0.16880364E+09  0.00000000E+00  0.00000000E+00  0.00000000E+00  0.00000000E+00  0.00000000E+00  0.10000000E-01  0.10000000E+01
 0.18000200E-08  0.90759183E-02  0.00000000E+00  0.27812614E+00  0.00000000E+00  0.00000000E+00  0.16880364E+09  0.00000000E+00  0.00000000E+00  0.00000000E+00  0.00000000E+00  0.00000000E+00  0.10000000E-01  0.10000000E+01
 0.18100200E-08  0.90759183E-02  0.00000000E+00  0.27981418E+00  0.00000000E+00  0.00000000E+00  0.16880364E+09  0.00000000E+00  0.00000000E+00  0.00000000E+00  0.00000000E+00  0.00000000E+00  0.10000000E-01  0.10000000E+01
 0.18200200E-08  0.90759183E-02  0.00000000E+00  0.28150221E+00  0.00000000E+00  0.00000000E+00  0.16880364E+09  0.00000000E+00  0.00000000E+00  0.00000000E+00  0.00000000E+00  0.00000000E+00  0.10000000E-01  0.10000000E+01
 0.18300200E-08  0.90759183E-02  0.00000000E+00  0.28319025E+00  0.00000000E+00  0.00000000E+00  0.16880364E+09  0.00000000E+00  0.00000000E+00  0.00000000E+00  0.00000000E+00  0.00000000E+00  0.10000000E-01  0.10000000E+01
 0.18400200E-08  0.90759183E-02  0.00000000E+00  0.28487828E+00  0.00000000E+00  0.00000000E+00  0.16880364E+09  0.00000000E+00  0.00000000E+00  0.00000000E+00  0.00000000E+00  0.00000000E+00  0.10000000E-01  0.10000000E+01
 0.18500200E-08  0.90759183E-02  0.00000000E+00  0.28656632E+00  0.00000000E+00  0.00000000E+00  0.16880364E+09  0.00000000E+00  0.00000000E+00  0.00000000E+00  0.00000000E+00  0.00000000E+00  0.10000000E-01  0.10000000E+01
 0.18600200E-08  0.90759183E-02  0.00000000E+00  0.28825436E+00  0.00000000E+00  0.00000000E+00  0.16880364E+09  0.00000000E+00  0.00000000E+00  0.00000000E+00  0.00000000E+00  0.00000000E+00  0.10000000E-01  0.10000000E+01
 0.18700200E-08  0.90759183E-02  0.00000000E+00  0.28994239E+00  0.00000000E+00  0.00000000E+00  0.16880364E+09  0.00000000E+00  0.00000000E+00  0.00000000E+00  0.00000000E+00  0.00000000E+00  0.10000000E-01  0.10000000E+01
 0.18800200E-08  0.90759183E-02  0.00000000E+00  0.29163043E+00  0.00000000E+00  0.00000000E+00  0.16880364E+09  0.00000000E+00  0.00000000E+00  0.00000000E+00  0.00000000E+00  0.00000000E+00  0.10000000E-01  0.10000000E+01
 0.18900200E-08  0.90759183E-02  0.00000000E+00  0.29331847E+00  0.00000000E+00  0.00000000E+00  0.16880364E+09  0.00000000E+00  0.00000000E+00  0.00000000E+00  0.00000000E+00  0.00000000E+00  0.10000000E-01  0.10000000E+01
 0.19000200E-08  0.90759183E-02  0.00000000E+00  0.29500650E+00  0.00000000E+00  0.00000000E+00  0.16880364E+09  0.00000000E+00  0.00000000E+00  0.00000000E+00  0.00000000E+00  0.00000000E+00  0.10000000E-01  0.10000000E+01
 0.19100200E-08  0.90759183E-02  0.00000000E+00  0.29669454E+00  0.00000000E+00  0.00000000E+00  0.16880364E+09  0.00000000E+00  0.00000000E+00  0.00000000E+00  0.00000000E+00  0.00000000E+00  0.10000000E-01  0.10000000E+01
 0.19200200E-08  0.90759183E-02  0.00000000E+00  0.29838258E+00  0.00000000E+00  0.00000000E+00  0.16880364E+09  0.00000000E+00  0.00000000E+00  0.00000000E+00  0.00000000E+00  0.00000000E+00  0.10000000E-01  0.10000000E+01
 0.19300200E-08  0.90759183E-02  0.00000000E+00  0.30007061E+00  0.00000000E+00  0.00000000E+00  0.16880364E+09  0.00000000E+00  0.00000000E+00  0.00000000E+00  0.00000000E+00  0.00000000E+00  0.10000000E-01  0.10000000E+01
 0.19400200E-08  0.90759183E-02  0.00000000E+00  0.30175865E+00  0.00000000E+00  0.00000000E+00  0.16880364E+09  0.00000000E+00  0.00000000E+00  0.00000000E+00  0.00000000E+00  0.00000000E+00  0.10000000E-01  0.10000000E+01
 0.19500200E-08  0.90759183E-02  0.00000000E+00  0.30344668E+00  0.00000000E+00  0.00000000E+00  0.16880364E+09  0.00000000E+00  0.00000000E+00  0.00000000E+00  0.00000000E+00  0.00000000E+00  0.10000000E-01  0.10000000E+01
 0.19600200E-08  0.90759183E-02  0.00000000E+00  0.30513472E+00  0.00000000E+00  0.00000000E+00  0.16880364E+09  0.00000000E+00  0.00000000E+00  0.00000000E+00  0.00000000E+00  0.00000000E+00  0.10000000E-01  0.10000000E+01
 0.19700200E-08  0.90759183E-02  0.00000000E+00  0.30682276E+00  0.00000000E+00  0.00000000E+00  0.16880364E+09  0.00000000E+00  0.00000000E+00  0.00000000E+00  0.00000000E+00  0.00000000E+00  0.10000000E-01  0.10000000E+01
 0.19800200E-08  0.90759183E-02  0.00000000E+00  0.30851079E+00  0.00000000E+00  0.00000000E+00  0.16880364E+09  0.00000000E+00  0.00000000E+00  0.00000000E+00  0.00000000E+00  0.00000000E+00  0.10000000E-01  0.10000000E+01
 0.19900200E-08  0.90759183E-02  0.00000000E+00  0.31019883E+00  0.00000000E+00  0.00000000E+00  0.16880364E+09  0.00000000E+00  0.00000000E+00  0.00000000E+00  0.00000000E+00  0.00000000E+00  0.10000000E-01  0.10000000E+01
