# ptime xp yp zp vx vy vz ex ey ez bx by bz wt
 0.20000000E-13  0.19891254E-02  0.00000000E+00 -0.13440757E-01  0.00000000E+00  0.00000000E+00  0.19255328E+09  0.00000000E+00  0.00000000E+00  0.00000000E+00  0.00000000E+00  0.00000000E+00  0.10000000E-01  0.10000000E+01
 0.10000000E-10  0.19891254E-02  0.00000000E+00 -0.11519075E-01  0.00000000E+00  0.00000000E+00  0.19255328E+09  0.00000000E+00  0.00000000E+00  0.00000000E+00  0.00000000E+00  0.00000000E+00  0.10000000E-01  0.10000000E+01
 0.20000000E-10  0.19891254E-02  0.00000000E+00 -0.95935423E-02  0.00000000E+00  0.00000000E+00  0.19255328E+09  0.00000000E+00  0.00000000E+00  0.00000000E+00  0.00000000E+00  0.00000000E+00  0.10000000E-01  0.10000000E+01
 0.30000000E-10  0.19891254E-02  0.00000000E+00 -0.76680094E-02  0.00000000E+00  0.00000000E+00  0.19255328E+09  0.00000000E+00  0.00000000E+00  0.00000000E+00  0.00000000E+00  0.00000000E+00  0.10000000E-01  0.10000000E+01
 0.40020000E-10  0.19891254E-02  0.00000000E+00 -0.57386256E-02  0.00000000E+00  0.00000000E+00  0.19255328E+09  0.00000000E+00  0.00000000E+00  0.00000000E+00  0.00000000E+00  0.00000000E+00  0.10000000E-01  0.10000000E+01
 0.50020000E-10  0.19891254E-02  0.00000000E+00 -0.38130927E-02  0.00000000E+00  0.00000000E+00  0.19255328E+09  0.00000000E+00  0.00000000E+00  0.00000000E+00  0.00000000E+00  0.00000000E+00  0.10000000E-01  0.10000000E+01
 0.60020000E-10  0.19891254E-02  0.00000000E+00 -0.18875599E-02  0.00000000E+00  0.00000000E+00  0.19255328E+09  0.00000000E+00  0.00000000E+00  0.00000000E+00  0.00000000E+00  0.00000000E+00  0.10000000E-01  0.10000000E+01
 0.70020000E-10  0.19891254E-02  0.00000000E+00  0.37972906E-04  0.00000000E+00  0.00000000E+00  0.19255328E+09  0.00000000E+00  0.00000000E+00  0.00000000E+00  0.00000000E+00  0.00000000E+00  0.10000000E-01  0.10000000E+01
 0.80000000E-10  0.19891254E-02  0.00000000E+00  0.19596547E-02  0.00000000E+00  0.00000000E+00  0.19255328E+09  0.00000000E+00  0.00000000E+00  0.00000000E+00  0.00000000E+00  0.00000000E+00  0.10000000E-01  0.10000000E+01
 0.90000000E-10  0.19891254E-02  0.00000000E+00  0.38851875E-02  0.00000000E+00  0.00000000E+00  0.19255328E+09  0.00000000E+00  0.00000000E+00  0.00000000E+00  0.00000000E+00  0.00000000E+00  0.10000000E-01  0.10000000E+01
 0.10000000E-09  0.19891254E-02  0.00000000E+00  0.58107203E-02  0.00000000E+00  0.00000000E+00  0.19255328E+09  0.00000000E+00  0.00000000E+00  0.00000000E+00  0.00000000E+00  0.00000000E+00  0.10000000E-01  0.10000000E+01
 0.11000000E-09  0.19891254E-02  0.00000000E+00  0.77362531E-02  0.00000000E+00  0.00000000E+00  0.19255328E+09  0.00000000E+00  0.00000000E+00  0.00000000E+00  0.00000000E+00  0.00000000E+00  0.10000000E-01  0.10000000E+01
 0.12000000E-09  0.19891254E-02  0.00000000E+00  0.96617859E-02  0.00000000E+00  0.00000000E+00  0.19255328E+09  0.00000000E+00  0.00000000E+00  0.00000000E+00  0.00000000E+00  0.00000000E+00  0.10000000E-01  0.10000000E+01
 0.13000000E-09  0.19891254E-02  0.00000000E+00  0.11587319E-01  0.00000000E+00  0.00000000E+00  0.19255328E+09  0.00000000E+00  0.00000000E+00  0.00000000E+00  0.00000000E+00  0.00000000E+00  0.10000000E-01  0.10000000E+01
 0.14002000E-09  0.19891254E-02  0.00000000E+00  0.13516703E-01  0.00000000E+00  0.00000000E+00  0.19255328E+09  0.00000000E+00  0.00000000E+00  0.00000000E+00  0.00000000E+00  0.00000000E+00  0.10000000E-01  0.10000000E+01
 0.15002000E-09  0.19891254E-02  0.00000000E+00  0.15442235E-01  0.00000000E+00  0.00000000E+00  0.19255328E+09  0.00000000E+00  0.00000000E+00  0.00000000E+00  0.00000000E+00  0.00000000E+00  0.10000000E-01  0.10000000E+01
 0.16002000E-09  0.19891254E-02  0.00000000E+00  0.17367768E-01  0.00000000E+00  0.00000000E+00  0.19255328E+09  0.00000000E+00  0.00000000E+00  0.00000000E+00  0.00000000E+00  0.00000000E+00  0.10000000E-01  0.10000000E+01
 0.17002000E-09  0.19891254E-02  0.00000000E+00  0.19293301E-01  0.00000000E+00  0.00000000E+00  0.19255328E+09  0.00000000E+00  0.00000000E+00  0.00000000E+00  0.00000000E+00  0.00000000E+00  0.10000000E-01  0.10000000E+01
 0.18002000E-09  0.19891254E-02  0.00000000E+00  0.21218834E-01  0.00000000E+00  0.00000000E+00  0.19255328E+09  0.00000000E+00  0.00000000E+00  0.00000000E+00  0.00000000E+00  0.00000000E+00  0.10000000E-01  0.10000000E+01
 0.19002000E-09  0.19891254E-02  0.00000000E+00  0.23144367E-01  0.00000000E+00  0.00000000E+00  0.19255328E+09  0.00000000E+00  0.00000000E+00  0.00000000E+00  0.00000000E+00  0.00000000E+00  0.10000000E-01  0.10000000E+01
 0.20002000E-09  0.19891254E-02  0.00000000E+00  0.25069900E-01  0.00000000E+00  0.00000000E+00  0.19255328E+09  0.00000000E+00  0.00000000E+00  0.00000000E+00  0.00000000E+00  0.00000000E+00  0.10000000E-01  0.10000000E+01
 0.21002000E-09  0.19891254E-02  0.00000000E+00  0.26995432E-01  0.00000000E+00  0.00000000E+00  0.19255328E+09  0.00000000E+00  0.00000000E+00  0.00000000E+00  0.00000000E+00  0.00000000E+00  0.10000000E-01  0.10000000E+01
 0.22002000E-09  0.19891254E-02  0.00000000E+00  0.28920965E-01  0.00000000E+00  0.00000000E+00  0.19255328E+09  0.00000000E+00  0.00000000E+00  0.00000000E+00  0.00000000E+00  0.00000000E+00  0.10000000E-01  0.10000000E+01
 0.23002000E-09  0.19891254E-02  0.00000000E+00  0.30846498E-01  0.00000000E+00  0.00000000E+00  0.19255328E+09  0.00000000E+00  0.00000000E+00  0.00000000E+00  0.00000000E+00  0.00000000E+00  0.10000000E-01  0.10000000E+01
 0.24002000E-09  0.19891254E-02  0.00000000E+00  0.32772031E-01  0.00000000E+00  0.00000000E+00  0.19255328E+09  0.00000000E+00  0.00000000E+00  0.00000000E+00  0.00000000E+00  0.00000000E+00  0.10000000E-01  0.10000000E+01
 0.25002000E-09  0.19891254E-02  0.00000000E+00  0.34697564E-01  0.00000000E+00  0.00000000E+00  0.19255328E+09  0.00000000E+00  0.00000000E+00  0.00000000E+00  0.00000000E+00  0.00000000E+00  0.10000000E-01  0.10000000E+01
 0.26002000E-09  0.19891254E-02  0.00000000E+00  0.36623096E-01  0.00000000E+00  0.00000000E+00  0.19255328E+09  0.00000000E+00  0.00000000E+00  0.00000000E+00  0.00000000E+00  0.00000000E+00  0.10000000E-01  0.10000000E+01
 0.27002000E-09  0.19891254E-02  0.00000000E+00  0.38548629E-01  0.00000000E+00  0.00000000E+00  0.19255328E+09  0.00000000E+00  0.00000000E+00  0.00000000E+00  0.00000000E+00  0.00000000E+00  0.10000000E-01  0.10000000E+01
 0.28002000E-09  0.19891254E-02  0.00000000E+00  0.40474162E-01  0.00000000E+00  0.00000000E+00  0.19255328E+09  0.00000000E+00  0.00000000E+00  0.00000000E+00  0.00000000E+00  0.00000000E+00  0.10000000E-01  0.10000000E+01
 0.29002000E-09  0.19891254E-02  0.00000000E+00  0.42399695E-01  0.00000000E+00  0.00000000E+00  0.19255328E+09  0.00000000E+00  0.00000000E+00  0.00000000E+00  0.00000000E+00  0.00000000E+00  0.10000000E-01  0.10000000E+01
 0.30000000E-09  0.19891254E-02  0.00000000E+00  0.44321377E-01  0.00000000E+00  0.00000000E+00  0.19255328E+09  0.00000000E+00  0.00000000E+00  0.00000000E+00  0.00000000E+00  0.00000000E+00  0.10000000E-01  0.10000000E+01
 0.31000000E-09  0.19891254E-02  0.00000000E+00  0.46246910E-01  0.00000000E+00  0.00000000E+00  0.19255328E+09  0.00000000E+00  0.00000000E+00  0.00000000E+00  0.00000000E+00  0.00000000E+00  0.10000000E-01  0.10000000E+01
 0.32000000E-09  0.19891254E-02  0.00000000E+00  0.48172442E-01  0.00000000E+00  0.00000000E+00  0.19255328E+09  0.00000000E+00  0.00000000E+00  0.00000000E+00  0.00000000E+00  0.00000000E+00  0.10000000E-01  0.10000000E+01
 0.33000000E-09  0.19891254E-02  0.00000000E+00  0.50097975E-01  0.00000000E+00  0.00000000E+00  0.19255328E+09  0.00000000E+00  0.00000000E+00  0.00000000E+00  0.00000000E+00  0.00000000E+00  0.10000000E-01  0.10000000E+01
 0.34000000E-09  0.19891254E-02  0.00000000E+00  0.52023508E-01  0.00000000E+00  0.00000000E+00  0.19255328E+09  0.00000000E+00  0.00000000E+00  0.00000000E+00  0.00000000E+00  0.00000000E+00  0.10000000E-01  0.10000000E+01
 0.35000000E-09  0.19891254E-02  0.00000000E+00  0.53949041E-01  0.00000000E+00  0.00000000E+00  0.19255328E+09  0.00000000E+00  0.00000000E+00  0.00000000E+00  0.00000000E+00  0.00000000E+00  0.10000000E-01  0.10000000E+01
 0.36000000E-09  0.19891254E-02  0.00000000E+00  0.55874574E-01  0.00000000E+00  0.00000000E+00  0.19255328E+09  0.00000000E+00  0.00000000E+00  0.00000000E+00  0.00000000E+00  0.00000000E+00  0.10000000E-01  0.10000000E+01
 0.37000000E-09  0.19891254E-02  0.00000000E+00  0.57800106E-01  0.00000000E+00  0.00000000E+00  0.19255328E+09  0.00000000E+00  0.00000000E+00  0.00000000E+00  0.00000000E+00  0.00000000E+00  0.10000000E-01  0.10000000E+01
 0.38000000E-09  0.19891254E-02  0.00000000E+00  0.59725639E-01  0.00000000E+00  0.00000000E+00  0.19255328E+09  0.00000000E+00  0.00000000E+00  0.00000000E+00  0.00000000E+00  0.00000000E+00  0.10000000E-01  0.10000000E+01
 0.39000000E-09  0.19891254E-02  0.00000000E+00  0.61651172E-01  0.00000000E+00  0.00000000E+00  0.19255328E+09  0.00000000E+00  0.00000000E+00  0.00000000E+00  0.00000000E+00  0.00000000E+00  0.10000000E-01  0.10000000E+01
 0.40000000E-09  0.19891254E-02  0.00000000E+00  0.63576705E-01  0.00000000E+00  0.00000000E+00  0.19255328E+09  0.00000000E+00  0.00000000E+00  0.00000000E+00  0.00000000E+00  0.00000000E+00  0.10000000E-01  0.10000000E+01
 0.41000000E-09  0.19891254E-02  0.00000000E+00  0.65502238E-01  0.00000000E+00  0.00000000E+00  0.19255328E+09  0.00000000E+00  0.00000000E+00  0.00000000E+00  0.00000000E+00  0.00000000E+00  0.10000000E-01  0.10000000E+01
 0.42000000E-09  0.19891254E-02  0.00000000E+00  0.67427771E-01  0.00000000E+00  0.00000000E+00  0.19255328E+09  0.00000000E+00  0.00000000E+00  0.00000000E+00  0.00000000E+00  0.00000000E+00  0.10000000E-01  0.10000000E+01
 0.43000000E-09  0.19891254E-02  0.00000000E+00  0.69353303E-01  0.00000000E+00  0.00000000E+00  0.19255328E+09  0.00000000E+00  0.00000000E+00  0.00000000E+00  0.00000000E+00  0.00000000E+00  0.10000000E-01  0.10000000E+01
 0.44000000E-09  0.19891254E-02  0.00000000E+00  0.71278836E-01  0.00000000E+00  0.00000000E+00  0.19255328E+09  0.00000000E+00  0.00000000E+00  0.00000000E+00  0.00000000E+00  0.00000000E+00  0.10000000E-01  0.10000000E+01
 0.45000000E-09  0.19891254E-02  0.00000000E+00  0.73204369E-01  0.00000000E+00  0.00000000E+00  0.19255328E+09  0.00000000E+00  0.00000000E+00  0.00000000E+00  0.00000000E+00  0.00000000E+00  0.10000000E-01  0.10000000E+01
 0.46000000E-09  0.19891254E-02  0.00000000E+00  0.75129902E-01  0.00000000E+00  0.00000000E+00  0.19255328E+09  0.00000000E+00  0.00000000E+00  0.00000000E+00  0.00000000E+00  0.00000000E+00  0.10000000E-01  0.10000000E+01
 0.47000000E-09  0.19891254E-02  0.00000000E+00  0.77055435E-01  0.00000000E+00  0.00000000E+00  0.19255328E+09  0.00000000E+00  0.00000000E+00  0.00000000E+00  0.00000000E+00  0.00000000E+00  0.10000000E-01  0.10000000E+01
 0.48000000E-09  0.19891254E-02  0.00000000E+00  0.78980967E-01  0.00000000E+00  0.00000000E+00  0.19255328E+09  0.00000000E+00  0.00000000E+00  0.00000000E+00  0.00000000E+00  0.00000000E+00  0.10000000E-01  0.10000000E+01
 0.49000000E-09  0.19891254E-02  0.00000000E+00  0.80906500E-01  0.00000000E+00  0.00000000E+00  0.19255328E+09  0.00000000E+00  0.00000000E+00  0.00000000E+00  0.00000000E+00  0.00000000E+00  0.10000000E-01  0.10000000E+01
 0.50000000E-09  0.19891254E-02  0.00000000E+00  0.82832033E-01  0.00000000E+00  0.00000000E+00  0.19255328E+09  0.00000000E+00  0.00000000E+00  0.00000000E+00  0.00000000E+00  0.00000000E+00  0.10000000E-01  0.10000000E+01
 0.51000000E-09  0.19891254E-02  0.00000000E+00  0.84757566E-01  0.00000000E+00  0.00000000E+00  0.19255328E+09  0.00000000E+00  0.00000000E+00  0.00000000E+00  0.00000000E+00  0.00000000E+00  0.10000000E-01  0.10000000E+01
 0.52000000E-09  0.19891254E-02  0.00000000E+00  0.86683099E-01  0.00000000E+00  0.00000000E+00  0.19255328E+09  0.00000000E+00  0.00000000E+00  0.00000000E+00  0.00000000E+00  0.00000000E+00  0.10000000E-01  0.10000000E+01
 0.53000000E-09  0.19891254E-02  0.00000000E+00  0.88608632E-01  0.00000000E+00  0.00000000E+00  0.19255328E+09  0.00000000E+00  0.00000000E+00  0.00000000E+00  0.00000000E+00  0.00000000E+00  0.10000000E-01  0.10000000E+01
 0.54000000E-09  0.19891254E-02  0.00000000E+00  0.90534164E-01  0.00000000E+00  0.00000000E+00  0.19255328E+09  0.00000000E+00  0.00000000E+00  0.00000000E+00  0.00000000E+00  0.00000000E+00  0.10000000E-01  0.10000000E+01
 0.55002000E-09  0.19891254E-02  0.00000000E+00  0.92463548E-01  0.00000000E+00  0.00000000E+00  0.19255328E+09  0.00000000E+00  0.00000000E+00  0.00000000E+00  0.00000000E+00  0.00000000E+00  0.10000000E-01  0.10000000E+01
 0.56002000E-09  0.19891254E-02  0.00000000E+00  0.94389081E-01  0.00000000E+00  0.00000000E+00  0.19255328E+09  0.00000000E+00  0.00000000E+00  0.00000000E+00  0.00000000E+00  0.00000000E+00  0.10000000E-01  0.10000000E+01
 0.57002000E-09  0.19891254E-02  0.00000000E+00  0.96314614E-01  0.00000000E+00  0.00000000E+00  0.19255328E+09  0.00000000E+00  0.00000000E+00  0.00000000E+00  0.00000000E+00  0.00000000E+00  0.10000000E-01  0.10000000E+01
 0.58002000E-09  0.19891254E-02  0.00000000E+00  0.98240147E-01  0.00000000E+00  0.00000000E+00  0.19255328E+09  0.00000000E+00  0.00000000E+00  0.00000000E+00  0.00000000E+00  0.00000000E+00  0.10000000E-01  0.10000000E+01
 0.59002000E-09  0.19891254E-02  0.00000000E+00  0.10016568E+00  0.00000000E+00  0.00000000E+00  0.19255328E+09  0.00000000E+00  0.00000000E+00  0.00000000E+00  0.00000000E+00  0.00000000E+00  0.10000000E-01  0.10000000E+01
 0.60002000E-09  0.19891254E-02  0.00000000E+00  0.10209121E+00  0.00000000E+00  0.00000000E+00  0.19255328E+09  0.00000000E+00  0.00000000E+00  0.00000000E+00  0.00000000E+00  0.00000000E+00  0.10000000E-01  0.10000000E+01
 0.61002000E-09  0.19891254E-02  0.00000000E+00  0.10401675E+00  0.00000000E+00  0.00000000E+00  0.19255328E+09  0.00000000E+00  0.00000000E+00  0.00000000E+00  0.00000000E+00  0.00000000E+00  0.10000000E-01  0.10000000E+01
 0.62002000E-09  0.19891254E-02  0.00000000E+00  0.10594228E+00  0.00000000E+00  0.00000000E+00  0.19255328E+09  0.00000000E+00  0.00000000E+00  0.00000000E+00  0.00000000E+00  0.00000000E+00  0.10000000E-01  0.10000000E+01
 0.63002000E-09  0.19891254E-02  0.00000000E+00  0.10786781E+00  0.00000000E+00  0.00000000E+00  0.19255328E+09  0.00000000E+00  0.00000000E+00  0.00000000E+00  0.00000000E+00  0.00000000E+00  0.10000000E-01  0.10000000E+01
 0.64002000E-09  0.19891254E-02  0.00000000E+00  0.10979334E+00  0.00000000E+00  0.00000000E+00  0.19255328E+09  0.00000000E+00  0.00000000E+00  0.00000000E+00  0.00000000E+00  0.00000000E+00  0.10000000E-01  0.10000000E+01
 0.65002000E-09  0.19891254E-02  0.00000000E+00  0.11171888E+00  0.00000000E+00  0.00000000E+00  0.19255328E+09  0.00000000E+00  0.00000000E+00  0.00000000E+00  0.00000000E+00  0.00000000E+00  0.10000000E-01  0.10000000E+01
 0.66002000E-09  0.19891254E-02  0.00000000E+00  0.11364441E+00  0.00000000E+00  0.00000000E+00  0.19255328E+09  0.00000000E+00  0.00000000E+00  0.00000000E+00  0.00000000E+00  0.00000000E+00  0.10000000E-01  0.10000000E+01
 0.67002000E-09  0.19891254E-02  0.00000000E+00  0.11556994E+00  0.00000000E+00  0.00000000E+00  0.19255328E+09  0.00000000E+00  0.00000000E+00  0.00000000E+00  0.00000000E+00  0.00000000E+00  0.10000000E-01  0.10000000E+01
 0.68002000E-09  0.19891254E-02  0.00000000E+00  0.11749547E+00  0.00000000E+00  0.00000000E+00  0.19255328E+09  0.00000000E+00  0.00000000E+00  0.00000000E+00  0.00000000E+00  0.00000000E+00  0.10000000E-01  0.10000000E+01
 0.69002000E-09  0.19891254E-02  0.00000000E+00  0.11942101E+00  0.00000000E+00  0.00000000E+00  0.19255328E+09  0.00000000E+00  0.00000000E+00  0.00000000E+00  0.00000000E+00  0.00000000E+00  0.10000000E-01  0.10000000E+01
 0.70002000E-09  0.19891254E-02  0.00000000E+00  0.12134654E+00  0.00000000E+00  0.00000000E+00  0.19255328E+09  0.00000000E+00  0.00000000E+00  0.00000000E+00  0.00000000E+00  0.00000000E+00  0.10000000E-01  0.10000000E+01
 0.71002000E-09  0.19891254E-02  0.00000000E+00  0.12327207E+00  0.00000000E+00  0.00000000E+00  0.19255328E+09  0.00000000E+00  0.00000000E+00  0.00000000E+00  0.00000000E+00  0.00000000E+00  0.10000000E-01  0.10000000E+01
 0.72002000E-09  0.19891254E-02  0.00000000E+00  0.12519761E+00  0.00000000E+00  0.00000000E+00  0.19255328E+09  0.00000000E+00  0.00000000E+00  0.00000000E+00  0.00000000E+00  0.00000000E+00  0.10000000E-01  0.10000000E+01
 0.73002000E-09  0.19891254E-02  0.00000000E+00  0.12712314E+00  0.00000000E+00  0.00000000E+00  0.19255328E+09  0.00000000E+00  0.00000000E+00  0.00000000E+00  0.00000000E+00  0.00000000E+00  0.10000000E-01  0.10000000E+01
 0.74002000E-09  0.19891254E-02  0.00000000E+00  0.12904867E+00  0.00000000E+00  0.00000000E+00  0.19255328E+09  0.00000000E+00  0.00000000E+00  0.00000000E+00  0.00000000E+00  0.00000000E+00  0.10000000E-01  0.10000000E+01
 0.75002000E-09  0.19891254E-02  0.00000000E+00  0.13097420E+00  0.00000000E+00  0.00000000E+00  0.19255328E+09  0.00000000E+00  0.00000000E+00  0.00000000E+00  0.00000000E+00  0.00000000E+00  0.10000000E-01  0.10000000E+01
 0.76002000E-09  0.19891254E-02  0.00000000E+00  0.13289974E+00  0.00000000E+00  0.00000000E+00  0.19255328E+09  0.00000000E+00  0.00000000E+00  0.00000000E+00  0.00000000E+00  0.00000000E+00  0.10000000E-01  0.10000000E+01
 0.77002000E-09  0.19891254E-02  0.00000000E+00  0.13482527E+00  0.00000000E+00  0.00000000E+00  0.19255328E+09  0.00000000E+00  0.00000000E+00  0.00000000E+00  0.00000000E+00  0.00000000E+00  0.10000000E-01  0.10000000E+01
 0.78002000E-09  0.19891254E-02  0.00000000E+00  0.13675080E+00  0.00000000E+00  0.00000000E+00  0.19255328E+09  0.00000000E+00  0.00000000E+00  0.00000000E+00  0.00000000E+00  0.00000000E+00  0.10000000E-01  0.10000000E+01
 0.79002000E-09  0.19891254E-02  0.00000000E+00  0.13867634E+00  0.00000000E+00  0.00000000E+00  0.19255328E+09  0.00000000E+00  0.00000000E+00  0.00000000E+00  0.00000000E+00  0.00000000E+00  0.10000000E-01  0.10000000E+01
 0.80002000E-09  0.19891254E-02  0.00000000E+00  0.14060187E+00  0.00000000E+00  0.00000000E+00  0.19255328E+09  0.00000000E+00  0.00000000E+00  0.00000000E+00  0.00000000E+00  0.00000000E+00  0.10000000E-01  0.10000000E+01
 0.81002000E-09  0.19891254E-02  0.00000000E+00  0.14252740E+00  0.00000000E+00  0.00000000E+00  0.19255328E+09  0.00000000E+00  0.00000000E+00  0.00000000E+00  0.00000000E+00  0.00000000E+00  0.10000000E-01  0.10000000E+01
 0.82002000E-09  0.19891254E-02  0.00000000E+00  0.14445293E+00  0.00000000E+00  0.00000000E+00  0.19255328E+09  0.00000000E+00  0.00000000E+00  0.00000000E+00  0.00000000E+00  0.00000000E+00  0.10000000E-01  0.10000000E+01
 0.83002000E-09  0.19891254E-02  0.00000000E+00  0.14637847E+00  0.00000000E+00  0.00000000E+00  0.19255328E+09  0.00000000E+00  0.00000000E+00  0.00000000E+00  0.00000000E+00  0.00000000E+00  0.10000000E-01  0.10000000E+01
 0.84002000E-09  0.19891254E-02  0.00000000E+00  0.14830400E+00  0.00000000E+00  0.00000000E+00  0.19255328E+09  0.00000000E+00  0.00000000E+00  0.00000000E+00  0.00000000E+00  0.00000000E+00  0.10000000E-01  0.10000000E+01
 0.85002000E-09  0.19891254E-02  0.00000000E+00  0.15022953E+00  0.00000000E+00  0.00000000E+00  0.19255328E+09  0.00000000E+00  0.00000000E+00  0.00000000E+00  0.00000000E+00  0.00000000E+00  0.10000000E-01  0.10000000E+01
 0.86002000E-09  0.19891254E-02  0.00000000E+00  0.15215507E+00  0.00000000E+00  0.00000000E+00  0.19255328E+09  0.00000000E+00  0.00000000E+00  0.00000000E+00  0.00000000E+00  0.00000000E+00  0.10000000E-01  0.10000000E+01
 0.87002000E-09  0.19891254E-02  0.00000000E+00  0.15408060E+00  0.00000000E+00  0.00000000E+00  0.19255328E+09  0.00000000E+00  0.00000000E+00  0.00000000E+00  0.00000000E+00  0.00000000E+00  0.10000000E-01  0.10000000E+01
 0.88002000E-09  0.19891254E-02  0.00000000E+00  0.15600613E+00  0.00000000E+00  0.00000000E+00  0.19255328E+09  0.00000000E+00  0.00000000E+00  0.00000000E+00  0.00000000E+00  0.00000000E+00  0.10000000E-01  0.10000000E+01
 0.89002000E-09  0.19891254E-02  0.00000000E+00  0.15793166E+00  0.00000000E+00  0.00000000E+00  0.19255328E+09  0.00000000E+00  0.00000000E+00  0.00000000E+00  0.00000000E+00  0.00000000E+00  0.10000000E-01  0.10000000E+01
 0.90002000E-09  0.19891254E-02  0.00000000E+00  0.15985720E+00  0.00000000E+00  0.00000000E+00  0.19255328E+09  0.00000000E+00  0.00000000E+00  0.00000000E+00  0.00000000E+00  0.00000000E+00  0.10000000E-01  0.10000000E+01
 0.91002000E-09  0.19891254E-02  0.00000000E+00  0.16178273E+00  0.00000000E+00  0.00000000E+00  0.19255328E+09  0.00000000E+00  0.00000000E+00  0.00000000E+00  0.00000000E+00  0.00000000E+00  0.10000000E-01  0.10000000E+01
 0.92002000E-09  0.19891254E-02  0.00000000E+00  0.16370826E+00  0.00000000E+00  0.00000000E+00  0.19255328E+09  0.00000000E+00  0.00000000E+00  0.00000000E+00  0.00000000E+00  0.00000000E+00  0.10000000E-01  0.10000000E+01
 0.93002000E-09  0.19891254E-02  0.00000000E+00  0.16563380E+00  0.00000000E+00  0.00000000E+00  0.19255328E+09  0.00000000E+00  0.00000000E+00  0.00000000E+00  0.00000000E+00  0.00000000E+00  0.10000000E-01  0.10000000E+01
 0.94002000E-09  0.19891254E-02  0.00000000E+00  0.16755933E+00  0.00000000E+00  0.00000000E+00  0.19255328E+09  0.00000000E+00  0.00000000E+00  0.00000000E+00  0.00000000E+00  0.00000000E+00  0.10000000E-01  0.10000000E+01
 0.95002000E-09  0.19891254E-02  0.00000000E+00  0.16948486E+00  0.00000000E+00  0.00000000E+00  0.19255328E+09  0.00000000E+00  0.00000000E+00  0.00000000E+00  0.00000000E+00  0.00000000E+00  0.10000000E-01  0.10000000E+01
 0.96002000E-09  0.19891254E-02  0.00000000E+00  0.17141039E+00  0.00000000E+00  0.00000000E+00  0.19255328E+09  0.00000000E+00  0.00000000E+00  0.00000000E+00  0.00000000E+00  0.00000000E+00  0.10000000E-01  0.10000000E+01
 0.97002000E-09  0.19891254E-02  0.00000000E+00  0.17333593E+00  0.00000000E+00  0.00000000E+00  0.19255328E+09  0.00000000E+00  0.00000000E+00  0.00000000E+00  0.00000000E+00  0.00000000E+00  0.10000000E-01  0.10000000E+01
 0.98002000E-09  0.19891254E-02  0.00000000E+00  0.17526146E+00  0.00000000E+00  0.00000000E+00  0.19255328E+09  0.00000000E+00  0.00000000E+00  0.00000000E+00  0.00000000E+00  0.00000000E+00  0.10000000E-01  0.10000000E+01
 0.99002000E-09  0.19891254E-02  0.00000000E+00  0.17718699E+00  0.00000000E+00  0.00000000E+00  0.19255328E+09  0.00000000E+00  0.00000000E+00  0.00000000E+00  0.00000000E+00  0.00000000E+00  0.10000000E-01  0.10000000E+01
 0.10000200E-08  0.19891254E-02  0.00000000E+00  0.17911253E+00  0.00000000E+00  0.00000000E+00  0.19255328E+09  0.00000000E+00  0.00000000E+00  0.00000000E+00  0.00000000E+00  0.00000000E+00  0.10000000E-01  0.10000000E+01
 0.10100200E-08  0.19891254E-02  0.00000000E+00  0.18103806E+00  0.00000000E+00  0.00000000E+00  0.19255328E+09  0.00000000E+00  0.00000000E+00  0.00000000E+00  0.00000000E+00  0.00000000E+00  0.10000000E-01  0.10000000E+01
 0.10200200E-08  0.19891254E-02  0.00000000E+00  0.18296359E+00  0.00000000E+00  0.00000000E+00  0.19255328E+09  0.00000000E+00  0.00000000E+00  0.00000000E+00  0.00000000E+00  0.00000000E+00  0.10000000E-01  0.10000000E+01
 0.10300200E-08  0.19891254E-02  0.00000000E+00  0.18488912E+00  0.00000000E+00  0.00000000E+00  0.19255328E+09  0.00000000E+00  0.00000000E+00  0.00000000E+00  0.00000000E+00  0.00000000E+00  0.10000000E-01  0.10000000E+01
 0.10400200E-08  0.19891254E-02  0.00000000E+00  0.18681466E+00  0.00000000E+00  0.00000000E+00  0.19255328E+09  0.00000000E+00  0.00000000E+00  0.00000000E+00  0.00000000E+00  0.00000000E+00  0.10000000E-01  0.10000000E+01
 0.10500200E-08  0.19891254E-02  0.00000000E+00  0.18874019E+00  0.00000000E+00  0.00000000E+00  0.19255328E+09  0.00000000E+00  0.00000000E+00  0.00000000E+00  0.00000000E+00  0.00000000E+00  0.10000000E-01  0.10000000E+01
 0.10600200E-08  0.19891254E-02  0.00000000E+00  0.19066572E+00  0.00000000E+00  0.00000000E+00  0.19255328E+09  0.00000000E+00  0.00000000E+00  0.00000000E+00  0.00000000E+00  0.00000000E+00  0.10000000E-01  0.10000000E+01
 0.10700200E-08  0.19891254E-02  0.00000000E+00  0.19259125E+00  0.00000000E+00  0.00000000E+00  0.19255328E+09  0.00000000E+00  0.00000000E+00  0.00000000E+00  0.00000000E+00  0.00000000E+00  0.10000000E-01  0.10000000E+01
 0.10800200E-08  0.19891254E-02  0.00000000E+00  0.19451679E+00  0.00000000E+00  0.00000000E+00  0.19255328E+09  0.00000000E+00  0.00000000E+00  0.00000000E+00  0.00000000E+00  0.00000000E+00  0.10000000E-01  0.10000000E+01
 0.10900200E-08  0.19891254E-02  0.00000000E+00  0.19644232E+00  0.00000000E+00  0.00000000E+00  0.19255328E+09  0.00000000E+00  0.00000000E+00  0.00000000E+00  0.00000000E+00  0.00000000E+00  0.10000000E-01  0.10000000E+01
 0.11000200E-08  0.19891254E-02  0.00000000E+00  0.19836785E+00  0.00000000E+00  0.00000000E+00  0.19255328E+09  0.00000000E+00  0.00000000E+00  0.00000000E+00  0.00000000E+00  0.00000000E+00  0.10000000E-01  0.10000000E+01
 0.11100200E-08  0.19891254E-02  0.00000000E+00  0.20029339E+00  0.00000000E+00  0.00000000E+00  0.19255328E+09  0.00000000E+00  0.00000000E+00  0.00000000E+00  0.00000000E+00  0.00000000E+00  0.10000000E-01  0.10000000E+01
 0.11200200E-08  0.19891254E-02  0.00000000E+00  0.20221892E+00  0.00000000E+00  0.00000000E+00  0.19255328E+09  0.00000000E+00  0.00000000E+00  0.00000000E+00  0.00000000E+00  0.00000000E+00  0.10000000E-01  0.10000000E+01
 0.11300200E-08  0.19891254E-02  0.00000000E+00  0.20414445E+00  0.00000000E+00  0.00000000E+00  0.19255328E+09  0.00000000E+00  0.00000000E+00  0.00000000E+00  0.00000000E+00  0.00000000E+00  0.10000000E-01  0.10000000E+01
 0.11400200E-08  0.19891254E-02  0.00000000E+00  0.20606998E+00  0.00000000E+00  0.00000000E+00  0.19255328E+09  0.00000000E+00  0.00000000E+00  0.00000000E+00  0.00000000E+00  0.00000000E+00  0.10000000E-01  0.10000000E+01
 0.11500200E-08  0.19891254E-02  0.00000000E+00  0.20799552E+00  0.00000000E+00  0.00000000E+00  0.19255328E+09  0.00000000E+00  0.00000000E+00  0.00000000E+00  0.00000000E+00  0.00000000E+00  0.10000000E-01  0.10000000E+01
 0.11600200E-08  0.19891254E-02  0.00000000E+00  0.20992105E+00  0.00000000E+00  0.00000000E+00  0.19255328E+09  0.00000000E+00  0.00000000E+00  0.00000000E+00  0.00000000E+00  0.00000000E+00  0.10000000E-01  0.10000000E+01
 0.11700200E-08  0.19891254E-02  0.00000000E+00  0.21184658E+00  0.00000000E+00  0.00000000E+00  0.19255328E+09  0.00000000E+00  0.00000000E+00  0.00000000E+00  0.00000000E+00  0.00000000E+00  0.10000000E-01  0.10000000E+01
 0.11800200E-08  0.19891254E-02  0.00000000E+00  0.21377212E+00  0.00000000E+00  0.00000000E+00  0.19255328E+09  0.00000000E+00  0.00000000E+00  0.00000000E+00  0.00000000E+00  0.00000000E+00  0.10000000E-01  0.10000000E+01
 0.11900200E-08  0.19891254E-02  0.00000000E+00  0.21569765E+00  0.00000000E+00  0.00000000E+00  0.19255328E+09  0.00000000E+00  0.00000000E+00  0.00000000E+00  0.00000000E+00  0.00000000E+00  0.10000000E-01  0.10000000E+01
 0.12000200E-08  0.19891254E-02  0.00000000E+00  0.21762318E+00  0.00000000E+00  0.00000000E+00  0.19255328E+09  0.00000000E+00  0.00000000E+00  0.00000000E+00  0.00000000E+00  0.00000000E+00  0.10000000E-01  0.10000000E+01
 0.12100200E-08  0.19891254E-02  0.00000000E+00  0.21954871E+00  0.00000000E+00  0.00000000E+00  0.19255328E+09  0.00000000E+00  0.00000000E+00  0.00000000E+00  0.00000000E+00  0.00000000E+00  0.10000000E-01  0.10000000E+01
 0.12200200E-08  0.19891254E-02  0.00000000E+00  0.22147425E+00  0.00000000E+00  0.00000000E+00  0.19255328E+09  0.00000000E+00  0.00000000E+00  0.00000000E+00  0.00000000E+00  0.00000000E+00  0.10000000E-01  0.10000000E+01
 0.12300200E-08  0.19891254E-02  0.00000000E+00  0.22339978E+00  0.00000000E+00  0.00000000E+00  0.19255328E+09  0.00000000E+00  0.00000000E+00  0.00000000E+00  0.00000000E+00  0.00000000E+00  0.10000000E-01  0.10000000E+01
 0.12400200E-08  0.19891254E-02  0.00000000E+00  0.22532531E+00  0.00000000E+00  0.00000000E+00  0.19255328E+09  0.00000000E+00  0.00000000E+00  0.00000000E+00  0.00000000E+00  0.00000000E+00  0.10000000E-01  0.10000000E+01
 0.12500200E-08  0.19891254E-02  0.00000000E+00  0.22725085E+00  0.00000000E+00  0.00000000E+00  0.19255328E+09  0.00000000E+00  0.00000000E+00  0.00000000E+00  0.00000000E+00  0.00000000E+00  0.10000000E-01  0.10000000E+01
 0.12600200E-08  0.19891254E-02  0.00000000E+00  0.22917638E+00  0.00000000E+00  0.00000000E+00  0.19255328E+09  0.00000000E+00  0.00000000E+00  0.00000000E+00  0.00000000E+00  0.00000000E+00  0.10000000E-01  0.10000000E+01
 0.12700200E-08  0.19891254E-02  0.00000000E+00  0.23110191E+00  0.00000000E+00  0.00000000E+00  0.19255328E+09  0.00000000E+00  0.00000000E+00  0.00000000E+00  0.00000000E+00  0.00000000E+00  0.10000000E-01  0.10000000E+01
 0.12800200E-08  0.19891254E-02  0.00000000E+00  0.23302744E+00  0.00000000E+00  0.00000000E+00  0.19255328E+09  0.00000000E+00  0.00000000E+00  0.00000000E+00  0.00000000E+00  0.00000000E+00  0.10000000E-01  0.10000000E+01
 0.12900200E-08  0.19891254E-02  0.00000000E+00  0.23495298E+00  0.00000000E+00  0.00000000E+00  0.19255328E+09  0.00000000E+00  0.00000000E+00  0.00000000E+00  0.00000000E+00  0.00000000E+00  0.10000000E-01  0.10000000E+01
 0.13000200E-08  0.19891254E-02  0.00000000E+00  0.23687851E+00  0.00000000E+00  0.00000000E+00  0.19255328E+09  0.00000000E+00  0.00000000E+00  0.00000000E+00  0.00000000E+00  0.00000000E+00  0.10000000E-01  0.10000000E+01
 0.13100200E-08  0.19891254E-02  0.00000000E+00  0.23880404E+00  0.00000000E+00  0.00000000E+00  0.19255328E+09  0.00000000E+00  0.00000000E+00  0.00000000E+00  0.00000000E+00  0.00000000E+00  0.10000000E-01  0.10000000E+01
 0.13200200E-08  0.19891254E-02  0.00000000E+00  0.24072958E+00  0.00000000E+00  0.00000000E+00  0.19255328E+09  0.00000000E+00  0.00000000E+00  0.00000000E+00  0.00000000E+00  0.00000000E+00  0.10000000E-01  0.10000000E+01
 0.13300200E-08  0.19891254E-02  0.00000000E+00  0.24265511E+00  0.00000000E+00  0.00000000E+00  0.19255328E+09  0.00000000E+00  0.00000000E+00  0.00000000E+00  0.00000000E+00  0.00000000E+00  0.10000000E-01  0.10000000E+01
 0.13400200E-08  0.19891254E-02  0.00000000E+00  0.24458064E+00  0.00000000E+00  0.00000000E+00  0.19255328E+09  0.00000000E+00  0.00000000E+00  0.00000000E+00  0.00000000E+00  0.00000000E+00  0.10000000E-01  0.10000000E+01
 0.13500200E-08  0.19891254E-02  0.00000000E+00  0.24650617E+00  0.00000000E+00  0.00000000E+00  0.19255328E+09  0.00000000E+00  0.00000000E+00  0.00000000E+00  0.00000000E+00  0.00000000E+00  0.10000000E-01  0.10000000E+01
 0.13600200E-08  0.19891254E-02  0.00000000E+00  0.24843171E+00  0.00000000E+00  0.00000000E+00  0.19255328E+09  0.00000000E+00  0.00000000E+00  0.00000000E+00  0.00000000E+00  0.00000000E+00  0.10000000E-01  0.10000000E+01
 0.13700200E-08  0.19891254E-02  0.00000000E+00  0.25035724E+00  0.00000000E+00  0.00000000E+00  0.19255328E+09  0.00000000E+00  0.00000000E+00  0.00000000E+00  0.00000000E+00  0.00000000E+00  0.10000000E-01  0.10000000E+01
 0.13800200E-08  0.19891254E-02  0.00000000E+00  0.25228277E+00  0.00000000E+00  0.00000000E+00  0.19255328E+09  0.00000000E+00  0.00000000E+00  0.00000000E+00  0.00000000E+00  0.00000000E+00  0.10000000E-01  0.10000000E+01
 0.13900200E-08  0.19891254E-02  0.00000000E+00  0.25420831E+00  0.00000000E+00  0.00000000E+00  0.19255328E+09  0.00000000E+00  0.00000000E+00  0.00000000E+00  0.00000000E+00  0.00000000E+00  0.10000000E-01  0.10000000E+01
 0.14000200E-08  0.19891254E-02  0.00000000E+00  0.25613384E+00  0.00000000E+00  0.00000000E+00  0.19255328E+09  0.00000000E+00  0.00000000E+00  0.00000000E+00  0.00000000E+00  0.00000000E+00  0.10000000E-01  0.10000000E+01
 0.14100200E-08  0.19891254E-02  0.00000000E+00  0.25805937E+00  0.00000000E+00  0.00000000E+00  0.19255328E+09  0.00000000E+00  0.00000000E+00  0.00000000E+00  0.00000000E+00  0.00000000E+00  0.10000000E-01  0.10000000E+01
 0.14200200E-08  0.19891254E-02  0.00000000E+00  0.25998490E+00  0.00000000E+00  0.00000000E+00  0.19255328E+09  0.00000000E+00  0.00000000E+00  0.00000000E+00  0.00000000E+00  0.00000000E+00  0.10000000E-01  0.10000000E+01
 0.14300200E-08  0.19891254E-02  0.00000000E+00  0.26191044E+00  0.00000000E+00  0.00000000E+00  0.19255328E+09  0.00000000E+00  0.00000000E+00  0.00000000E+00  0.00000000E+00  0.00000000E+00  0.10000000E-01  0.10000000E+01
 0.14400200E-08  0.19891254E-02  0.00000000E+00  0.26383597E+00  0.00000000E+00  0.00000000E+00  0.19255328E+09  0.00000000E+00  0.00000000E+00  0.00000000E+00  0.00000000E+00  0.00000000E+00  0.10000000E-01  0.10000000E+01
 0.14500200E-08  0.19891254E-02  0.00000000E+00  0.26576150E+00  0.00000000E+00  0.00000000E+00  0.19255328E+09  0.00000000E+00  0.00000000E+00  0.00000000E+00  0.00000000E+00  0.00000000E+00  0.10000000E-01  0.10000000E+01
 0.14600200E-08  0.19891254E-02  0.00000000E+00  0.26768703E+00  0.00000000E+00  0.00000000E+00  0.19255328E+09  0.00000000E+00  0.00000000E+00  0.00000000E+00  0.00000000E+00  0.00000000E+00  0.10000000E-01  0.10000000E+01
 0.14700200E-08  0.19891254E-02  0.00000000E+00  0.26961257E+00  0.00000000E+00  0.00000000E+00  0.19255328E+09  0.00000000E+00  0.00000000E+00  0.00000000E+00  0.00000000E+00  0.00000000E+00  0.10000000E-01  0.10000000E+01
 0.14800200E-08  0.19891254E-02  0.00000000E+00  0.27153810E+00  0.00000000E+00  0.00000000E+00  0.19255328E+09  0.00000000E+00  0.00000000E+00  0.00000000E+00  0.00000000E+00  0.00000000E+00  0.10000000E-01  0.10000000E+01
 0.14900200E-08  0.19891254E-02  0.00000000E+00  0.27346363E+00  0.00000000E+00  0.00000000E+00  0.19255328E+09  0.00000000E+00  0.00000000E+00  0.00000000E+00  0.00000000E+00  0.00000000E+00  0.10000000E-01  0.10000000E+01
 0.15000200E-08  0.19891254E-02  0.00000000E+00  0.27538917E+00  0.00000000E+00  0.00000000E+00  0.19255328E+09  0.00000000E+00  0.00000000E+00  0.00000000E+00  0.00000000E+00  0.00000000E+00  0.10000000E-01  0.10000000E+01
 0.15100200E-08  0.19891254E-02  0.00000000E+00  0.27731470E+00  0.00000000E+00  0.00000000E+00  0.19255328E+09  0.00000000E+00  0.00000000E+00  0.00000000E+00  0.00000000E+00  0.00000000E+00  0.10000000E-01  0.10000000E+01
 0.15200200E-08  0.19891254E-02  0.00000000E+00  0.27924023E+00  0.00000000E+00  0.00000000E+00  0.19255328E+09  0.00000000E+00  0.00000000E+00  0.00000000E+00  0.00000000E+00  0.00000000E+00  0.10000000E-01  0.10000000E+01
 0.15300200E-08  0.19891254E-02  0.00000000E+00  0.28116576E+00  0.00000000E+00  0.00000000E+00  0.19255328E+09  0.00000000E+00  0.00000000E+00  0.00000000E+00  0.00000000E+00  0.00000000E+00  0.10000000E-01  0.10000000E+01
 0.15400200E-08  0.19891254E-02  0.00000000E+00  0.28309130E+00  0.00000000E+00  0.00000000E+00  0.19255328E+09  0.00000000E+00  0.00000000E+00  0.00000000E+00  0.00000000E+00  0.00000000E+00  0.10000000E-01  0.10000000E+01
 0.15500200E-08  0.19891254E-02  0.00000000E+00  0.28501683E+00  0.00000000E+00  0.00000000E+00  0.19255328E+09  0.00000000E+00  0.00000000E+00  0.00000000E+00  0.00000000E+00  0.00000000E+00  0.10000000E-01  0.10000000E+01
 0.15600200E-08  0.19891254E-02  0.00000000E+00  0.28694236E+00  0.00000000E+00  0.00000000E+00  0.19255328E+09  0.00000000E+00  0.00000000E+00  0.00000000E+00  0.00000000E+00  0.00000000E+00  0.10000000E-01  0.10000000E+01
 0.15700200E-08  0.19891254E-02  0.00000000E+00  0.28886790E+00  0.00000000E+00  0.00000000E+00  0.19255328E+09  0.00000000E+00  0.00000000E+00  0.00000000E+00  0.00000000E+00  0.00000000E+00  0.10000000E-01  0.10000000E+01
 0.15800200E-08  0.19891254E-02  0.00000000E+00  0.29079343E+00  0.00000000E+00  0.00000000E+00  0.19255328E+09  0.00000000E+00  0.00000000E+00  0.00000000E+00  0.00000000E+00  0.00000000E+00  0.10000000E-01  0.10000000E+01
 0.15900200E-08  0.19891254E-02  0.00000000E+00  0.29271896E+00  0.00000000E+00  0.00000000E+00  0.19255328E+09  0.00000000E+00  0.00000000E+00  0.00000000E+00  0.00000000E+00  0.00000000E+00  0.10000000E-01  0.10000000E+01
 0.16000200E-08  0.19891254E-02  0.00000000E+00  0.29464449E+00  0.00000000E+00  0.00000000E+00  0.19255328E+09  0.00000000E+00  0.00000000E+00  0.00000000E+00  0.00000000E+00  0.00000000E+00  0.10000000E-01  0.10000000E+01
 0.16100200E-08  0.19891254E-02  0.00000000E+00  0.29657003E+00  0.00000000E+00  0.00000000E+00  0.19255328E+09  0.00000000E+00  0.00000000E+00  0.00000000E+00  0.00000000E+00  0.00000000E+00  0.10000000E-01  0.10000000E+01
 0.16200200E-08  0.19891254E-02  0.00000000E+00  0.29849556E+00  0.00000000E+00  0.00000000E+00  0.19255328E+09  0.00000000E+00  0.00000000E+00  0.00000000E+00  0.00000000E+00  0.00000000E+00  0.10000000E-01  0.10000000E+01
 0.16300200E-08  0.19891254E-02  0.00000000E+00  0.30042109E+00  0.00000000E+00  0.00000000E+00  0.19255328E+09  0.00000000E+00  0.00000000E+00  0.00000000E+00  0.00000000E+00  0.00000000E+00  0.10000000E-01  0.10000000E+01
 0.16400200E-08  0.19891254E-02  0.00000000E+00  0.30234663E+00  0.00000000E+00  0.00000000E+00  0.19255328E+09  0.00000000E+00  0.00000000E+00  0.00000000E+00  0.00000000E+00  0.00000000E+00  0.10000000E-01  0.10000000E+01
 0.16500200E-08  0.19891254E-02  0.00000000E+00  0.30427216E+00  0.00000000E+00  0.00000000E+00  0.19255328E+09  0.00000000E+00  0.00000000E+00  0.00000000E+00  0.00000000E+00  0.00000000E+00  0.10000000E-01  0.10000000E+01
 0.16600200E-08  0.19891254E-02  0.00000000E+00  0.30619769E+00  0.00000000E+00  0.00000000E+00  0.19255328E+09  0.00000000E+00  0.00000000E+00  0.00000000E+00  0.00000000E+00  0.00000000E+00  0.10000000E-01  0.10000000E+01
 0.16700200E-08  0.19891254E-02  0.00000000E+00  0.30812322E+00  0.00000000E+00  0.00000000E+00  0.19255328E+09  0.00000000E+00  0.00000000E+00  0.00000000E+00  0.00000000E+00  0.00000000E+00  0.10000000E-01  0.10000000E+01
 0.16800200E-08  0.19891254E-02  0.00000000E+00  0.31004876E+00  0.00000000E+00  0.00000000E+00  0.19255328E+09  0.00000000E+00  0.00000000E+00  0.00000000E+00  0.00000000E+00  0.00000000E+00  0.10000000E-01  0.10000000E+01
 0.16900200E-08  0.19891254E-02  0.00000000E+00  0.31197429E+00  0.00000000E+00  0.00000000E+00  0.19255328E+09  0.00000000E+00  0.00000000E+00  0.00000000E+00  0.00000000E+00  0.00000000E+00  0.10000000E-01  0.10000000E+01
 0.17000200E-08  0.19891254E-02  0.00000000E+00  0.31389982E+00  0.00000000E+00  0.00000000E+00  0.19255328E+09  0.00000000E+00  0.00000000E+00  0.00000000E+00  0.00000000E+00  0.00000000E+00  0.10000000E-01  0.10000000E+01
 0.17100200E-08  0.19891254E-02  0.00000000E+00  0.31582536E+00  0.00000000E+00  0.00000000E+00  0.19255328E+09  0.00000000E+00  0.00000000E+00  0.00000000E+00  0.00000000E+00  0.00000000E+00  0.10000000E-01  0.10000000E+01
 0.17200200E-08  0.19891254E-02  0.00000000E+00  0.31775089E+00  0.00000000E+00  0.00000000E+00  0.19255328E+09  0.00000000E+00  0.00000000E+00  0.00000000E+00  0.00000000E+00  0.00000000E+00  0.10000000E-01  0.10000000E+01
 0.17300200E-08  0.19891254E-02  0.00000000E+00  0.31967642E+00  0.00000000E+00  0.00000000E+00  0.19255328E+09  0.00000000E+00  0.00000000E+00  0.00000000E+00  0.00000000E+00  0.00000000E+00  0.10000000E-01  0.10000000E+01
 0.17400200E-08  0.19891254E-02  0.00000000E+00  0.32160195E+00  0.00000000E+00  0.00000000E+00  0.19255328E+09  0.00000000E+00  0.00000000E+00  0.00000000E+00  0.00000000E+00  0.00000000E+00  0.10000000E-01  0.10000000E+01
 0.17500200E-08  0.19891254E-02  0.00000000E+00  0.32352749E+00  0.00000000E+00  0.00000000E+00  0.19255328E+09  0.00000000E+00  0.00000000E+00  0.00000000E+00  0.00000000E+00  0.00000000E+00  0.10000000E-01  0.10000000E+01
 0.17600200E-08  0.19891254E-02  0.00000000E+00  0.32545302E+00  0.00000000E+00  0.00000000E+00  0.19255328E+09  0.00000000E+00  0.00000000E+00  0.00000000E+00  0.00000000E+00  0.00000000E+00  0.10000000E-01  0.10000000E+01
 0.17700200E-08  0.19891254E-02  0.00000000E+00  0.32737855E+00  0.00000000E+00  0.00000000E+00  0.19255328E+09  0.00000000E+00  0.00000000E+00  0.00000000E+00  0.00000000E+00  0.00000000E+00  0.10000000E-01  0.10000000E+01
 0.17800200E-08  0.19891254E-02  0.00000000E+00  0.32930409E+00  0.00000000E+00  0.00000000E+00  0.19255328E+09  0.00000000E+00  0.00000000E+00  0.00000000E+00  0.00000000E+00  0.00000000E+00  0.10000000E-01  0.10000000E+01
 0.17900200E-08  0.19891254E-02  0.00000000E+00  0.33122962E+00  0.00000000E+00  0.00000000E+00  0.19255328E+09  0.00000000E+00  0.00000000E+00  0.00000000E+00  0.00000000E+00  0.00000000E+00  0.10000000E-01  0.10000000E+01
 0.18000200E-08  0.19891254E-02  0.00000000E+00  0.33315515E+00  0.00000000E+00  0.00000000E+00  0.19255328E+09  0.00000000E+00  0.00000000E+00  0.00000000E+00  0.00000000E+00  0.00000000E+00  0.10000000E-01  0.10000000E+01
 0.18100200E-08  0.19891254E-02  0.00000000E+00  0.33508068E+00  0.00000000E+00  0.00000000E+00  0.19255328E+09  0.00000000E+00  0.00000000E+00  0.00000000E+00  0.00000000E+00  0.00000000E+00  0.10000000E-01  0.10000000E+01
 0.18200200E-08  0.19891254E-02  0.00000000E+00  0.33700622E+00  0.00000000E+00  0.00000000E+00  0.19255328E+09  0.00000000E+00  0.00000000E+00  0.00000000E+00  0.00000000E+00  0.00000000E+00  0.10000000E-01  0.10000000E+01
 0.18300200E-08  0.19891254E-02  0.00000000E+00  0.33893175E+00  0.00000000E+00  0.00000000E+00  0.19255328E+09  0.00000000E+00  0.00000000E+00  0.00000000E+00  0.00000000E+00  0.00000000E+00  0.10000000E-01  0.10000000E+01
 0.18400200E-08  0.19891254E-02  0.00000000E+00  0.34085728E+00  0.00000000E+00  0.00000000E+00  0.19255328E+09  0.00000000E+00  0.00000000E+00  0.00000000E+00  0.00000000E+00  0.00000000E+00  0.10000000E-01  0.10000000E+01
 0.18500200E-08  0.19891254E-02  0.00000000E+00  0.34278281E+00  0.00000000E+00  0.00000000E+00  0.19255328E+09  0.00000000E+00  0.00000000E+00  0.00000000E+00  0.00000000E+00  0.00000000E+00  0.10000000E-01  0.10000000E+01
 0.18600200E-08  0.19891254E-02  0.00000000E+00  0.34470835E+00  0.00000000E+00  0.00000000E+00  0.19255328E+09  0.00000000E+00  0.00000000E+00  0.00000000E+00  0.00000000E+00  0.00000000E+00  0.10000000E-01  0.10000000E+01
 0.18700200E-08  0.19891254E-02  0.00000000E+00  0.34663388E+00  0.00000000E+00  0.00000000E+00  0.19255328E+09  0.00000000E+00  0.00000000E+00  0.00000000E+00  0.00000000E+00  0.00000000E+00  0.10000000E-01  0.10000000E+01
 0.18800200E-08  0.19891254E-02  0.00000000E+00  0.34855941E+00  0.00000000E+00  0.00000000E+00  0.19255328E+09  0.00000000E+00  0.00000000E+00  0.00000000E+00  0.00000000E+00  0.00000000E+00  0.10000000E-01  0.10000000E+01
 0.18900200E-08  0.19891254E-02  0.00000000E+00  0.35048495E+00  0.00000000E+00  0.00000000E+00  0.19255328E+09  0.00000000E+00  0.00000000E+00  0.00000000E+00  0.00000000E+00  0.00000000E+00  0.10000000E-01  0.10000000E+01
 0.19000200E-08  0.19891254E-02  0.00000000E+00  0.35241048E+00  0.00000000E+00  0.00000000E+00  0.19255328E+09  0.00000000E+00  0.00000000E+00  0.00000000E+00  0.00000000E+00  0.00000000E+00  0.10000000E-01  0.10000000E+01
 0.19100200E-08  0.19891254E-02  0.00000000E+00  0.35433601E+00  0.00000000E+00  0.00000000E+00  0.19255328E+09  0.00000000E+00  0.00000000E+00  0.00000000E+00  0.00000000E+00  0.00000000E+00  0.10000000E-01  0.10000000E+01
 0.19200200E-08  0.19891254E-02  0.00000000E+00  0.35626154E+00  0.00000000E+00  0.00000000E+00  0.19255328E+09  0.00000000E+00  0.00000000E+00  0.00000000E+00  0.00000000E+00  0.00000000E+00  0.10000000E-01  0.10000000E+01
 0.19300200E-08  0.19891254E-02  0.00000000E+00  0.35818708E+00  0.00000000E+00  0.00000000E+00  0.19255328E+09  0.00000000E+00  0.00000000E+00  0.00000000E+00  0.00000000E+00  0.00000000E+00  0.10000000E-01  0.10000000E+01
 0.19400200E-08  0.19891254E-02  0.00000000E+00  0.36011261E+00  0.00000000E+00  0.00000000E+00  0.19255328E+09  0.00000000E+00  0.00000000E+00  0.00000000E+00  0.00000000E+00  0.00000000E+00  0.10000000E-01  0.10000000E+01
 0.19500200E-08  0.19891254E-02  0.00000000E+00  0.36203814E+00  0.00000000E+00  0.00000000E+00  0.19255328E+09  0.00000000E+00  0.00000000E+00  0.00000000E+00  0.00000000E+00  0.00000000E+00  0.10000000E-01  0.10000000E+01
 0.19600200E-08  0.19891254E-02  0.00000000E+00  0.36396368E+00  0.00000000E+00  0.00000000E+00  0.19255328E+09  0.00000000E+00  0.00000000E+00  0.00000000E+00  0.00000000E+00  0.00000000E+00  0.10000000E-01  0.10000000E+01
 0.19700200E-08  0.19891254E-02  0.00000000E+00  0.36588921E+00  0.00000000E+00  0.00000000E+00  0.19255328E+09  0.00000000E+00  0.00000000E+00  0.00000000E+00  0.00000000E+00  0.00000000E+00  0.10000000E-01  0.10000000E+01
 0.19800200E-08  0.19891254E-02  0.00000000E+00  0.36781474E+00  0.00000000E+00  0.00000000E+00  0.19255328E+09  0.00000000E+00  0.00000000E+00  0.00000000E+00  0.00000000E+00  0.00000000E+00  0.10000000E-01  0.10000000E+01
 0.19900200E-08  0.19891254E-02  0.00000000E+00  0.36974027E+00  0.00000000E+00  0.00000000E+00  0.19255328E+09  0.00000000E+00  0.00000000E+00  0.00000000E+00  0.00000000E+00  0.00000000E+00  0.10000000E-01  0.10000000E+01
