# ptime xp yp zp vx vy vz ex ey ez bx by bz wt
 0.20000000E-13  0.42718374E-02  0.00000000E+00 -0.27145308E-01  0.00000000E+00  0.00000000E+00  0.17700570E+09  0.00000000E+00  0.00000000E+00  0.00000000E+00  0.00000000E+00  0.00000000E+00  0.10000000E-01  0.10000000E+01
 0.10000000E-10  0.42718374E-02  0.00000000E+00 -0.25378791E-01  0.00000000E+00  0.00000000E+00  0.17700570E+09  0.00000000E+00  0.00000000E+00  0.00000000E+00  0.00000000E+00  0.00000000E+00  0.10000000E-01  0.10000000E+01
 0.20000000E-10  0.42718374E-02  0.00000000E+00 -0.23608734E-01  0.00000000E+00  0.00000000E+00  0.17700570E+09  0.00000000E+00  0.00000000E+00  0.00000000E+00  0.00000000E+00  0.00000000E+00  0.10000000E-01  0.10000000E+01
 0.30000000E-10  0.42718374E-02  0.00000000E+00 -0.21838677E-01  0.00000000E+00  0.00000000E+00  0.17700570E+09  0.00000000E+00  0.00000000E+00  0.00000000E+00  0.00000000E+00  0.00000000E+00  0.10000000E-01  0.10000000E+01
 0.40020000E-10  0.42718374E-02  0.00000000E+00 -0.20065080E-01  0.00000000E+00  0.00000000E+00  0.17700570E+09  0.00000000E+00  0.00000000E+00  0.00000000E+00  0.00000000E+00  0.00000000E+00  0.10000000E-01  0.10000000E+01
 0.50020000E-10  0.42718374E-02  0.00000000E+00 -0.18295023E-01  0.00000000E+00  0.00000000E+00  0.17700570E+09  0.00000000E+00  0.00000000E+00  0.00000000E+00  0.00000000E+00  0.00000000E+00  0.10000000E-01  0.10000000E+01
 0.60020000E-10  0.42718374E-02  0.00000000E+00 -0.16524966E-01  0.00000000E+00  0.00000000E+00  0.17700570E+09  0.00000000E+00  0.00000000E+00  0.00000000E+00  0.00000000E+00  0.00000000E+00  0.10000000E-01  0.10000000E+01
 0.70020000E-10  0.42718374E-02  0.00000000E+00 -0.14754909E-01  0.00000000E+00  0.00000000E+00  0.17700570E+09  0.00000000E+00  0.00000000E+00  0.00000000E+00  0.00000000E+00  0.00000000E+00  0.10000000E-01  0.10000000E+01
 0.80000000E-10  0.42718374E-02  0.00000000E+00 -0.12988392E-01  0.00000000E+00  0.00000000E+00  0.17700570E+09  0.00000000E+00  0.00000000E+00  0.00000000E+00  0.00000000E+00  0.00000000E+00  0.10000000E-01  0.10000000E+01
 0.90000000E-10  0.42718374E-02  0.00000000E+00 -0.11218335E-01  0.00000000E+00  0.00000000E+00  0.17700570E+09  0.00000000E+00  0.00000000E+00  0.00000000E+00  0.00000000E+00  0.00000000E+00  0.10000000E-01  0.10000000E+01
 0.10000000E-09  0.42718374E-02  0.00000000E+00 -0.94482782E-02  0.00000000E+00  0.00000000E+00  0.17700570E+09  0.00000000E+00  0.00000000E+00  0.00000000E+00  0.00000000E+00  0.00000000E+00  0.10000000E-01  0.10000000E+01
 0.11000000E-09  0.42718374E-02  0.00000000E+00 -0.76782212E-02  0.00000000E+00  0.00000000E+00  0.17700570E+09  0.00000000E+00  0.00000000E+00  0.00000000E+00  0.00000000E+00  0.00000000E+00  0.10000000E-01  0.10000000E+01
 0.12000000E-09  0.42718374E-02  0.00000000E+00 -0.59081642E-02  0.00000000E+00  0.00000000E+00  0.17700570E+09  0.00000000E+00  0.00000000E+00  0.00000000E+00  0.00000000E+00  0.00000000E+00  0.10000000E-01  0.10000000E+01
 0.13000000E-09  0.42718374E-02  0.00000000E+00 -0.41381072E-02  0.00000000E+00  0.00000000E+00  0.17700570E+09  0.00000000E+00  0.00000000E+00  0.00000000E+00  0.00000000E+00  0.00000000E+00  0.10000000E-01  0.10000000E+01
 0.14002000E-09  0.42718374E-02  0.00000000E+00 -0.23645101E-02  0.00000000E+00  0.00000000E+00  0.17700570E+09  0.00000000E+00  0.00000000E+00  0.00000000E+00  0.00000000E+00  0.00000000E+00  0.10000000E-01  0.10000000E+01
 0.15002000E-09  0.42718374E-02  0.00000000E+00 -0.59445314E-03  0.00000000E+00  0.00000000E+00  0.17700570E+09  0.00000000E+00  0.00000000E+00  0.00000000E+00  0.00000000E+00  0.00000000E+00  0.10000000E-01  0.10000000E+01
 0.16002000E-09  0.42718374E-02  0.00000000E+00  0.11756039E-02  0.00000000E+00  0.00000000E+00  0.17700570E+09  0.00000000E+00  0.00000000E+00  0.00000000E+00  0.00000000E+00  0.00000000E+00  0.10000000E-01  0.10000000E+01
 0.17002000E-09  0.42718374E-02  0.00000000E+00  0.29456608E-02  0.00000000E+00  0.00000000E+00  0.17700570E+09  0.00000000E+00  0.00000000E+00  0.00000000E+00  0.00000000E+00  0.00000000E+00  0.10000000E-01  0.10000000E+01
 0.18002000E-09  0.42718374E-02  0.00000000E+00  0.47157178E-02  0.00000000E+00  0.00000000E+00  0.17700570E+09  0.00000000E+00  0.00000000E+00  0.00000000E+00  0.00000000E+00  0.00000000E+00  0.10000000E-01  0.10000000E+01
 0.19002000E-09  0.42718374E-02  0.00000000E+00  0.64857748E-02  0.00000000E+00  0.00000000E+00  0.17700570E+09  0.00000000E+00  0.00000000E+00  0.00000000E+00  0.00000000E+00  0.00000000E+00  0.10000000E-01  0.10000000E+01
 0.20002000E-09  0.42718374E-02  0.00000000E+00  0.82558318E-02  0.00000000E+00  0.00000000E+00  0.17700570E+09  0.00000000E+00  0.00000000E+00  0.00000000E+00  0.00000000E+00  0.00000000E+00  0.10000000E-01  0.10000000E+01
 0.21002000E-09  0.42718374E-02  0.00000000E+00  0.10025889E-01  0.00000000E+00  0.00000000E+00  0.17700570E+09  0.00000000E+00  0.00000000E+00  0.00000000E+00  0.00000000E+00  0.00000000E+00  0.10000000E-01  0.10000000E+01
 0.22002000E-09  0.42718374E-02  0.00000000E+00  0.11795946E-01  0.00000000E+00  0.00000000E+00  0.17700570E+09  0.00000000E+00  0.00000000E+00  0.00000000E+00  0.00000000E+00  0.00000000E+00  0.10000000E-01  0.10000000E+01
 0.23002000E-09  0.42718374E-02  0.00000000E+00  0.13566003E-01  0.00000000E+00  0.00000000E+00  0.17700570E+09  0.00000000E+00  0.00000000E+00  0.00000000E+00  0.00000000E+00  0.00000000E+00  0.10000000E-01  0.10000000E+01
 0.24002000E-09  0.42718374E-02  0.00000000E+00  0.15336060E-01  0.00000000E+00  0.00000000E+00  0.17700570E+09  0.00000000E+00  0.00000000E+00  0.00000000E+00  0.00000000E+00  0.00000000E+00  0.10000000E-01  0.10000000E+01
 0.25002000E-09  0.42718374E-02  0.00000000E+00  0.17106117E-01  0.00000000E+00  0.00000000E+00  0.17700570E+09  0.00000000E+00  0.00000000E+00  0.00000000E+00  0.00000000E+00  0.00000000E+00  0.10000000E-01  0.10000000E+01
 0.26002000E-09  0.42718374E-02  0.00000000E+00  0.18876174E-01  0.00000000E+00  0.00000000E+00  0.17700570E+09  0.00000000E+00  0.00000000E+00  0.00000000E+00  0.00000000E+00  0.00000000E+00  0.10000000E-01  0.10000000E+01
 0.27002000E-09  0.42718374E-02  0.00000000E+00  0.20646231E-01  0.00000000E+00  0.00000000E+00  0.17700570E+09  0.00000000E+00  0.00000000E+00  0.00000000E+00  0.00000000E+00  0.00000000E+00  0.10000000E-01  0.10000000E+01
 0.28002000E-09  0.42718374E-02  0.00000000E+00  0.22416288E-01  0.00000000E+00  0.00000000E+00  0.17700570E+09  0.00000000E+00  0.00000000E+00  0.00000000E+00  0.00000000E+00  0.00000000E+00  0.10000000E-01  0.10000000E+01
 0.29002000E-09  0.42718374E-02  0.00000000E+00  0.24186345E-01  0.00000000E+00  0.00000000E+00  0.17700570E+09  0.00000000E+00  0.00000000E+00  0.00000000E+00  0.00000000E+00  0.00000000E+00  0.10000000E-01  0.10000000E+01
 0.30000000E-09  0.42718374E-02  0.00000000E+00  0.25952862E-01  0.00000000E+00  0.00000000E+00  0.17700570E+09  0.00000000E+00  0.00000000E+00  0.00000000E+00  0.00000000E+00  0.00000000E+00  0.10000000E-01  0.10000000E+01
 0.31000000E-09  0.42718374E-02  0.00000000E+00  0.27722919E-01  0.00000000E+00  0.00000000E+00  0.17700570E+09  0.00000000E+00  0.00000000E+00  0.00000000E+00  0.00000000E+00  0.00000000E+00  0.10000000E-01  0.10000000E+01
 0.32000000E-09  0.42718374E-02  0.00000000E+00  0.29492976E-01  0.00000000E+00  0.00000000E+00  0.17700570E+09  0.00000000E+00  0.00000000E+00  0.00000000E+00  0.00000000E+00  0.00000000E+00  0.10000000E-01  0.10000000E+01
 0.33000000E-09  0.42718374E-02  0.00000000E+00  0.31263033E-01  0.00000000E+00  0.00000000E+00  0.17700570E+09  0.00000000E+00  0.00000000E+00  0.00000000E+00  0.00000000E+00  0.00000000E+00  0.10000000E-01  0.10000000E+01
 0.34000000E-09  0.42718374E-02  0.00000000E+00  0.33033090E-01  0.00000000E+00  0.00000000E+00  0.17700570E+09  0.00000000E+00  0.00000000E+00  0.00000000E+00  0.00000000E+00  0.00000000E+00  0.10000000E-01  0.10000000E+01
 0.35000000E-09  0.42718374E-02  0.00000000E+00  0.34803147E-01  0.00000000E+00  0.00000000E+00  0.17700570E+09  0.00000000E+00  0.00000000E+00  0.00000000E+00  0.00000000E+00  0.00000000E+00  0.10000000E-01  0.10000000E+01
 0.36000000E-09  0.42718374E-02  0.00000000E+00  0.36573204E-01  0.00000000E+00  0.00000000E+00  0.17700570E+09  0.00000000E+00  0.00000000E+00  0.00000000E+00  0.00000000E+00  0.00000000E+00  0.10000000E-01  0.10000000E+01
 0.37000000E-09  0.42718374E-02  0.00000000E+00  0.38343261E-01  0.00000000E+00  0.00000000E+00  0.17700570E+09  0.00000000E+00  0.00000000E+00  0.00000000E+00  0.00000000E+00  0.00000000E+00  0.10000000E-01  0.10000000E+01
 0.38000000E-09  0.42718374E-02  0.00000000E+00  0.40113318E-01  0.00000000E+00  0.00000000E+00  0.17700570E+09  0.00000000E+00  0.00000000E+00  0.00000000E+00  0.00000000E+00  0.00000000E+00  0.10000000E-01  0.10000000E+01
 0.39000000E-09  0.42718374E-02  0.00000000E+00  0.41883375E-01  0.00000000E+00  0.00000000E+00  0.17700570E+09  0.00000000E+00  0.00000000E+00  0.00000000E+00  0.00000000E+00  0.00000000E+00  0.10000000E-01  0.10000000E+01
 0.40000000E-09  0.42718374E-02  0.00000000E+00  0.43653432E-01  0.00000000E+00  0.00000000E+00  0.17700570E+09  0.00000000E+00  0.00000000E+00  0.00000000E+00  0.00000000E+00  0.00000000E+00  0.10000000E-01  0.10000000E+01
 0.41000000E-09  0.42718374E-02  0.00000000E+00  0.45423488E-01  0.00000000E+00  0.00000000E+00  0.17700570E+09  0.00000000E+00  0.00000000E+00  0.00000000E+00  0.00000000E+00  0.00000000E+00  0.10000000E-01  0.10000000E+01
 0.42000000E-09  0.42718374E-02  0.00000000E+00  0.47193545E-01  0.00000000E+00  0.00000000E+00  0.17700570E+09  0.00000000E+00  0.00000000E+00  0.00000000E+00  0.00000000E+00  0.00000000E+00  0.10000000E-01  0.10000000E+01
 0.43000000E-09  0.42718374E-02  0.00000000E+00  0.48963602E-01  0.00000000E+00  0.00000000E+00  0.17700570E+09  0.00000000E+00  0.00000000E+00  0.00000000E+00  0.00000000E+00  0.00000000E+00  0.10000000E-01  0.10000000E+01
 0.44000000E-09  0.42718374E-02  0.00000000E+00  0.50733659E-01  0.00000000E+00  0.00000000E+00  0.17700570E+09  0.00000000E+00  0.00000000E+00  0.00000000E+00  0.00000000E+00  0.00000000E+00  0.10000000E-01  0.10000000E+01
 0.45000000E-09  0.42718374E-02  0.00000000E+00  0.52503716E-01  0.00000000E+00  0.00000000E+00  0.17700570E+09  0.00000000E+00  0.00000000E+00  0.00000000E+00  0.00000000E+00  0.00000000E+00  0.10000000E-01  0.10000000E+01
 0.46000000E-09  0.42718374E-02  0.00000000E+00  0.54273773E-01  0.00000000E+00  0.00000000E+00  0.17700570E+09  0.00000000E+00  0.00000000E+00  0.00000000E+00  0.00000000E+00  0.00000000E+00  0.10000000E-01  0.10000000E+01
 0.47000000E-09  0.42718374E-02  0.00000000E+00  0.56043830E-01  0.00000000E+00  0.00000000E+00  0.17700570E+09  0.00000000E+00  0.00000000E+00  0.00000000E+00  0.00000000E+00  0.00000000E+00  0.10000000E-01  0.10000000E+01
 0.48000000E-09  0.42718374E-02  0.00000000E+00  0.57813887E-01  0.00000000E+00  0.00000000E+00  0.17700570E+09  0.00000000E+00  0.00000000E+00  0.00000000E+00  0.00000000E+00  0.00000000E+00  0.10000000E-01  0.10000000E+01
 0.49000000E-09  0.42718374E-02  0.00000000E+00  0.59583944E-01  0.00000000E+00  0.00000000E+00  0.17700570E+09  0.00000000E+00  0.00000000E+00  0.00000000E+00  0.00000000E+00  0.00000000E+00  0.10000000E-01  0.10000000E+01
 0.50000000E-09  0.42718374E-02  0.00000000E+00  0.61354001E-01  0.00000000E+00  0.00000000E+00  0.17700570E+09  0.00000000E+00  0.00000000E+00  0.00000000E+00  0.00000000E+00  0.00000000E+00  0.10000000E-01  0.10000000E+01
 0.51000000E-09  0.42718374E-02  0.00000000E+00  0.63124058E-01  0.00000000E+00  0.00000000E+00  0.17700570E+09  0.00000000E+00  0.00000000E+00  0.00000000E+00  0.00000000E+00  0.00000000E+00  0.10000000E-01  0.10000000E+01
 0.52000000E-09  0.42718374E-02  0.00000000E+00  0.64894115E-01  0.00000000E+00  0.00000000E+00  0.17700570E+09  0.00000000E+00  0.00000000E+00  0.00000000E+00  0.00000000E+00  0.00000000E+00  0.10000000E-01  0.10000000E+01
 0.53000000E-09  0.42718374E-02  0.00000000E+00  0.66664172E-01  0.00000000E+00  0.00000000E+00  0.17700570E+09  0.00000000E+00  0.00000000E+00  0.00000000E+00  0.00000000E+00  0.00000000E+00  0.10000000E-01  0.10000000E+01
 0.54000000E-09  0.42718374E-02  0.00000000E+00  0.68434229E-01  0.00000000E+00  0.00000000E+00  0.17700570E+09  0.00000000E+00  0.00000000E+00  0.00000000E+00  0.00000000E+00  0.00000000E+00  0.10000000E-01  0.10000000E+01
 0.55002000E-09  0.42718374E-02  0.00000000E+00  0.70207826E-01  0.00000000E+00  0.00000000E+00  0.17700570E+09  0.00000000E+00  0.00000000E+00  0.00000000E+00  0.00000000E+00  0.00000000E+00  0.10000000E-01  0.10000000E+01
 0.56002000E-09  0.42718374E-02  0.00000000E+00  0.71977883E-01  0.00000000E+00  0.00000000E+00  0.17700570E+09  0.00000000E+00  0.00000000E+00  0.00000000E+00  0.00000000E+00  0.00000000E+00  0.10000000E-01  0.10000000E+01
 0.57002000E-09  0.42718374E-02  0.00000000E+00  0.73747940E-01  0.00000000E+00  0.00000000E+00  0.17700570E+09  0.00000000E+00  0.00000000E+00  0.00000000E+00  0.00000000E+00  0.00000000E+00  0.10000000E-01  0.10000000E+01
 0.58002000E-09  0.42718374E-02  0.00000000E+00  0.75517997E-01  0.00000000E+00  0.00000000E+00  0.17700570E+09  0.00000000E+00  0.00000000E+00  0.00000000E+00  0.00000000E+00  0.00000000E+00  0.10000000E-01  0.10000000E+01
 0.59002000E-09  0.42718374E-02  0.00000000E+00  0.77288054E-01  0.00000000E+00  0.00000000E+00  0.17700570E+09  0.00000000E+00  0.00000000E+00  0.00000000E+00  0.00000000E+00  0.00000000E+00  0.10000000E-01  0.10000000E+01
 0.60002000E-09  0.42718374E-02  0.00000000E+00  0.79058111E-01  0.00000000E+00  0.00000000E+00  0.17700570E+09  0.00000000E+00  0.00000000E+00  0.00000000E+00  0.00000000E+00  0.00000000E+00  0.10000000E-01  0.10000000E+01
 0.61002000E-09  0.42718374E-02  0.00000000E+00  0.80828168E-01  0.00000000E+00  0.00000000E+00  0.17700570E+09  0.00000000E+00  0.00000000E+00  0.00000000E+00  0.00000000E+00  0.00000000E+00  0.10000000E-01  0.10000000E+01
 0.62002000E-09  0.42718374E-02  0.00000000E+00  0.82598225E-01  0.00000000E+00  0.00000000E+00  0.17700570E+09  0.00000000E+00  0.00000000E+00  0.00000000E+00  0.00000000E+00  0.00000000E+00  0.10000000E-01  0.10000000E+01
 0.63002000E-09  0.42718374E-02  0.00000000E+00  0.84368282E-01  0.00000000E+00  0.00000000E+00  0.17700570E+09  0.00000000E+00  0.00000000E+00  0.00000000E+00  0.00000000E+00  0.00000000E+00  0.10000000E-01  0.10000000E+01
 0.64002000E-09  0.42718374E-02  0.00000000E+00  0.86138339E-01  0.00000000E+00  0.00000000E+00  0.17700570E+09  0.00000000E+00  0.00000000E+00  0.00000000E+00  0.00000000E+00  0.00000000E+00  0.10000000E-01  0.10000000E+01
 0.65002000E-09  0.42718374E-02  0.00000000E+00  0.87908396E-01  0.00000000E+00  0.00000000E+00  0.17700570E+09  0.00000000E+00  0.00000000E+00  0.00000000E+00  0.00000000E+00  0.00000000E+00  0.10000000E-01  0.10000000E+01
 0.66002000E-09  0.42718374E-02  0.00000000E+00  0.89678453E-01  0.00000000E+00  0.00000000E+00  0.17700570E+09  0.00000000E+00  0.00000000E+00  0.00000000E+00  0.00000000E+00  0.00000000E+00  0.10000000E-01  0.10000000E+01
 0.67002000E-09  0.42718374E-02  0.00000000E+00  0.91448510E-01  0.00000000E+00  0.00000000E+00  0.17700570E+09  0.00000000E+00  0.00000000E+00  0.00000000E+00  0.00000000E+00  0.00000000E+00  0.10000000E-01  0.10000000E+01
 0.68002000E-09  0.42718374E-02  0.00000000E+00  0.93218567E-01  0.00000000E+00  0.00000000E+00  0.17700570E+09  0.00000000E+00  0.00000000E+00  0.00000000E+00  0.00000000E+00  0.00000000E+00  0.10000000E-01  0.10000000E+01
 0.69002000E-09  0.42718374E-02  0.00000000E+00  0.94988624E-01  0.00000000E+00  0.00000000E+00  0.17700570E+09  0.00000000E+00  0.00000000E+00  0.00000000E+00  0.00000000E+00  0.00000000E+00  0.10000000E-01  0.10000000E+01
 0.70002000E-09  0.42718374E-02  0.00000000E+00  0.96758681E-01  0.00000000E+00  0.00000000E+00  0.17700570E+09  0.00000000E+00  0.00000000E+00  0.00000000E+00  0.00000000E+00  0.00000000E+00  0.10000000E-01  0.10000000E+01
 0.71002000E-09  0.42718374E-02  0.00000000E+00  0.98528738E-01  0.00000000E+00  0.00000000E+00  0.17700570E+09  0.00000000E+00  0.00000000E+00  0.00000000E+00  0.00000000E+00  0.00000000E+00  0.10000000E-01  0.10000000E+01
 0.72002000E-09  0.42718374E-02  0.00000000E+00  0.10029880E+00  0.00000000E+00  0.00000000E+00  0.17700570E+09  0.00000000E+00  0.00000000E+00  0.00000000E+00  0.00000000E+00  0.00000000E+00  0.10000000E-01  0.10000000E+01
 0.73002000E-09  0.42718374E-02  0.00000000E+00  0.10206885E+00  0.00000000E+00  0.00000000E+00  0.17700570E+09  0.00000000E+00  0.00000000E+00  0.00000000E+00  0.00000000E+00  0.00000000E+00  0.10000000E-01  0.10000000E+01
 0.74002000E-09  0.42718374E-02  0.00000000E+00  0.10383891E+00  0.00000000E+00  0.00000000E+00  0.17700570E+09  0.00000000E+00  0.00000000E+00  0.00000000E+00  0.00000000E+00  0.00000000E+00  0.10000000E-01  0.10000000E+01
 0.75002000E-09  0.42718374E-02  0.00000000E+00  0.10560897E+00  0.00000000E+00  0.00000000E+00  0.17700570E+09  0.00000000E+00  0.00000000E+00  0.00000000E+00  0.00000000E+00  0.00000000E+00  0.10000000E-01  0.10000000E+01
 0.76002000E-09  0.42718374E-02  0.00000000E+00  0.10737902E+00  0.00000000E+00  0.00000000E+00  0.17700570E+09  0.00000000E+00  0.00000000E+00  0.00000000E+00  0.00000000E+00  0.00000000E+00  0.10000000E-01  0.10000000E+01
 0.77002000E-09  0.42718374E-02  0.00000000E+00  0.10914908E+00  0.00000000E+00  0.00000000E+00  0.17700570E+09  0.00000000E+00  0.00000000E+00  0.00000000E+00  0.00000000E+00  0.00000000E+00  0.10000000E-01  0.10000000E+01
 0.78002000E-09  0.42718374E-02  0.00000000E+00  0.11091914E+00  0.00000000E+00  0.00000000E+00  0.17700570E+09  0.00000000E+00  0.00000000E+00  0.00000000E+00  0.00000000E+00  0.00000000E+00  0.10000000E-01  0.10000000E+01
 0.79002000E-09  0.42718374E-02  0.00000000E+00  0.11268919E+00  0.00000000E+00  0.00000000E+00  0.17700570E+09  0.00000000E+00  0.00000000E+00  0.00000000E+00  0.00000000E+00  0.00000000E+00  0.10000000E-01  0.10000000E+01
 0.80002000E-09  0.42718374E-02  0.00000000E+00  0.11445925E+00  0.00000000E+00  0.00000000E+00  0.17700570E+09  0.00000000E+00  0.00000000E+00  0.00000000E+00  0.00000000E+00  0.00000000E+00  0.10000000E-01  0.10000000E+01
 0.81002000E-09  0.42718374E-02  0.00000000E+00  0.11622931E+00  0.00000000E+00  0.00000000E+00  0.17700570E+09  0.00000000E+00  0.00000000E+00  0.00000000E+00  0.00000000E+00  0.00000000E+00  0.10000000E-01  0.10000000E+01
 0.82002000E-09  0.42718374E-02  0.00000000E+00  0.11799937E+00  0.00000000E+00  0.00000000E+00  0.17700570E+09  0.00000000E+00  0.00000000E+00  0.00000000E+00  0.00000000E+00  0.00000000E+00  0.10000000E-01  0.10000000E+01
 0.83002000E-09  0.42718374E-02  0.00000000E+00  0.11976942E+00  0.00000000E+00  0.00000000E+00  0.17700570E+09  0.00000000E+00  0.00000000E+00  0.00000000E+00  0.00000000E+00  0.00000000E+00  0.10000000E-01  0.10000000E+01
 0.84002000E-09  0.42718374E-02  0.00000000E+00  0.12153948E+00  0.00000000E+00  0.00000000E+00  0.17700570E+09  0.00000000E+00  0.00000000E+00  0.00000000E+00  0.00000000E+00  0.00000000E+00  0.10000000E-01  0.10000000E+01
 0.85002000E-09  0.42718374E-02  0.00000000E+00  0.12330954E+00  0.00000000E+00  0.00000000E+00  0.17700570E+09  0.00000000E+00  0.00000000E+00  0.00000000E+00  0.00000000E+00  0.00000000E+00  0.10000000E-01  0.10000000E+01
 0.86002000E-09  0.42718374E-02  0.00000000E+00  0.12507959E+00  0.00000000E+00  0.00000000E+00  0.17700570E+09  0.00000000E+00  0.00000000E+00  0.00000000E+00  0.00000000E+00  0.00000000E+00  0.10000000E-01  0.10000000E+01
 0.87002000E-09  0.42718374E-02  0.00000000E+00  0.12684965E+00  0.00000000E+00  0.00000000E+00  0.17700570E+09  0.00000000E+00  0.00000000E+00  0.00000000E+00  0.00000000E+00  0.00000000E+00  0.10000000E-01  0.10000000E+01
 0.88002000E-09  0.42718374E-02  0.00000000E+00  0.12861971E+00  0.00000000E+00  0.00000000E+00  0.17700570E+09  0.00000000E+00  0.00000000E+00  0.00000000E+00  0.00000000E+00  0.00000000E+00  0.10000000E-01  0.10000000E+01
 0.89002000E-09  0.42718374E-02  0.00000000E+00  0.13038976E+00  0.00000000E+00  0.00000000E+00  0.17700570E+09  0.00000000E+00  0.00000000E+00  0.00000000E+00  0.00000000E+00  0.00000000E+00  0.10000000E-01  0.10000000E+01
 0.90002000E-09  0.42718374E-02  0.00000000E+00  0.13215982E+00  0.00000000E+00  0.00000000E+00  0.17700570E+09  0.00000000E+00  0.00000000E+00  0.00000000E+00  0.00000000E+00  0.00000000E+00  0.10000000E-01  0.10000000E+01
 0.91002000E-09  0.42718374E-02  0.00000000E+00  0.13392988E+00  0.00000000E+00  0.00000000E+00  0.17700570E+09  0.00000000E+00  0.00000000E+00  0.00000000E+00  0.00000000E+00  0.00000000E+00  0.10000000E-01  0.10000000E+01
 0.92002000E-09  0.42718374E-02  0.00000000E+00  0.13569994E+00  0.00000000E+00  0.00000000E+00  0.17700570E+09  0.00000000E+00  0.00000000E+00  0.00000000E+00  0.00000000E+00  0.00000000E+00  0.10000000E-01  0.10000000E+01
 0.93002000E-09  0.42718374E-02  0.00000000E+00  0.13746999E+00  0.00000000E+00  0.00000000E+00  0.17700570E+09  0.00000000E+00  0.00000000E+00  0.00000000E+00  0.00000000E+00  0.00000000E+00  0.10000000E-01  0.10000000E+01
 0.94002000E-09  0.42718374E-02  0.00000000E+00  0.13924005E+00  0.00000000E+00  0.00000000E+00  0.17700570E+09  0.00000000E+00  0.00000000E+00  0.00000000E+00  0.00000000E+00  0.00000000E+00  0.10000000E-01  0.10000000E+01
 0.95002000E-09  0.42718374E-02  0.00000000E+00  0.14101011E+00  0.00000000E+00  0.00000000E+00  0.17700570E+09  0.00000000E+00  0.00000000E+00  0.00000000E+00  0.00000000E+00  0.00000000E+00  0.10000000E-01  0.10000000E+01
 0.96002000E-09  0.42718374E-02  0.00000000E+00  0.14278016E+00  0.00000000E+00  0.00000000E+00  0.17700570E+09  0.00000000E+00  0.00000000E+00  0.00000000E+00  0.00000000E+00  0.00000000E+00  0.10000000E-01  0.10000000E+01
 0.97002000E-09  0.42718374E-02  0.00000000E+00  0.14455022E+00  0.00000000E+00  0.00000000E+00  0.17700570E+09  0.00000000E+00  0.00000000E+00  0.00000000E+00  0.00000000E+00  0.00000000E+00  0.10000000E-01  0.10000000E+01
 0.98002000E-09  0.42718374E-02  0.00000000E+00  0.14632028E+00  0.00000000E+00  0.00000000E+00  0.17700570E+09  0.00000000E+00  0.00000000E+00  0.00000000E+00  0.00000000E+00  0.00000000E+00  0.10000000E-01  0.10000000E+01
 0.99002000E-09  0.42718374E-02  0.00000000E+00  0.14809033E+00  0.00000000E+00  0.00000000E+00  0.17700570E+09  0.00000000E+00  0.00000000E+00  0.00000000E+00  0.00000000E+00  0.00000000E+00  0.10000000E-01  0.10000000E+01
 0.10000200E-08  0.42718374E-02  0.00000000E+00  0.14986039E+00  0.00000000E+00  0.00000000E+00  0.17700570E+09  0.00000000E+00  0.00000000E+00  0.00000000E+00  0.00000000E+00  0.00000000E+00  0.10000000E-01  0.10000000E+01
 0.10100200E-08  0.42718374E-02  0.00000000E+00  0.15163045E+00  0.00000000E+00  0.00000000E+00  0.17700570E+09  0.00000000E+00  0.00000000E+00  0.00000000E+00  0.00000000E+00  0.00000000E+00  0.10000000E-01  0.10000000E+01
 0.10200200E-08  0.42718374E-02  0.00000000E+00  0.15340050E+00  0.00000000E+00  0.00000000E+00  0.17700570E+09  0.00000000E+00  0.00000000E+00  0.00000000E+00  0.00000000E+00  0.00000000E+00  0.10000000E-01  0.10000000E+01
 0.10300200E-08  0.42718374E-02  0.00000000E+00  0.15517056E+00  0.00000000E+00  0.00000000E+00  0.17700570E+09  0.00000000E+00  0.00000000E+00  0.00000000E+00  0.00000000E+00  0.00000000E+00  0.10000000E-01  0.10000000E+01
 0.10400200E-08  0.42718374E-02  0.00000000E+00  0.15694062E+00  0.00000000E+00  0.00000000E+00  0.17700570E+09  0.00000000E+00  0.00000000E+00  0.00000000E+00  0.00000000E+00  0.00000000E+00  0.10000000E-01  0.10000000E+01
 0.10500200E-08  0.42718374E-02  0.00000000E+00  0.15871068E+00  0.00000000E+00  0.00000000E+00  0.17700570E+09  0.00000000E+00  0.00000000E+00  0.00000000E+00  0.00000000E+00  0.00000000E+00  0.10000000E-01  0.10000000E+01
 0.10600200E-08  0.42718374E-02  0.00000000E+00  0.16048073E+00  0.00000000E+00  0.00000000E+00  0.17700570E+09  0.00000000E+00  0.00000000E+00  0.00000000E+00  0.00000000E+00  0.00000000E+00  0.10000000E-01  0.10000000E+01
 0.10700200E-08  0.42718374E-02  0.00000000E+00  0.16225079E+00  0.00000000E+00  0.00000000E+00  0.17700570E+09  0.00000000E+00  0.00000000E+00  0.00000000E+00  0.00000000E+00  0.00000000E+00  0.10000000E-01  0.10000000E+01
 0.10800200E-08  0.42718374E-02  0.00000000E+00  0.16402085E+00  0.00000000E+00  0.00000000E+00  0.17700570E+09  0.00000000E+00  0.00000000E+00  0.00000000E+00  0.00000000E+00  0.00000000E+00  0.10000000E-01  0.10000000E+01
 0.10900200E-08  0.42718374E-02  0.00000000E+00  0.16579090E+00  0.00000000E+00  0.00000000E+00  0.17700570E+09  0.00000000E+00  0.00000000E+00  0.00000000E+00  0.00000000E+00  0.00000000E+00  0.10000000E-01  0.10000000E+01
 0.11000200E-08  0.42718374E-02  0.00000000E+00  0.16756096E+00  0.00000000E+00  0.00000000E+00  0.17700570E+09  0.00000000E+00  0.00000000E+00  0.00000000E+00  0.00000000E+00  0.00000000E+00  0.10000000E-01  0.10000000E+01
 0.11100200E-08  0.42718374E-02  0.00000000E+00  0.16933102E+00  0.00000000E+00  0.00000000E+00  0.17700570E+09  0.00000000E+00  0.00000000E+00  0.00000000E+00  0.00000000E+00  0.00000000E+00  0.10000000E-01  0.10000000E+01
 0.11200200E-08  0.42718374E-02  0.00000000E+00  0.17110107E+00  0.00000000E+00  0.00000000E+00  0.17700570E+09  0.00000000E+00  0.00000000E+00  0.00000000E+00  0.00000000E+00  0.00000000E+00  0.10000000E-01  0.10000000E+01
 0.11300200E-08  0.42718374E-02  0.00000000E+00  0.17287113E+00  0.00000000E+00  0.00000000E+00  0.17700570E+09  0.00000000E+00  0.00000000E+00  0.00000000E+00  0.00000000E+00  0.00000000E+00  0.10000000E-01  0.10000000E+01
 0.11400200E-08  0.42718374E-02  0.00000000E+00  0.17464119E+00  0.00000000E+00  0.00000000E+00  0.17700570E+09  0.00000000E+00  0.00000000E+00  0.00000000E+00  0.00000000E+00  0.00000000E+00  0.10000000E-01  0.10000000E+01
 0.11500200E-08  0.42718374E-02  0.00000000E+00  0.17641125E+00  0.00000000E+00  0.00000000E+00  0.17700570E+09  0.00000000E+00  0.00000000E+00  0.00000000E+00  0.00000000E+00  0.00000000E+00  0.10000000E-01  0.10000000E+01
 0.11600200E-08  0.42718374E-02  0.00000000E+00  0.17818130E+00  0.00000000E+00  0.00000000E+00  0.17700570E+09  0.00000000E+00  0.00000000E+00  0.00000000E+00  0.00000000E+00  0.00000000E+00  0.10000000E-01  0.10000000E+01
 0.11700200E-08  0.42718374E-02  0.00000000E+00  0.17995136E+00  0.00000000E+00  0.00000000E+00  0.17700570E+09  0.00000000E+00  0.00000000E+00  0.00000000E+00  0.00000000E+00  0.00000000E+00  0.10000000E-01  0.10000000E+01
 0.11800200E-08  0.42718374E-02  0.00000000E+00  0.18172142E+00  0.00000000E+00  0.00000000E+00  0.17700570E+09  0.00000000E+00  0.00000000E+00  0.00000000E+00  0.00000000E+00  0.00000000E+00  0.10000000E-01  0.10000000E+01
 0.11900200E-08  0.42718374E-02  0.00000000E+00  0.18349147E+00  0.00000000E+00  0.00000000E+00  0.17700570E+09  0.00000000E+00  0.00000000E+00  0.00000000E+00  0.00000000E+00  0.00000000E+00  0.10000000E-01  0.10000000E+01
 0.12000200E-08  0.42718374E-02  0.00000000E+00  0.18526153E+00  0.00000000E+00  0.00000000E+00  0.17700570E+09  0.00000000E+00  0.00000000E+00  0.00000000E+00  0.00000000E+00  0.00000000E+00  0.10000000E-01  0.10000000E+01
 0.12100200E-08  0.42718374E-02  0.00000000E+00  0.18703159E+00  0.00000000E+00  0.00000000E+00  0.17700570E+09  0.00000000E+00  0.00000000E+00  0.00000000E+00  0.00000000E+00  0.00000000E+00  0.10000000E-01  0.10000000E+01
 0.12200200E-08  0.42718374E-02  0.00000000E+00  0.18880164E+00  0.00000000E+00  0.00000000E+00  0.17700570E+09  0.00000000E+00  0.00000000E+00  0.00000000E+00  0.00000000E+00  0.00000000E+00  0.10000000E-01  0.10000000E+01
 0.12300200E-08  0.42718374E-02  0.00000000E+00  0.19057170E+00  0.00000000E+00  0.00000000E+00  0.17700570E+09  0.00000000E+00  0.00000000E+00  0.00000000E+00  0.00000000E+00  0.00000000E+00  0.10000000E-01  0.10000000E+01
 0.12400200E-08  0.42718374E-02  0.00000000E+00  0.19234176E+00  0.00000000E+00  0.00000000E+00  0.17700570E+09  0.00000000E+00  0.00000000E+00  0.00000000E+00  0.00000000E+00  0.00000000E+00  0.10000000E-01  0.10000000E+01
 0.12500200E-08  0.42718374E-02  0.00000000E+00  0.19411182E+00  0.00000000E+00  0.00000000E+00  0.17700570E+09  0.00000000E+00  0.00000000E+00  0.00000000E+00  0.00000000E+00  0.00000000E+00  0.10000000E-01  0.10000000E+01
 0.12600200E-08  0.42718374E-02  0.00000000E+00  0.19588187E+00  0.00000000E+00  0.00000000E+00  0.17700570E+09  0.00000000E+00  0.00000000E+00  0.00000000E+00  0.00000000E+00  0.00000000E+00  0.10000000E-01  0.10000000E+01
 0.12700200E-08  0.42718374E-02  0.00000000E+00  0.19765193E+00  0.00000000E+00  0.00000000E+00  0.17700570E+09  0.00000000E+00  0.00000000E+00  0.00000000E+00  0.00000000E+00  0.00000000E+00  0.10000000E-01  0.10000000E+01
 0.12800200E-08  0.42718374E-02  0.00000000E+00  0.19942199E+00  0.00000000E+00  0.00000000E+00  0.17700570E+09  0.00000000E+00  0.00000000E+00  0.00000000E+00  0.00000000E+00  0.00000000E+00  0.10000000E-01  0.10000000E+01
 0.12900200E-08  0.42718374E-02  0.00000000E+00  0.20119204E+00  0.00000000E+00  0.00000000E+00  0.17700570E+09  0.00000000E+00  0.00000000E+00  0.00000000E+00  0.00000000E+00  0.00000000E+00  0.10000000E-01  0.10000000E+01
 0.13000200E-08  0.42718374E-02  0.00000000E+00  0.20296210E+00  0.00000000E+00  0.00000000E+00  0.17700570E+09  0.00000000E+00  0.00000000E+00  0.00000000E+00  0.00000000E+00  0.00000000E+00  0.10000000E-01  0.10000000E+01
 0.13100200E-08  0.42718374E-02  0.00000000E+00  0.20473216E+00  0.00000000E+00  0.00000000E+00  0.17700570E+09  0.00000000E+00  0.00000000E+00  0.00000000E+00  0.00000000E+00  0.00000000E+00  0.10000000E-01  0.10000000E+01
 0.13200200E-08  0.42718374E-02  0.00000000E+00  0.20650221E+00  0.00000000E+00  0.00000000E+00  0.17700570E+09  0.00000000E+00  0.00000000E+00  0.00000000E+00  0.00000000E+00  0.00000000E+00  0.10000000E-01  0.10000000E+01
 0.13300200E-08  0.42718374E-02  0.00000000E+00  0.20827227E+00  0.00000000E+00  0.00000000E+00  0.17700570E+09  0.00000000E+00  0.00000000E+00  0.00000000E+00  0.00000000E+00  0.00000000E+00  0.10000000E-01  0.10000000E+01
 0.13400200E-08  0.42718374E-02  0.00000000E+00  0.21004233E+00  0.00000000E+00  0.00000000E+00  0.17700570E+09  0.00000000E+00  0.00000000E+00  0.00000000E+00  0.00000000E+00  0.00000000E+00  0.10000000E-01  0.10000000E+01
 0.13500200E-08  0.42718374E-02  0.00000000E+00  0.21181239E+00  0.00000000E+00  0.00000000E+00  0.17700570E+09  0.00000000E+00  0.00000000E+00  0.00000000E+00  0.00000000E+00  0.00000000E+00  0.10000000E-01  0.10000000E+01
 0.13600200E-08  0.42718374E-02  0.00000000E+00  0.21358244E+00  0.00000000E+00  0.00000000E+00  0.17700570E+09  0.00000000E+00  0.00000000E+00  0.00000000E+00  0.00000000E+00  0.00000000E+00  0.10000000E-01  0.10000000E+01
 0.13700200E-08  0.42718374E-02  0.00000000E+00  0.21535250E+00  0.00000000E+00  0.00000000E+00  0.17700570E+09  0.00000000E+00  0.00000000E+00  0.00000000E+00  0.00000000E+00  0.00000000E+00  0.10000000E-01  0.10000000E+01
 0.13800200E-08  0.42718374E-02  0.00000000E+00  0.21712256E+00  0.00000000E+00  0.00000000E+00  0.17700570E+09  0.00000000E+00  0.00000000E+00  0.00000000E+00  0.00000000E+00  0.00000000E+00  0.10000000E-01  0.10000000E+01
 0.13900200E-08  0.42718374E-02  0.00000000E+00  0.21889261E+00  0.00000000E+00  0.00000000E+00  0.17700570E+09  0.00000000E+00  0.00000000E+00  0.00000000E+00  0.00000000E+00  0.00000000E+00  0.10000000E-01  0.10000000E+01
 0.14000200E-08  0.42718374E-02  0.00000000E+00  0.22066267E+00  0.00000000E+00  0.00000000E+00  0.17700570E+09  0.00000000E+00  0.00000000E+00  0.00000000E+00  0.00000000E+00  0.00000000E+00  0.10000000E-01  0.10000000E+01
 0.14100200E-08  0.42718374E-02  0.00000000E+00  0.22243273E+00  0.00000000E+00  0.00000000E+00  0.17700570E+09  0.00000000E+00  0.00000000E+00  0.00000000E+00  0.00000000E+00  0.00000000E+00  0.10000000E-01  0.10000000E+01
 0.14200200E-08  0.42718374E-02  0.00000000E+00  0.22420278E+00  0.00000000E+00  0.00000000E+00  0.17700570E+09  0.00000000E+00  0.00000000E+00  0.00000000E+00  0.00000000E+00  0.00000000E+00  0.10000000E-01  0.10000000E+01
 0.14300200E-08  0.42718374E-02  0.00000000E+00  0.22597284E+00  0.00000000E+00  0.00000000E+00  0.17700570E+09  0.00000000E+00  0.00000000E+00  0.00000000E+00  0.00000000E+00  0.00000000E+00  0.10000000E-01  0.10000000E+01
 0.14400200E-08  0.42718374E-02  0.00000000E+00  0.22774290E+00  0.00000000E+00  0.00000000E+00  0.17700570E+09  0.00000000E+00  0.00000000E+00  0.00000000E+00  0.00000000E+00  0.00000000E+00  0.10000000E-01  0.10000000E+01
 0.14500200E-08  0.42718374E-02  0.00000000E+00  0.22951296E+00  0.00000000E+00  0.00000000E+00  0.17700570E+09  0.00000000E+00  0.00000000E+00  0.00000000E+00  0.00000000E+00  0.00000000E+00  0.10000000E-01  0.10000000E+01
 0.14600200E-08  0.42718374E-02  0.00000000E+00  0.23128301E+00  0.00000000E+00  0.00000000E+00  0.17700570E+09  0.00000000E+00  0.00000000E+00  0.00000000E+00  0.00000000E+00  0.00000000E+00  0.10000000E-01  0.10000000E+01
 0.14700200E-08  0.42718374E-02  0.00000000E+00  0.23305307E+00  0.00000000E+00  0.00000000E+00  0.17700570E+09  0.00000000E+00  0.00000000E+00  0.00000000E+00  0.00000000E+00  0.00000000E+00  0.10000000E-01  0.10000000E+01
 0.14800200E-08  0.42718374E-02  0.00000000E+00  0.23482313E+00  0.00000000E+00  0.00000000E+00  0.17700570E+09  0.00000000E+00  0.00000000E+00  0.00000000E+00  0.00000000E+00  0.00000000E+00  0.10000000E-01  0.10000000E+01
 0.14900200E-08  0.42718374E-02  0.00000000E+00  0.23659318E+00  0.00000000E+00  0.00000000E+00  0.17700570E+09  0.00000000E+00  0.00000000E+00  0.00000000E+00  0.00000000E+00  0.00000000E+00  0.10000000E-01  0.10000000E+01
 0.15000200E-08  0.42718374E-02  0.00000000E+00  0.23836324E+00  0.00000000E+00  0.00000000E+00  0.17700570E+09  0.00000000E+00  0.00000000E+00  0.00000000E+00  0.00000000E+00  0.00000000E+00  0.10000000E-01  0.10000000E+01
 0.15100200E-08  0.42718374E-02  0.00000000E+00  0.24013330E+00  0.00000000E+00  0.00000000E+00  0.17700570E+09  0.00000000E+00  0.00000000E+00  0.00000000E+00  0.00000000E+00  0.00000000E+00  0.10000000E-01  0.10000000E+01
 0.15200200E-08  0.42718374E-02  0.00000000E+00  0.24190335E+00  0.00000000E+00  0.00000000E+00  0.17700570E+09  0.00000000E+00  0.00000000E+00  0.00000000E+00  0.00000000E+00  0.00000000E+00  0.10000000E-01  0.10000000E+01
 0.15300200E-08  0.42718374E-02  0.00000000E+00  0.24367341E+00  0.00000000E+00  0.00000000E+00  0.17700570E+09  0.00000000E+00  0.00000000E+00  0.00000000E+00  0.00000000E+00  0.00000000E+00  0.10000000E-01  0.10000000E+01
 0.15400200E-08  0.42718374E-02  0.00000000E+00  0.24544347E+00  0.00000000E+00  0.00000000E+00  0.17700570E+09  0.00000000E+00  0.00000000E+00  0.00000000E+00  0.00000000E+00  0.00000000E+00  0.10000000E-01  0.10000000E+01
 0.15500200E-08  0.42718374E-02  0.00000000E+00  0.24721353E+00  0.00000000E+00  0.00000000E+00  0.17700570E+09  0.00000000E+00  0.00000000E+00  0.00000000E+00  0.00000000E+00  0.00000000E+00  0.10000000E-01  0.10000000E+01
 0.15600200E-08  0.42718374E-02  0.00000000E+00  0.24898358E+00  0.00000000E+00  0.00000000E+00  0.17700570E+09  0.00000000E+00  0.00000000E+00  0.00000000E+00  0.00000000E+00  0.00000000E+00  0.10000000E-01  0.10000000E+01
 0.15700200E-08  0.42718374E-02  0.00000000E+00  0.25075364E+00  0.00000000E+00  0.00000000E+00  0.17700570E+09  0.00000000E+00  0.00000000E+00  0.00000000E+00  0.00000000E+00  0.00000000E+00  0.10000000E-01  0.10000000E+01
 0.15800200E-08  0.42718374E-02  0.00000000E+00  0.25252370E+00  0.00000000E+00  0.00000000E+00  0.17700570E+09  0.00000000E+00  0.00000000E+00  0.00000000E+00  0.00000000E+00  0.00000000E+00  0.10000000E-01  0.10000000E+01
 0.15900200E-08  0.42718374E-02  0.00000000E+00  0.25429375E+00  0.00000000E+00  0.00000000E+00  0.17700570E+09  0.00000000E+00  0.00000000E+00  0.00000000E+00  0.00000000E+00  0.00000000E+00  0.10000000E-01  0.10000000E+01
 0.16000200E-08  0.42718374E-02  0.00000000E+00  0.25606381E+00  0.00000000E+00  0.00000000E+00  0.17700570E+09  0.00000000E+00  0.00000000E+00  0.00000000E+00  0.00000000E+00  0.00000000E+00  0.10000000E-01  0.10000000E+01
 0.16100200E-08  0.42718374E-02  0.00000000E+00  0.25783387E+00  0.00000000E+00  0.00000000E+00  0.17700570E+09  0.00000000E+00  0.00000000E+00  0.00000000E+00  0.00000000E+00  0.00000000E+00  0.10000000E-01  0.10000000E+01
 0.16200200E-08  0.42718374E-02  0.00000000E+00  0.25960392E+00  0.00000000E+00  0.00000000E+00  0.17700570E+09  0.00000000E+00  0.00000000E+00  0.00000000E+00  0.00000000E+00  0.00000000E+00  0.10000000E-01  0.10000000E+01
 0.16300200E-08  0.42718374E-02  0.00000000E+00  0.26137398E+00  0.00000000E+00  0.00000000E+00  0.17700570E+09  0.00000000E+00  0.00000000E+00  0.00000000E+00  0.00000000E+00  0.00000000E+00  0.10000000E-01  0.10000000E+01
 0.16400200E-08  0.42718374E-02  0.00000000E+00  0.26314404E+00  0.00000000E+00  0.00000000E+00  0.17700570E+09  0.00000000E+00  0.00000000E+00  0.00000000E+00  0.00000000E+00  0.00000000E+00  0.10000000E-01  0.10000000E+01
 0.16500200E-08  0.42718374E-02  0.00000000E+00  0.26491410E+00  0.00000000E+00  0.00000000E+00  0.17700570E+09  0.00000000E+00  0.00000000E+00  0.00000000E+00  0.00000000E+00  0.00000000E+00  0.10000000E-01  0.10000000E+01
 0.16600200E-08  0.42718374E-02  0.00000000E+00  0.26668415E+00  0.00000000E+00  0.00000000E+00  0.17700570E+09  0.00000000E+00  0.00000000E+00  0.00000000E+00  0.00000000E+00  0.00000000E+00  0.10000000E-01  0.10000000E+01
 0.16700200E-08  0.42718374E-02  0.00000000E+00  0.26845421E+00  0.00000000E+00  0.00000000E+00  0.17700570E+09  0.00000000E+00  0.00000000E+00  0.00000000E+00  0.00000000E+00  0.00000000E+00  0.10000000E-01  0.10000000E+01
 0.16800200E-08  0.42718374E-02  0.00000000E+00  0.27022427E+00  0.00000000E+00  0.00000000E+00  0.17700570E+09  0.00000000E+00  0.00000000E+00  0.00000000E+00  0.00000000E+00  0.00000000E+00  0.10000000E-01  0.10000000E+01
 0.16900200E-08  0.42718374E-02  0.00000000E+00  0.27199432E+00  0.00000000E+00  0.00000000E+00  0.17700570E+09  0.00000000E+00  0.00000000E+00  0.00000000E+00  0.00000000E+00  0.00000000E+00  0.10000000E-01  0.10000000E+01
 0.17000200E-08  0.42718374E-02  0.00000000E+00  0.27376438E+00  0.00000000E+00  0.00000000E+00  0.17700570E+09  0.00000000E+00  0.00000000E+00  0.00000000E+00  0.00000000E+00  0.00000000E+00  0.10000000E-01  0.10000000E+01
 0.17100200E-08  0.42718374E-02  0.00000000E+00  0.27553444E+00  0.00000000E+00  0.00000000E+00  0.17700570E+09  0.00000000E+00  0.00000000E+00  0.00000000E+00  0.00000000E+00  0.00000000E+00  0.10000000E-01  0.10000000E+01
 0.17200200E-08  0.42718374E-02  0.00000000E+00  0.27730449E+00  0.00000000E+00  0.00000000E+00  0.17700570E+09  0.00000000E+00  0.00000000E+00  0.00000000E+00  0.00000000E+00  0.00000000E+00  0.10000000E-01  0.10000000E+01
 0.17300200E-08  0.42718374E-02  0.00000000E+00  0.27907455E+00  0.00000000E+00  0.00000000E+00  0.17700570E+09  0.00000000E+00  0.00000000E+00  0.00000000E+00  0.00000000E+00  0.00000000E+00  0.10000000E-01  0.10000000E+01
 0.17400200E-08  0.42718374E-02  0.00000000E+00  0.28084461E+00  0.00000000E+00  0.00000000E+00  0.17700570E+09  0.00000000E+00  0.00000000E+00  0.00000000E+00  0.00000000E+00  0.00000000E+00  0.10000000E-01  0.10000000E+01
 0.17500200E-08  0.42718374E-02  0.00000000E+00  0.28261467E+00  0.00000000E+00  0.00000000E+00  0.17700570E+09  0.00000000E+00  0.00000000E+00  0.00000000E+00  0.00000000E+00  0.00000000E+00  0.10000000E-01  0.10000000E+01
 0.17600200E-08  0.42718374E-02  0.00000000E+00  0.28438472E+00  0.00000000E+00  0.00000000E+00  0.17700570E+09  0.00000000E+00  0.00000000E+00  0.00000000E+00  0.00000000E+00  0.00000000E+00  0.10000000E-01  0.10000000E+01
 0.17700200E-08  0.42718374E-02  0.00000000E+00  0.28615478E+00  0.00000000E+00  0.00000000E+00  0.17700570E+09  0.00000000E+00  0.00000000E+00  0.00000000E+00  0.00000000E+00  0.00000000E+00  0.10000000E-01  0.10000000E+01
 0.17800200E-08  0.42718374E-02  0.00000000E+00  0.28792484E+00  0.00000000E+00  0.00000000E+00  0.17700570E+09  0.00000000E+00  0.00000000E+00  0.00000000E+00  0.00000000E+00  0.00000000E+00  0.10000000E-01  0.10000000E+01
 0.17900200E-08  0.42718374E-02  0.00000000E+00  0.28969489E+00  0.00000000E+00  0.00000000E+00  0.17700570E+09  0.00000000E+00  0.00000000E+00  0.00000000E+00  0.00000000E+00  0.00000000E+00  0.10000000E-01  0.10000000E+01
 0.18000200E-08  0.42718374E-02  0.00000000E+00  0.29146495E+00  0.00000000E+00  0.00000000E+00  0.17700570E+09  0.00000000E+00  0.00000000E+00  0.00000000E+00  0.00000000E+00  0.00000000E+00  0.10000000E-01  0.10000000E+01
 0.18100200E-08  0.42718374E-02  0.00000000E+00  0.29323501E+00  0.00000000E+00  0.00000000E+00  0.17700570E+09  0.00000000E+00  0.00000000E+00  0.00000000E+00  0.00000000E+00  0.00000000E+00  0.10000000E-01  0.10000000E+01
 0.18200200E-08  0.42718374E-02  0.00000000E+00  0.29500506E+00  0.00000000E+00  0.00000000E+00  0.17700570E+09  0.00000000E+00  0.00000000E+00  0.00000000E+00  0.00000000E+00  0.00000000E+00  0.10000000E-01  0.10000000E+01
 0.18300200E-08  0.42718374E-02  0.00000000E+00  0.29677512E+00  0.00000000E+00  0.00000000E+00  0.17700570E+09  0.00000000E+00  0.00000000E+00  0.00000000E+00  0.00000000E+00  0.00000000E+00  0.10000000E-01  0.10000000E+01
 0.18400200E-08  0.42718374E-02  0.00000000E+00  0.29854518E+00  0.00000000E+00  0.00000000E+00  0.17700570E+09  0.00000000E+00  0.00000000E+00  0.00000000E+00  0.00000000E+00  0.00000000E+00  0.10000000E-01  0.10000000E+01
 0.18500200E-08  0.42718374E-02  0.00000000E+00  0.30031524E+00  0.00000000E+00  0.00000000E+00  0.17700570E+09  0.00000000E+00  0.00000000E+00  0.00000000E+00  0.00000000E+00  0.00000000E+00  0.10000000E-01  0.10000000E+01
 0.18600200E-08  0.42718374E-02  0.00000000E+00  0.30208529E+00  0.00000000E+00  0.00000000E+00  0.17700570E+09  0.00000000E+00  0.00000000E+00  0.00000000E+00  0.00000000E+00  0.00000000E+00  0.10000000E-01  0.10000000E+01
 0.18700200E-08  0.42718374E-02  0.00000000E+00  0.30385535E+00  0.00000000E+00  0.00000000E+00  0.17700570E+09  0.00000000E+00  0.00000000E+00  0.00000000E+00  0.00000000E+00  0.00000000E+00  0.10000000E-01  0.10000000E+01
 0.18800200E-08  0.42718374E-02  0.00000000E+00  0.30562541E+00  0.00000000E+00  0.00000000E+00  0.17700570E+09  0.00000000E+00  0.00000000E+00  0.00000000E+00  0.00000000E+00  0.00000000E+00  0.10000000E-01  0.10000000E+01
 0.18900200E-08  0.42718374E-02  0.00000000E+00  0.30739546E+00  0.00000000E+00  0.00000000E+00  0.17700570E+09  0.00000000E+00  0.00000000E+00  0.00000000E+00  0.00000000E+00  0.00000000E+00  0.10000000E-01  0.10000000E+01
 0.19000200E-08  0.42718374E-02  0.00000000E+00  0.30916552E+00  0.00000000E+00  0.00000000E+00  0.17700570E+09  0.00000000E+00  0.00000000E+00  0.00000000E+00  0.00000000E+00  0.00000000E+00  0.10000000E-01  0.10000000E+01
 0.19100200E-08  0.42718374E-02  0.00000000E+00  0.31093558E+00  0.00000000E+00  0.00000000E+00  0.17700570E+09  0.00000000E+00  0.00000000E+00  0.00000000E+00  0.00000000E+00  0.00000000E+00  0.10000000E-01  0.10000000E+01
 0.19200200E-08  0.42718374E-02  0.00000000E+00  0.31270563E+00  0.00000000E+00  0.00000000E+00  0.17700570E+09  0.00000000E+00  0.00000000E+00  0.00000000E+00  0.00000000E+00  0.00000000E+00  0.10000000E-01  0.10000000E+01
 0.19300200E-08  0.42718374E-02  0.00000000E+00  0.31447569E+00  0.00000000E+00  0.00000000E+00  0.17700570E+09  0.00000000E+00  0.00000000E+00  0.00000000E+00  0.00000000E+00  0.00000000E+00  0.10000000E-01  0.10000000E+01
 0.19400200E-08  0.42718374E-02  0.00000000E+00  0.31624575E+00  0.00000000E+00  0.00000000E+00  0.17700570E+09  0.00000000E+00  0.00000000E+00  0.00000000E+00  0.00000000E+00  0.00000000E+00  0.10000000E-01  0.10000000E+01
 0.19500200E-08  0.42718374E-02  0.00000000E+00  0.31801581E+00  0.00000000E+00  0.00000000E+00  0.17700570E+09  0.00000000E+00  0.00000000E+00  0.00000000E+00  0.00000000E+00  0.00000000E+00  0.10000000E-01  0.10000000E+01
 0.19600200E-08  0.42718374E-02  0.00000000E+00  0.31978586E+00  0.00000000E+00  0.00000000E+00  0.17700570E+09  0.00000000E+00  0.00000000E+00  0.00000000E+00  0.00000000E+00  0.00000000E+00  0.10000000E-01  0.10000000E+01
 0.19700200E-08  0.42718374E-02  0.00000000E+00  0.32155592E+00  0.00000000E+00  0.00000000E+00  0.17700570E+09  0.00000000E+00  0.00000000E+00  0.00000000E+00  0.00000000E+00  0.00000000E+00  0.10000000E-01  0.10000000E+01
 0.19800200E-08  0.42718374E-02  0.00000000E+00  0.32332598E+00  0.00000000E+00  0.00000000E+00  0.17700570E+09  0.00000000E+00  0.00000000E+00  0.00000000E+00  0.00000000E+00  0.00000000E+00  0.10000000E-01  0.10000000E+01
 0.19900200E-08  0.42718374E-02  0.00000000E+00  0.32509603E+00  0.00000000E+00  0.00000000E+00  0.17700570E+09  0.00000000E+00  0.00000000E+00  0.00000000E+00  0.00000000E+00  0.00000000E+00  0.10000000E-01  0.10000000E+01
