# ptime xp yp zp vx vy vz ex ey ez bx by bz wt
 0.20000000E-13  0.86455832E-02  0.00000000E+00 -0.12645206E-01  0.00000000E+00  0.00000000E+00  0.18124261E+09  0.00000000E+00  0.00000000E+00  0.00000000E+00  0.00000000E+00  0.00000000E+00  0.10000000E-01  0.10000000E+01
 0.10000000E-10  0.86455832E-02  0.00000000E+00 -0.10836405E-01  0.00000000E+00  0.00000000E+00  0.18124261E+09  0.00000000E+00  0.00000000E+00  0.00000000E+00  0.00000000E+00  0.00000000E+00  0.10000000E-01  0.10000000E+01
 0.20000000E-10  0.86455832E-02  0.00000000E+00 -0.90239789E-02  0.00000000E+00  0.00000000E+00  0.18124261E+09  0.00000000E+00  0.00000000E+00  0.00000000E+00  0.00000000E+00  0.00000000E+00  0.10000000E-01  0.10000000E+01
 0.30000000E-10  0.86455832E-02  0.00000000E+00 -0.72115527E-02  0.00000000E+00  0.00000000E+00  0.18124261E+09  0.00000000E+00  0.00000000E+00  0.00000000E+00  0.00000000E+00  0.00000000E+00  0.10000000E-01  0.10000000E+01
 0.40020000E-10  0.86455832E-02  0.00000000E+00 -0.53955018E-02  0.00000000E+00  0.00000000E+00  0.18124261E+09  0.00000000E+00  0.00000000E+00  0.00000000E+00  0.00000000E+00  0.00000000E+00  0.10000000E-01  0.10000000E+01
 0.50020000E-10  0.86455832E-02  0.00000000E+00 -0.35830756E-02  0.00000000E+00  0.00000000E+00  0.18124261E+09  0.00000000E+00  0.00000000E+00  0.00000000E+00  0.00000000E+00  0.00000000E+00  0.10000000E-01  0.10000000E+01
 0.60020000E-10  0.86455832E-02  0.00000000E+00 -0.17706495E-02  0.00000000E+00  0.00000000E+00  0.18124261E+09  0.00000000E+00  0.00000000E+00  0.00000000E+00  0.00000000E+00  0.00000000E+00  0.10000000E-01  0.10000000E+01
 0.70020000E-10  0.86455832E-02  0.00000000E+00  0.41776592E-04  0.00000000E+00  0.00000000E+00  0.18124261E+09  0.00000000E+00  0.00000000E+00  0.00000000E+00  0.00000000E+00  0.00000000E+00  0.10000000E-01  0.10000000E+01
 0.80000000E-10  0.86455832E-02  0.00000000E+00  0.18505779E-02  0.00000000E+00  0.00000000E+00  0.18124261E+09  0.00000000E+00  0.00000000E+00  0.00000000E+00  0.00000000E+00  0.00000000E+00  0.10000000E-01  0.10000000E+01
 0.90000000E-10  0.86455832E-02  0.00000000E+00  0.36630040E-02  0.00000000E+00  0.00000000E+00  0.18124261E+09  0.00000000E+00  0.00000000E+00  0.00000000E+00  0.00000000E+00  0.00000000E+00  0.10000000E-01  0.10000000E+01
 0.10000000E-09  0.86455832E-02  0.00000000E+00  0.54754301E-02  0.00000000E+00  0.00000000E+00  0.18124261E+09  0.00000000E+00  0.00000000E+00  0.00000000E+00  0.00000000E+00  0.00000000E+00  0.10000000E-01  0.10000000E+01
 0.11000000E-09  0.86455832E-02  0.00000000E+00  0.72878562E-02  0.00000000E+00  0.00000000E+00  0.18124261E+09  0.00000000E+00  0.00000000E+00  0.00000000E+00  0.00000000E+00  0.00000000E+00  0.10000000E-01  0.10000000E+01
 0.12000000E-09  0.86455832E-02  0.00000000E+00  0.91002823E-02  0.00000000E+00  0.00000000E+00  0.18124261E+09  0.00000000E+00  0.00000000E+00  0.00000000E+00  0.00000000E+00  0.00000000E+00  0.10000000E-01  0.10000000E+01
 0.13000000E-09  0.86455832E-02  0.00000000E+00  0.10912708E-01  0.00000000E+00  0.00000000E+00  0.18124261E+09  0.00000000E+00  0.00000000E+00  0.00000000E+00  0.00000000E+00  0.00000000E+00  0.10000000E-01  0.10000000E+01
 0.14002000E-09  0.86455832E-02  0.00000000E+00  0.12728759E-01  0.00000000E+00  0.00000000E+00  0.18124261E+09  0.00000000E+00  0.00000000E+00  0.00000000E+00  0.00000000E+00  0.00000000E+00  0.10000000E-01  0.10000000E+01
 0.15002000E-09  0.86455832E-02  0.00000000E+00  0.14541186E-01  0.00000000E+00  0.00000000E+00  0.18124261E+09  0.00000000E+00  0.00000000E+00  0.00000000E+00  0.00000000E+00  0.00000000E+00  0.10000000E-01  0.10000000E+01
 0.16002000E-09  0.86455832E-02  0.00000000E+00  0.16353612E-01  0.00000000E+00  0.00000000E+00  0.18124261E+09  0.00000000E+00  0.00000000E+00  0.00000000E+00  0.00000000E+00  0.00000000E+00  0.10000000E-01  0.10000000E+01
 0.17002000E-09  0.86455832E-02  0.00000000E+00  0.18166038E-01  0.00000000E+00  0.00000000E+00  0.18124261E+09  0.00000000E+00  0.00000000E+00  0.00000000E+00  0.00000000E+00  0.00000000E+00  0.10000000E-01  0.10000000E+01
 0.18002000E-09  0.86455832E-02  0.00000000E+00  0.19978464E-01  0.00000000E+00  0.00000000E+00  0.18124261E+09  0.00000000E+00  0.00000000E+00  0.00000000E+00  0.00000000E+00  0.00000000E+00  0.10000000E-01  0.10000000E+01
 0.19002000E-09  0.86455832E-02  0.00000000E+00  0.21790890E-01  0.00000000E+00  0.00000000E+00  0.18124261E+09  0.00000000E+00  0.00000000E+00  0.00000000E+00  0.00000000E+00  0.00000000E+00  0.10000000E-01  0.10000000E+01
 0.20002000E-09  0.86455832E-02  0.00000000E+00  0.23603316E-01  0.00000000E+00  0.00000000E+00  0.18124261E+09  0.00000000E+00  0.00000000E+00  0.00000000E+00  0.00000000E+00  0.00000000E+00  0.10000000E-01  0.10000000E+01
 0.21002000E-09  0.86455832E-02  0.00000000E+00  0.25415742E-01  0.00000000E+00  0.00000000E+00  0.18124261E+09  0.00000000E+00  0.00000000E+00  0.00000000E+00  0.00000000E+00  0.00000000E+00  0.10000000E-01  0.10000000E+01
 0.22002000E-09  0.86455832E-02  0.00000000E+00  0.27228168E-01  0.00000000E+00  0.00000000E+00  0.18124261E+09  0.00000000E+00  0.00000000E+00  0.00000000E+00  0.00000000E+00  0.00000000E+00  0.10000000E-01  0.10000000E+01
 0.23002000E-09  0.86455832E-02  0.00000000E+00  0.29040595E-01  0.00000000E+00  0.00000000E+00  0.18124261E+09  0.00000000E+00  0.00000000E+00  0.00000000E+00  0.00000000E+00  0.00000000E+00  0.10000000E-01  0.10000000E+01
 0.24002000E-09  0.86455832E-02  0.00000000E+00  0.30853021E-01  0.00000000E+00  0.00000000E+00  0.18124261E+09  0.00000000E+00  0.00000000E+00  0.00000000E+00  0.00000000E+00  0.00000000E+00  0.10000000E-01  0.10000000E+01
 0.25002000E-09  0.86455832E-02  0.00000000E+00  0.32665447E-01  0.00000000E+00  0.00000000E+00  0.18124261E+09  0.00000000E+00  0.00000000E+00  0.00000000E+00  0.00000000E+00  0.00000000E+00  0.10000000E-01  0.10000000E+01
 0.26002000E-09  0.86455832E-02  0.00000000E+00  0.34477873E-01  0.00000000E+00  0.00000000E+00  0.18124261E+09  0.00000000E+00  0.00000000E+00  0.00000000E+00  0.00000000E+00  0.00000000E+00  0.10000000E-01  0.10000000E+01
 0.27002000E-09  0.86455832E-02  0.00000000E+00  0.36290299E-01  0.00000000E+00  0.00000000E+00  0.18124261E+09  0.00000000E+00  0.00000000E+00  0.00000000E+00  0.00000000E+00  0.00000000E+00  0.10000000E-01  0.10000000E+01
 0.28002000E-09  0.86455832E-02  0.00000000E+00  0.38102725E-01  0.00000000E+00  0.00000000E+00  0.18124261E+09  0.00000000E+00  0.00000000E+00  0.00000000E+00  0.00000000E+00  0.00000000E+00  0.10000000E-01  0.10000000E+01
 0.29002000E-09  0.86455832E-02  0.00000000E+00  0.39915151E-01  0.00000000E+00  0.00000000E+00  0.18124261E+09  0.00000000E+00  0.00000000E+00  0.00000000E+00  0.00000000E+00  0.00000000E+00  0.10000000E-01  0.10000000E+01
 0.30000000E-09  0.86455832E-02  0.00000000E+00  0.41723953E-01  0.00000000E+00  0.00000000E+00  0.18124261E+09  0.00000000E+00  0.00000000E+00  0.00000000E+00  0.00000000E+00  0.00000000E+00  0.10000000E-01  0.10000000E+01
 0.31000000E-09  0.86455832E-02  0.00000000E+00  0.43536379E-01  0.00000000E+00  0.00000000E+00  0.18124261E+09  0.00000000E+00  0.00000000E+00  0.00000000E+00  0.00000000E+00  0.00000000E+00  0.10000000E-01  0.10000000E+01
 0.32000000E-09  0.86455832E-02  0.00000000E+00  0.45348805E-01  0.00000000E+00  0.00000000E+00  0.18124261E+09  0.00000000E+00  0.00000000E+00  0.00000000E+00  0.00000000E+00  0.00000000E+00  0.10000000E-01  0.10000000E+01
 0.33000000E-09  0.86455832E-02  0.00000000E+00  0.47161231E-01  0.00000000E+00  0.00000000E+00  0.18124261E+09  0.00000000E+00  0.00000000E+00  0.00000000E+00  0.00000000E+00  0.00000000E+00  0.10000000E-01  0.10000000E+01
 0.34000000E-09  0.86455832E-02  0.00000000E+00  0.48973657E-01  0.00000000E+00  0.00000000E+00  0.18124261E+09  0.00000000E+00  0.00000000E+00  0.00000000E+00  0.00000000E+00  0.00000000E+00  0.10000000E-01  0.10000000E+01
 0.35000000E-09  0.86455832E-02  0.00000000E+00  0.50786083E-01  0.00000000E+00  0.00000000E+00  0.18124261E+09  0.00000000E+00  0.00000000E+00  0.00000000E+00  0.00000000E+00  0.00000000E+00  0.10000000E-01  0.10000000E+01
 0.36000000E-09  0.86455832E-02  0.00000000E+00  0.52598509E-01  0.00000000E+00  0.00000000E+00  0.18124261E+09  0.00000000E+00  0.00000000E+00  0.00000000E+00  0.00000000E+00  0.00000000E+00  0.10000000E-01  0.10000000E+01
 0.37000000E-09  0.86455832E-02  0.00000000E+00  0.54410935E-01  0.00000000E+00  0.00000000E+00  0.18124261E+09  0.00000000E+00  0.00000000E+00  0.00000000E+00  0.00000000E+00  0.00000000E+00  0.10000000E-01  0.10000000E+01
 0.38000000E-09  0.86455832E-02  0.00000000E+00  0.56223361E-01  0.00000000E+00  0.00000000E+00  0.18124261E+09  0.00000000E+00  0.00000000E+00  0.00000000E+00  0.00000000E+00  0.00000000E+00  0.10000000E-01  0.10000000E+01
 0.39000000E-09  0.86455832E-02  0.00000000E+00  0.58035788E-01  0.00000000E+00  0.00000000E+00  0.18124261E+09  0.00000000E+00  0.00000000E+00  0.00000000E+00  0.00000000E+00  0.00000000E+00  0.10000000E-01  0.10000000E+01
 0.40000000E-09  0.86455832E-02  0.00000000E+00  0.59848214E-01  0.00000000E+00  0.00000000E+00  0.18124261E+09  0.00000000E+00  0.00000000E+00  0.00000000E+00  0.00000000E+00  0.00000000E+00  0.10000000E-01  0.10000000E+01
 0.41000000E-09  0.86455832E-02  0.00000000E+00  0.61660640E-01  0.00000000E+00  0.00000000E+00  0.18124261E+09  0.00000000E+00  0.00000000E+00  0.00000000E+00  0.00000000E+00  0.00000000E+00  0.10000000E-01  0.10000000E+01
 0.42000000E-09  0.86455832E-02  0.00000000E+00  0.63473066E-01  0.00000000E+00  0.00000000E+00  0.18124261E+09  0.00000000E+00  0.00000000E+00  0.00000000E+00  0.00000000E+00  0.00000000E+00  0.10000000E-01  0.10000000E+01
 0.43000000E-09  0.86455832E-02  0.00000000E+00  0.65285492E-01  0.00000000E+00  0.00000000E+00  0.18124261E+09  0.00000000E+00  0.00000000E+00  0.00000000E+00  0.00000000E+00  0.00000000E+00  0.10000000E-01  0.10000000E+01
 0.44000000E-09  0.86455832E-02  0.00000000E+00  0.67097918E-01  0.00000000E+00  0.00000000E+00  0.18124261E+09  0.00000000E+00  0.00000000E+00  0.00000000E+00  0.00000000E+00  0.00000000E+00  0.10000000E-01  0.10000000E+01
 0.45000000E-09  0.86455832E-02  0.00000000E+00  0.68910344E-01  0.00000000E+00  0.00000000E+00  0.18124261E+09  0.00000000E+00  0.00000000E+00  0.00000000E+00  0.00000000E+00  0.00000000E+00  0.10000000E-01  0.10000000E+01
 0.46000000E-09  0.86455832E-02  0.00000000E+00  0.70722770E-01  0.00000000E+00  0.00000000E+00  0.18124261E+09  0.00000000E+00  0.00000000E+00  0.00000000E+00  0.00000000E+00  0.00000000E+00  0.10000000E-01  0.10000000E+01
 0.47000000E-09  0.86455832E-02  0.00000000E+00  0.72535197E-01  0.00000000E+00  0.00000000E+00  0.18124261E+09  0.00000000E+00  0.00000000E+00  0.00000000E+00  0.00000000E+00  0.00000000E+00  0.10000000E-01  0.10000000E+01
 0.48000000E-09  0.86455832E-02  0.00000000E+00  0.74347623E-01  0.00000000E+00  0.00000000E+00  0.18124261E+09  0.00000000E+00  0.00000000E+00  0.00000000E+00  0.00000000E+00  0.00000000E+00  0.10000000E-01  0.10000000E+01
 0.49000000E-09  0.86455832E-02  0.00000000E+00  0.76160049E-01  0.00000000E+00  0.00000000E+00  0.18124261E+09  0.00000000E+00  0.00000000E+00  0.00000000E+00  0.00000000E+00  0.00000000E+00  0.10000000E-01  0.10000000E+01
 0.50000000E-09  0.86455832E-02  0.00000000E+00  0.77972475E-01  0.00000000E+00  0.00000000E+00  0.18124261E+09  0.00000000E+00  0.00000000E+00  0.00000000E+00  0.00000000E+00  0.00000000E+00  0.10000000E-01  0.10000000E+01
 0.51000000E-09  0.86455832E-02  0.00000000E+00  0.79784901E-01  0.00000000E+00  0.00000000E+00  0.18124261E+09  0.00000000E+00  0.00000000E+00  0.00000000E+00  0.00000000E+00  0.00000000E+00  0.10000000E-01  0.10000000E+01
 0.52000000E-09  0.86455832E-02  0.00000000E+00  0.81597327E-01  0.00000000E+00  0.00000000E+00  0.18124261E+09  0.00000000E+00  0.00000000E+00  0.00000000E+00  0.00000000E+00  0.00000000E+00  0.10000000E-01  0.10000000E+01
 0.53000000E-09  0.86455832E-02  0.00000000E+00  0.83409753E-01  0.00000000E+00  0.00000000E+00  0.18124261E+09  0.00000000E+00  0.00000000E+00  0.00000000E+00  0.00000000E+00  0.00000000E+00  0.10000000E-01  0.10000000E+01
 0.54000000E-09  0.86455832E-02  0.00000000E+00  0.85222179E-01  0.00000000E+00  0.00000000E+00  0.18124261E+09  0.00000000E+00  0.00000000E+00  0.00000000E+00  0.00000000E+00  0.00000000E+00  0.10000000E-01  0.10000000E+01
 0.55002000E-09  0.86455832E-02  0.00000000E+00  0.87038230E-01  0.00000000E+00  0.00000000E+00  0.18124261E+09  0.00000000E+00  0.00000000E+00  0.00000000E+00  0.00000000E+00  0.00000000E+00  0.10000000E-01  0.10000000E+01
 0.56002000E-09  0.86455832E-02  0.00000000E+00  0.88850656E-01  0.00000000E+00  0.00000000E+00  0.18124261E+09  0.00000000E+00  0.00000000E+00  0.00000000E+00  0.00000000E+00  0.00000000E+00  0.10000000E-01  0.10000000E+01
 0.57002000E-09  0.86455832E-02  0.00000000E+00  0.90663083E-01  0.00000000E+00  0.00000000E+00  0.18124261E+09  0.00000000E+00  0.00000000E+00  0.00000000E+00  0.00000000E+00  0.00000000E+00  0.10000000E-01  0.10000000E+01
 0.58002000E-09  0.86455832E-02  0.00000000E+00  0.92475509E-01  0.00000000E+00  0.00000000E+00  0.18124261E+09  0.00000000E+00  0.00000000E+00  0.00000000E+00  0.00000000E+00  0.00000000E+00  0.10000000E-01  0.10000000E+01
 0.59002000E-09  0.86455832E-02  0.00000000E+00  0.94287935E-01  0.00000000E+00  0.00000000E+00  0.18124261E+09  0.00000000E+00  0.00000000E+00  0.00000000E+00  0.00000000E+00  0.00000000E+00  0.10000000E-01  0.10000000E+01
 0.60002000E-09  0.86455832E-02  0.00000000E+00  0.96100361E-01  0.00000000E+00  0.00000000E+00  0.18124261E+09  0.00000000E+00  0.00000000E+00  0.00000000E+00  0.00000000E+00  0.00000000E+00  0.10000000E-01  0.10000000E+01
 0.61002000E-09  0.86455832E-02  0.00000000E+00  0.97912787E-01  0.00000000E+00  0.00000000E+00  0.18124261E+09  0.00000000E+00  0.00000000E+00  0.00000000E+00  0.00000000E+00  0.00000000E+00  0.10000000E-01  0.10000000E+01
 0.62002000E-09  0.86455832E-02  0.00000000E+00  0.99725213E-01  0.00000000E+00  0.00000000E+00  0.18124261E+09  0.00000000E+00  0.00000000E+00  0.00000000E+00  0.00000000E+00  0.00000000E+00  0.10000000E-01  0.10000000E+01
 0.63002000E-09  0.86455832E-02  0.00000000E+00  0.10153764E+00  0.00000000E+00  0.00000000E+00  0.18124261E+09  0.00000000E+00  0.00000000E+00  0.00000000E+00  0.00000000E+00  0.00000000E+00  0.10000000E-01  0.10000000E+01
 0.64002000E-09  0.86455832E-02  0.00000000E+00  0.10335007E+00  0.00000000E+00  0.00000000E+00  0.18124261E+09  0.00000000E+00  0.00000000E+00  0.00000000E+00  0.00000000E+00  0.00000000E+00  0.10000000E-01  0.10000000E+01
 0.65002000E-09  0.86455832E-02  0.00000000E+00  0.10516249E+00  0.00000000E+00  0.00000000E+00  0.18124261E+09  0.00000000E+00  0.00000000E+00  0.00000000E+00  0.00000000E+00  0.00000000E+00  0.10000000E-01  0.10000000E+01
 0.66002000E-09  0.86455832E-02  0.00000000E+00  0.10697492E+00  0.00000000E+00  0.00000000E+00  0.18124261E+09  0.00000000E+00  0.00000000E+00  0.00000000E+00  0.00000000E+00  0.00000000E+00  0.10000000E-01  0.10000000E+01
 0.67002000E-09  0.86455832E-02  0.00000000E+00  0.10878734E+00  0.00000000E+00  0.00000000E+00  0.18124261E+09  0.00000000E+00  0.00000000E+00  0.00000000E+00  0.00000000E+00  0.00000000E+00  0.10000000E-01  0.10000000E+01
 0.68002000E-09  0.86455832E-02  0.00000000E+00  0.11059977E+00  0.00000000E+00  0.00000000E+00  0.18124261E+09  0.00000000E+00  0.00000000E+00  0.00000000E+00  0.00000000E+00  0.00000000E+00  0.10000000E-01  0.10000000E+01
 0.69002000E-09  0.86455832E-02  0.00000000E+00  0.11241220E+00  0.00000000E+00  0.00000000E+00  0.18124261E+09  0.00000000E+00  0.00000000E+00  0.00000000E+00  0.00000000E+00  0.00000000E+00  0.10000000E-01  0.10000000E+01
 0.70002000E-09  0.86455832E-02  0.00000000E+00  0.11422462E+00  0.00000000E+00  0.00000000E+00  0.18124261E+09  0.00000000E+00  0.00000000E+00  0.00000000E+00  0.00000000E+00  0.00000000E+00  0.10000000E-01  0.10000000E+01
 0.71002000E-09  0.86455832E-02  0.00000000E+00  0.11603705E+00  0.00000000E+00  0.00000000E+00  0.18124261E+09  0.00000000E+00  0.00000000E+00  0.00000000E+00  0.00000000E+00  0.00000000E+00  0.10000000E-01  0.10000000E+01
 0.72002000E-09  0.86455832E-02  0.00000000E+00  0.11784947E+00  0.00000000E+00  0.00000000E+00  0.18124261E+09  0.00000000E+00  0.00000000E+00  0.00000000E+00  0.00000000E+00  0.00000000E+00  0.10000000E-01  0.10000000E+01
 0.73002000E-09  0.86455832E-02  0.00000000E+00  0.11966190E+00  0.00000000E+00  0.00000000E+00  0.18124261E+09  0.00000000E+00  0.00000000E+00  0.00000000E+00  0.00000000E+00  0.00000000E+00  0.10000000E-01  0.10000000E+01
 0.74002000E-09  0.86455832E-02  0.00000000E+00  0.12147433E+00  0.00000000E+00  0.00000000E+00  0.18124261E+09  0.00000000E+00  0.00000000E+00  0.00000000E+00  0.00000000E+00  0.00000000E+00  0.10000000E-01  0.10000000E+01
 0.75002000E-09  0.86455832E-02  0.00000000E+00  0.12328675E+00  0.00000000E+00  0.00000000E+00  0.18124261E+09  0.00000000E+00  0.00000000E+00  0.00000000E+00  0.00000000E+00  0.00000000E+00  0.10000000E-01  0.10000000E+01
 0.76002000E-09  0.86455832E-02  0.00000000E+00  0.12509918E+00  0.00000000E+00  0.00000000E+00  0.18124261E+09  0.00000000E+00  0.00000000E+00  0.00000000E+00  0.00000000E+00  0.00000000E+00  0.10000000E-01  0.10000000E+01
 0.77002000E-09  0.86455832E-02  0.00000000E+00  0.12691160E+00  0.00000000E+00  0.00000000E+00  0.18124261E+09  0.00000000E+00  0.00000000E+00  0.00000000E+00  0.00000000E+00  0.00000000E+00  0.10000000E-01  0.10000000E+01
 0.78002000E-09  0.86455832E-02  0.00000000E+00  0.12872403E+00  0.00000000E+00  0.00000000E+00  0.18124261E+09  0.00000000E+00  0.00000000E+00  0.00000000E+00  0.00000000E+00  0.00000000E+00  0.10000000E-01  0.10000000E+01
 0.79002000E-09  0.86455832E-02  0.00000000E+00  0.13053646E+00  0.00000000E+00  0.00000000E+00  0.18124261E+09  0.00000000E+00  0.00000000E+00  0.00000000E+00  0.00000000E+00  0.00000000E+00  0.10000000E-01  0.10000000E+01
 0.80002000E-09  0.86455832E-02  0.00000000E+00  0.13234888E+00  0.00000000E+00  0.00000000E+00  0.18124261E+09  0.00000000E+00  0.00000000E+00  0.00000000E+00  0.00000000E+00  0.00000000E+00  0.10000000E-01  0.10000000E+01
 0.81002000E-09  0.86455832E-02  0.00000000E+00  0.13416131E+00  0.00000000E+00  0.00000000E+00  0.18124261E+09  0.00000000E+00  0.00000000E+00  0.00000000E+00  0.00000000E+00  0.00000000E+00  0.10000000E-01  0.10000000E+01
 0.82002000E-09  0.86455832E-02  0.00000000E+00  0.13597374E+00  0.00000000E+00  0.00000000E+00  0.18124261E+09  0.00000000E+00  0.00000000E+00  0.00000000E+00  0.00000000E+00  0.00000000E+00  0.10000000E-01  0.10000000E+01
 0.83002000E-09  0.86455832E-02  0.00000000E+00  0.13778616E+00  0.00000000E+00  0.00000000E+00  0.18124261E+09  0.00000000E+00  0.00000000E+00  0.00000000E+00  0.00000000E+00  0.00000000E+00  0.10000000E-01  0.10000000E+01
 0.84002000E-09  0.86455832E-02  0.00000000E+00  0.13959859E+00  0.00000000E+00  0.00000000E+00  0.18124261E+09  0.00000000E+00  0.00000000E+00  0.00000000E+00  0.00000000E+00  0.00000000E+00  0.10000000E-01  0.10000000E+01
 0.85002000E-09  0.86455832E-02  0.00000000E+00  0.14141101E+00  0.00000000E+00  0.00000000E+00  0.18124261E+09  0.00000000E+00  0.00000000E+00  0.00000000E+00  0.00000000E+00  0.00000000E+00  0.10000000E-01  0.10000000E+01
 0.86002000E-09  0.86455832E-02  0.00000000E+00  0.14322344E+00  0.00000000E+00  0.00000000E+00  0.18124261E+09  0.00000000E+00  0.00000000E+00  0.00000000E+00  0.00000000E+00  0.00000000E+00  0.10000000E-01  0.10000000E+01
 0.87002000E-09  0.86455832E-02  0.00000000E+00  0.14503587E+00  0.00000000E+00  0.00000000E+00  0.18124261E+09  0.00000000E+00  0.00000000E+00  0.00000000E+00  0.00000000E+00  0.00000000E+00  0.10000000E-01  0.10000000E+01
 0.88002000E-09  0.86455832E-02  0.00000000E+00  0.14684829E+00  0.00000000E+00  0.00000000E+00  0.18124261E+09  0.00000000E+00  0.00000000E+00  0.00000000E+00  0.00000000E+00  0.00000000E+00  0.10000000E-01  0.10000000E+01
 0.89002000E-09  0.86455832E-02  0.00000000E+00  0.14866072E+00  0.00000000E+00  0.00000000E+00  0.18124261E+09  0.00000000E+00  0.00000000E+00  0.00000000E+00  0.00000000E+00  0.00000000E+00  0.10000000E-01  0.10000000E+01
 0.90002000E-09  0.86455832E-02  0.00000000E+00  0.15047314E+00  0.00000000E+00  0.00000000E+00  0.18124261E+09  0.00000000E+00  0.00000000E+00  0.00000000E+00  0.00000000E+00  0.00000000E+00  0.10000000E-01  0.10000000E+01
 0.91002000E-09  0.86455832E-02  0.00000000E+00  0.15228557E+00  0.00000000E+00  0.00000000E+00  0.18124261E+09  0.00000000E+00  0.00000000E+00  0.00000000E+00  0.00000000E+00  0.00000000E+00  0.10000000E-01  0.10000000E+01
 0.92002000E-09  0.86455832E-02  0.00000000E+00  0.15409800E+00  0.00000000E+00  0.00000000E+00  0.18124261E+09  0.00000000E+00  0.00000000E+00  0.00000000E+00  0.00000000E+00  0.00000000E+00  0.10000000E-01  0.10000000E+01
 0.93002000E-09  0.86455832E-02  0.00000000E+00  0.15591042E+00  0.00000000E+00  0.00000000E+00  0.18124261E+09  0.00000000E+00  0.00000000E+00  0.00000000E+00  0.00000000E+00  0.00000000E+00  0.10000000E-01  0.10000000E+01
 0.94002000E-09  0.86455832E-02  0.00000000E+00  0.15772285E+00  0.00000000E+00  0.00000000E+00  0.18124261E+09  0.00000000E+00  0.00000000E+00  0.00000000E+00  0.00000000E+00  0.00000000E+00  0.10000000E-01  0.10000000E+01
 0.95002000E-09  0.86455832E-02  0.00000000E+00  0.15953528E+00  0.00000000E+00  0.00000000E+00  0.18124261E+09  0.00000000E+00  0.00000000E+00  0.00000000E+00  0.00000000E+00  0.00000000E+00  0.10000000E-01  0.10000000E+01
 0.96002000E-09  0.86455832E-02  0.00000000E+00  0.16134770E+00  0.00000000E+00  0.00000000E+00  0.18124261E+09  0.00000000E+00  0.00000000E+00  0.00000000E+00  0.00000000E+00  0.00000000E+00  0.10000000E-01  0.10000000E+01
 0.97002000E-09  0.86455832E-02  0.00000000E+00  0.16316013E+00  0.00000000E+00  0.00000000E+00  0.18124261E+09  0.00000000E+00  0.00000000E+00  0.00000000E+00  0.00000000E+00  0.00000000E+00  0.10000000E-01  0.10000000E+01
 0.98002000E-09  0.86455832E-02  0.00000000E+00  0.16497255E+00  0.00000000E+00  0.00000000E+00  0.18124261E+09  0.00000000E+00  0.00000000E+00  0.00000000E+00  0.00000000E+00  0.00000000E+00  0.10000000E-01  0.10000000E+01
 0.99002000E-09  0.86455832E-02  0.00000000E+00  0.16678498E+00  0.00000000E+00  0.00000000E+00  0.18124261E+09  0.00000000E+00  0.00000000E+00  0.00000000E+00  0.00000000E+00  0.00000000E+00  0.10000000E-01  0.10000000E+01
 0.10000200E-08  0.86455832E-02  0.00000000E+00  0.16859741E+00  0.00000000E+00  0.00000000E+00  0.18124261E+09  0.00000000E+00  0.00000000E+00  0.00000000E+00  0.00000000E+00  0.00000000E+00  0.10000000E-01  0.10000000E+01
 0.10100200E-08  0.86455832E-02  0.00000000E+00  0.17040983E+00  0.00000000E+00  0.00000000E+00  0.18124261E+09  0.00000000E+00  0.00000000E+00  0.00000000E+00  0.00000000E+00  0.00000000E+00  0.10000000E-01  0.10000000E+01
 0.10200200E-08  0.86455832E-02  0.00000000E+00  0.17222226E+00  0.00000000E+00  0.00000000E+00  0.18124261E+09  0.00000000E+00  0.00000000E+00  0.00000000E+00  0.00000000E+00  0.00000000E+00  0.10000000E-01  0.10000000E+01
 0.10300200E-08  0.86455832E-02  0.00000000E+00  0.17403468E+00  0.00000000E+00  0.00000000E+00  0.18124261E+09  0.00000000E+00  0.00000000E+00  0.00000000E+00  0.00000000E+00  0.00000000E+00  0.10000000E-01  0.10000000E+01
 0.10400200E-08  0.86455832E-02  0.00000000E+00  0.17584711E+00  0.00000000E+00  0.00000000E+00  0.18124261E+09  0.00000000E+00  0.00000000E+00  0.00000000E+00  0.00000000E+00  0.00000000E+00  0.10000000E-01  0.10000000E+01
 0.10500200E-08  0.86455832E-02  0.00000000E+00  0.17765954E+00  0.00000000E+00  0.00000000E+00  0.18124261E+09  0.00000000E+00  0.00000000E+00  0.00000000E+00  0.00000000E+00  0.00000000E+00  0.10000000E-01  0.10000000E+01
 0.10600200E-08  0.86455832E-02  0.00000000E+00  0.17947196E+00  0.00000000E+00  0.00000000E+00  0.18124261E+09  0.00000000E+00  0.00000000E+00  0.00000000E+00  0.00000000E+00  0.00000000E+00  0.10000000E-01  0.10000000E+01
 0.10700200E-08  0.86455832E-02  0.00000000E+00  0.18128439E+00  0.00000000E+00  0.00000000E+00  0.18124261E+09  0.00000000E+00  0.00000000E+00  0.00000000E+00  0.00000000E+00  0.00000000E+00  0.10000000E-01  0.10000000E+01
 0.10800200E-08  0.86455832E-02  0.00000000E+00  0.18309681E+00  0.00000000E+00  0.00000000E+00  0.18124261E+09  0.00000000E+00  0.00000000E+00  0.00000000E+00  0.00000000E+00  0.00000000E+00  0.10000000E-01  0.10000000E+01
 0.10900200E-08  0.86455832E-02  0.00000000E+00  0.18490924E+00  0.00000000E+00  0.00000000E+00  0.18124261E+09  0.00000000E+00  0.00000000E+00  0.00000000E+00  0.00000000E+00  0.00000000E+00  0.10000000E-01  0.10000000E+01
 0.11000200E-08  0.86455832E-02  0.00000000E+00  0.18672167E+00  0.00000000E+00  0.00000000E+00  0.18124261E+09  0.00000000E+00  0.00000000E+00  0.00000000E+00  0.00000000E+00  0.00000000E+00  0.10000000E-01  0.10000000E+01
 0.11100200E-08  0.86455832E-02  0.00000000E+00  0.18853409E+00  0.00000000E+00  0.00000000E+00  0.18124261E+09  0.00000000E+00  0.00000000E+00  0.00000000E+00  0.00000000E+00  0.00000000E+00  0.10000000E-01  0.10000000E+01
 0.11200200E-08  0.86455832E-02  0.00000000E+00  0.19034652E+00  0.00000000E+00  0.00000000E+00  0.18124261E+09  0.00000000E+00  0.00000000E+00  0.00000000E+00  0.00000000E+00  0.00000000E+00  0.10000000E-01  0.10000000E+01
 0.11300200E-08  0.86455832E-02  0.00000000E+00  0.19215895E+00  0.00000000E+00  0.00000000E+00  0.18124261E+09  0.00000000E+00  0.00000000E+00  0.00000000E+00  0.00000000E+00  0.00000000E+00  0.10000000E-01  0.10000000E+01
 0.11400200E-08  0.86455832E-02  0.00000000E+00  0.19397137E+00  0.00000000E+00  0.00000000E+00  0.18124261E+09  0.00000000E+00  0.00000000E+00  0.00000000E+00  0.00000000E+00  0.00000000E+00  0.10000000E-01  0.10000000E+01
 0.11500200E-08  0.86455832E-02  0.00000000E+00  0.19578380E+00  0.00000000E+00  0.00000000E+00  0.18124261E+09  0.00000000E+00  0.00000000E+00  0.00000000E+00  0.00000000E+00  0.00000000E+00  0.10000000E-01  0.10000000E+01
 0.11600200E-08  0.86455832E-02  0.00000000E+00  0.19759622E+00  0.00000000E+00  0.00000000E+00  0.18124261E+09  0.00000000E+00  0.00000000E+00  0.00000000E+00  0.00000000E+00  0.00000000E+00  0.10000000E-01  0.10000000E+01
 0.11700200E-08  0.86455832E-02  0.00000000E+00  0.19940865E+00  0.00000000E+00  0.00000000E+00  0.18124261E+09  0.00000000E+00  0.00000000E+00  0.00000000E+00  0.00000000E+00  0.00000000E+00  0.10000000E-01  0.10000000E+01
 0.11800200E-08  0.86455832E-02  0.00000000E+00  0.20122108E+00  0.00000000E+00  0.00000000E+00  0.18124261E+09  0.00000000E+00  0.00000000E+00  0.00000000E+00  0.00000000E+00  0.00000000E+00  0.10000000E-01  0.10000000E+01
 0.11900200E-08  0.86455832E-02  0.00000000E+00  0.20303350E+00  0.00000000E+00  0.00000000E+00  0.18124261E+09  0.00000000E+00  0.00000000E+00  0.00000000E+00  0.00000000E+00  0.00000000E+00  0.10000000E-01  0.10000000E+01
 0.12000200E-08  0.86455832E-02  0.00000000E+00  0.20484593E+00  0.00000000E+00  0.00000000E+00  0.18124261E+09  0.00000000E+00  0.00000000E+00  0.00000000E+00  0.00000000E+00  0.00000000E+00  0.10000000E-01  0.10000000E+01
 0.12100200E-08  0.86455832E-02  0.00000000E+00  0.20665835E+00  0.00000000E+00  0.00000000E+00  0.18124261E+09  0.00000000E+00  0.00000000E+00  0.00000000E+00  0.00000000E+00  0.00000000E+00  0.10000000E-01  0.10000000E+01
 0.12200200E-08  0.86455832E-02  0.00000000E+00  0.20847078E+00  0.00000000E+00  0.00000000E+00  0.18124261E+09  0.00000000E+00  0.00000000E+00  0.00000000E+00  0.00000000E+00  0.00000000E+00  0.10000000E-01  0.10000000E+01
 0.12300200E-08  0.86455832E-02  0.00000000E+00  0.21028321E+00  0.00000000E+00  0.00000000E+00  0.18124261E+09  0.00000000E+00  0.00000000E+00  0.00000000E+00  0.00000000E+00  0.00000000E+00  0.10000000E-01  0.10000000E+01
 0.12400200E-08  0.86455832E-02  0.00000000E+00  0.21209563E+00  0.00000000E+00  0.00000000E+00  0.18124261E+09  0.00000000E+00  0.00000000E+00  0.00000000E+00  0.00000000E+00  0.00000000E+00  0.10000000E-01  0.10000000E+01
 0.12500200E-08  0.86455832E-02  0.00000000E+00  0.21390806E+00  0.00000000E+00  0.00000000E+00  0.18124261E+09  0.00000000E+00  0.00000000E+00  0.00000000E+00  0.00000000E+00  0.00000000E+00  0.10000000E-01  0.10000000E+01
 0.12600200E-08  0.86455832E-02  0.00000000E+00  0.21572048E+00  0.00000000E+00  0.00000000E+00  0.18124261E+09  0.00000000E+00  0.00000000E+00  0.00000000E+00  0.00000000E+00  0.00000000E+00  0.10000000E-01  0.10000000E+01
 0.12700200E-08  0.86455832E-02  0.00000000E+00  0.21753291E+00  0.00000000E+00  0.00000000E+00  0.18124261E+09  0.00000000E+00  0.00000000E+00  0.00000000E+00  0.00000000E+00  0.00000000E+00  0.10000000E-01  0.10000000E+01
 0.12800200E-08  0.86455832E-02  0.00000000E+00  0.21934534E+00  0.00000000E+00  0.00000000E+00  0.18124261E+09  0.00000000E+00  0.00000000E+00  0.00000000E+00  0.00000000E+00  0.00000000E+00  0.10000000E-01  0.10000000E+01
 0.12900200E-08  0.86455832E-02  0.00000000E+00  0.22115776E+00  0.00000000E+00  0.00000000E+00  0.18124261E+09  0.00000000E+00  0.00000000E+00  0.00000000E+00  0.00000000E+00  0.00000000E+00  0.10000000E-01  0.10000000E+01
 0.13000200E-08  0.86455832E-02  0.00000000E+00  0.22297019E+00  0.00000000E+00  0.00000000E+00  0.18124261E+09  0.00000000E+00  0.00000000E+00  0.00000000E+00  0.00000000E+00  0.00000000E+00  0.10000000E-01  0.10000000E+01
 0.13100200E-08  0.86455832E-02  0.00000000E+00  0.22478262E+00  0.00000000E+00  0.00000000E+00  0.18124261E+09  0.00000000E+00  0.00000000E+00  0.00000000E+00  0.00000000E+00  0.00000000E+00  0.10000000E-01  0.10000000E+01
 0.13200200E-08  0.86455832E-02  0.00000000E+00  0.22659504E+00  0.00000000E+00  0.00000000E+00  0.18124261E+09  0.00000000E+00  0.00000000E+00  0.00000000E+00  0.00000000E+00  0.00000000E+00  0.10000000E-01  0.10000000E+01
 0.13300200E-08  0.86455832E-02  0.00000000E+00  0.22840747E+00  0.00000000E+00  0.00000000E+00  0.18124261E+09  0.00000000E+00  0.00000000E+00  0.00000000E+00  0.00000000E+00  0.00000000E+00  0.10000000E-01  0.10000000E+01
 0.13400200E-08  0.86455832E-02  0.00000000E+00  0.23021989E+00  0.00000000E+00  0.00000000E+00  0.18124261E+09  0.00000000E+00  0.00000000E+00  0.00000000E+00  0.00000000E+00  0.00000000E+00  0.10000000E-01  0.10000000E+01
 0.13500200E-08  0.86455832E-02  0.00000000E+00  0.23203232E+00  0.00000000E+00  0.00000000E+00  0.18124261E+09  0.00000000E+00  0.00000000E+00  0.00000000E+00  0.00000000E+00  0.00000000E+00  0.10000000E-01  0.10000000E+01
 0.13600200E-08  0.86455832E-02  0.00000000E+00  0.23384475E+00  0.00000000E+00  0.00000000E+00  0.18124261E+09  0.00000000E+00  0.00000000E+00  0.00000000E+00  0.00000000E+00  0.00000000E+00  0.10000000E-01  0.10000000E+01
 0.13700200E-08  0.86455832E-02  0.00000000E+00  0.23565717E+00  0.00000000E+00  0.00000000E+00  0.18124261E+09  0.00000000E+00  0.00000000E+00  0.00000000E+00  0.00000000E+00  0.00000000E+00  0.10000000E-01  0.10000000E+01
 0.13800200E-08  0.86455832E-02  0.00000000E+00  0.23746960E+00  0.00000000E+00  0.00000000E+00  0.18124261E+09  0.00000000E+00  0.00000000E+00  0.00000000E+00  0.00000000E+00  0.00000000E+00  0.10000000E-01  0.10000000E+01
 0.13900200E-08  0.86455832E-02  0.00000000E+00  0.23928202E+00  0.00000000E+00  0.00000000E+00  0.18124261E+09  0.00000000E+00  0.00000000E+00  0.00000000E+00  0.00000000E+00  0.00000000E+00  0.10000000E-01  0.10000000E+01
 0.14000200E-08  0.86455832E-02  0.00000000E+00  0.24109445E+00  0.00000000E+00  0.00000000E+00  0.18124261E+09  0.00000000E+00  0.00000000E+00  0.00000000E+00  0.00000000E+00  0.00000000E+00  0.10000000E-01  0.10000000E+01
 0.14100200E-08  0.86455832E-02  0.00000000E+00  0.24290688E+00  0.00000000E+00  0.00000000E+00  0.18124261E+09  0.00000000E+00  0.00000000E+00  0.00000000E+00  0.00000000E+00  0.00000000E+00  0.10000000E-01  0.10000000E+01
 0.14200200E-08  0.86455832E-02  0.00000000E+00  0.24471930E+00  0.00000000E+00  0.00000000E+00  0.18124261E+09  0.00000000E+00  0.00000000E+00  0.00000000E+00  0.00000000E+00  0.00000000E+00  0.10000000E-01  0.10000000E+01
 0.14300200E-08  0.86455832E-02  0.00000000E+00  0.24653173E+00  0.00000000E+00  0.00000000E+00  0.18124261E+09  0.00000000E+00  0.00000000E+00  0.00000000E+00  0.00000000E+00  0.00000000E+00  0.10000000E-01  0.10000000E+01
 0.14400200E-08  0.86455832E-02  0.00000000E+00  0.24834416E+00  0.00000000E+00  0.00000000E+00  0.18124261E+09  0.00000000E+00  0.00000000E+00  0.00000000E+00  0.00000000E+00  0.00000000E+00  0.10000000E-01  0.10000000E+01
 0.14500200E-08  0.86455832E-02  0.00000000E+00  0.25015658E+00  0.00000000E+00  0.00000000E+00  0.18124261E+09  0.00000000E+00  0.00000000E+00  0.00000000E+00  0.00000000E+00  0.00000000E+00  0.10000000E-01  0.10000000E+01
 0.14600200E-08  0.86455832E-02  0.00000000E+00  0.25196901E+00  0.00000000E+00  0.00000000E+00  0.18124261E+09  0.00000000E+00  0.00000000E+00  0.00000000E+00  0.00000000E+00  0.00000000E+00  0.10000000E-01  0.10000000E+01
 0.14700200E-08  0.86455832E-02  0.00000000E+00  0.25378143E+00  0.00000000E+00  0.00000000E+00  0.18124261E+09  0.00000000E+00  0.00000000E+00  0.00000000E+00  0.00000000E+00  0.00000000E+00  0.10000000E-01  0.10000000E+01
 0.14800200E-08  0.86455832E-02  0.00000000E+00  0.25559386E+00  0.00000000E+00  0.00000000E+00  0.18124261E+09  0.00000000E+00  0.00000000E+00  0.00000000E+00  0.00000000E+00  0.00000000E+00  0.10000000E-01  0.10000000E+01
 0.14900200E-08  0.86455832E-02  0.00000000E+00  0.25740629E+00  0.00000000E+00  0.00000000E+00  0.18124261E+09  0.00000000E+00  0.00000000E+00  0.00000000E+00  0.00000000E+00  0.00000000E+00  0.10000000E-01  0.10000000E+01
 0.15000200E-08  0.86455832E-02  0.00000000E+00  0.25921871E+00  0.00000000E+00  0.00000000E+00  0.18124261E+09  0.00000000E+00  0.00000000E+00  0.00000000E+00  0.00000000E+00  0.00000000E+00  0.10000000E-01  0.10000000E+01
 0.15100200E-08  0.86455832E-02  0.00000000E+00  0.26103114E+00  0.00000000E+00  0.00000000E+00  0.18124261E+09  0.00000000E+00  0.00000000E+00  0.00000000E+00  0.00000000E+00  0.00000000E+00  0.10000000E-01  0.10000000E+01
 0.15200200E-08  0.86455832E-02  0.00000000E+00  0.26284356E+00  0.00000000E+00  0.00000000E+00  0.18124261E+09  0.00000000E+00  0.00000000E+00  0.00000000E+00  0.00000000E+00  0.00000000E+00  0.10000000E-01  0.10000000E+01
 0.15300200E-08  0.86455832E-02  0.00000000E+00  0.26465599E+00  0.00000000E+00  0.00000000E+00  0.18124261E+09  0.00000000E+00  0.00000000E+00  0.00000000E+00  0.00000000E+00  0.00000000E+00  0.10000000E-01  0.10000000E+01
 0.15400200E-08  0.86455832E-02  0.00000000E+00  0.26646842E+00  0.00000000E+00  0.00000000E+00  0.18124261E+09  0.00000000E+00  0.00000000E+00  0.00000000E+00  0.00000000E+00  0.00000000E+00  0.10000000E-01  0.10000000E+01
 0.15500200E-08  0.86455832E-02  0.00000000E+00  0.26828084E+00  0.00000000E+00  0.00000000E+00  0.18124261E+09  0.00000000E+00  0.00000000E+00  0.00000000E+00  0.00000000E+00  0.00000000E+00  0.10000000E-01  0.10000000E+01
 0.15600200E-08  0.86455832E-02  0.00000000E+00  0.27009327E+00  0.00000000E+00  0.00000000E+00  0.18124261E+09  0.00000000E+00  0.00000000E+00  0.00000000E+00  0.00000000E+00  0.00000000E+00  0.10000000E-01  0.10000000E+01
 0.15700200E-08  0.86455832E-02  0.00000000E+00  0.27190569E+00  0.00000000E+00  0.00000000E+00  0.18124261E+09  0.00000000E+00  0.00000000E+00  0.00000000E+00  0.00000000E+00  0.00000000E+00  0.10000000E-01  0.10000000E+01
 0.15800200E-08  0.86455832E-02  0.00000000E+00  0.27371812E+00  0.00000000E+00  0.00000000E+00  0.18124261E+09  0.00000000E+00  0.00000000E+00  0.00000000E+00  0.00000000E+00  0.00000000E+00  0.10000000E-01  0.10000000E+01
 0.15900200E-08  0.86455832E-02  0.00000000E+00  0.27553055E+00  0.00000000E+00  0.00000000E+00  0.18124261E+09  0.00000000E+00  0.00000000E+00  0.00000000E+00  0.00000000E+00  0.00000000E+00  0.10000000E-01  0.10000000E+01
 0.16000200E-08  0.86455832E-02  0.00000000E+00  0.27734297E+00  0.00000000E+00  0.00000000E+00  0.18124261E+09  0.00000000E+00  0.00000000E+00  0.00000000E+00  0.00000000E+00  0.00000000E+00  0.10000000E-01  0.10000000E+01
 0.16100200E-08  0.86455832E-02  0.00000000E+00  0.27915540E+00  0.00000000E+00  0.00000000E+00  0.18124261E+09  0.00000000E+00  0.00000000E+00  0.00000000E+00  0.00000000E+00  0.00000000E+00  0.10000000E-01  0.10000000E+01
 0.16200200E-08  0.86455832E-02  0.00000000E+00  0.28096783E+00  0.00000000E+00  0.00000000E+00  0.18124261E+09  0.00000000E+00  0.00000000E+00  0.00000000E+00  0.00000000E+00  0.00000000E+00  0.10000000E-01  0.10000000E+01
 0.16300200E-08  0.86455832E-02  0.00000000E+00  0.28278025E+00  0.00000000E+00  0.00000000E+00  0.18124261E+09  0.00000000E+00  0.00000000E+00  0.00000000E+00  0.00000000E+00  0.00000000E+00  0.10000000E-01  0.10000000E+01
 0.16400200E-08  0.86455832E-02  0.00000000E+00  0.28459268E+00  0.00000000E+00  0.00000000E+00  0.18124261E+09  0.00000000E+00  0.00000000E+00  0.00000000E+00  0.00000000E+00  0.00000000E+00  0.10000000E-01  0.10000000E+01
 0.16500200E-08  0.86455832E-02  0.00000000E+00  0.28640510E+00  0.00000000E+00  0.00000000E+00  0.18124261E+09  0.00000000E+00  0.00000000E+00  0.00000000E+00  0.00000000E+00  0.00000000E+00  0.10000000E-01  0.10000000E+01
 0.16600200E-08  0.86455832E-02  0.00000000E+00  0.28821753E+00  0.00000000E+00  0.00000000E+00  0.18124261E+09  0.00000000E+00  0.00000000E+00  0.00000000E+00  0.00000000E+00  0.00000000E+00  0.10000000E-01  0.10000000E+01
 0.16700200E-08  0.86455832E-02  0.00000000E+00  0.29002996E+00  0.00000000E+00  0.00000000E+00  0.18124261E+09  0.00000000E+00  0.00000000E+00  0.00000000E+00  0.00000000E+00  0.00000000E+00  0.10000000E-01  0.10000000E+01
 0.16800200E-08  0.86455832E-02  0.00000000E+00  0.29184238E+00  0.00000000E+00  0.00000000E+00  0.18124261E+09  0.00000000E+00  0.00000000E+00  0.00000000E+00  0.00000000E+00  0.00000000E+00  0.10000000E-01  0.10000000E+01
 0.16900200E-08  0.86455832E-02  0.00000000E+00  0.29365481E+00  0.00000000E+00  0.00000000E+00  0.18124261E+09  0.00000000E+00  0.00000000E+00  0.00000000E+00  0.00000000E+00  0.00000000E+00  0.10000000E-01  0.10000000E+01
 0.17000200E-08  0.86455832E-02  0.00000000E+00  0.29546723E+00  0.00000000E+00  0.00000000E+00  0.18124261E+09  0.00000000E+00  0.00000000E+00  0.00000000E+00  0.00000000E+00  0.00000000E+00  0.10000000E-01  0.10000000E+01
 0.17100200E-08  0.86455832E-02  0.00000000E+00  0.29727966E+00  0.00000000E+00  0.00000000E+00  0.18124261E+09  0.00000000E+00  0.00000000E+00  0.00000000E+00  0.00000000E+00  0.00000000E+00  0.10000000E-01  0.10000000E+01
 0.17200200E-08  0.86455832E-02  0.00000000E+00  0.29909209E+00  0.00000000E+00  0.00000000E+00  0.18124261E+09  0.00000000E+00  0.00000000E+00  0.00000000E+00  0.00000000E+00  0.00000000E+00  0.10000000E-01  0.10000000E+01
 0.17300200E-08  0.86455832E-02  0.00000000E+00  0.30090451E+00  0.00000000E+00  0.00000000E+00  0.18124261E+09  0.00000000E+00  0.00000000E+00  0.00000000E+00  0.00000000E+00  0.00000000E+00  0.10000000E-01  0.10000000E+01
 0.17400200E-08  0.86455832E-02  0.00000000E+00  0.30271694E+00  0.00000000E+00  0.00000000E+00  0.18124261E+09  0.00000000E+00  0.00000000E+00  0.00000000E+00  0.00000000E+00  0.00000000E+00  0.10000000E-01  0.10000000E+01
 0.17500200E-08  0.86455832E-02  0.00000000E+00  0.30452936E+00  0.00000000E+00  0.00000000E+00  0.18124261E+09  0.00000000E+00  0.00000000E+00  0.00000000E+00  0.00000000E+00  0.00000000E+00  0.10000000E-01  0.10000000E+01
 0.17600200E-08  0.86455832E-02  0.00000000E+00  0.30634179E+00  0.00000000E+00  0.00000000E+00  0.18124261E+09  0.00000000E+00  0.00000000E+00  0.00000000E+00  0.00000000E+00  0.00000000E+00  0.10000000E-01  0.10000000E+01
 0.17700200E-08  0.86455832E-02  0.00000000E+00  0.30815422E+00  0.00000000E+00  0.00000000E+00  0.18124261E+09  0.00000000E+00  0.00000000E+00  0.00000000E+00  0.00000000E+00  0.00000000E+00  0.10000000E-01  0.10000000E+01
 0.17800200E-08  0.86455832E-02  0.00000000E+00  0.30996664E+00  0.00000000E+00  0.00000000E+00  0.18124261E+09  0.00000000E+00  0.00000000E+00  0.00000000E+00  0.00000000E+00  0.00000000E+00  0.10000000E-01  0.10000000E+01
 0.17900200E-08  0.86455832E-02  0.00000000E+00  0.31177907E+00  0.00000000E+00  0.00000000E+00  0.18124261E+09  0.00000000E+00  0.00000000E+00  0.00000000E+00  0.00000000E+00  0.00000000E+00  0.10000000E-01  0.10000000E+01
 0.18000200E-08  0.86455832E-02  0.00000000E+00  0.31359150E+00  0.00000000E+00  0.00000000E+00  0.18124261E+09  0.00000000E+00  0.00000000E+00  0.00000000E+00  0.00000000E+00  0.00000000E+00  0.10000000E-01  0.10000000E+01
 0.18100200E-08  0.86455832E-02  0.00000000E+00  0.31540392E+00  0.00000000E+00  0.00000000E+00  0.18124261E+09  0.00000000E+00  0.00000000E+00  0.00000000E+00  0.00000000E+00  0.00000000E+00  0.10000000E-01  0.10000000E+01
 0.18200200E-08  0.86455832E-02  0.00000000E+00  0.31721635E+00  0.00000000E+00  0.00000000E+00  0.18124261E+09  0.00000000E+00  0.00000000E+00  0.00000000E+00  0.00000000E+00  0.00000000E+00  0.10000000E-01  0.10000000E+01
 0.18300200E-08  0.86455832E-02  0.00000000E+00  0.31902877E+00  0.00000000E+00  0.00000000E+00  0.18124261E+09  0.00000000E+00  0.00000000E+00  0.00000000E+00  0.00000000E+00  0.00000000E+00  0.10000000E-01  0.10000000E+01
 0.18400200E-08  0.86455832E-02  0.00000000E+00  0.32084120E+00  0.00000000E+00  0.00000000E+00  0.18124261E+09  0.00000000E+00  0.00000000E+00  0.00000000E+00  0.00000000E+00  0.00000000E+00  0.10000000E-01  0.10000000E+01
 0.18500200E-08  0.86455832E-02  0.00000000E+00  0.32265363E+00  0.00000000E+00  0.00000000E+00  0.18124261E+09  0.00000000E+00  0.00000000E+00  0.00000000E+00  0.00000000E+00  0.00000000E+00  0.10000000E-01  0.10000000E+01
 0.18600200E-08  0.86455832E-02  0.00000000E+00  0.32446605E+00  0.00000000E+00  0.00000000E+00  0.18124261E+09  0.00000000E+00  0.00000000E+00  0.00000000E+00  0.00000000E+00  0.00000000E+00  0.10000000E-01  0.10000000E+01
 0.18700200E-08  0.86455832E-02  0.00000000E+00  0.32627848E+00  0.00000000E+00  0.00000000E+00  0.18124261E+09  0.00000000E+00  0.00000000E+00  0.00000000E+00  0.00000000E+00  0.00000000E+00  0.10000000E-01  0.10000000E+01
 0.18800200E-08  0.86455832E-02  0.00000000E+00  0.32809090E+00  0.00000000E+00  0.00000000E+00  0.18124261E+09  0.00000000E+00  0.00000000E+00  0.00000000E+00  0.00000000E+00  0.00000000E+00  0.10000000E-01  0.10000000E+01
 0.18900200E-08  0.86455832E-02  0.00000000E+00  0.32990333E+00  0.00000000E+00  0.00000000E+00  0.18124261E+09  0.00000000E+00  0.00000000E+00  0.00000000E+00  0.00000000E+00  0.00000000E+00  0.10000000E-01  0.10000000E+01
 0.19000200E-08  0.86455832E-02  0.00000000E+00  0.33171576E+00  0.00000000E+00  0.00000000E+00  0.18124261E+09  0.00000000E+00  0.00000000E+00  0.00000000E+00  0.00000000E+00  0.00000000E+00  0.10000000E-01  0.10000000E+01
 0.19100200E-08  0.86455832E-02  0.00000000E+00  0.33352818E+00  0.00000000E+00  0.00000000E+00  0.18124261E+09  0.00000000E+00  0.00000000E+00  0.00000000E+00  0.00000000E+00  0.00000000E+00  0.10000000E-01  0.10000000E+01
 0.19200200E-08  0.86455832E-02  0.00000000E+00  0.33534061E+00  0.00000000E+00  0.00000000E+00  0.18124261E+09  0.00000000E+00  0.00000000E+00  0.00000000E+00  0.00000000E+00  0.00000000E+00  0.10000000E-01  0.10000000E+01
 0.19300200E-08  0.86455832E-02  0.00000000E+00  0.33715303E+00  0.00000000E+00  0.00000000E+00  0.18124261E+09  0.00000000E+00  0.00000000E+00  0.00000000E+00  0.00000000E+00  0.00000000E+00  0.10000000E-01  0.10000000E+01
 0.19400200E-08  0.86455832E-02  0.00000000E+00  0.33896546E+00  0.00000000E+00  0.00000000E+00  0.18124261E+09  0.00000000E+00  0.00000000E+00  0.00000000E+00  0.00000000E+00  0.00000000E+00  0.10000000E-01  0.10000000E+01
 0.19500200E-08  0.86455832E-02  0.00000000E+00  0.34077789E+00  0.00000000E+00  0.00000000E+00  0.18124261E+09  0.00000000E+00  0.00000000E+00  0.00000000E+00  0.00000000E+00  0.00000000E+00  0.10000000E-01  0.10000000E+01
 0.19600200E-08  0.86455832E-02  0.00000000E+00  0.34259031E+00  0.00000000E+00  0.00000000E+00  0.18124261E+09  0.00000000E+00  0.00000000E+00  0.00000000E+00  0.00000000E+00  0.00000000E+00  0.10000000E-01  0.10000000E+01
 0.19700200E-08  0.86455832E-02  0.00000000E+00  0.34440274E+00  0.00000000E+00  0.00000000E+00  0.18124261E+09  0.00000000E+00  0.00000000E+00  0.00000000E+00  0.00000000E+00  0.00000000E+00  0.10000000E-01  0.10000000E+01
 0.19800200E-08  0.86455832E-02  0.00000000E+00  0.34621517E+00  0.00000000E+00  0.00000000E+00  0.18124261E+09  0.00000000E+00  0.00000000E+00  0.00000000E+00  0.00000000E+00  0.00000000E+00  0.10000000E-01  0.10000000E+01
 0.19900200E-08  0.86455832E-02  0.00000000E+00  0.34802759E+00  0.00000000E+00  0.00000000E+00  0.18124261E+09  0.00000000E+00  0.00000000E+00  0.00000000E+00  0.00000000E+00  0.00000000E+00  0.10000000E-01  0.10000000E+01
