# ptime xp yp zp vx vy vz ex ey ez bx by bz wt
 0.20000000E-13  0.46132928E-02  0.00000000E+00 -0.22560239E-01  0.00000000E+00  0.00000000E+00  0.18136517E+09  0.00000000E+00  0.00000000E+00  0.00000000E+00  0.00000000E+00  0.00000000E+00  0.10000000E-01  0.10000000E+01
 0.10000000E-10  0.46132928E-02  0.00000000E+00 -0.20750215E-01  0.00000000E+00  0.00000000E+00  0.18136517E+09  0.00000000E+00  0.00000000E+00  0.00000000E+00  0.00000000E+00  0.00000000E+00  0.10000000E-01  0.10000000E+01
 0.20000000E-10  0.46132928E-02  0.00000000E+00 -0.18936563E-01  0.00000000E+00  0.00000000E+00  0.18136517E+09  0.00000000E+00  0.00000000E+00  0.00000000E+00  0.00000000E+00  0.00000000E+00  0.10000000E-01  0.10000000E+01
 0.30000000E-10  0.46132928E-02  0.00000000E+00 -0.17122911E-01  0.00000000E+00  0.00000000E+00  0.18136517E+09  0.00000000E+00  0.00000000E+00  0.00000000E+00  0.00000000E+00  0.00000000E+00  0.10000000E-01  0.10000000E+01
 0.40020000E-10  0.46132928E-02  0.00000000E+00 -0.15305632E-01  0.00000000E+00  0.00000000E+00  0.18136517E+09  0.00000000E+00  0.00000000E+00  0.00000000E+00  0.00000000E+00  0.00000000E+00  0.10000000E-01  0.10000000E+01
 0.50020000E-10  0.46132928E-02  0.00000000E+00 -0.13491980E-01  0.00000000E+00  0.00000000E+00  0.18136517E+09  0.00000000E+00  0.00000000E+00  0.00000000E+00  0.00000000E+00  0.00000000E+00  0.10000000E-01  0.10000000E+01
 0.60020000E-10  0.46132928E-02  0.00000000E+00 -0.11678329E-01  0.00000000E+00  0.00000000E+00  0.18136517E+09  0.00000000E+00  0.00000000E+00  0.00000000E+00  0.00000000E+00  0.00000000E+00  0.10000000E-01  0.10000000E+01
 0.70020000E-10  0.46132928E-02  0.00000000E+00 -0.98646770E-02  0.00000000E+00  0.00000000E+00  0.18136517E+09  0.00000000E+00  0.00000000E+00  0.00000000E+00  0.00000000E+00  0.00000000E+00  0.10000000E-01  0.10000000E+01
 0.80000000E-10  0.46132928E-02  0.00000000E+00 -0.80546526E-02  0.00000000E+00  0.00000000E+00  0.18136517E+09  0.00000000E+00  0.00000000E+00  0.00000000E+00  0.00000000E+00  0.00000000E+00  0.10000000E-01  0.10000000E+01
 0.90000000E-10  0.46132928E-02  0.00000000E+00 -0.62410009E-02  0.00000000E+00  0.00000000E+00  0.18136517E+09  0.00000000E+00  0.00000000E+00  0.00000000E+00  0.00000000E+00  0.00000000E+00  0.10000000E-01  0.10000000E+01
 0.10000000E-09  0.46132928E-02  0.00000000E+00 -0.44273492E-02  0.00000000E+00  0.00000000E+00  0.18136517E+09  0.00000000E+00  0.00000000E+00  0.00000000E+00  0.00000000E+00  0.00000000E+00  0.10000000E-01  0.10000000E+01
 0.11000000E-09  0.46132928E-02  0.00000000E+00 -0.26136975E-02  0.00000000E+00  0.00000000E+00  0.18136517E+09  0.00000000E+00  0.00000000E+00  0.00000000E+00  0.00000000E+00  0.00000000E+00  0.10000000E-01  0.10000000E+01
 0.12000000E-09  0.46132928E-02  0.00000000E+00 -0.80004580E-03  0.00000000E+00  0.00000000E+00  0.18136517E+09  0.00000000E+00  0.00000000E+00  0.00000000E+00  0.00000000E+00  0.00000000E+00  0.10000000E-01  0.10000000E+01
 0.13000000E-09  0.46132928E-02  0.00000000E+00  0.10136059E-02  0.00000000E+00  0.00000000E+00  0.18136517E+09  0.00000000E+00  0.00000000E+00  0.00000000E+00  0.00000000E+00  0.00000000E+00  0.10000000E-01  0.10000000E+01
 0.14002000E-09  0.46132928E-02  0.00000000E+00  0.28308849E-02  0.00000000E+00  0.00000000E+00  0.18136517E+09  0.00000000E+00  0.00000000E+00  0.00000000E+00  0.00000000E+00  0.00000000E+00  0.10000000E-01  0.10000000E+01
 0.15002000E-09  0.46132928E-02  0.00000000E+00  0.46445366E-02  0.00000000E+00  0.00000000E+00  0.18136517E+09  0.00000000E+00  0.00000000E+00  0.00000000E+00  0.00000000E+00  0.00000000E+00  0.10000000E-01  0.10000000E+01
 0.16002000E-09  0.46132928E-02  0.00000000E+00  0.64581883E-02  0.00000000E+00  0.00000000E+00  0.18136517E+09  0.00000000E+00  0.00000000E+00  0.00000000E+00  0.00000000E+00  0.00000000E+00  0.10000000E-01  0.10000000E+01
 0.17002000E-09  0.46132928E-02  0.00000000E+00  0.82718400E-02  0.00000000E+00  0.00000000E+00  0.18136517E+09  0.00000000E+00  0.00000000E+00  0.00000000E+00  0.00000000E+00  0.00000000E+00  0.10000000E-01  0.10000000E+01
 0.18002000E-09  0.46132928E-02  0.00000000E+00  0.10085492E-01  0.00000000E+00  0.00000000E+00  0.18136517E+09  0.00000000E+00  0.00000000E+00  0.00000000E+00  0.00000000E+00  0.00000000E+00  0.10000000E-01  0.10000000E+01
 0.19002000E-09  0.46132928E-02  0.00000000E+00  0.11899143E-01  0.00000000E+00  0.00000000E+00  0.18136517E+09  0.00000000E+00  0.00000000E+00  0.00000000E+00  0.00000000E+00  0.00000000E+00  0.10000000E-01  0.10000000E+01
 0.20002000E-09  0.46132928E-02  0.00000000E+00  0.13712795E-01  0.00000000E+00  0.00000000E+00  0.18136517E+09  0.00000000E+00  0.00000000E+00  0.00000000E+00  0.00000000E+00  0.00000000E+00  0.10000000E-01  0.10000000E+01
 0.21002000E-09  0.46132928E-02  0.00000000E+00  0.15526447E-01  0.00000000E+00  0.00000000E+00  0.18136517E+09  0.00000000E+00  0.00000000E+00  0.00000000E+00  0.00000000E+00  0.00000000E+00  0.10000000E-01  0.10000000E+01
 0.22002000E-09  0.46132928E-02  0.00000000E+00  0.17340099E-01  0.00000000E+00  0.00000000E+00  0.18136517E+09  0.00000000E+00  0.00000000E+00  0.00000000E+00  0.00000000E+00  0.00000000E+00  0.10000000E-01  0.10000000E+01
 0.23002000E-09  0.46132928E-02  0.00000000E+00  0.19153750E-01  0.00000000E+00  0.00000000E+00  0.18136517E+09  0.00000000E+00  0.00000000E+00  0.00000000E+00  0.00000000E+00  0.00000000E+00  0.10000000E-01  0.10000000E+01
 0.24002000E-09  0.46132928E-02  0.00000000E+00  0.20967402E-01  0.00000000E+00  0.00000000E+00  0.18136517E+09  0.00000000E+00  0.00000000E+00  0.00000000E+00  0.00000000E+00  0.00000000E+00  0.10000000E-01  0.10000000E+01
 0.25002000E-09  0.46132928E-02  0.00000000E+00  0.22781054E-01  0.00000000E+00  0.00000000E+00  0.18136517E+09  0.00000000E+00  0.00000000E+00  0.00000000E+00  0.00000000E+00  0.00000000E+00  0.10000000E-01  0.10000000E+01
 0.26002000E-09  0.46132928E-02  0.00000000E+00  0.24594705E-01  0.00000000E+00  0.00000000E+00  0.18136517E+09  0.00000000E+00  0.00000000E+00  0.00000000E+00  0.00000000E+00  0.00000000E+00  0.10000000E-01  0.10000000E+01
 0.27002000E-09  0.46132928E-02  0.00000000E+00  0.26408357E-01  0.00000000E+00  0.00000000E+00  0.18136517E+09  0.00000000E+00  0.00000000E+00  0.00000000E+00  0.00000000E+00  0.00000000E+00  0.10000000E-01  0.10000000E+01
 0.28002000E-09  0.46132928E-02  0.00000000E+00  0.28222009E-01  0.00000000E+00  0.00000000E+00  0.18136517E+09  0.00000000E+00  0.00000000E+00  0.00000000E+00  0.00000000E+00  0.00000000E+00  0.10000000E-01  0.10000000E+01
 0.29002000E-09  0.46132928E-02  0.00000000E+00  0.30035660E-01  0.00000000E+00  0.00000000E+00  0.18136517E+09  0.00000000E+00  0.00000000E+00  0.00000000E+00  0.00000000E+00  0.00000000E+00  0.10000000E-01  0.10000000E+01
 0.30000000E-09  0.46132928E-02  0.00000000E+00  0.31845685E-01  0.00000000E+00  0.00000000E+00  0.18136517E+09  0.00000000E+00  0.00000000E+00  0.00000000E+00  0.00000000E+00  0.00000000E+00  0.10000000E-01  0.10000000E+01
 0.31000000E-09  0.46132928E-02  0.00000000E+00  0.33659336E-01  0.00000000E+00  0.00000000E+00  0.18136517E+09  0.00000000E+00  0.00000000E+00  0.00000000E+00  0.00000000E+00  0.00000000E+00  0.10000000E-01  0.10000000E+01
 0.32000000E-09  0.46132928E-02  0.00000000E+00  0.35472988E-01  0.00000000E+00  0.00000000E+00  0.18136517E+09  0.00000000E+00  0.00000000E+00  0.00000000E+00  0.00000000E+00  0.00000000E+00  0.10000000E-01  0.10000000E+01
 0.33000000E-09  0.46132928E-02  0.00000000E+00  0.37286640E-01  0.00000000E+00  0.00000000E+00  0.18136517E+09  0.00000000E+00  0.00000000E+00  0.00000000E+00  0.00000000E+00  0.00000000E+00  0.10000000E-01  0.10000000E+01
 0.34000000E-09  0.46132928E-02  0.00000000E+00  0.39100292E-01  0.00000000E+00  0.00000000E+00  0.18136517E+09  0.00000000E+00  0.00000000E+00  0.00000000E+00  0.00000000E+00  0.00000000E+00  0.10000000E-01  0.10000000E+01
 0.35000000E-09  0.46132928E-02  0.00000000E+00  0.40913943E-01  0.00000000E+00  0.00000000E+00  0.18136517E+09  0.00000000E+00  0.00000000E+00  0.00000000E+00  0.00000000E+00  0.00000000E+00  0.10000000E-01  0.10000000E+01
 0.36000000E-09  0.46132928E-02  0.00000000E+00  0.42727595E-01  0.00000000E+00  0.00000000E+00  0.18136517E+09  0.00000000E+00  0.00000000E+00  0.00000000E+00  0.00000000E+00  0.00000000E+00  0.10000000E-01  0.10000000E+01
 0.37000000E-09  0.46132928E-02  0.00000000E+00  0.44541247E-01  0.00000000E+00  0.00000000E+00  0.18136517E+09  0.00000000E+00  0.00000000E+00  0.00000000E+00  0.00000000E+00  0.00000000E+00  0.10000000E-01  0.10000000E+01
 0.38000000E-09  0.46132928E-02  0.00000000E+00  0.46354898E-01  0.00000000E+00  0.00000000E+00  0.18136517E+09  0.00000000E+00  0.00000000E+00  0.00000000E+00  0.00000000E+00  0.00000000E+00  0.10000000E-01  0.10000000E+01
 0.39000000E-09  0.46132928E-02  0.00000000E+00  0.48168550E-01  0.00000000E+00  0.00000000E+00  0.18136517E+09  0.00000000E+00  0.00000000E+00  0.00000000E+00  0.00000000E+00  0.00000000E+00  0.10000000E-01  0.10000000E+01
 0.40000000E-09  0.46132928E-02  0.00000000E+00  0.49982202E-01  0.00000000E+00  0.00000000E+00  0.18136517E+09  0.00000000E+00  0.00000000E+00  0.00000000E+00  0.00000000E+00  0.00000000E+00  0.10000000E-01  0.10000000E+01
 0.41000000E-09  0.46132928E-02  0.00000000E+00  0.51795853E-01  0.00000000E+00  0.00000000E+00  0.18136517E+09  0.00000000E+00  0.00000000E+00  0.00000000E+00  0.00000000E+00  0.00000000E+00  0.10000000E-01  0.10000000E+01
 0.42000000E-09  0.46132928E-02  0.00000000E+00  0.53609505E-01  0.00000000E+00  0.00000000E+00  0.18136517E+09  0.00000000E+00  0.00000000E+00  0.00000000E+00  0.00000000E+00  0.00000000E+00  0.10000000E-01  0.10000000E+01
 0.43000000E-09  0.46132928E-02  0.00000000E+00  0.55423157E-01  0.00000000E+00  0.00000000E+00  0.18136517E+09  0.00000000E+00  0.00000000E+00  0.00000000E+00  0.00000000E+00  0.00000000E+00  0.10000000E-01  0.10000000E+01
 0.44000000E-09  0.46132928E-02  0.00000000E+00  0.57236809E-01  0.00000000E+00  0.00000000E+00  0.18136517E+09  0.00000000E+00  0.00000000E+00  0.00000000E+00  0.00000000E+00  0.00000000E+00  0.10000000E-01  0.10000000E+01
 0.45000000E-09  0.46132928E-02  0.00000000E+00  0.59050460E-01  0.00000000E+00  0.00000000E+00  0.18136517E+09  0.00000000E+00  0.00000000E+00  0.00000000E+00  0.00000000E+00  0.00000000E+00  0.10000000E-01  0.10000000E+01
 0.46000000E-09  0.46132928E-02  0.00000000E+00  0.60864112E-01  0.00000000E+00  0.00000000E+00  0.18136517E+09  0.00000000E+00  0.00000000E+00  0.00000000E+00  0.00000000E+00  0.00000000E+00  0.10000000E-01  0.10000000E+01
 0.47000000E-09  0.46132928E-02  0.00000000E+00  0.62677764E-01  0.00000000E+00  0.00000000E+00  0.18136517E+09  0.00000000E+00  0.00000000E+00  0.00000000E+00  0.00000000E+00  0.00000000E+00  0.10000000E-01  0.10000000E+01
 0.48000000E-09  0.46132928E-02  0.00000000E+00  0.64491415E-01  0.00000000E+00  0.00000000E+00  0.18136517E+09  0.00000000E+00  0.00000000E+00  0.00000000E+00  0.00000000E+00  0.00000000E+00  0.10000000E-01  0.10000000E+01
 0.49000000E-09  0.46132928E-02  0.00000000E+00  0.66305067E-01  0.00000000E+00  0.00000000E+00  0.18136517E+09  0.00000000E+00  0.00000000E+00  0.00000000E+00  0.00000000E+00  0.00000000E+00  0.10000000E-01  0.10000000E+01
 0.50000000E-09  0.46132928E-02  0.00000000E+00  0.68118719E-01  0.00000000E+00  0.00000000E+00  0.18136517E+09  0.00000000E+00  0.00000000E+00  0.00000000E+00  0.00000000E+00  0.00000000E+00  0.10000000E-01  0.10000000E+01
 0.51000000E-09  0.46132928E-02  0.00000000E+00  0.69932370E-01  0.00000000E+00  0.00000000E+00  0.18136517E+09  0.00000000E+00  0.00000000E+00  0.00000000E+00  0.00000000E+00  0.00000000E+00  0.10000000E-01  0.10000000E+01
 0.52000000E-09  0.46132928E-02  0.00000000E+00  0.71746022E-01  0.00000000E+00  0.00000000E+00  0.18136517E+09  0.00000000E+00  0.00000000E+00  0.00000000E+00  0.00000000E+00  0.00000000E+00  0.10000000E-01  0.10000000E+01
 0.53000000E-09  0.46132928E-02  0.00000000E+00  0.73559674E-01  0.00000000E+00  0.00000000E+00  0.18136517E+09  0.00000000E+00  0.00000000E+00  0.00000000E+00  0.00000000E+00  0.00000000E+00  0.10000000E-01  0.10000000E+01
 0.54000000E-09  0.46132928E-02  0.00000000E+00  0.75373326E-01  0.00000000E+00  0.00000000E+00  0.18136517E+09  0.00000000E+00  0.00000000E+00  0.00000000E+00  0.00000000E+00  0.00000000E+00  0.10000000E-01  0.10000000E+01
 0.55002000E-09  0.46132928E-02  0.00000000E+00  0.77190605E-01  0.00000000E+00  0.00000000E+00  0.18136517E+09  0.00000000E+00  0.00000000E+00  0.00000000E+00  0.00000000E+00  0.00000000E+00  0.10000000E-01  0.10000000E+01
 0.56002000E-09  0.46132928E-02  0.00000000E+00  0.79004256E-01  0.00000000E+00  0.00000000E+00  0.18136517E+09  0.00000000E+00  0.00000000E+00  0.00000000E+00  0.00000000E+00  0.00000000E+00  0.10000000E-01  0.10000000E+01
 0.57002000E-09  0.46132928E-02  0.00000000E+00  0.80817908E-01  0.00000000E+00  0.00000000E+00  0.18136517E+09  0.00000000E+00  0.00000000E+00  0.00000000E+00  0.00000000E+00  0.00000000E+00  0.10000000E-01  0.10000000E+01
 0.58002000E-09  0.46132928E-02  0.00000000E+00  0.82631560E-01  0.00000000E+00  0.00000000E+00  0.18136517E+09  0.00000000E+00  0.00000000E+00  0.00000000E+00  0.00000000E+00  0.00000000E+00  0.10000000E-01  0.10000000E+01
 0.59002000E-09  0.46132928E-02  0.00000000E+00  0.84445211E-01  0.00000000E+00  0.00000000E+00  0.18136517E+09  0.00000000E+00  0.00000000E+00  0.00000000E+00  0.00000000E+00  0.00000000E+00  0.10000000E-01  0.10000000E+01
 0.60002000E-09  0.46132928E-02  0.00000000E+00  0.86258863E-01  0.00000000E+00  0.00000000E+00  0.18136517E+09  0.00000000E+00  0.00000000E+00  0.00000000E+00  0.00000000E+00  0.00000000E+00  0.10000000E-01  0.10000000E+01
 0.61002000E-09  0.46132928E-02  0.00000000E+00  0.88072515E-01  0.00000000E+00  0.00000000E+00  0.18136517E+09  0.00000000E+00  0.00000000E+00  0.00000000E+00  0.00000000E+00  0.00000000E+00  0.10000000E-01  0.10000000E+01
 0.62002000E-09  0.46132928E-02  0.00000000E+00  0.89886167E-01  0.00000000E+00  0.00000000E+00  0.18136517E+09  0.00000000E+00  0.00000000E+00  0.00000000E+00  0.00000000E+00  0.00000000E+00  0.10000000E-01  0.10000000E+01
 0.63002000E-09  0.46132928E-02  0.00000000E+00  0.91699818E-01  0.00000000E+00  0.00000000E+00  0.18136517E+09  0.00000000E+00  0.00000000E+00  0.00000000E+00  0.00000000E+00  0.00000000E+00  0.10000000E-01  0.10000000E+01
 0.64002000E-09  0.46132928E-02  0.00000000E+00  0.93513470E-01  0.00000000E+00  0.00000000E+00  0.18136517E+09  0.00000000E+00  0.00000000E+00  0.00000000E+00  0.00000000E+00  0.00000000E+00  0.10000000E-01  0.10000000E+01
 0.65002000E-09  0.46132928E-02  0.00000000E+00  0.95327122E-01  0.00000000E+00  0.00000000E+00  0.18136517E+09  0.00000000E+00  0.00000000E+00  0.00000000E+00  0.00000000E+00  0.00000000E+00  0.10000000E-01  0.10000000E+01
 0.66002000E-09  0.46132928E-02  0.00000000E+00  0.97140773E-01  0.00000000E+00  0.00000000E+00  0.18136517E+09  0.00000000E+00  0.00000000E+00  0.00000000E+00  0.00000000E+00  0.00000000E+00  0.10000000E-01  0.10000000E+01
 0.67002000E-09  0.46132928E-02  0.00000000E+00  0.98954425E-01  0.00000000E+00  0.00000000E+00  0.18136517E+09  0.00000000E+00  0.00000000E+00  0.00000000E+00  0.00000000E+00  0.00000000E+00  0.10000000E-01  0.10000000E+01
 0.68002000E-09  0.46132928E-02  0.00000000E+00  0.10076808E+00  0.00000000E+00  0.00000000E+00  0.18136517E+09  0.00000000E+00  0.00000000E+00  0.00000000E+00  0.00000000E+00  0.00000000E+00  0.10000000E-01  0.10000000E+01
 0.69002000E-09  0.46132928E-02  0.00000000E+00  0.10258173E+00  0.00000000E+00  0.00000000E+00  0.18136517E+09  0.00000000E+00  0.00000000E+00  0.00000000E+00  0.00000000E+00  0.00000000E+00  0.10000000E-01  0.10000000E+01
 0.70002000E-09  0.46132928E-02  0.00000000E+00  0.10439538E+00  0.00000000E+00  0.00000000E+00  0.18136517E+09  0.00000000E+00  0.00000000E+00  0.00000000E+00  0.00000000E+00  0.00000000E+00  0.10000000E-01  0.10000000E+01
 0.71002000E-09  0.46132928E-02  0.00000000E+00  0.10620903E+00  0.00000000E+00  0.00000000E+00  0.18136517E+09  0.00000000E+00  0.00000000E+00  0.00000000E+00  0.00000000E+00  0.00000000E+00  0.10000000E-01  0.10000000E+01
 0.72002000E-09  0.46132928E-02  0.00000000E+00  0.10802268E+00  0.00000000E+00  0.00000000E+00  0.18136517E+09  0.00000000E+00  0.00000000E+00  0.00000000E+00  0.00000000E+00  0.00000000E+00  0.10000000E-01  0.10000000E+01
 0.73002000E-09  0.46132928E-02  0.00000000E+00  0.10983634E+00  0.00000000E+00  0.00000000E+00  0.18136517E+09  0.00000000E+00  0.00000000E+00  0.00000000E+00  0.00000000E+00  0.00000000E+00  0.10000000E-01  0.10000000E+01
 0.74002000E-09  0.46132928E-02  0.00000000E+00  0.11164999E+00  0.00000000E+00  0.00000000E+00  0.18136517E+09  0.00000000E+00  0.00000000E+00  0.00000000E+00  0.00000000E+00  0.00000000E+00  0.10000000E-01  0.10000000E+01
 0.75002000E-09  0.46132928E-02  0.00000000E+00  0.11346364E+00  0.00000000E+00  0.00000000E+00  0.18136517E+09  0.00000000E+00  0.00000000E+00  0.00000000E+00  0.00000000E+00  0.00000000E+00  0.10000000E-01  0.10000000E+01
 0.76002000E-09  0.46132928E-02  0.00000000E+00  0.11527729E+00  0.00000000E+00  0.00000000E+00  0.18136517E+09  0.00000000E+00  0.00000000E+00  0.00000000E+00  0.00000000E+00  0.00000000E+00  0.10000000E-01  0.10000000E+01
 0.77002000E-09  0.46132928E-02  0.00000000E+00  0.11709094E+00  0.00000000E+00  0.00000000E+00  0.18136517E+09  0.00000000E+00  0.00000000E+00  0.00000000E+00  0.00000000E+00  0.00000000E+00  0.10000000E-01  0.10000000E+01
 0.78002000E-09  0.46132928E-02  0.00000000E+00  0.11890459E+00  0.00000000E+00  0.00000000E+00  0.18136517E+09  0.00000000E+00  0.00000000E+00  0.00000000E+00  0.00000000E+00  0.00000000E+00  0.10000000E-01  0.10000000E+01
 0.79002000E-09  0.46132928E-02  0.00000000E+00  0.12071825E+00  0.00000000E+00  0.00000000E+00  0.18136517E+09  0.00000000E+00  0.00000000E+00  0.00000000E+00  0.00000000E+00  0.00000000E+00  0.10000000E-01  0.10000000E+01
 0.80002000E-09  0.46132928E-02  0.00000000E+00  0.12253190E+00  0.00000000E+00  0.00000000E+00  0.18136517E+09  0.00000000E+00  0.00000000E+00  0.00000000E+00  0.00000000E+00  0.00000000E+00  0.10000000E-01  0.10000000E+01
 0.81002000E-09  0.46132928E-02  0.00000000E+00  0.12434555E+00  0.00000000E+00  0.00000000E+00  0.18136517E+09  0.00000000E+00  0.00000000E+00  0.00000000E+00  0.00000000E+00  0.00000000E+00  0.10000000E-01  0.10000000E+01
 0.82002000E-09  0.46132928E-02  0.00000000E+00  0.12615920E+00  0.00000000E+00  0.00000000E+00  0.18136517E+09  0.00000000E+00  0.00000000E+00  0.00000000E+00  0.00000000E+00  0.00000000E+00  0.10000000E-01  0.10000000E+01
 0.83002000E-09  0.46132928E-02  0.00000000E+00  0.12797285E+00  0.00000000E+00  0.00000000E+00  0.18136517E+09  0.00000000E+00  0.00000000E+00  0.00000000E+00  0.00000000E+00  0.00000000E+00  0.10000000E-01  0.10000000E+01
 0.84002000E-09  0.46132928E-02  0.00000000E+00  0.12978650E+00  0.00000000E+00  0.00000000E+00  0.18136517E+09  0.00000000E+00  0.00000000E+00  0.00000000E+00  0.00000000E+00  0.00000000E+00  0.10000000E-01  0.10000000E+01
 0.85002000E-09  0.46132928E-02  0.00000000E+00  0.13160016E+00  0.00000000E+00  0.00000000E+00  0.18136517E+09  0.00000000E+00  0.00000000E+00  0.00000000E+00  0.00000000E+00  0.00000000E+00  0.10000000E-01  0.10000000E+01
 0.86002000E-09  0.46132928E-02  0.00000000E+00  0.13341381E+00  0.00000000E+00  0.00000000E+00  0.18136517E+09  0.00000000E+00  0.00000000E+00  0.00000000E+00  0.00000000E+00  0.00000000E+00  0.10000000E-01  0.10000000E+01
 0.87002000E-09  0.46132928E-02  0.00000000E+00  0.13522746E+00  0.00000000E+00  0.00000000E+00  0.18136517E+09  0.00000000E+00  0.00000000E+00  0.00000000E+00  0.00000000E+00  0.00000000E+00  0.10000000E-01  0.10000000E+01
 0.88002000E-09  0.46132928E-02  0.00000000E+00  0.13704111E+00  0.00000000E+00  0.00000000E+00  0.18136517E+09  0.00000000E+00  0.00000000E+00  0.00000000E+00  0.00000000E+00  0.00000000E+00  0.10000000E-01  0.10000000E+01
 0.89002000E-09  0.46132928E-02  0.00000000E+00  0.13885476E+00  0.00000000E+00  0.00000000E+00  0.18136517E+09  0.00000000E+00  0.00000000E+00  0.00000000E+00  0.00000000E+00  0.00000000E+00  0.10000000E-01  0.10000000E+01
 0.90002000E-09  0.46132928E-02  0.00000000E+00  0.14066841E+00  0.00000000E+00  0.00000000E+00  0.18136517E+09  0.00000000E+00  0.00000000E+00  0.00000000E+00  0.00000000E+00  0.00000000E+00  0.10000000E-01  0.10000000E+01
 0.91002000E-09  0.46132928E-02  0.00000000E+00  0.14248207E+00  0.00000000E+00  0.00000000E+00  0.18136517E+09  0.00000000E+00  0.00000000E+00  0.00000000E+00  0.00000000E+00  0.00000000E+00  0.10000000E-01  0.10000000E+01
 0.92002000E-09  0.46132928E-02  0.00000000E+00  0.14429572E+00  0.00000000E+00  0.00000000E+00  0.18136517E+09  0.00000000E+00  0.00000000E+00  0.00000000E+00  0.00000000E+00  0.00000000E+00  0.10000000E-01  0.10000000E+01
 0.93002000E-09  0.46132928E-02  0.00000000E+00  0.14610937E+00  0.00000000E+00  0.00000000E+00  0.18136517E+09  0.00000000E+00  0.00000000E+00  0.00000000E+00  0.00000000E+00  0.00000000E+00  0.10000000E-01  0.10000000E+01
 0.94002000E-09  0.46132928E-02  0.00000000E+00  0.14792302E+00  0.00000000E+00  0.00000000E+00  0.18136517E+09  0.00000000E+00  0.00000000E+00  0.00000000E+00  0.00000000E+00  0.00000000E+00  0.10000000E-01  0.10000000E+01
 0.95002000E-09  0.46132928E-02  0.00000000E+00  0.14973667E+00  0.00000000E+00  0.00000000E+00  0.18136517E+09  0.00000000E+00  0.00000000E+00  0.00000000E+00  0.00000000E+00  0.00000000E+00  0.10000000E-01  0.10000000E+01
 0.96002000E-09  0.46132928E-02  0.00000000E+00  0.15155032E+00  0.00000000E+00  0.00000000E+00  0.18136517E+09  0.00000000E+00  0.00000000E+00  0.00000000E+00  0.00000000E+00  0.00000000E+00  0.10000000E-01  0.10000000E+01
 0.97002000E-09  0.46132928E-02  0.00000000E+00  0.15336398E+00  0.00000000E+00  0.00000000E+00  0.18136517E+09  0.00000000E+00  0.00000000E+00  0.00000000E+00  0.00000000E+00  0.00000000E+00  0.10000000E-01  0.10000000E+01
 0.98002000E-09  0.46132928E-02  0.00000000E+00  0.15517763E+00  0.00000000E+00  0.00000000E+00  0.18136517E+09  0.00000000E+00  0.00000000E+00  0.00000000E+00  0.00000000E+00  0.00000000E+00  0.10000000E-01  0.10000000E+01
 0.99002000E-09  0.46132928E-02  0.00000000E+00  0.15699128E+00  0.00000000E+00  0.00000000E+00  0.18136517E+09  0.00000000E+00  0.00000000E+00  0.00000000E+00  0.00000000E+00  0.00000000E+00  0.10000000E-01  0.10000000E+01
 0.10000200E-08  0.46132928E-02  0.00000000E+00  0.15880493E+00  0.00000000E+00  0.00000000E+00  0.18136517E+09  0.00000000E+00  0.00000000E+00  0.00000000E+00  0.00000000E+00  0.00000000E+00  0.10000000E-01  0.10000000E+01
 0.10100200E-08  0.46132928E-02  0.00000000E+00  0.16061858E+00  0.00000000E+00  0.00000000E+00  0.18136517E+09  0.00000000E+00  0.00000000E+00  0.00000000E+00  0.00000000E+00  0.00000000E+00  0.10000000E-01  0.10000000E+01
 0.10200200E-08  0.46132928E-02  0.00000000E+00  0.16243223E+00  0.00000000E+00  0.00000000E+00  0.18136517E+09  0.00000000E+00  0.00000000E+00  0.00000000E+00  0.00000000E+00  0.00000000E+00  0.10000000E-01  0.10000000E+01
 0.10300200E-08  0.46132928E-02  0.00000000E+00  0.16424589E+00  0.00000000E+00  0.00000000E+00  0.18136517E+09  0.00000000E+00  0.00000000E+00  0.00000000E+00  0.00000000E+00  0.00000000E+00  0.10000000E-01  0.10000000E+01
 0.10400200E-08  0.46132928E-02  0.00000000E+00  0.16605954E+00  0.00000000E+00  0.00000000E+00  0.18136517E+09  0.00000000E+00  0.00000000E+00  0.00000000E+00  0.00000000E+00  0.00000000E+00  0.10000000E-01  0.10000000E+01
 0.10500200E-08  0.46132928E-02  0.00000000E+00  0.16787319E+00  0.00000000E+00  0.00000000E+00  0.18136517E+09  0.00000000E+00  0.00000000E+00  0.00000000E+00  0.00000000E+00  0.00000000E+00  0.10000000E-01  0.10000000E+01
 0.10600200E-08  0.46132928E-02  0.00000000E+00  0.16968684E+00  0.00000000E+00  0.00000000E+00  0.18136517E+09  0.00000000E+00  0.00000000E+00  0.00000000E+00  0.00000000E+00  0.00000000E+00  0.10000000E-01  0.10000000E+01
 0.10700200E-08  0.46132928E-02  0.00000000E+00  0.17150049E+00  0.00000000E+00  0.00000000E+00  0.18136517E+09  0.00000000E+00  0.00000000E+00  0.00000000E+00  0.00000000E+00  0.00000000E+00  0.10000000E-01  0.10000000E+01
 0.10800200E-08  0.46132928E-02  0.00000000E+00  0.17331414E+00  0.00000000E+00  0.00000000E+00  0.18136517E+09  0.00000000E+00  0.00000000E+00  0.00000000E+00  0.00000000E+00  0.00000000E+00  0.10000000E-01  0.10000000E+01
 0.10900200E-08  0.46132928E-02  0.00000000E+00  0.17512780E+00  0.00000000E+00  0.00000000E+00  0.18136517E+09  0.00000000E+00  0.00000000E+00  0.00000000E+00  0.00000000E+00  0.00000000E+00  0.10000000E-01  0.10000000E+01
 0.11000200E-08  0.46132928E-02  0.00000000E+00  0.17694145E+00  0.00000000E+00  0.00000000E+00  0.18136517E+09  0.00000000E+00  0.00000000E+00  0.00000000E+00  0.00000000E+00  0.00000000E+00  0.10000000E-01  0.10000000E+01
 0.11100200E-08  0.46132928E-02  0.00000000E+00  0.17875510E+00  0.00000000E+00  0.00000000E+00  0.18136517E+09  0.00000000E+00  0.00000000E+00  0.00000000E+00  0.00000000E+00  0.00000000E+00  0.10000000E-01  0.10000000E+01
 0.11200200E-08  0.46132928E-02  0.00000000E+00  0.18056875E+00  0.00000000E+00  0.00000000E+00  0.18136517E+09  0.00000000E+00  0.00000000E+00  0.00000000E+00  0.00000000E+00  0.00000000E+00  0.10000000E-01  0.10000000E+01
 0.11300200E-08  0.46132928E-02  0.00000000E+00  0.18238240E+00  0.00000000E+00  0.00000000E+00  0.18136517E+09  0.00000000E+00  0.00000000E+00  0.00000000E+00  0.00000000E+00  0.00000000E+00  0.10000000E-01  0.10000000E+01
 0.11400200E-08  0.46132928E-02  0.00000000E+00  0.18419605E+00  0.00000000E+00  0.00000000E+00  0.18136517E+09  0.00000000E+00  0.00000000E+00  0.00000000E+00  0.00000000E+00  0.00000000E+00  0.10000000E-01  0.10000000E+01
 0.11500200E-08  0.46132928E-02  0.00000000E+00  0.18600971E+00  0.00000000E+00  0.00000000E+00  0.18136517E+09  0.00000000E+00  0.00000000E+00  0.00000000E+00  0.00000000E+00  0.00000000E+00  0.10000000E-01  0.10000000E+01
 0.11600200E-08  0.46132928E-02  0.00000000E+00  0.18782336E+00  0.00000000E+00  0.00000000E+00  0.18136517E+09  0.00000000E+00  0.00000000E+00  0.00000000E+00  0.00000000E+00  0.00000000E+00  0.10000000E-01  0.10000000E+01
 0.11700200E-08  0.46132928E-02  0.00000000E+00  0.18963701E+00  0.00000000E+00  0.00000000E+00  0.18136517E+09  0.00000000E+00  0.00000000E+00  0.00000000E+00  0.00000000E+00  0.00000000E+00  0.10000000E-01  0.10000000E+01
 0.11800200E-08  0.46132928E-02  0.00000000E+00  0.19145066E+00  0.00000000E+00  0.00000000E+00  0.18136517E+09  0.00000000E+00  0.00000000E+00  0.00000000E+00  0.00000000E+00  0.00000000E+00  0.10000000E-01  0.10000000E+01
 0.11900200E-08  0.46132928E-02  0.00000000E+00  0.19326431E+00  0.00000000E+00  0.00000000E+00  0.18136517E+09  0.00000000E+00  0.00000000E+00  0.00000000E+00  0.00000000E+00  0.00000000E+00  0.10000000E-01  0.10000000E+01
 0.12000200E-08  0.46132928E-02  0.00000000E+00  0.19507797E+00  0.00000000E+00  0.00000000E+00  0.18136517E+09  0.00000000E+00  0.00000000E+00  0.00000000E+00  0.00000000E+00  0.00000000E+00  0.10000000E-01  0.10000000E+01
 0.12100200E-08  0.46132928E-02  0.00000000E+00  0.19689162E+00  0.00000000E+00  0.00000000E+00  0.18136517E+09  0.00000000E+00  0.00000000E+00  0.00000000E+00  0.00000000E+00  0.00000000E+00  0.10000000E-01  0.10000000E+01
 0.12200200E-08  0.46132928E-02  0.00000000E+00  0.19870527E+00  0.00000000E+00  0.00000000E+00  0.18136517E+09  0.00000000E+00  0.00000000E+00  0.00000000E+00  0.00000000E+00  0.00000000E+00  0.10000000E-01  0.10000000E+01
 0.12300200E-08  0.46132928E-02  0.00000000E+00  0.20051892E+00  0.00000000E+00  0.00000000E+00  0.18136517E+09  0.00000000E+00  0.00000000E+00  0.00000000E+00  0.00000000E+00  0.00000000E+00  0.10000000E-01  0.10000000E+01
 0.12400200E-08  0.46132928E-02  0.00000000E+00  0.20233257E+00  0.00000000E+00  0.00000000E+00  0.18136517E+09  0.00000000E+00  0.00000000E+00  0.00000000E+00  0.00000000E+00  0.00000000E+00  0.10000000E-01  0.10000000E+01
 0.12500200E-08  0.46132928E-02  0.00000000E+00  0.20414622E+00  0.00000000E+00  0.00000000E+00  0.18136517E+09  0.00000000E+00  0.00000000E+00  0.00000000E+00  0.00000000E+00  0.00000000E+00  0.10000000E-01  0.10000000E+01
 0.12600200E-08  0.46132928E-02  0.00000000E+00  0.20595988E+00  0.00000000E+00  0.00000000E+00  0.18136517E+09  0.00000000E+00  0.00000000E+00  0.00000000E+00  0.00000000E+00  0.00000000E+00  0.10000000E-01  0.10000000E+01
 0.12700200E-08  0.46132928E-02  0.00000000E+00  0.20777353E+00  0.00000000E+00  0.00000000E+00  0.18136517E+09  0.00000000E+00  0.00000000E+00  0.00000000E+00  0.00000000E+00  0.00000000E+00  0.10000000E-01  0.10000000E+01
 0.12800200E-08  0.46132928E-02  0.00000000E+00  0.20958718E+00  0.00000000E+00  0.00000000E+00  0.18136517E+09  0.00000000E+00  0.00000000E+00  0.00000000E+00  0.00000000E+00  0.00000000E+00  0.10000000E-01  0.10000000E+01
 0.12900200E-08  0.46132928E-02  0.00000000E+00  0.21140083E+00  0.00000000E+00  0.00000000E+00  0.18136517E+09  0.00000000E+00  0.00000000E+00  0.00000000E+00  0.00000000E+00  0.00000000E+00  0.10000000E-01  0.10000000E+01
 0.13000200E-08  0.46132928E-02  0.00000000E+00  0.21321448E+00  0.00000000E+00  0.00000000E+00  0.18136517E+09  0.00000000E+00  0.00000000E+00  0.00000000E+00  0.00000000E+00  0.00000000E+00  0.10000000E-01  0.10000000E+01
 0.13100200E-08  0.46132928E-02  0.00000000E+00  0.21502813E+00  0.00000000E+00  0.00000000E+00  0.18136517E+09  0.00000000E+00  0.00000000E+00  0.00000000E+00  0.00000000E+00  0.00000000E+00  0.10000000E-01  0.10000000E+01
 0.13200200E-08  0.46132928E-02  0.00000000E+00  0.21684179E+00  0.00000000E+00  0.00000000E+00  0.18136517E+09  0.00000000E+00  0.00000000E+00  0.00000000E+00  0.00000000E+00  0.00000000E+00  0.10000000E-01  0.10000000E+01
 0.13300200E-08  0.46132928E-02  0.00000000E+00  0.21865544E+00  0.00000000E+00  0.00000000E+00  0.18136517E+09  0.00000000E+00  0.00000000E+00  0.00000000E+00  0.00000000E+00  0.00000000E+00  0.10000000E-01  0.10000000E+01
 0.13400200E-08  0.46132928E-02  0.00000000E+00  0.22046909E+00  0.00000000E+00  0.00000000E+00  0.18136517E+09  0.00000000E+00  0.00000000E+00  0.00000000E+00  0.00000000E+00  0.00000000E+00  0.10000000E-01  0.10000000E+01
 0.13500200E-08  0.46132928E-02  0.00000000E+00  0.22228274E+00  0.00000000E+00  0.00000000E+00  0.18136517E+09  0.00000000E+00  0.00000000E+00  0.00000000E+00  0.00000000E+00  0.00000000E+00  0.10000000E-01  0.10000000E+01
 0.13600200E-08  0.46132928E-02  0.00000000E+00  0.22409639E+00  0.00000000E+00  0.00000000E+00  0.18136517E+09  0.00000000E+00  0.00000000E+00  0.00000000E+00  0.00000000E+00  0.00000000E+00  0.10000000E-01  0.10000000E+01
 0.13700200E-08  0.46132928E-02  0.00000000E+00  0.22591004E+00  0.00000000E+00  0.00000000E+00  0.18136517E+09  0.00000000E+00  0.00000000E+00  0.00000000E+00  0.00000000E+00  0.00000000E+00  0.10000000E-01  0.10000000E+01
 0.13800200E-08  0.46132928E-02  0.00000000E+00  0.22772370E+00  0.00000000E+00  0.00000000E+00  0.18136517E+09  0.00000000E+00  0.00000000E+00  0.00000000E+00  0.00000000E+00  0.00000000E+00  0.10000000E-01  0.10000000E+01
 0.13900200E-08  0.46132928E-02  0.00000000E+00  0.22953735E+00  0.00000000E+00  0.00000000E+00  0.18136517E+09  0.00000000E+00  0.00000000E+00  0.00000000E+00  0.00000000E+00  0.00000000E+00  0.10000000E-01  0.10000000E+01
 0.14000200E-08  0.46132928E-02  0.00000000E+00  0.23135100E+00  0.00000000E+00  0.00000000E+00  0.18136517E+09  0.00000000E+00  0.00000000E+00  0.00000000E+00  0.00000000E+00  0.00000000E+00  0.10000000E-01  0.10000000E+01
 0.14100200E-08  0.46132928E-02  0.00000000E+00  0.23316465E+00  0.00000000E+00  0.00000000E+00  0.18136517E+09  0.00000000E+00  0.00000000E+00  0.00000000E+00  0.00000000E+00  0.00000000E+00  0.10000000E-01  0.10000000E+01
 0.14200200E-08  0.46132928E-02  0.00000000E+00  0.23497830E+00  0.00000000E+00  0.00000000E+00  0.18136517E+09  0.00000000E+00  0.00000000E+00  0.00000000E+00  0.00000000E+00  0.00000000E+00  0.10000000E-01  0.10000000E+01
 0.14300200E-08  0.46132928E-02  0.00000000E+00  0.23679195E+00  0.00000000E+00  0.00000000E+00  0.18136517E+09  0.00000000E+00  0.00000000E+00  0.00000000E+00  0.00000000E+00  0.00000000E+00  0.10000000E-01  0.10000000E+01
 0.14400200E-08  0.46132928E-02  0.00000000E+00  0.23860561E+00  0.00000000E+00  0.00000000E+00  0.18136517E+09  0.00000000E+00  0.00000000E+00  0.00000000E+00  0.00000000E+00  0.00000000E+00  0.10000000E-01  0.10000000E+01
 0.14500200E-08  0.46132928E-02  0.00000000E+00  0.24041926E+00  0.00000000E+00  0.00000000E+00  0.18136517E+09  0.00000000E+00  0.00000000E+00  0.00000000E+00  0.00000000E+00  0.00000000E+00  0.10000000E-01  0.10000000E+01
 0.14600200E-08  0.46132928E-02  0.00000000E+00  0.24223291E+00  0.00000000E+00  0.00000000E+00  0.18136517E+09  0.00000000E+00  0.00000000E+00  0.00000000E+00  0.00000000E+00  0.00000000E+00  0.10000000E-01  0.10000000E+01
 0.14700200E-08  0.46132928E-02  0.00000000E+00  0.24404656E+00  0.00000000E+00  0.00000000E+00  0.18136517E+09  0.00000000E+00  0.00000000E+00  0.00000000E+00  0.00000000E+00  0.00000000E+00  0.10000000E-01  0.10000000E+01
 0.14800200E-08  0.46132928E-02  0.00000000E+00  0.24586021E+00  0.00000000E+00  0.00000000E+00  0.18136517E+09  0.00000000E+00  0.00000000E+00  0.00000000E+00  0.00000000E+00  0.00000000E+00  0.10000000E-01  0.10000000E+01
 0.14900200E-08  0.46132928E-02  0.00000000E+00  0.24767386E+00  0.00000000E+00  0.00000000E+00  0.18136517E+09  0.00000000E+00  0.00000000E+00  0.00000000E+00  0.00000000E+00  0.00000000E+00  0.10000000E-01  0.10000000E+01
 0.15000200E-08  0.46132928E-02  0.00000000E+00  0.24948752E+00  0.00000000E+00  0.00000000E+00  0.18136517E+09  0.00000000E+00  0.00000000E+00  0.00000000E+00  0.00000000E+00  0.00000000E+00  0.10000000E-01  0.10000000E+01
 0.15100200E-08  0.46132928E-02  0.00000000E+00  0.25130117E+00  0.00000000E+00  0.00000000E+00  0.18136517E+09  0.00000000E+00  0.00000000E+00  0.00000000E+00  0.00000000E+00  0.00000000E+00  0.10000000E-01  0.10000000E+01
 0.15200200E-08  0.46132928E-02  0.00000000E+00  0.25311482E+00  0.00000000E+00  0.00000000E+00  0.18136517E+09  0.00000000E+00  0.00000000E+00  0.00000000E+00  0.00000000E+00  0.00000000E+00  0.10000000E-01  0.10000000E+01
 0.15300200E-08  0.46132928E-02  0.00000000E+00  0.25492847E+00  0.00000000E+00  0.00000000E+00  0.18136517E+09  0.00000000E+00  0.00000000E+00  0.00000000E+00  0.00000000E+00  0.00000000E+00  0.10000000E-01  0.10000000E+01
 0.15400200E-08  0.46132928E-02  0.00000000E+00  0.25674212E+00  0.00000000E+00  0.00000000E+00  0.18136517E+09  0.00000000E+00  0.00000000E+00  0.00000000E+00  0.00000000E+00  0.00000000E+00  0.10000000E-01  0.10000000E+01
 0.15500200E-08  0.46132928E-02  0.00000000E+00  0.25855577E+00  0.00000000E+00  0.00000000E+00  0.18136517E+09  0.00000000E+00  0.00000000E+00  0.00000000E+00  0.00000000E+00  0.00000000E+00  0.10000000E-01  0.10000000E+01
 0.15600200E-08  0.46132928E-02  0.00000000E+00  0.26036943E+00  0.00000000E+00  0.00000000E+00  0.18136517E+09  0.00000000E+00  0.00000000E+00  0.00000000E+00  0.00000000E+00  0.00000000E+00  0.10000000E-01  0.10000000E+01
 0.15700200E-08  0.46132928E-02  0.00000000E+00  0.26218308E+00  0.00000000E+00  0.00000000E+00  0.18136517E+09  0.00000000E+00  0.00000000E+00  0.00000000E+00  0.00000000E+00  0.00000000E+00  0.10000000E-01  0.10000000E+01
 0.15800200E-08  0.46132928E-02  0.00000000E+00  0.26399673E+00  0.00000000E+00  0.00000000E+00  0.18136517E+09  0.00000000E+00  0.00000000E+00  0.00000000E+00  0.00000000E+00  0.00000000E+00  0.10000000E-01  0.10000000E+01
 0.15900200E-08  0.46132928E-02  0.00000000E+00  0.26581038E+00  0.00000000E+00  0.00000000E+00  0.18136517E+09  0.00000000E+00  0.00000000E+00  0.00000000E+00  0.00000000E+00  0.00000000E+00  0.10000000E-01  0.10000000E+01
 0.16000200E-08  0.46132928E-02  0.00000000E+00  0.26762403E+00  0.00000000E+00  0.00000000E+00  0.18136517E+09  0.00000000E+00  0.00000000E+00  0.00000000E+00  0.00000000E+00  0.00000000E+00  0.10000000E-01  0.10000000E+01
 0.16100200E-08  0.46132928E-02  0.00000000E+00  0.26943768E+00  0.00000000E+00  0.00000000E+00  0.18136517E+09  0.00000000E+00  0.00000000E+00  0.00000000E+00  0.00000000E+00  0.00000000E+00  0.10000000E-01  0.10000000E+01
 0.16200200E-08  0.46132928E-02  0.00000000E+00  0.27125134E+00  0.00000000E+00  0.00000000E+00  0.18136517E+09  0.00000000E+00  0.00000000E+00  0.00000000E+00  0.00000000E+00  0.00000000E+00  0.10000000E-01  0.10000000E+01
 0.16300200E-08  0.46132928E-02  0.00000000E+00  0.27306499E+00  0.00000000E+00  0.00000000E+00  0.18136517E+09  0.00000000E+00  0.00000000E+00  0.00000000E+00  0.00000000E+00  0.00000000E+00  0.10000000E-01  0.10000000E+01
 0.16400200E-08  0.46132928E-02  0.00000000E+00  0.27487864E+00  0.00000000E+00  0.00000000E+00  0.18136517E+09  0.00000000E+00  0.00000000E+00  0.00000000E+00  0.00000000E+00  0.00000000E+00  0.10000000E-01  0.10000000E+01
 0.16500200E-08  0.46132928E-02  0.00000000E+00  0.27669229E+00  0.00000000E+00  0.00000000E+00  0.18136517E+09  0.00000000E+00  0.00000000E+00  0.00000000E+00  0.00000000E+00  0.00000000E+00  0.10000000E-01  0.10000000E+01
 0.16600200E-08  0.46132928E-02  0.00000000E+00  0.27850594E+00  0.00000000E+00  0.00000000E+00  0.18136517E+09  0.00000000E+00  0.00000000E+00  0.00000000E+00  0.00000000E+00  0.00000000E+00  0.10000000E-01  0.10000000E+01
 0.16700200E-08  0.46132928E-02  0.00000000E+00  0.28031960E+00  0.00000000E+00  0.00000000E+00  0.18136517E+09  0.00000000E+00  0.00000000E+00  0.00000000E+00  0.00000000E+00  0.00000000E+00  0.10000000E-01  0.10000000E+01
 0.16800200E-08  0.46132928E-02  0.00000000E+00  0.28213325E+00  0.00000000E+00  0.00000000E+00  0.18136517E+09  0.00000000E+00  0.00000000E+00  0.00000000E+00  0.00000000E+00  0.00000000E+00  0.10000000E-01  0.10000000E+01
 0.16900200E-08  0.46132928E-02  0.00000000E+00  0.28394690E+00  0.00000000E+00  0.00000000E+00  0.18136517E+09  0.00000000E+00  0.00000000E+00  0.00000000E+00  0.00000000E+00  0.00000000E+00  0.10000000E-01  0.10000000E+01
 0.17000200E-08  0.46132928E-02  0.00000000E+00  0.28576055E+00  0.00000000E+00  0.00000000E+00  0.18136517E+09  0.00000000E+00  0.00000000E+00  0.00000000E+00  0.00000000E+00  0.00000000E+00  0.10000000E-01  0.10000000E+01
 0.17100200E-08  0.46132928E-02  0.00000000E+00  0.28757420E+00  0.00000000E+00  0.00000000E+00  0.18136517E+09  0.00000000E+00  0.00000000E+00  0.00000000E+00  0.00000000E+00  0.00000000E+00  0.10000000E-01  0.10000000E+01
 0.17200200E-08  0.46132928E-02  0.00000000E+00  0.28938785E+00  0.00000000E+00  0.00000000E+00  0.18136517E+09  0.00000000E+00  0.00000000E+00  0.00000000E+00  0.00000000E+00  0.00000000E+00  0.10000000E-01  0.10000000E+01
 0.17300200E-08  0.46132928E-02  0.00000000E+00  0.29120151E+00  0.00000000E+00  0.00000000E+00  0.18136517E+09  0.00000000E+00  0.00000000E+00  0.00000000E+00  0.00000000E+00  0.00000000E+00  0.10000000E-01  0.10000000E+01
 0.17400200E-08  0.46132928E-02  0.00000000E+00  0.29301516E+00  0.00000000E+00  0.00000000E+00  0.18136517E+09  0.00000000E+00  0.00000000E+00  0.00000000E+00  0.00000000E+00  0.00000000E+00  0.10000000E-01  0.10000000E+01
 0.17500200E-08  0.46132928E-02  0.00000000E+00  0.29482881E+00  0.00000000E+00  0.00000000E+00  0.18136517E+09  0.00000000E+00  0.00000000E+00  0.00000000E+00  0.00000000E+00  0.00000000E+00  0.10000000E-01  0.10000000E+01
 0.17600200E-08  0.46132928E-02  0.00000000E+00  0.29664246E+00  0.00000000E+00  0.00000000E+00  0.18136517E+09  0.00000000E+00  0.00000000E+00  0.00000000E+00  0.00000000E+00  0.00000000E+00  0.10000000E-01  0.10000000E+01
 0.17700200E-08  0.46132928E-02  0.00000000E+00  0.29845611E+00  0.00000000E+00  0.00000000E+00  0.18136517E+09  0.00000000E+00  0.00000000E+00  0.00000000E+00  0.00000000E+00  0.00000000E+00  0.10000000E-01  0.10000000E+01
 0.17800200E-08  0.46132928E-02  0.00000000E+00  0.30026976E+00  0.00000000E+00  0.00000000E+00  0.18136517E+09  0.00000000E+00  0.00000000E+00  0.00000000E+00  0.00000000E+00  0.00000000E+00  0.10000000E-01  0.10000000E+01
 0.17900200E-08  0.46132928E-02  0.00000000E+00  0.30208342E+00  0.00000000E+00  0.00000000E+00  0.18136517E+09  0.00000000E+00  0.00000000E+00  0.00000000E+00  0.00000000E+00  0.00000000E+00  0.10000000E-01  0.10000000E+01
 0.18000200E-08  0.46132928E-02  0.00000000E+00  0.30389707E+00  0.00000000E+00  0.00000000E+00  0.18136517E+09  0.00000000E+00  0.00000000E+00  0.00000000E+00  0.00000000E+00  0.00000000E+00  0.10000000E-01  0.10000000E+01
 0.18100200E-08  0.46132928E-02  0.00000000E+00  0.30571072E+00  0.00000000E+00  0.00000000E+00  0.18136517E+09  0.00000000E+00  0.00000000E+00  0.00000000E+00  0.00000000E+00  0.00000000E+00  0.10000000E-01  0.10000000E+01
 0.18200200E-08  0.46132928E-02  0.00000000E+00  0.30752437E+00  0.00000000E+00  0.00000000E+00  0.18136517E+09  0.00000000E+00  0.00000000E+00  0.00000000E+00  0.00000000E+00  0.00000000E+00  0.10000000E-01  0.10000000E+01
 0.18300200E-08  0.46132928E-02  0.00000000E+00  0.30933802E+00  0.00000000E+00  0.00000000E+00  0.18136517E+09  0.00000000E+00  0.00000000E+00  0.00000000E+00  0.00000000E+00  0.00000000E+00  0.10000000E-01  0.10000000E+01
 0.18400200E-08  0.46132928E-02  0.00000000E+00  0.31115167E+00  0.00000000E+00  0.00000000E+00  0.18136517E+09  0.00000000E+00  0.00000000E+00  0.00000000E+00  0.00000000E+00  0.00000000E+00  0.10000000E-01  0.10000000E+01
 0.18500200E-08  0.46132928E-02  0.00000000E+00  0.31296533E+00  0.00000000E+00  0.00000000E+00  0.18136517E+09  0.00000000E+00  0.00000000E+00  0.00000000E+00  0.00000000E+00  0.00000000E+00  0.10000000E-01  0.10000000E+01
 0.18600200E-08  0.46132928E-02  0.00000000E+00  0.31477898E+00  0.00000000E+00  0.00000000E+00  0.18136517E+09  0.00000000E+00  0.00000000E+00  0.00000000E+00  0.00000000E+00  0.00000000E+00  0.10000000E-01  0.10000000E+01
 0.18700200E-08  0.46132928E-02  0.00000000E+00  0.31659263E+00  0.00000000E+00  0.00000000E+00  0.18136517E+09  0.00000000E+00  0.00000000E+00  0.00000000E+00  0.00000000E+00  0.00000000E+00  0.10000000E-01  0.10000000E+01
 0.18800200E-08  0.46132928E-02  0.00000000E+00  0.31840628E+00  0.00000000E+00  0.00000000E+00  0.18136517E+09  0.00000000E+00  0.00000000E+00  0.00000000E+00  0.00000000E+00  0.00000000E+00  0.10000000E-01  0.10000000E+01
 0.18900200E-08  0.46132928E-02  0.00000000E+00  0.32021993E+00  0.00000000E+00  0.00000000E+00  0.18136517E+09  0.00000000E+00  0.00000000E+00  0.00000000E+00  0.00000000E+00  0.00000000E+00  0.10000000E-01  0.10000000E+01
 0.19000200E-08  0.46132928E-02  0.00000000E+00  0.32203358E+00  0.00000000E+00  0.00000000E+00  0.18136517E+09  0.00000000E+00  0.00000000E+00  0.00000000E+00  0.00000000E+00  0.00000000E+00  0.10000000E-01  0.10000000E+01
 0.19100200E-08  0.46132928E-02  0.00000000E+00  0.32384724E+00  0.00000000E+00  0.00000000E+00  0.18136517E+09  0.00000000E+00  0.00000000E+00  0.00000000E+00  0.00000000E+00  0.00000000E+00  0.10000000E-01  0.10000000E+01
 0.19200200E-08  0.46132928E-02  0.00000000E+00  0.32566089E+00  0.00000000E+00  0.00000000E+00  0.18136517E+09  0.00000000E+00  0.00000000E+00  0.00000000E+00  0.00000000E+00  0.00000000E+00  0.10000000E-01  0.10000000E+01
 0.19300200E-08  0.46132928E-02  0.00000000E+00  0.32747454E+00  0.00000000E+00  0.00000000E+00  0.18136517E+09  0.00000000E+00  0.00000000E+00  0.00000000E+00  0.00000000E+00  0.00000000E+00  0.10000000E-01  0.10000000E+01
 0.19400200E-08  0.46132928E-02  0.00000000E+00  0.32928819E+00  0.00000000E+00  0.00000000E+00  0.18136517E+09  0.00000000E+00  0.00000000E+00  0.00000000E+00  0.00000000E+00  0.00000000E+00  0.10000000E-01  0.10000000E+01
 0.19500200E-08  0.46132928E-02  0.00000000E+00  0.33110184E+00  0.00000000E+00  0.00000000E+00  0.18136517E+09  0.00000000E+00  0.00000000E+00  0.00000000E+00  0.00000000E+00  0.00000000E+00  0.10000000E-01  0.10000000E+01
 0.19600200E-08  0.46132928E-02  0.00000000E+00  0.33291549E+00  0.00000000E+00  0.00000000E+00  0.18136517E+09  0.00000000E+00  0.00000000E+00  0.00000000E+00  0.00000000E+00  0.00000000E+00  0.10000000E-01  0.10000000E+01
 0.19700200E-08  0.46132928E-02  0.00000000E+00  0.33472915E+00  0.00000000E+00  0.00000000E+00  0.18136517E+09  0.00000000E+00  0.00000000E+00  0.00000000E+00  0.00000000E+00  0.00000000E+00  0.10000000E-01  0.10000000E+01
 0.19800200E-08  0.46132928E-02  0.00000000E+00  0.33654280E+00  0.00000000E+00  0.00000000E+00  0.18136517E+09  0.00000000E+00  0.00000000E+00  0.00000000E+00  0.00000000E+00  0.00000000E+00  0.10000000E-01  0.10000000E+01
 0.19900200E-08  0.46132928E-02  0.00000000E+00  0.33835645E+00  0.00000000E+00  0.00000000E+00  0.18136517E+09  0.00000000E+00  0.00000000E+00  0.00000000E+00  0.00000000E+00  0.00000000E+00  0.10000000E-01  0.10000000E+01
