# ptime xp yp zp vx vy vz ex ey ez bx by bz wt
 0.20000000E-13  0.17798210E-02  0.00000000E+00 -0.45391023E-02  0.00000000E+00  0.00000000E+00  0.18249644E+09  0.00000000E+00  0.00000000E+00  0.00000000E+00  0.00000000E+00  0.00000000E+00  0.10000000E-01  0.10000000E+01
 0.10000000E-10  0.17798210E-02  0.00000000E+00 -0.27177879E-02  0.00000000E+00  0.00000000E+00  0.18249644E+09  0.00000000E+00  0.00000000E+00  0.00000000E+00  0.00000000E+00  0.00000000E+00  0.10000000E-01  0.10000000E+01
 0.20000000E-10  0.17798210E-02  0.00000000E+00 -0.89282355E-03  0.00000000E+00  0.00000000E+00  0.18249644E+09  0.00000000E+00  0.00000000E+00  0.00000000E+00  0.00000000E+00  0.00000000E+00  0.10000000E-01  0.10000000E+01
 0.30000000E-10  0.17798210E-02  0.00000000E+00  0.93214081E-03  0.00000000E+00  0.00000000E+00  0.18249644E+09  0.00000000E+00  0.00000000E+00  0.00000000E+00  0.00000000E+00  0.00000000E+00  0.10000000E-01  0.10000000E+01
 0.40020000E-10  0.17798210E-02  0.00000000E+00  0.27607551E-02  0.00000000E+00  0.00000000E+00  0.18249644E+09  0.00000000E+00  0.00000000E+00  0.00000000E+00  0.00000000E+00  0.00000000E+00  0.10000000E-01  0.10000000E+01
 0.50020000E-10  0.17798210E-02  0.00000000E+00  0.45857195E-02  0.00000000E+00  0.00000000E+00  0.18249644E+09  0.00000000E+00  0.00000000E+00  0.00000000E+00  0.00000000E+00  0.00000000E+00  0.10000000E-01  0.10000000E+01
 0.60020000E-10  0.17798210E-02  0.00000000E+00  0.64106838E-02  0.00000000E+00  0.00000000E+00  0.18249644E+09  0.00000000E+00  0.00000000E+00  0.00000000E+00  0.00000000E+00  0.00000000E+00  0.10000000E-01  0.10000000E+01
 0.70020000E-10  0.17798210E-02  0.00000000E+00  0.82356482E-02  0.00000000E+00  0.00000000E+00  0.18249644E+09  0.00000000E+00  0.00000000E+00  0.00000000E+00  0.00000000E+00  0.00000000E+00  0.10000000E-01  0.10000000E+01
 0.80000000E-10  0.17798210E-02  0.00000000E+00  0.10056963E-01  0.00000000E+00  0.00000000E+00  0.18249644E+09  0.00000000E+00  0.00000000E+00  0.00000000E+00  0.00000000E+00  0.00000000E+00  0.10000000E-01  0.10000000E+01
 0.90000000E-10  0.17798210E-02  0.00000000E+00  0.11881927E-01  0.00000000E+00  0.00000000E+00  0.18249644E+09  0.00000000E+00  0.00000000E+00  0.00000000E+00  0.00000000E+00  0.00000000E+00  0.10000000E-01  0.10000000E+01
 0.10000000E-09  0.17798210E-02  0.00000000E+00  0.13706891E-01  0.00000000E+00  0.00000000E+00  0.18249644E+09  0.00000000E+00  0.00000000E+00  0.00000000E+00  0.00000000E+00  0.00000000E+00  0.10000000E-01  0.10000000E+01
 0.11000000E-09  0.17798210E-02  0.00000000E+00  0.15531856E-01  0.00000000E+00  0.00000000E+00  0.18249644E+09  0.00000000E+00  0.00000000E+00  0.00000000E+00  0.00000000E+00  0.00000000E+00  0.10000000E-01  0.10000000E+01
 0.12000000E-09  0.17798210E-02  0.00000000E+00  0.17356820E-01  0.00000000E+00  0.00000000E+00  0.18249644E+09  0.00000000E+00  0.00000000E+00  0.00000000E+00  0.00000000E+00  0.00000000E+00  0.10000000E-01  0.10000000E+01
 0.13000000E-09  0.17798210E-02  0.00000000E+00  0.19181784E-01  0.00000000E+00  0.00000000E+00  0.18249644E+09  0.00000000E+00  0.00000000E+00  0.00000000E+00  0.00000000E+00  0.00000000E+00  0.10000000E-01  0.10000000E+01
 0.14002000E-09  0.17798210E-02  0.00000000E+00  0.21010399E-01  0.00000000E+00  0.00000000E+00  0.18249644E+09  0.00000000E+00  0.00000000E+00  0.00000000E+00  0.00000000E+00  0.00000000E+00  0.10000000E-01  0.10000000E+01
 0.15002000E-09  0.17798210E-02  0.00000000E+00  0.22835363E-01  0.00000000E+00  0.00000000E+00  0.18249644E+09  0.00000000E+00  0.00000000E+00  0.00000000E+00  0.00000000E+00  0.00000000E+00  0.10000000E-01  0.10000000E+01
 0.16002000E-09  0.17798210E-02  0.00000000E+00  0.24660327E-01  0.00000000E+00  0.00000000E+00  0.18249644E+09  0.00000000E+00  0.00000000E+00  0.00000000E+00  0.00000000E+00  0.00000000E+00  0.10000000E-01  0.10000000E+01
 0.17002000E-09  0.17798210E-02  0.00000000E+00  0.26485292E-01  0.00000000E+00  0.00000000E+00  0.18249644E+09  0.00000000E+00  0.00000000E+00  0.00000000E+00  0.00000000E+00  0.00000000E+00  0.10000000E-01  0.10000000E+01
 0.18002000E-09  0.17798210E-02  0.00000000E+00  0.28310256E-01  0.00000000E+00  0.00000000E+00  0.18249644E+09  0.00000000E+00  0.00000000E+00  0.00000000E+00  0.00000000E+00  0.00000000E+00  0.10000000E-01  0.10000000E+01
 0.19002000E-09  0.17798210E-02  0.00000000E+00  0.30135220E-01  0.00000000E+00  0.00000000E+00  0.18249644E+09  0.00000000E+00  0.00000000E+00  0.00000000E+00  0.00000000E+00  0.00000000E+00  0.10000000E-01  0.10000000E+01
 0.20002000E-09  0.17798210E-02  0.00000000E+00  0.31960185E-01  0.00000000E+00  0.00000000E+00  0.18249644E+09  0.00000000E+00  0.00000000E+00  0.00000000E+00  0.00000000E+00  0.00000000E+00  0.10000000E-01  0.10000000E+01
 0.21002000E-09  0.17798210E-02  0.00000000E+00  0.33785149E-01  0.00000000E+00  0.00000000E+00  0.18249644E+09  0.00000000E+00  0.00000000E+00  0.00000000E+00  0.00000000E+00  0.00000000E+00  0.10000000E-01  0.10000000E+01
 0.22002000E-09  0.17798210E-02  0.00000000E+00  0.35610114E-01  0.00000000E+00  0.00000000E+00  0.18249644E+09  0.00000000E+00  0.00000000E+00  0.00000000E+00  0.00000000E+00  0.00000000E+00  0.10000000E-01  0.10000000E+01
 0.23002000E-09  0.17798210E-02  0.00000000E+00  0.37435078E-01  0.00000000E+00  0.00000000E+00  0.18249644E+09  0.00000000E+00  0.00000000E+00  0.00000000E+00  0.00000000E+00  0.00000000E+00  0.10000000E-01  0.10000000E+01
 0.24002000E-09  0.17798210E-02  0.00000000E+00  0.39260042E-01  0.00000000E+00  0.00000000E+00  0.18249644E+09  0.00000000E+00  0.00000000E+00  0.00000000E+00  0.00000000E+00  0.00000000E+00  0.10000000E-01  0.10000000E+01
 0.25002000E-09  0.17798210E-02  0.00000000E+00  0.41085007E-01  0.00000000E+00  0.00000000E+00  0.18249644E+09  0.00000000E+00  0.00000000E+00  0.00000000E+00  0.00000000E+00  0.00000000E+00  0.10000000E-01  0.10000000E+01
 0.26002000E-09  0.17798210E-02  0.00000000E+00  0.42909971E-01  0.00000000E+00  0.00000000E+00  0.18249644E+09  0.00000000E+00  0.00000000E+00  0.00000000E+00  0.00000000E+00  0.00000000E+00  0.10000000E-01  0.10000000E+01
 0.27002000E-09  0.17798210E-02  0.00000000E+00  0.44734935E-01  0.00000000E+00  0.00000000E+00  0.18249644E+09  0.00000000E+00  0.00000000E+00  0.00000000E+00  0.00000000E+00  0.00000000E+00  0.10000000E-01  0.10000000E+01
 0.28002000E-09  0.17798210E-02  0.00000000E+00  0.46559900E-01  0.00000000E+00  0.00000000E+00  0.18249644E+09  0.00000000E+00  0.00000000E+00  0.00000000E+00  0.00000000E+00  0.00000000E+00  0.10000000E-01  0.10000000E+01
 0.29002000E-09  0.17798210E-02  0.00000000E+00  0.48384864E-01  0.00000000E+00  0.00000000E+00  0.18249644E+09  0.00000000E+00  0.00000000E+00  0.00000000E+00  0.00000000E+00  0.00000000E+00  0.10000000E-01  0.10000000E+01
 0.30000000E-09  0.17798210E-02  0.00000000E+00  0.50206179E-01  0.00000000E+00  0.00000000E+00  0.18249644E+09  0.00000000E+00  0.00000000E+00  0.00000000E+00  0.00000000E+00  0.00000000E+00  0.10000000E-01  0.10000000E+01
 0.31000000E-09  0.17798210E-02  0.00000000E+00  0.52031143E-01  0.00000000E+00  0.00000000E+00  0.18249644E+09  0.00000000E+00  0.00000000E+00  0.00000000E+00  0.00000000E+00  0.00000000E+00  0.10000000E-01  0.10000000E+01
 0.32000000E-09  0.17798210E-02  0.00000000E+00  0.53856107E-01  0.00000000E+00  0.00000000E+00  0.18249644E+09  0.00000000E+00  0.00000000E+00  0.00000000E+00  0.00000000E+00  0.00000000E+00  0.10000000E-01  0.10000000E+01
 0.33000000E-09  0.17798210E-02  0.00000000E+00  0.55681072E-01  0.00000000E+00  0.00000000E+00  0.18249644E+09  0.00000000E+00  0.00000000E+00  0.00000000E+00  0.00000000E+00  0.00000000E+00  0.10000000E-01  0.10000000E+01
 0.34000000E-09  0.17798210E-02  0.00000000E+00  0.57506036E-01  0.00000000E+00  0.00000000E+00  0.18249644E+09  0.00000000E+00  0.00000000E+00  0.00000000E+00  0.00000000E+00  0.00000000E+00  0.10000000E-01  0.10000000E+01
 0.35000000E-09  0.17798210E-02  0.00000000E+00  0.59331000E-01  0.00000000E+00  0.00000000E+00  0.18249644E+09  0.00000000E+00  0.00000000E+00  0.00000000E+00  0.00000000E+00  0.00000000E+00  0.10000000E-01  0.10000000E+01
 0.36000000E-09  0.17798210E-02  0.00000000E+00  0.61155965E-01  0.00000000E+00  0.00000000E+00  0.18249644E+09  0.00000000E+00  0.00000000E+00  0.00000000E+00  0.00000000E+00  0.00000000E+00  0.10000000E-01  0.10000000E+01
 0.37000000E-09  0.17798210E-02  0.00000000E+00  0.62980929E-01  0.00000000E+00  0.00000000E+00  0.18249644E+09  0.00000000E+00  0.00000000E+00  0.00000000E+00  0.00000000E+00  0.00000000E+00  0.10000000E-01  0.10000000E+01
 0.38000000E-09  0.17798210E-02  0.00000000E+00  0.64805893E-01  0.00000000E+00  0.00000000E+00  0.18249644E+09  0.00000000E+00  0.00000000E+00  0.00000000E+00  0.00000000E+00  0.00000000E+00  0.10000000E-01  0.10000000E+01
 0.39000000E-09  0.17798210E-02  0.00000000E+00  0.66630858E-01  0.00000000E+00  0.00000000E+00  0.18249644E+09  0.00000000E+00  0.00000000E+00  0.00000000E+00  0.00000000E+00  0.00000000E+00  0.10000000E-01  0.10000000E+01
 0.40000000E-09  0.17798210E-02  0.00000000E+00  0.68455822E-01  0.00000000E+00  0.00000000E+00  0.18249644E+09  0.00000000E+00  0.00000000E+00  0.00000000E+00  0.00000000E+00  0.00000000E+00  0.10000000E-01  0.10000000E+01
 0.41000000E-09  0.17798210E-02  0.00000000E+00  0.70280786E-01  0.00000000E+00  0.00000000E+00  0.18249644E+09  0.00000000E+00  0.00000000E+00  0.00000000E+00  0.00000000E+00  0.00000000E+00  0.10000000E-01  0.10000000E+01
 0.42000000E-09  0.17798210E-02  0.00000000E+00  0.72105751E-01  0.00000000E+00  0.00000000E+00  0.18249644E+09  0.00000000E+00  0.00000000E+00  0.00000000E+00  0.00000000E+00  0.00000000E+00  0.10000000E-01  0.10000000E+01
 0.43000000E-09  0.17798210E-02  0.00000000E+00  0.73930715E-01  0.00000000E+00  0.00000000E+00  0.18249644E+09  0.00000000E+00  0.00000000E+00  0.00000000E+00  0.00000000E+00  0.00000000E+00  0.10000000E-01  0.10000000E+01
 0.44000000E-09  0.17798210E-02  0.00000000E+00  0.75755680E-01  0.00000000E+00  0.00000000E+00  0.18249644E+09  0.00000000E+00  0.00000000E+00  0.00000000E+00  0.00000000E+00  0.00000000E+00  0.10000000E-01  0.10000000E+01
 0.45000000E-09  0.17798210E-02  0.00000000E+00  0.77580644E-01  0.00000000E+00  0.00000000E+00  0.18249644E+09  0.00000000E+00  0.00000000E+00  0.00000000E+00  0.00000000E+00  0.00000000E+00  0.10000000E-01  0.10000000E+01
 0.46000000E-09  0.17798210E-02  0.00000000E+00  0.79405608E-01  0.00000000E+00  0.00000000E+00  0.18249644E+09  0.00000000E+00  0.00000000E+00  0.00000000E+00  0.00000000E+00  0.00000000E+00  0.10000000E-01  0.10000000E+01
 0.47000000E-09  0.17798210E-02  0.00000000E+00  0.81230573E-01  0.00000000E+00  0.00000000E+00  0.18249644E+09  0.00000000E+00  0.00000000E+00  0.00000000E+00  0.00000000E+00  0.00000000E+00  0.10000000E-01  0.10000000E+01
 0.48000000E-09  0.17798210E-02  0.00000000E+00  0.83055537E-01  0.00000000E+00  0.00000000E+00  0.18249644E+09  0.00000000E+00  0.00000000E+00  0.00000000E+00  0.00000000E+00  0.00000000E+00  0.10000000E-01  0.10000000E+01
 0.49000000E-09  0.17798210E-02  0.00000000E+00  0.84880501E-01  0.00000000E+00  0.00000000E+00  0.18249644E+09  0.00000000E+00  0.00000000E+00  0.00000000E+00  0.00000000E+00  0.00000000E+00  0.10000000E-01  0.10000000E+01
 0.50000000E-09  0.17798210E-02  0.00000000E+00  0.86705466E-01  0.00000000E+00  0.00000000E+00  0.18249644E+09  0.00000000E+00  0.00000000E+00  0.00000000E+00  0.00000000E+00  0.00000000E+00  0.10000000E-01  0.10000000E+01
 0.51000000E-09  0.17798210E-02  0.00000000E+00  0.88530430E-01  0.00000000E+00  0.00000000E+00  0.18249644E+09  0.00000000E+00  0.00000000E+00  0.00000000E+00  0.00000000E+00  0.00000000E+00  0.10000000E-01  0.10000000E+01
 0.52000000E-09  0.17798210E-02  0.00000000E+00  0.90355394E-01  0.00000000E+00  0.00000000E+00  0.18249644E+09  0.00000000E+00  0.00000000E+00  0.00000000E+00  0.00000000E+00  0.00000000E+00  0.10000000E-01  0.10000000E+01
 0.53000000E-09  0.17798210E-02  0.00000000E+00  0.92180359E-01  0.00000000E+00  0.00000000E+00  0.18249644E+09  0.00000000E+00  0.00000000E+00  0.00000000E+00  0.00000000E+00  0.00000000E+00  0.10000000E-01  0.10000000E+01
 0.54000000E-09  0.17798210E-02  0.00000000E+00  0.94005323E-01  0.00000000E+00  0.00000000E+00  0.18249644E+09  0.00000000E+00  0.00000000E+00  0.00000000E+00  0.00000000E+00  0.00000000E+00  0.10000000E-01  0.10000000E+01
 0.55002000E-09  0.17798210E-02  0.00000000E+00  0.95833937E-01  0.00000000E+00  0.00000000E+00  0.18249644E+09  0.00000000E+00  0.00000000E+00  0.00000000E+00  0.00000000E+00  0.00000000E+00  0.10000000E-01  0.10000000E+01
 0.56002000E-09  0.17798210E-02  0.00000000E+00  0.97658902E-01  0.00000000E+00  0.00000000E+00  0.18249644E+09  0.00000000E+00  0.00000000E+00  0.00000000E+00  0.00000000E+00  0.00000000E+00  0.10000000E-01  0.10000000E+01
 0.57002000E-09  0.17798210E-02  0.00000000E+00  0.99483866E-01  0.00000000E+00  0.00000000E+00  0.18249644E+09  0.00000000E+00  0.00000000E+00  0.00000000E+00  0.00000000E+00  0.00000000E+00  0.10000000E-01  0.10000000E+01
 0.58002000E-09  0.17798210E-02  0.00000000E+00  0.10130883E+00  0.00000000E+00  0.00000000E+00  0.18249644E+09  0.00000000E+00  0.00000000E+00  0.00000000E+00  0.00000000E+00  0.00000000E+00  0.10000000E-01  0.10000000E+01
 0.59002000E-09  0.17798210E-02  0.00000000E+00  0.10313379E+00  0.00000000E+00  0.00000000E+00  0.18249644E+09  0.00000000E+00  0.00000000E+00  0.00000000E+00  0.00000000E+00  0.00000000E+00  0.10000000E-01  0.10000000E+01
 0.60002000E-09  0.17798210E-02  0.00000000E+00  0.10495876E+00  0.00000000E+00  0.00000000E+00  0.18249644E+09  0.00000000E+00  0.00000000E+00  0.00000000E+00  0.00000000E+00  0.00000000E+00  0.10000000E-01  0.10000000E+01
 0.61002000E-09  0.17798210E-02  0.00000000E+00  0.10678372E+00  0.00000000E+00  0.00000000E+00  0.18249644E+09  0.00000000E+00  0.00000000E+00  0.00000000E+00  0.00000000E+00  0.00000000E+00  0.10000000E-01  0.10000000E+01
 0.62002000E-09  0.17798210E-02  0.00000000E+00  0.10860869E+00  0.00000000E+00  0.00000000E+00  0.18249644E+09  0.00000000E+00  0.00000000E+00  0.00000000E+00  0.00000000E+00  0.00000000E+00  0.10000000E-01  0.10000000E+01
 0.63002000E-09  0.17798210E-02  0.00000000E+00  0.11043365E+00  0.00000000E+00  0.00000000E+00  0.18249644E+09  0.00000000E+00  0.00000000E+00  0.00000000E+00  0.00000000E+00  0.00000000E+00  0.10000000E-01  0.10000000E+01
 0.64002000E-09  0.17798210E-02  0.00000000E+00  0.11225862E+00  0.00000000E+00  0.00000000E+00  0.18249644E+09  0.00000000E+00  0.00000000E+00  0.00000000E+00  0.00000000E+00  0.00000000E+00  0.10000000E-01  0.10000000E+01
 0.65002000E-09  0.17798210E-02  0.00000000E+00  0.11408358E+00  0.00000000E+00  0.00000000E+00  0.18249644E+09  0.00000000E+00  0.00000000E+00  0.00000000E+00  0.00000000E+00  0.00000000E+00  0.10000000E-01  0.10000000E+01
 0.66002000E-09  0.17798210E-02  0.00000000E+00  0.11590855E+00  0.00000000E+00  0.00000000E+00  0.18249644E+09  0.00000000E+00  0.00000000E+00  0.00000000E+00  0.00000000E+00  0.00000000E+00  0.10000000E-01  0.10000000E+01
 0.67002000E-09  0.17798210E-02  0.00000000E+00  0.11773351E+00  0.00000000E+00  0.00000000E+00  0.18249644E+09  0.00000000E+00  0.00000000E+00  0.00000000E+00  0.00000000E+00  0.00000000E+00  0.10000000E-01  0.10000000E+01
 0.68002000E-09  0.17798210E-02  0.00000000E+00  0.11955847E+00  0.00000000E+00  0.00000000E+00  0.18249644E+09  0.00000000E+00  0.00000000E+00  0.00000000E+00  0.00000000E+00  0.00000000E+00  0.10000000E-01  0.10000000E+01
 0.69002000E-09  0.17798210E-02  0.00000000E+00  0.12138344E+00  0.00000000E+00  0.00000000E+00  0.18249644E+09  0.00000000E+00  0.00000000E+00  0.00000000E+00  0.00000000E+00  0.00000000E+00  0.10000000E-01  0.10000000E+01
 0.70002000E-09  0.17798210E-02  0.00000000E+00  0.12320840E+00  0.00000000E+00  0.00000000E+00  0.18249644E+09  0.00000000E+00  0.00000000E+00  0.00000000E+00  0.00000000E+00  0.00000000E+00  0.10000000E-01  0.10000000E+01
 0.71002000E-09  0.17798210E-02  0.00000000E+00  0.12503337E+00  0.00000000E+00  0.00000000E+00  0.18249644E+09  0.00000000E+00  0.00000000E+00  0.00000000E+00  0.00000000E+00  0.00000000E+00  0.10000000E-01  0.10000000E+01
 0.72002000E-09  0.17798210E-02  0.00000000E+00  0.12685833E+00  0.00000000E+00  0.00000000E+00  0.18249644E+09  0.00000000E+00  0.00000000E+00  0.00000000E+00  0.00000000E+00  0.00000000E+00  0.10000000E-01  0.10000000E+01
 0.73002000E-09  0.17798210E-02  0.00000000E+00  0.12868330E+00  0.00000000E+00  0.00000000E+00  0.18249644E+09  0.00000000E+00  0.00000000E+00  0.00000000E+00  0.00000000E+00  0.00000000E+00  0.10000000E-01  0.10000000E+01
 0.74002000E-09  0.17798210E-02  0.00000000E+00  0.13050826E+00  0.00000000E+00  0.00000000E+00  0.18249644E+09  0.00000000E+00  0.00000000E+00  0.00000000E+00  0.00000000E+00  0.00000000E+00  0.10000000E-01  0.10000000E+01
 0.75002000E-09  0.17798210E-02  0.00000000E+00  0.13233322E+00  0.00000000E+00  0.00000000E+00  0.18249644E+09  0.00000000E+00  0.00000000E+00  0.00000000E+00  0.00000000E+00  0.00000000E+00  0.10000000E-01  0.10000000E+01
 0.76002000E-09  0.17798210E-02  0.00000000E+00  0.13415819E+00  0.00000000E+00  0.00000000E+00  0.18249644E+09  0.00000000E+00  0.00000000E+00  0.00000000E+00  0.00000000E+00  0.00000000E+00  0.10000000E-01  0.10000000E+01
 0.77002000E-09  0.17798210E-02  0.00000000E+00  0.13598315E+00  0.00000000E+00  0.00000000E+00  0.18249644E+09  0.00000000E+00  0.00000000E+00  0.00000000E+00  0.00000000E+00  0.00000000E+00  0.10000000E-01  0.10000000E+01
 0.78002000E-09  0.17798210E-02  0.00000000E+00  0.13780812E+00  0.00000000E+00  0.00000000E+00  0.18249644E+09  0.00000000E+00  0.00000000E+00  0.00000000E+00  0.00000000E+00  0.00000000E+00  0.10000000E-01  0.10000000E+01
 0.79002000E-09  0.17798210E-02  0.00000000E+00  0.13963308E+00  0.00000000E+00  0.00000000E+00  0.18249644E+09  0.00000000E+00  0.00000000E+00  0.00000000E+00  0.00000000E+00  0.00000000E+00  0.10000000E-01  0.10000000E+01
 0.80002000E-09  0.17798210E-02  0.00000000E+00  0.14145805E+00  0.00000000E+00  0.00000000E+00  0.18249644E+09  0.00000000E+00  0.00000000E+00  0.00000000E+00  0.00000000E+00  0.00000000E+00  0.10000000E-01  0.10000000E+01
 0.81002000E-09  0.17798210E-02  0.00000000E+00  0.14328301E+00  0.00000000E+00  0.00000000E+00  0.18249644E+09  0.00000000E+00  0.00000000E+00  0.00000000E+00  0.00000000E+00  0.00000000E+00  0.10000000E-01  0.10000000E+01
 0.82002000E-09  0.17798210E-02  0.00000000E+00  0.14510798E+00  0.00000000E+00  0.00000000E+00  0.18249644E+09  0.00000000E+00  0.00000000E+00  0.00000000E+00  0.00000000E+00  0.00000000E+00  0.10000000E-01  0.10000000E+01
 0.83002000E-09  0.17798210E-02  0.00000000E+00  0.14693294E+00  0.00000000E+00  0.00000000E+00  0.18249644E+09  0.00000000E+00  0.00000000E+00  0.00000000E+00  0.00000000E+00  0.00000000E+00  0.10000000E-01  0.10000000E+01
 0.84002000E-09  0.17798210E-02  0.00000000E+00  0.14875790E+00  0.00000000E+00  0.00000000E+00  0.18249644E+09  0.00000000E+00  0.00000000E+00  0.00000000E+00  0.00000000E+00  0.00000000E+00  0.10000000E-01  0.10000000E+01
 0.85002000E-09  0.17798210E-02  0.00000000E+00  0.15058287E+00  0.00000000E+00  0.00000000E+00  0.18249644E+09  0.00000000E+00  0.00000000E+00  0.00000000E+00  0.00000000E+00  0.00000000E+00  0.10000000E-01  0.10000000E+01
 0.86002000E-09  0.17798210E-02  0.00000000E+00  0.15240783E+00  0.00000000E+00  0.00000000E+00  0.18249644E+09  0.00000000E+00  0.00000000E+00  0.00000000E+00  0.00000000E+00  0.00000000E+00  0.10000000E-01  0.10000000E+01
 0.87002000E-09  0.17798210E-02  0.00000000E+00  0.15423280E+00  0.00000000E+00  0.00000000E+00  0.18249644E+09  0.00000000E+00  0.00000000E+00  0.00000000E+00  0.00000000E+00  0.00000000E+00  0.10000000E-01  0.10000000E+01
 0.88002000E-09  0.17798210E-02  0.00000000E+00  0.15605776E+00  0.00000000E+00  0.00000000E+00  0.18249644E+09  0.00000000E+00  0.00000000E+00  0.00000000E+00  0.00000000E+00  0.00000000E+00  0.10000000E-01  0.10000000E+01
 0.89002000E-09  0.17798210E-02  0.00000000E+00  0.15788273E+00  0.00000000E+00  0.00000000E+00  0.18249644E+09  0.00000000E+00  0.00000000E+00  0.00000000E+00  0.00000000E+00  0.00000000E+00  0.10000000E-01  0.10000000E+01
 0.90002000E-09  0.17798210E-02  0.00000000E+00  0.15970769E+00  0.00000000E+00  0.00000000E+00  0.18249644E+09  0.00000000E+00  0.00000000E+00  0.00000000E+00  0.00000000E+00  0.00000000E+00  0.10000000E-01  0.10000000E+01
 0.91002000E-09  0.17798210E-02  0.00000000E+00  0.16153265E+00  0.00000000E+00  0.00000000E+00  0.18249644E+09  0.00000000E+00  0.00000000E+00  0.00000000E+00  0.00000000E+00  0.00000000E+00  0.10000000E-01  0.10000000E+01
 0.92002000E-09  0.17798210E-02  0.00000000E+00  0.16335762E+00  0.00000000E+00  0.00000000E+00  0.18249644E+09  0.00000000E+00  0.00000000E+00  0.00000000E+00  0.00000000E+00  0.00000000E+00  0.10000000E-01  0.10000000E+01
 0.93002000E-09  0.17798210E-02  0.00000000E+00  0.16518258E+00  0.00000000E+00  0.00000000E+00  0.18249644E+09  0.00000000E+00  0.00000000E+00  0.00000000E+00  0.00000000E+00  0.00000000E+00  0.10000000E-01  0.10000000E+01
 0.94002000E-09  0.17798210E-02  0.00000000E+00  0.16700755E+00  0.00000000E+00  0.00000000E+00  0.18249644E+09  0.00000000E+00  0.00000000E+00  0.00000000E+00  0.00000000E+00  0.00000000E+00  0.10000000E-01  0.10000000E+01
 0.95002000E-09  0.17798210E-02  0.00000000E+00  0.16883251E+00  0.00000000E+00  0.00000000E+00  0.18249644E+09  0.00000000E+00  0.00000000E+00  0.00000000E+00  0.00000000E+00  0.00000000E+00  0.10000000E-01  0.10000000E+01
 0.96002000E-09  0.17798210E-02  0.00000000E+00  0.17065748E+00  0.00000000E+00  0.00000000E+00  0.18249644E+09  0.00000000E+00  0.00000000E+00  0.00000000E+00  0.00000000E+00  0.00000000E+00  0.10000000E-01  0.10000000E+01
 0.97002000E-09  0.17798210E-02  0.00000000E+00  0.17248244E+00  0.00000000E+00  0.00000000E+00  0.18249644E+09  0.00000000E+00  0.00000000E+00  0.00000000E+00  0.00000000E+00  0.00000000E+00  0.10000000E-01  0.10000000E+01
 0.98002000E-09  0.17798210E-02  0.00000000E+00  0.17430740E+00  0.00000000E+00  0.00000000E+00  0.18249644E+09  0.00000000E+00  0.00000000E+00  0.00000000E+00  0.00000000E+00  0.00000000E+00  0.10000000E-01  0.10000000E+01
 0.99002000E-09  0.17798210E-02  0.00000000E+00  0.17613237E+00  0.00000000E+00  0.00000000E+00  0.18249644E+09  0.00000000E+00  0.00000000E+00  0.00000000E+00  0.00000000E+00  0.00000000E+00  0.10000000E-01  0.10000000E+01
 0.10000200E-08  0.17798210E-02  0.00000000E+00  0.17795733E+00  0.00000000E+00  0.00000000E+00  0.18249644E+09  0.00000000E+00  0.00000000E+00  0.00000000E+00  0.00000000E+00  0.00000000E+00  0.10000000E-01  0.10000000E+01
 0.10100200E-08  0.17798210E-02  0.00000000E+00  0.17978230E+00  0.00000000E+00  0.00000000E+00  0.18249644E+09  0.00000000E+00  0.00000000E+00  0.00000000E+00  0.00000000E+00  0.00000000E+00  0.10000000E-01  0.10000000E+01
 0.10200200E-08  0.17798210E-02  0.00000000E+00  0.18160726E+00  0.00000000E+00  0.00000000E+00  0.18249644E+09  0.00000000E+00  0.00000000E+00  0.00000000E+00  0.00000000E+00  0.00000000E+00  0.10000000E-01  0.10000000E+01
 0.10300200E-08  0.17798210E-02  0.00000000E+00  0.18343223E+00  0.00000000E+00  0.00000000E+00  0.18249644E+09  0.00000000E+00  0.00000000E+00  0.00000000E+00  0.00000000E+00  0.00000000E+00  0.10000000E-01  0.10000000E+01
 0.10400200E-08  0.17798210E-02  0.00000000E+00  0.18525719E+00  0.00000000E+00  0.00000000E+00  0.18249644E+09  0.00000000E+00  0.00000000E+00  0.00000000E+00  0.00000000E+00  0.00000000E+00  0.10000000E-01  0.10000000E+01
 0.10500200E-08  0.17798210E-02  0.00000000E+00  0.18708216E+00  0.00000000E+00  0.00000000E+00  0.18249644E+09  0.00000000E+00  0.00000000E+00  0.00000000E+00  0.00000000E+00  0.00000000E+00  0.10000000E-01  0.10000000E+01
 0.10600200E-08  0.17798210E-02  0.00000000E+00  0.18890712E+00  0.00000000E+00  0.00000000E+00  0.18249644E+09  0.00000000E+00  0.00000000E+00  0.00000000E+00  0.00000000E+00  0.00000000E+00  0.10000000E-01  0.10000000E+01
 0.10700200E-08  0.17798210E-02  0.00000000E+00  0.19073208E+00  0.00000000E+00  0.00000000E+00  0.18249644E+09  0.00000000E+00  0.00000000E+00  0.00000000E+00  0.00000000E+00  0.00000000E+00  0.10000000E-01  0.10000000E+01
 0.10800200E-08  0.17798210E-02  0.00000000E+00  0.19255705E+00  0.00000000E+00  0.00000000E+00  0.18249644E+09  0.00000000E+00  0.00000000E+00  0.00000000E+00  0.00000000E+00  0.00000000E+00  0.10000000E-01  0.10000000E+01
 0.10900200E-08  0.17798210E-02  0.00000000E+00  0.19438201E+00  0.00000000E+00  0.00000000E+00  0.18249644E+09  0.00000000E+00  0.00000000E+00  0.00000000E+00  0.00000000E+00  0.00000000E+00  0.10000000E-01  0.10000000E+01
 0.11000200E-08  0.17798210E-02  0.00000000E+00  0.19620698E+00  0.00000000E+00  0.00000000E+00  0.18249644E+09  0.00000000E+00  0.00000000E+00  0.00000000E+00  0.00000000E+00  0.00000000E+00  0.10000000E-01  0.10000000E+01
 0.11100200E-08  0.17798210E-02  0.00000000E+00  0.19803194E+00  0.00000000E+00  0.00000000E+00  0.18249644E+09  0.00000000E+00  0.00000000E+00  0.00000000E+00  0.00000000E+00  0.00000000E+00  0.10000000E-01  0.10000000E+01
 0.11200200E-08  0.17798210E-02  0.00000000E+00  0.19985691E+00  0.00000000E+00  0.00000000E+00  0.18249644E+09  0.00000000E+00  0.00000000E+00  0.00000000E+00  0.00000000E+00  0.00000000E+00  0.10000000E-01  0.10000000E+01
 0.11300200E-08  0.17798210E-02  0.00000000E+00  0.20168187E+00  0.00000000E+00  0.00000000E+00  0.18249644E+09  0.00000000E+00  0.00000000E+00  0.00000000E+00  0.00000000E+00  0.00000000E+00  0.10000000E-01  0.10000000E+01
 0.11400200E-08  0.17798210E-02  0.00000000E+00  0.20350683E+00  0.00000000E+00  0.00000000E+00  0.18249644E+09  0.00000000E+00  0.00000000E+00  0.00000000E+00  0.00000000E+00  0.00000000E+00  0.10000000E-01  0.10000000E+01
 0.11500200E-08  0.17798210E-02  0.00000000E+00  0.20533180E+00  0.00000000E+00  0.00000000E+00  0.18249644E+09  0.00000000E+00  0.00000000E+00  0.00000000E+00  0.00000000E+00  0.00000000E+00  0.10000000E-01  0.10000000E+01
 0.11600200E-08  0.17798210E-02  0.00000000E+00  0.20715676E+00  0.00000000E+00  0.00000000E+00  0.18249644E+09  0.00000000E+00  0.00000000E+00  0.00000000E+00  0.00000000E+00  0.00000000E+00  0.10000000E-01  0.10000000E+01
 0.11700200E-08  0.17798210E-02  0.00000000E+00  0.20898173E+00  0.00000000E+00  0.00000000E+00  0.18249644E+09  0.00000000E+00  0.00000000E+00  0.00000000E+00  0.00000000E+00  0.00000000E+00  0.10000000E-01  0.10000000E+01
 0.11800200E-08  0.17798210E-02  0.00000000E+00  0.21080669E+00  0.00000000E+00  0.00000000E+00  0.18249644E+09  0.00000000E+00  0.00000000E+00  0.00000000E+00  0.00000000E+00  0.00000000E+00  0.10000000E-01  0.10000000E+01
 0.11900200E-08  0.17798210E-02  0.00000000E+00  0.21263166E+00  0.00000000E+00  0.00000000E+00  0.18249644E+09  0.00000000E+00  0.00000000E+00  0.00000000E+00  0.00000000E+00  0.00000000E+00  0.10000000E-01  0.10000000E+01
 0.12000200E-08  0.17798210E-02  0.00000000E+00  0.21445662E+00  0.00000000E+00  0.00000000E+00  0.18249644E+09  0.00000000E+00  0.00000000E+00  0.00000000E+00  0.00000000E+00  0.00000000E+00  0.10000000E-01  0.10000000E+01
 0.12100200E-08  0.17798210E-02  0.00000000E+00  0.21628159E+00  0.00000000E+00  0.00000000E+00  0.18249644E+09  0.00000000E+00  0.00000000E+00  0.00000000E+00  0.00000000E+00  0.00000000E+00  0.10000000E-01  0.10000000E+01
 0.12200200E-08  0.17798210E-02  0.00000000E+00  0.21810655E+00  0.00000000E+00  0.00000000E+00  0.18249644E+09  0.00000000E+00  0.00000000E+00  0.00000000E+00  0.00000000E+00  0.00000000E+00  0.10000000E-01  0.10000000E+01
 0.12300200E-08  0.17798210E-02  0.00000000E+00  0.21993151E+00  0.00000000E+00  0.00000000E+00  0.18249644E+09  0.00000000E+00  0.00000000E+00  0.00000000E+00  0.00000000E+00  0.00000000E+00  0.10000000E-01  0.10000000E+01
 0.12400200E-08  0.17798210E-02  0.00000000E+00  0.22175648E+00  0.00000000E+00  0.00000000E+00  0.18249644E+09  0.00000000E+00  0.00000000E+00  0.00000000E+00  0.00000000E+00  0.00000000E+00  0.10000000E-01  0.10000000E+01
 0.12500200E-08  0.17798210E-02  0.00000000E+00  0.22358144E+00  0.00000000E+00  0.00000000E+00  0.18249644E+09  0.00000000E+00  0.00000000E+00  0.00000000E+00  0.00000000E+00  0.00000000E+00  0.10000000E-01  0.10000000E+01
 0.12600200E-08  0.17798210E-02  0.00000000E+00  0.22540641E+00  0.00000000E+00  0.00000000E+00  0.18249644E+09  0.00000000E+00  0.00000000E+00  0.00000000E+00  0.00000000E+00  0.00000000E+00  0.10000000E-01  0.10000000E+01
 0.12700200E-08  0.17798210E-02  0.00000000E+00  0.22723137E+00  0.00000000E+00  0.00000000E+00  0.18249644E+09  0.00000000E+00  0.00000000E+00  0.00000000E+00  0.00000000E+00  0.00000000E+00  0.10000000E-01  0.10000000E+01
 0.12800200E-08  0.17798210E-02  0.00000000E+00  0.22905634E+00  0.00000000E+00  0.00000000E+00  0.18249644E+09  0.00000000E+00  0.00000000E+00  0.00000000E+00  0.00000000E+00  0.00000000E+00  0.10000000E-01  0.10000000E+01
 0.12900200E-08  0.17798210E-02  0.00000000E+00  0.23088130E+00  0.00000000E+00  0.00000000E+00  0.18249644E+09  0.00000000E+00  0.00000000E+00  0.00000000E+00  0.00000000E+00  0.00000000E+00  0.10000000E-01  0.10000000E+01
 0.13000200E-08  0.17798210E-02  0.00000000E+00  0.23270626E+00  0.00000000E+00  0.00000000E+00  0.18249644E+09  0.00000000E+00  0.00000000E+00  0.00000000E+00  0.00000000E+00  0.00000000E+00  0.10000000E-01  0.10000000E+01
 0.13100200E-08  0.17798210E-02  0.00000000E+00  0.23453123E+00  0.00000000E+00  0.00000000E+00  0.18249644E+09  0.00000000E+00  0.00000000E+00  0.00000000E+00  0.00000000E+00  0.00000000E+00  0.10000000E-01  0.10000000E+01
 0.13200200E-08  0.17798210E-02  0.00000000E+00  0.23635619E+00  0.00000000E+00  0.00000000E+00  0.18249644E+09  0.00000000E+00  0.00000000E+00  0.00000000E+00  0.00000000E+00  0.00000000E+00  0.10000000E-01  0.10000000E+01
 0.13300200E-08  0.17798210E-02  0.00000000E+00  0.23818116E+00  0.00000000E+00  0.00000000E+00  0.18249644E+09  0.00000000E+00  0.00000000E+00  0.00000000E+00  0.00000000E+00  0.00000000E+00  0.10000000E-01  0.10000000E+01
 0.13400200E-08  0.17798210E-02  0.00000000E+00  0.24000612E+00  0.00000000E+00  0.00000000E+00  0.18249644E+09  0.00000000E+00  0.00000000E+00  0.00000000E+00  0.00000000E+00  0.00000000E+00  0.10000000E-01  0.10000000E+01
 0.13500200E-08  0.17798210E-02  0.00000000E+00  0.24183109E+00  0.00000000E+00  0.00000000E+00  0.18249644E+09  0.00000000E+00  0.00000000E+00  0.00000000E+00  0.00000000E+00  0.00000000E+00  0.10000000E-01  0.10000000E+01
 0.13600200E-08  0.17798210E-02  0.00000000E+00  0.24365605E+00  0.00000000E+00  0.00000000E+00  0.18249644E+09  0.00000000E+00  0.00000000E+00  0.00000000E+00  0.00000000E+00  0.00000000E+00  0.10000000E-01  0.10000000E+01
 0.13700200E-08  0.17798210E-02  0.00000000E+00  0.24548101E+00  0.00000000E+00  0.00000000E+00  0.18249644E+09  0.00000000E+00  0.00000000E+00  0.00000000E+00  0.00000000E+00  0.00000000E+00  0.10000000E-01  0.10000000E+01
 0.13800200E-08  0.17798210E-02  0.00000000E+00  0.24730598E+00  0.00000000E+00  0.00000000E+00  0.18249644E+09  0.00000000E+00  0.00000000E+00  0.00000000E+00  0.00000000E+00  0.00000000E+00  0.10000000E-01  0.10000000E+01
 0.13900200E-08  0.17798210E-02  0.00000000E+00  0.24913094E+00  0.00000000E+00  0.00000000E+00  0.18249644E+09  0.00000000E+00  0.00000000E+00  0.00000000E+00  0.00000000E+00  0.00000000E+00  0.10000000E-01  0.10000000E+01
 0.14000200E-08  0.17798210E-02  0.00000000E+00  0.25095591E+00  0.00000000E+00  0.00000000E+00  0.18249644E+09  0.00000000E+00  0.00000000E+00  0.00000000E+00  0.00000000E+00  0.00000000E+00  0.10000000E-01  0.10000000E+01
 0.14100200E-08  0.17798210E-02  0.00000000E+00  0.25278087E+00  0.00000000E+00  0.00000000E+00  0.18249644E+09  0.00000000E+00  0.00000000E+00  0.00000000E+00  0.00000000E+00  0.00000000E+00  0.10000000E-01  0.10000000E+01
 0.14200200E-08  0.17798210E-02  0.00000000E+00  0.25460584E+00  0.00000000E+00  0.00000000E+00  0.18249644E+09  0.00000000E+00  0.00000000E+00  0.00000000E+00  0.00000000E+00  0.00000000E+00  0.10000000E-01  0.10000000E+01
 0.14300200E-08  0.17798210E-02  0.00000000E+00  0.25643080E+00  0.00000000E+00  0.00000000E+00  0.18249644E+09  0.00000000E+00  0.00000000E+00  0.00000000E+00  0.00000000E+00  0.00000000E+00  0.10000000E-01  0.10000000E+01
 0.14400200E-08  0.17798210E-02  0.00000000E+00  0.25825577E+00  0.00000000E+00  0.00000000E+00  0.18249644E+09  0.00000000E+00  0.00000000E+00  0.00000000E+00  0.00000000E+00  0.00000000E+00  0.10000000E-01  0.10000000E+01
 0.14500200E-08  0.17798210E-02  0.00000000E+00  0.26008073E+00  0.00000000E+00  0.00000000E+00  0.18249644E+09  0.00000000E+00  0.00000000E+00  0.00000000E+00  0.00000000E+00  0.00000000E+00  0.10000000E-01  0.10000000E+01
 0.14600200E-08  0.17798210E-02  0.00000000E+00  0.26190569E+00  0.00000000E+00  0.00000000E+00  0.18249644E+09  0.00000000E+00  0.00000000E+00  0.00000000E+00  0.00000000E+00  0.00000000E+00  0.10000000E-01  0.10000000E+01
 0.14700200E-08  0.17798210E-02  0.00000000E+00  0.26373066E+00  0.00000000E+00  0.00000000E+00  0.18249644E+09  0.00000000E+00  0.00000000E+00  0.00000000E+00  0.00000000E+00  0.00000000E+00  0.10000000E-01  0.10000000E+01
 0.14800200E-08  0.17798210E-02  0.00000000E+00  0.26555562E+00  0.00000000E+00  0.00000000E+00  0.18249644E+09  0.00000000E+00  0.00000000E+00  0.00000000E+00  0.00000000E+00  0.00000000E+00  0.10000000E-01  0.10000000E+01
 0.14900200E-08  0.17798210E-02  0.00000000E+00  0.26738059E+00  0.00000000E+00  0.00000000E+00  0.18249644E+09  0.00000000E+00  0.00000000E+00  0.00000000E+00  0.00000000E+00  0.00000000E+00  0.10000000E-01  0.10000000E+01
 0.15000200E-08  0.17798210E-02  0.00000000E+00  0.26920555E+00  0.00000000E+00  0.00000000E+00  0.18249644E+09  0.00000000E+00  0.00000000E+00  0.00000000E+00  0.00000000E+00  0.00000000E+00  0.10000000E-01  0.10000000E+01
 0.15100200E-08  0.17798210E-02  0.00000000E+00  0.27103052E+00  0.00000000E+00  0.00000000E+00  0.18249644E+09  0.00000000E+00  0.00000000E+00  0.00000000E+00  0.00000000E+00  0.00000000E+00  0.10000000E-01  0.10000000E+01
 0.15200200E-08  0.17798210E-02  0.00000000E+00  0.27285548E+00  0.00000000E+00  0.00000000E+00  0.18249644E+09  0.00000000E+00  0.00000000E+00  0.00000000E+00  0.00000000E+00  0.00000000E+00  0.10000000E-01  0.10000000E+01
 0.15300200E-08  0.17798210E-02  0.00000000E+00  0.27468044E+00  0.00000000E+00  0.00000000E+00  0.18249644E+09  0.00000000E+00  0.00000000E+00  0.00000000E+00  0.00000000E+00  0.00000000E+00  0.10000000E-01  0.10000000E+01
 0.15400200E-08  0.17798210E-02  0.00000000E+00  0.27650541E+00  0.00000000E+00  0.00000000E+00  0.18249644E+09  0.00000000E+00  0.00000000E+00  0.00000000E+00  0.00000000E+00  0.00000000E+00  0.10000000E-01  0.10000000E+01
 0.15500200E-08  0.17798210E-02  0.00000000E+00  0.27833037E+00  0.00000000E+00  0.00000000E+00  0.18249644E+09  0.00000000E+00  0.00000000E+00  0.00000000E+00  0.00000000E+00  0.00000000E+00  0.10000000E-01  0.10000000E+01
 0.15600200E-08  0.17798210E-02  0.00000000E+00  0.28015534E+00  0.00000000E+00  0.00000000E+00  0.18249644E+09  0.00000000E+00  0.00000000E+00  0.00000000E+00  0.00000000E+00  0.00000000E+00  0.10000000E-01  0.10000000E+01
 0.15700200E-08  0.17798210E-02  0.00000000E+00  0.28198030E+00  0.00000000E+00  0.00000000E+00  0.18249644E+09  0.00000000E+00  0.00000000E+00  0.00000000E+00  0.00000000E+00  0.00000000E+00  0.10000000E-01  0.10000000E+01
 0.15800200E-08  0.17798210E-02  0.00000000E+00  0.28380527E+00  0.00000000E+00  0.00000000E+00  0.18249644E+09  0.00000000E+00  0.00000000E+00  0.00000000E+00  0.00000000E+00  0.00000000E+00  0.10000000E-01  0.10000000E+01
 0.15900200E-08  0.17798210E-02  0.00000000E+00  0.28563023E+00  0.00000000E+00  0.00000000E+00  0.18249644E+09  0.00000000E+00  0.00000000E+00  0.00000000E+00  0.00000000E+00  0.00000000E+00  0.10000000E-01  0.10000000E+01
 0.16000200E-08  0.17798210E-02  0.00000000E+00  0.28745520E+00  0.00000000E+00  0.00000000E+00  0.18249644E+09  0.00000000E+00  0.00000000E+00  0.00000000E+00  0.00000000E+00  0.00000000E+00  0.10000000E-01  0.10000000E+01
 0.16100200E-08  0.17798210E-02  0.00000000E+00  0.28928016E+00  0.00000000E+00  0.00000000E+00  0.18249644E+09  0.00000000E+00  0.00000000E+00  0.00000000E+00  0.00000000E+00  0.00000000E+00  0.10000000E-01  0.10000000E+01
 0.16200200E-08  0.17798210E-02  0.00000000E+00  0.29110512E+00  0.00000000E+00  0.00000000E+00  0.18249644E+09  0.00000000E+00  0.00000000E+00  0.00000000E+00  0.00000000E+00  0.00000000E+00  0.10000000E-01  0.10000000E+01
 0.16300200E-08  0.17798210E-02  0.00000000E+00  0.29293009E+00  0.00000000E+00  0.00000000E+00  0.18249644E+09  0.00000000E+00  0.00000000E+00  0.00000000E+00  0.00000000E+00  0.00000000E+00  0.10000000E-01  0.10000000E+01
 0.16400200E-08  0.17798210E-02  0.00000000E+00  0.29475505E+00  0.00000000E+00  0.00000000E+00  0.18249644E+09  0.00000000E+00  0.00000000E+00  0.00000000E+00  0.00000000E+00  0.00000000E+00  0.10000000E-01  0.10000000E+01
 0.16500200E-08  0.17798210E-02  0.00000000E+00  0.29658002E+00  0.00000000E+00  0.00000000E+00  0.18249644E+09  0.00000000E+00  0.00000000E+00  0.00000000E+00  0.00000000E+00  0.00000000E+00  0.10000000E-01  0.10000000E+01
 0.16600200E-08  0.17798210E-02  0.00000000E+00  0.29840498E+00  0.00000000E+00  0.00000000E+00  0.18249644E+09  0.00000000E+00  0.00000000E+00  0.00000000E+00  0.00000000E+00  0.00000000E+00  0.10000000E-01  0.10000000E+01
 0.16700200E-08  0.17798210E-02  0.00000000E+00  0.30022995E+00  0.00000000E+00  0.00000000E+00  0.18249644E+09  0.00000000E+00  0.00000000E+00  0.00000000E+00  0.00000000E+00  0.00000000E+00  0.10000000E-01  0.10000000E+01
 0.16800200E-08  0.17798210E-02  0.00000000E+00  0.30205491E+00  0.00000000E+00  0.00000000E+00  0.18249644E+09  0.00000000E+00  0.00000000E+00  0.00000000E+00  0.00000000E+00  0.00000000E+00  0.10000000E-01  0.10000000E+01
 0.16900200E-08  0.17798210E-02  0.00000000E+00  0.30387987E+00  0.00000000E+00  0.00000000E+00  0.18249644E+09  0.00000000E+00  0.00000000E+00  0.00000000E+00  0.00000000E+00  0.00000000E+00  0.10000000E-01  0.10000000E+01
 0.17000200E-08  0.17798210E-02  0.00000000E+00  0.30570484E+00  0.00000000E+00  0.00000000E+00  0.18249644E+09  0.00000000E+00  0.00000000E+00  0.00000000E+00  0.00000000E+00  0.00000000E+00  0.10000000E-01  0.10000000E+01
 0.17100200E-08  0.17798210E-02  0.00000000E+00  0.30752980E+00  0.00000000E+00  0.00000000E+00  0.18249644E+09  0.00000000E+00  0.00000000E+00  0.00000000E+00  0.00000000E+00  0.00000000E+00  0.10000000E-01  0.10000000E+01
 0.17200200E-08  0.17798210E-02  0.00000000E+00  0.30935477E+00  0.00000000E+00  0.00000000E+00  0.18249644E+09  0.00000000E+00  0.00000000E+00  0.00000000E+00  0.00000000E+00  0.00000000E+00  0.10000000E-01  0.10000000E+01
 0.17300200E-08  0.17798210E-02  0.00000000E+00  0.31117973E+00  0.00000000E+00  0.00000000E+00  0.18249644E+09  0.00000000E+00  0.00000000E+00  0.00000000E+00  0.00000000E+00  0.00000000E+00  0.10000000E-01  0.10000000E+01
 0.17400200E-08  0.17798210E-02  0.00000000E+00  0.31300470E+00  0.00000000E+00  0.00000000E+00  0.18249644E+09  0.00000000E+00  0.00000000E+00  0.00000000E+00  0.00000000E+00  0.00000000E+00  0.10000000E-01  0.10000000E+01
 0.17500200E-08  0.17798210E-02  0.00000000E+00  0.31482966E+00  0.00000000E+00  0.00000000E+00  0.18249644E+09  0.00000000E+00  0.00000000E+00  0.00000000E+00  0.00000000E+00  0.00000000E+00  0.10000000E-01  0.10000000E+01
 0.17600200E-08  0.17798210E-02  0.00000000E+00  0.31665463E+00  0.00000000E+00  0.00000000E+00  0.18249644E+09  0.00000000E+00  0.00000000E+00  0.00000000E+00  0.00000000E+00  0.00000000E+00  0.10000000E-01  0.10000000E+01
 0.17700200E-08  0.17798210E-02  0.00000000E+00  0.31847959E+00  0.00000000E+00  0.00000000E+00  0.18249644E+09  0.00000000E+00  0.00000000E+00  0.00000000E+00  0.00000000E+00  0.00000000E+00  0.10000000E-01  0.10000000E+01
 0.17800200E-08  0.17798210E-02  0.00000000E+00  0.32030455E+00  0.00000000E+00  0.00000000E+00  0.18249644E+09  0.00000000E+00  0.00000000E+00  0.00000000E+00  0.00000000E+00  0.00000000E+00  0.10000000E-01  0.10000000E+01
 0.17900200E-08  0.17798210E-02  0.00000000E+00  0.32212952E+00  0.00000000E+00  0.00000000E+00  0.18249644E+09  0.00000000E+00  0.00000000E+00  0.00000000E+00  0.00000000E+00  0.00000000E+00  0.10000000E-01  0.10000000E+01
 0.18000200E-08  0.17798210E-02  0.00000000E+00  0.32395448E+00  0.00000000E+00  0.00000000E+00  0.18249644E+09  0.00000000E+00  0.00000000E+00  0.00000000E+00  0.00000000E+00  0.00000000E+00  0.10000000E-01  0.10000000E+01
 0.18100200E-08  0.17798210E-02  0.00000000E+00  0.32577945E+00  0.00000000E+00  0.00000000E+00  0.18249644E+09  0.00000000E+00  0.00000000E+00  0.00000000E+00  0.00000000E+00  0.00000000E+00  0.10000000E-01  0.10000000E+01
 0.18200200E-08  0.17798210E-02  0.00000000E+00  0.32760441E+00  0.00000000E+00  0.00000000E+00  0.18249644E+09  0.00000000E+00  0.00000000E+00  0.00000000E+00  0.00000000E+00  0.00000000E+00  0.10000000E-01  0.10000000E+01
 0.18300200E-08  0.17798210E-02  0.00000000E+00  0.32942938E+00  0.00000000E+00  0.00000000E+00  0.18249644E+09  0.00000000E+00  0.00000000E+00  0.00000000E+00  0.00000000E+00  0.00000000E+00  0.10000000E-01  0.10000000E+01
 0.18400200E-08  0.17798210E-02  0.00000000E+00  0.33125434E+00  0.00000000E+00  0.00000000E+00  0.18249644E+09  0.00000000E+00  0.00000000E+00  0.00000000E+00  0.00000000E+00  0.00000000E+00  0.10000000E-01  0.10000000E+01
 0.18500200E-08  0.17798210E-02  0.00000000E+00  0.33307930E+00  0.00000000E+00  0.00000000E+00  0.18249644E+09  0.00000000E+00  0.00000000E+00  0.00000000E+00  0.00000000E+00  0.00000000E+00  0.10000000E-01  0.10000000E+01
 0.18600200E-08  0.17798210E-02  0.00000000E+00  0.33490427E+00  0.00000000E+00  0.00000000E+00  0.18249644E+09  0.00000000E+00  0.00000000E+00  0.00000000E+00  0.00000000E+00  0.00000000E+00  0.10000000E-01  0.10000000E+01
 0.18700200E-08  0.17798210E-02  0.00000000E+00  0.33672923E+00  0.00000000E+00  0.00000000E+00  0.18249644E+09  0.00000000E+00  0.00000000E+00  0.00000000E+00  0.00000000E+00  0.00000000E+00  0.10000000E-01  0.10000000E+01
 0.18800200E-08  0.17798210E-02  0.00000000E+00  0.33855420E+00  0.00000000E+00  0.00000000E+00  0.18249644E+09  0.00000000E+00  0.00000000E+00  0.00000000E+00  0.00000000E+00  0.00000000E+00  0.10000000E-01  0.10000000E+01
 0.18900200E-08  0.17798210E-02  0.00000000E+00  0.34037916E+00  0.00000000E+00  0.00000000E+00  0.18249644E+09  0.00000000E+00  0.00000000E+00  0.00000000E+00  0.00000000E+00  0.00000000E+00  0.10000000E-01  0.10000000E+01
 0.19000200E-08  0.17798210E-02  0.00000000E+00  0.34220413E+00  0.00000000E+00  0.00000000E+00  0.18249644E+09  0.00000000E+00  0.00000000E+00  0.00000000E+00  0.00000000E+00  0.00000000E+00  0.10000000E-01  0.10000000E+01
 0.19100200E-08  0.17798210E-02  0.00000000E+00  0.34402909E+00  0.00000000E+00  0.00000000E+00  0.18249644E+09  0.00000000E+00  0.00000000E+00  0.00000000E+00  0.00000000E+00  0.00000000E+00  0.10000000E-01  0.10000000E+01
 0.19200200E-08  0.17798210E-02  0.00000000E+00  0.34585405E+00  0.00000000E+00  0.00000000E+00  0.18249644E+09  0.00000000E+00  0.00000000E+00  0.00000000E+00  0.00000000E+00  0.00000000E+00  0.10000000E-01  0.10000000E+01
 0.19300200E-08  0.17798210E-02  0.00000000E+00  0.34767902E+00  0.00000000E+00  0.00000000E+00  0.18249644E+09  0.00000000E+00  0.00000000E+00  0.00000000E+00  0.00000000E+00  0.00000000E+00  0.10000000E-01  0.10000000E+01
 0.19400200E-08  0.17798210E-02  0.00000000E+00  0.34950398E+00  0.00000000E+00  0.00000000E+00  0.18249644E+09  0.00000000E+00  0.00000000E+00  0.00000000E+00  0.00000000E+00  0.00000000E+00  0.10000000E-01  0.10000000E+01
 0.19500200E-08  0.17798210E-02  0.00000000E+00  0.35132895E+00  0.00000000E+00  0.00000000E+00  0.18249644E+09  0.00000000E+00  0.00000000E+00  0.00000000E+00  0.00000000E+00  0.00000000E+00  0.10000000E-01  0.10000000E+01
 0.19600200E-08  0.17798210E-02  0.00000000E+00  0.35315391E+00  0.00000000E+00  0.00000000E+00  0.18249644E+09  0.00000000E+00  0.00000000E+00  0.00000000E+00  0.00000000E+00  0.00000000E+00  0.10000000E-01  0.10000000E+01
 0.19700200E-08  0.17798210E-02  0.00000000E+00  0.35497888E+00  0.00000000E+00  0.00000000E+00  0.18249644E+09  0.00000000E+00  0.00000000E+00  0.00000000E+00  0.00000000E+00  0.00000000E+00  0.10000000E-01  0.10000000E+01
 0.19800200E-08  0.17798210E-02  0.00000000E+00  0.35680384E+00  0.00000000E+00  0.00000000E+00  0.18249644E+09  0.00000000E+00  0.00000000E+00  0.00000000E+00  0.00000000E+00  0.00000000E+00  0.10000000E-01  0.10000000E+01
 0.19900200E-08  0.17798210E-02  0.00000000E+00  0.35862881E+00  0.00000000E+00  0.00000000E+00  0.18249644E+09  0.00000000E+00  0.00000000E+00  0.00000000E+00  0.00000000E+00  0.00000000E+00  0.10000000E-01  0.10000000E+01
