# ptime xp yp zp vx vy vz ex ey ez bx by bz wt
 0.20000000E-13  0.19830481E-01  0.00000000E+00 -0.12807819E-01  0.00000000E+00  0.00000000E+00  0.17132236E+09  0.00000000E+00  0.00000000E+00  0.00000000E+00  0.00000000E+00  0.00000000E+00  0.10000000E-01  0.10000000E+01
 0.10000000E-10  0.19830481E-01  0.00000000E+00 -0.11098022E-01  0.00000000E+00  0.00000000E+00  0.17132236E+09  0.00000000E+00  0.00000000E+00  0.00000000E+00  0.00000000E+00  0.00000000E+00  0.10000000E-01  0.10000000E+01
 0.20000000E-10  0.19830481E-01  0.00000000E+00 -0.93847983E-02  0.00000000E+00  0.00000000E+00  0.17132236E+09  0.00000000E+00  0.00000000E+00  0.00000000E+00  0.00000000E+00  0.00000000E+00  0.10000000E-01  0.10000000E+01
 0.30000000E-10  0.19830481E-01  0.00000000E+00 -0.76715747E-02  0.00000000E+00  0.00000000E+00  0.17132236E+09  0.00000000E+00  0.00000000E+00  0.00000000E+00  0.00000000E+00  0.00000000E+00  0.10000000E-01  0.10000000E+01
 0.40020000E-10  0.19830481E-01  0.00000000E+00 -0.59549246E-02  0.00000000E+00  0.00000000E+00  0.17132236E+09  0.00000000E+00  0.00000000E+00  0.00000000E+00  0.00000000E+00  0.00000000E+00  0.10000000E-01  0.10000000E+01
 0.50020000E-10  0.19830481E-01  0.00000000E+00 -0.42417010E-02  0.00000000E+00  0.00000000E+00  0.17132236E+09  0.00000000E+00  0.00000000E+00  0.00000000E+00  0.00000000E+00  0.00000000E+00  0.10000000E-01  0.10000000E+01
 0.60020000E-10  0.19830481E-01  0.00000000E+00 -0.25284774E-02  0.00000000E+00  0.00000000E+00  0.17132236E+09  0.00000000E+00  0.00000000E+00  0.00000000E+00  0.00000000E+00  0.00000000E+00  0.10000000E-01  0.10000000E+01
 0.70020000E-10  0.19830481E-01  0.00000000E+00 -0.81525378E-03  0.00000000E+00  0.00000000E+00  0.17132236E+09  0.00000000E+00  0.00000000E+00  0.00000000E+00  0.00000000E+00  0.00000000E+00  0.10000000E-01  0.10000000E+01
 0.80000000E-10  0.19830481E-01  0.00000000E+00  0.89454338E-03  0.00000000E+00  0.00000000E+00  0.17132236E+09  0.00000000E+00  0.00000000E+00  0.00000000E+00  0.00000000E+00  0.00000000E+00  0.10000000E-01  0.10000000E+01
 0.90000000E-10  0.19830481E-01  0.00000000E+00  0.26077670E-02  0.00000000E+00  0.00000000E+00  0.17132236E+09  0.00000000E+00  0.00000000E+00  0.00000000E+00  0.00000000E+00  0.00000000E+00  0.10000000E-01  0.10000000E+01
 0.10000000E-09  0.19830481E-01  0.00000000E+00  0.43209906E-02  0.00000000E+00  0.00000000E+00  0.17132236E+09  0.00000000E+00  0.00000000E+00  0.00000000E+00  0.00000000E+00  0.00000000E+00  0.10000000E-01  0.10000000E+01
 0.11000000E-09  0.19830481E-01  0.00000000E+00  0.60342142E-02  0.00000000E+00  0.00000000E+00  0.17132236E+09  0.00000000E+00  0.00000000E+00  0.00000000E+00  0.00000000E+00  0.00000000E+00  0.10000000E-01  0.10000000E+01
 0.12000000E-09  0.19830481E-01  0.00000000E+00  0.77474378E-02  0.00000000E+00  0.00000000E+00  0.17132236E+09  0.00000000E+00  0.00000000E+00  0.00000000E+00  0.00000000E+00  0.00000000E+00  0.10000000E-01  0.10000000E+01
 0.13000000E-09  0.19830481E-01  0.00000000E+00  0.94606614E-02  0.00000000E+00  0.00000000E+00  0.17132236E+09  0.00000000E+00  0.00000000E+00  0.00000000E+00  0.00000000E+00  0.00000000E+00  0.10000000E-01  0.10000000E+01
 0.14002000E-09  0.19830481E-01  0.00000000E+00  0.11177311E-01  0.00000000E+00  0.00000000E+00  0.17132236E+09  0.00000000E+00  0.00000000E+00  0.00000000E+00  0.00000000E+00  0.00000000E+00  0.10000000E-01  0.10000000E+01
 0.15002000E-09  0.19830481E-01  0.00000000E+00  0.12890535E-01  0.00000000E+00  0.00000000E+00  0.17132236E+09  0.00000000E+00  0.00000000E+00  0.00000000E+00  0.00000000E+00  0.00000000E+00  0.10000000E-01  0.10000000E+01
 0.16002000E-09  0.19830481E-01  0.00000000E+00  0.14603759E-01  0.00000000E+00  0.00000000E+00  0.17132236E+09  0.00000000E+00  0.00000000E+00  0.00000000E+00  0.00000000E+00  0.00000000E+00  0.10000000E-01  0.10000000E+01
 0.17002000E-09  0.19830481E-01  0.00000000E+00  0.16316982E-01  0.00000000E+00  0.00000000E+00  0.17132236E+09  0.00000000E+00  0.00000000E+00  0.00000000E+00  0.00000000E+00  0.00000000E+00  0.10000000E-01  0.10000000E+01
 0.18002000E-09  0.19830481E-01  0.00000000E+00  0.18030206E-01  0.00000000E+00  0.00000000E+00  0.17132236E+09  0.00000000E+00  0.00000000E+00  0.00000000E+00  0.00000000E+00  0.00000000E+00  0.10000000E-01  0.10000000E+01
 0.19002000E-09  0.19830481E-01  0.00000000E+00  0.19743430E-01  0.00000000E+00  0.00000000E+00  0.17132236E+09  0.00000000E+00  0.00000000E+00  0.00000000E+00  0.00000000E+00  0.00000000E+00  0.10000000E-01  0.10000000E+01
 0.20002000E-09  0.19830481E-01  0.00000000E+00  0.21456653E-01  0.00000000E+00  0.00000000E+00  0.17132236E+09  0.00000000E+00  0.00000000E+00  0.00000000E+00  0.00000000E+00  0.00000000E+00  0.10000000E-01  0.10000000E+01
 0.21002000E-09  0.19830481E-01  0.00000000E+00  0.23169877E-01  0.00000000E+00  0.00000000E+00  0.17132236E+09  0.00000000E+00  0.00000000E+00  0.00000000E+00  0.00000000E+00  0.00000000E+00  0.10000000E-01  0.10000000E+01
 0.22002000E-09  0.19830481E-01  0.00000000E+00  0.24883100E-01  0.00000000E+00  0.00000000E+00  0.17132236E+09  0.00000000E+00  0.00000000E+00  0.00000000E+00  0.00000000E+00  0.00000000E+00  0.10000000E-01  0.10000000E+01
 0.23002000E-09  0.19830481E-01  0.00000000E+00  0.26596324E-01  0.00000000E+00  0.00000000E+00  0.17132236E+09  0.00000000E+00  0.00000000E+00  0.00000000E+00  0.00000000E+00  0.00000000E+00  0.10000000E-01  0.10000000E+01
 0.24002000E-09  0.19830481E-01  0.00000000E+00  0.28309548E-01  0.00000000E+00  0.00000000E+00  0.17132236E+09  0.00000000E+00  0.00000000E+00  0.00000000E+00  0.00000000E+00  0.00000000E+00  0.10000000E-01  0.10000000E+01
 0.25002000E-09  0.19830481E-01  0.00000000E+00  0.30022771E-01  0.00000000E+00  0.00000000E+00  0.17132236E+09  0.00000000E+00  0.00000000E+00  0.00000000E+00  0.00000000E+00  0.00000000E+00  0.10000000E-01  0.10000000E+01
 0.26002000E-09  0.19830481E-01  0.00000000E+00  0.31735995E-01  0.00000000E+00  0.00000000E+00  0.17132236E+09  0.00000000E+00  0.00000000E+00  0.00000000E+00  0.00000000E+00  0.00000000E+00  0.10000000E-01  0.10000000E+01
 0.27002000E-09  0.19830481E-01  0.00000000E+00  0.33449218E-01  0.00000000E+00  0.00000000E+00  0.17132236E+09  0.00000000E+00  0.00000000E+00  0.00000000E+00  0.00000000E+00  0.00000000E+00  0.10000000E-01  0.10000000E+01
 0.28002000E-09  0.19830481E-01  0.00000000E+00  0.35162442E-01  0.00000000E+00  0.00000000E+00  0.17132236E+09  0.00000000E+00  0.00000000E+00  0.00000000E+00  0.00000000E+00  0.00000000E+00  0.10000000E-01  0.10000000E+01
 0.29002000E-09  0.19830481E-01  0.00000000E+00  0.36875666E-01  0.00000000E+00  0.00000000E+00  0.17132236E+09  0.00000000E+00  0.00000000E+00  0.00000000E+00  0.00000000E+00  0.00000000E+00  0.10000000E-01  0.10000000E+01
 0.30000000E-09  0.19830481E-01  0.00000000E+00  0.38585463E-01  0.00000000E+00  0.00000000E+00  0.17132236E+09  0.00000000E+00  0.00000000E+00  0.00000000E+00  0.00000000E+00  0.00000000E+00  0.10000000E-01  0.10000000E+01
 0.31000000E-09  0.19830481E-01  0.00000000E+00  0.40298686E-01  0.00000000E+00  0.00000000E+00  0.17132236E+09  0.00000000E+00  0.00000000E+00  0.00000000E+00  0.00000000E+00  0.00000000E+00  0.10000000E-01  0.10000000E+01
 0.32000000E-09  0.19830481E-01  0.00000000E+00  0.42011910E-01  0.00000000E+00  0.00000000E+00  0.17132236E+09  0.00000000E+00  0.00000000E+00  0.00000000E+00  0.00000000E+00  0.00000000E+00  0.10000000E-01  0.10000000E+01
 0.33000000E-09  0.19830481E-01  0.00000000E+00  0.43725134E-01  0.00000000E+00  0.00000000E+00  0.17132236E+09  0.00000000E+00  0.00000000E+00  0.00000000E+00  0.00000000E+00  0.00000000E+00  0.10000000E-01  0.10000000E+01
 0.34000000E-09  0.19830481E-01  0.00000000E+00  0.45438357E-01  0.00000000E+00  0.00000000E+00  0.17132236E+09  0.00000000E+00  0.00000000E+00  0.00000000E+00  0.00000000E+00  0.00000000E+00  0.10000000E-01  0.10000000E+01
 0.35000000E-09  0.19830481E-01  0.00000000E+00  0.47151581E-01  0.00000000E+00  0.00000000E+00  0.17132236E+09  0.00000000E+00  0.00000000E+00  0.00000000E+00  0.00000000E+00  0.00000000E+00  0.10000000E-01  0.10000000E+01
 0.36000000E-09  0.19830481E-01  0.00000000E+00  0.48864804E-01  0.00000000E+00  0.00000000E+00  0.17132236E+09  0.00000000E+00  0.00000000E+00  0.00000000E+00  0.00000000E+00  0.00000000E+00  0.10000000E-01  0.10000000E+01
 0.37000000E-09  0.19830481E-01  0.00000000E+00  0.50578028E-01  0.00000000E+00  0.00000000E+00  0.17132236E+09  0.00000000E+00  0.00000000E+00  0.00000000E+00  0.00000000E+00  0.00000000E+00  0.10000000E-01  0.10000000E+01
 0.38000000E-09  0.19830481E-01  0.00000000E+00  0.52291252E-01  0.00000000E+00  0.00000000E+00  0.17132236E+09  0.00000000E+00  0.00000000E+00  0.00000000E+00  0.00000000E+00  0.00000000E+00  0.10000000E-01  0.10000000E+01
 0.39000000E-09  0.19830481E-01  0.00000000E+00  0.54004475E-01  0.00000000E+00  0.00000000E+00  0.17132236E+09  0.00000000E+00  0.00000000E+00  0.00000000E+00  0.00000000E+00  0.00000000E+00  0.10000000E-01  0.10000000E+01
 0.40000000E-09  0.19830481E-01  0.00000000E+00  0.55717699E-01  0.00000000E+00  0.00000000E+00  0.17132236E+09  0.00000000E+00  0.00000000E+00  0.00000000E+00  0.00000000E+00  0.00000000E+00  0.10000000E-01  0.10000000E+01
 0.41000000E-09  0.19830481E-01  0.00000000E+00  0.57430923E-01  0.00000000E+00  0.00000000E+00  0.17132236E+09  0.00000000E+00  0.00000000E+00  0.00000000E+00  0.00000000E+00  0.00000000E+00  0.10000000E-01  0.10000000E+01
 0.42000000E-09  0.19830481E-01  0.00000000E+00  0.59144146E-01  0.00000000E+00  0.00000000E+00  0.17132236E+09  0.00000000E+00  0.00000000E+00  0.00000000E+00  0.00000000E+00  0.00000000E+00  0.10000000E-01  0.10000000E+01
 0.43000000E-09  0.19830481E-01  0.00000000E+00  0.60857370E-01  0.00000000E+00  0.00000000E+00  0.17132236E+09  0.00000000E+00  0.00000000E+00  0.00000000E+00  0.00000000E+00  0.00000000E+00  0.10000000E-01  0.10000000E+01
 0.44000000E-09  0.19830481E-01  0.00000000E+00  0.62570593E-01  0.00000000E+00  0.00000000E+00  0.17132236E+09  0.00000000E+00  0.00000000E+00  0.00000000E+00  0.00000000E+00  0.00000000E+00  0.10000000E-01  0.10000000E+01
 0.45000000E-09  0.19830481E-01  0.00000000E+00  0.64283817E-01  0.00000000E+00  0.00000000E+00  0.17132236E+09  0.00000000E+00  0.00000000E+00  0.00000000E+00  0.00000000E+00  0.00000000E+00  0.10000000E-01  0.10000000E+01
 0.46000000E-09  0.19830481E-01  0.00000000E+00  0.65997041E-01  0.00000000E+00  0.00000000E+00  0.17132236E+09  0.00000000E+00  0.00000000E+00  0.00000000E+00  0.00000000E+00  0.00000000E+00  0.10000000E-01  0.10000000E+01
 0.47000000E-09  0.19830481E-01  0.00000000E+00  0.67710264E-01  0.00000000E+00  0.00000000E+00  0.17132236E+09  0.00000000E+00  0.00000000E+00  0.00000000E+00  0.00000000E+00  0.00000000E+00  0.10000000E-01  0.10000000E+01
 0.48000000E-09  0.19830481E-01  0.00000000E+00  0.69423488E-01  0.00000000E+00  0.00000000E+00  0.17132236E+09  0.00000000E+00  0.00000000E+00  0.00000000E+00  0.00000000E+00  0.00000000E+00  0.10000000E-01  0.10000000E+01
 0.49000000E-09  0.19830481E-01  0.00000000E+00  0.71136711E-01  0.00000000E+00  0.00000000E+00  0.17132236E+09  0.00000000E+00  0.00000000E+00  0.00000000E+00  0.00000000E+00  0.00000000E+00  0.10000000E-01  0.10000000E+01
 0.50000000E-09  0.19830481E-01  0.00000000E+00  0.72849935E-01  0.00000000E+00  0.00000000E+00  0.17132236E+09  0.00000000E+00  0.00000000E+00  0.00000000E+00  0.00000000E+00  0.00000000E+00  0.10000000E-01  0.10000000E+01
 0.51000000E-09  0.19830481E-01  0.00000000E+00  0.74563159E-01  0.00000000E+00  0.00000000E+00  0.17132236E+09  0.00000000E+00  0.00000000E+00  0.00000000E+00  0.00000000E+00  0.00000000E+00  0.10000000E-01  0.10000000E+01
 0.52000000E-09  0.19830481E-01  0.00000000E+00  0.76276382E-01  0.00000000E+00  0.00000000E+00  0.17132236E+09  0.00000000E+00  0.00000000E+00  0.00000000E+00  0.00000000E+00  0.00000000E+00  0.10000000E-01  0.10000000E+01
 0.53000000E-09  0.19830481E-01  0.00000000E+00  0.77989606E-01  0.00000000E+00  0.00000000E+00  0.17132236E+09  0.00000000E+00  0.00000000E+00  0.00000000E+00  0.00000000E+00  0.00000000E+00  0.10000000E-01  0.10000000E+01
 0.54000000E-09  0.19830481E-01  0.00000000E+00  0.79702829E-01  0.00000000E+00  0.00000000E+00  0.17132236E+09  0.00000000E+00  0.00000000E+00  0.00000000E+00  0.00000000E+00  0.00000000E+00  0.10000000E-01  0.10000000E+01
 0.55002000E-09  0.19830481E-01  0.00000000E+00  0.81419479E-01  0.00000000E+00  0.00000000E+00  0.17132236E+09  0.00000000E+00  0.00000000E+00  0.00000000E+00  0.00000000E+00  0.00000000E+00  0.10000000E-01  0.10000000E+01
 0.56002000E-09  0.19830481E-01  0.00000000E+00  0.83132703E-01  0.00000000E+00  0.00000000E+00  0.17132236E+09  0.00000000E+00  0.00000000E+00  0.00000000E+00  0.00000000E+00  0.00000000E+00  0.10000000E-01  0.10000000E+01
 0.57002000E-09  0.19830481E-01  0.00000000E+00  0.84845927E-01  0.00000000E+00  0.00000000E+00  0.17132236E+09  0.00000000E+00  0.00000000E+00  0.00000000E+00  0.00000000E+00  0.00000000E+00  0.10000000E-01  0.10000000E+01
 0.58002000E-09  0.19830481E-01  0.00000000E+00  0.86559150E-01  0.00000000E+00  0.00000000E+00  0.17132236E+09  0.00000000E+00  0.00000000E+00  0.00000000E+00  0.00000000E+00  0.00000000E+00  0.10000000E-01  0.10000000E+01
 0.59002000E-09  0.19830481E-01  0.00000000E+00  0.88272374E-01  0.00000000E+00  0.00000000E+00  0.17132236E+09  0.00000000E+00  0.00000000E+00  0.00000000E+00  0.00000000E+00  0.00000000E+00  0.10000000E-01  0.10000000E+01
 0.60002000E-09  0.19830481E-01  0.00000000E+00  0.89985598E-01  0.00000000E+00  0.00000000E+00  0.17132236E+09  0.00000000E+00  0.00000000E+00  0.00000000E+00  0.00000000E+00  0.00000000E+00  0.10000000E-01  0.10000000E+01
 0.61002000E-09  0.19830481E-01  0.00000000E+00  0.91698821E-01  0.00000000E+00  0.00000000E+00  0.17132236E+09  0.00000000E+00  0.00000000E+00  0.00000000E+00  0.00000000E+00  0.00000000E+00  0.10000000E-01  0.10000000E+01
 0.62002000E-09  0.19830481E-01  0.00000000E+00  0.93412045E-01  0.00000000E+00  0.00000000E+00  0.17132236E+09  0.00000000E+00  0.00000000E+00  0.00000000E+00  0.00000000E+00  0.00000000E+00  0.10000000E-01  0.10000000E+01
 0.63002000E-09  0.19830481E-01  0.00000000E+00  0.95125268E-01  0.00000000E+00  0.00000000E+00  0.17132236E+09  0.00000000E+00  0.00000000E+00  0.00000000E+00  0.00000000E+00  0.00000000E+00  0.10000000E-01  0.10000000E+01
 0.64002000E-09  0.19830481E-01  0.00000000E+00  0.96838492E-01  0.00000000E+00  0.00000000E+00  0.17132236E+09  0.00000000E+00  0.00000000E+00  0.00000000E+00  0.00000000E+00  0.00000000E+00  0.10000000E-01  0.10000000E+01
 0.65002000E-09  0.19830481E-01  0.00000000E+00  0.98551716E-01  0.00000000E+00  0.00000000E+00  0.17132236E+09  0.00000000E+00  0.00000000E+00  0.00000000E+00  0.00000000E+00  0.00000000E+00  0.10000000E-01  0.10000000E+01
 0.66002000E-09  0.19830481E-01  0.00000000E+00  0.10026494E+00  0.00000000E+00  0.00000000E+00  0.17132236E+09  0.00000000E+00  0.00000000E+00  0.00000000E+00  0.00000000E+00  0.00000000E+00  0.10000000E-01  0.10000000E+01
 0.67002000E-09  0.19830481E-01  0.00000000E+00  0.10197816E+00  0.00000000E+00  0.00000000E+00  0.17132236E+09  0.00000000E+00  0.00000000E+00  0.00000000E+00  0.00000000E+00  0.00000000E+00  0.10000000E-01  0.10000000E+01
 0.68002000E-09  0.19830481E-01  0.00000000E+00  0.10369139E+00  0.00000000E+00  0.00000000E+00  0.17132236E+09  0.00000000E+00  0.00000000E+00  0.00000000E+00  0.00000000E+00  0.00000000E+00  0.10000000E-01  0.10000000E+01
 0.69002000E-09  0.19830481E-01  0.00000000E+00  0.10540461E+00  0.00000000E+00  0.00000000E+00  0.17132236E+09  0.00000000E+00  0.00000000E+00  0.00000000E+00  0.00000000E+00  0.00000000E+00  0.10000000E-01  0.10000000E+01
 0.70002000E-09  0.19830481E-01  0.00000000E+00  0.10711783E+00  0.00000000E+00  0.00000000E+00  0.17132236E+09  0.00000000E+00  0.00000000E+00  0.00000000E+00  0.00000000E+00  0.00000000E+00  0.10000000E-01  0.10000000E+01
 0.71002000E-09  0.19830481E-01  0.00000000E+00  0.10883106E+00  0.00000000E+00  0.00000000E+00  0.17132236E+09  0.00000000E+00  0.00000000E+00  0.00000000E+00  0.00000000E+00  0.00000000E+00  0.10000000E-01  0.10000000E+01
 0.72002000E-09  0.19830481E-01  0.00000000E+00  0.11054428E+00  0.00000000E+00  0.00000000E+00  0.17132236E+09  0.00000000E+00  0.00000000E+00  0.00000000E+00  0.00000000E+00  0.00000000E+00  0.10000000E-01  0.10000000E+01
 0.73002000E-09  0.19830481E-01  0.00000000E+00  0.11225750E+00  0.00000000E+00  0.00000000E+00  0.17132236E+09  0.00000000E+00  0.00000000E+00  0.00000000E+00  0.00000000E+00  0.00000000E+00  0.10000000E-01  0.10000000E+01
 0.74002000E-09  0.19830481E-01  0.00000000E+00  0.11397073E+00  0.00000000E+00  0.00000000E+00  0.17132236E+09  0.00000000E+00  0.00000000E+00  0.00000000E+00  0.00000000E+00  0.00000000E+00  0.10000000E-01  0.10000000E+01
 0.75002000E-09  0.19830481E-01  0.00000000E+00  0.11568395E+00  0.00000000E+00  0.00000000E+00  0.17132236E+09  0.00000000E+00  0.00000000E+00  0.00000000E+00  0.00000000E+00  0.00000000E+00  0.10000000E-01  0.10000000E+01
 0.76002000E-09  0.19830481E-01  0.00000000E+00  0.11739718E+00  0.00000000E+00  0.00000000E+00  0.17132236E+09  0.00000000E+00  0.00000000E+00  0.00000000E+00  0.00000000E+00  0.00000000E+00  0.10000000E-01  0.10000000E+01
 0.77002000E-09  0.19830481E-01  0.00000000E+00  0.11911040E+00  0.00000000E+00  0.00000000E+00  0.17132236E+09  0.00000000E+00  0.00000000E+00  0.00000000E+00  0.00000000E+00  0.00000000E+00  0.10000000E-01  0.10000000E+01
 0.78002000E-09  0.19830481E-01  0.00000000E+00  0.12082362E+00  0.00000000E+00  0.00000000E+00  0.17132236E+09  0.00000000E+00  0.00000000E+00  0.00000000E+00  0.00000000E+00  0.00000000E+00  0.10000000E-01  0.10000000E+01
 0.79002000E-09  0.19830481E-01  0.00000000E+00  0.12253685E+00  0.00000000E+00  0.00000000E+00  0.17132236E+09  0.00000000E+00  0.00000000E+00  0.00000000E+00  0.00000000E+00  0.00000000E+00  0.10000000E-01  0.10000000E+01
 0.80002000E-09  0.19830481E-01  0.00000000E+00  0.12425007E+00  0.00000000E+00  0.00000000E+00  0.17132236E+09  0.00000000E+00  0.00000000E+00  0.00000000E+00  0.00000000E+00  0.00000000E+00  0.10000000E-01  0.10000000E+01
 0.81002000E-09  0.19830481E-01  0.00000000E+00  0.12596329E+00  0.00000000E+00  0.00000000E+00  0.17132236E+09  0.00000000E+00  0.00000000E+00  0.00000000E+00  0.00000000E+00  0.00000000E+00  0.10000000E-01  0.10000000E+01
 0.82002000E-09  0.19830481E-01  0.00000000E+00  0.12767652E+00  0.00000000E+00  0.00000000E+00  0.17132236E+09  0.00000000E+00  0.00000000E+00  0.00000000E+00  0.00000000E+00  0.00000000E+00  0.10000000E-01  0.10000000E+01
 0.83002000E-09  0.19830481E-01  0.00000000E+00  0.12938974E+00  0.00000000E+00  0.00000000E+00  0.17132236E+09  0.00000000E+00  0.00000000E+00  0.00000000E+00  0.00000000E+00  0.00000000E+00  0.10000000E-01  0.10000000E+01
 0.84002000E-09  0.19830481E-01  0.00000000E+00  0.13110296E+00  0.00000000E+00  0.00000000E+00  0.17132236E+09  0.00000000E+00  0.00000000E+00  0.00000000E+00  0.00000000E+00  0.00000000E+00  0.10000000E-01  0.10000000E+01
 0.85002000E-09  0.19830481E-01  0.00000000E+00  0.13281619E+00  0.00000000E+00  0.00000000E+00  0.17132236E+09  0.00000000E+00  0.00000000E+00  0.00000000E+00  0.00000000E+00  0.00000000E+00  0.10000000E-01  0.10000000E+01
 0.86002000E-09  0.19830481E-01  0.00000000E+00  0.13452941E+00  0.00000000E+00  0.00000000E+00  0.17132236E+09  0.00000000E+00  0.00000000E+00  0.00000000E+00  0.00000000E+00  0.00000000E+00  0.10000000E-01  0.10000000E+01
 0.87002000E-09  0.19830481E-01  0.00000000E+00  0.13624264E+00  0.00000000E+00  0.00000000E+00  0.17132236E+09  0.00000000E+00  0.00000000E+00  0.00000000E+00  0.00000000E+00  0.00000000E+00  0.10000000E-01  0.10000000E+01
 0.88002000E-09  0.19830481E-01  0.00000000E+00  0.13795586E+00  0.00000000E+00  0.00000000E+00  0.17132236E+09  0.00000000E+00  0.00000000E+00  0.00000000E+00  0.00000000E+00  0.00000000E+00  0.10000000E-01  0.10000000E+01
 0.89002000E-09  0.19830481E-01  0.00000000E+00  0.13966908E+00  0.00000000E+00  0.00000000E+00  0.17132236E+09  0.00000000E+00  0.00000000E+00  0.00000000E+00  0.00000000E+00  0.00000000E+00  0.10000000E-01  0.10000000E+01
 0.90002000E-09  0.19830481E-01  0.00000000E+00  0.14138231E+00  0.00000000E+00  0.00000000E+00  0.17132236E+09  0.00000000E+00  0.00000000E+00  0.00000000E+00  0.00000000E+00  0.00000000E+00  0.10000000E-01  0.10000000E+01
 0.91002000E-09  0.19830481E-01  0.00000000E+00  0.14309553E+00  0.00000000E+00  0.00000000E+00  0.17132236E+09  0.00000000E+00  0.00000000E+00  0.00000000E+00  0.00000000E+00  0.00000000E+00  0.10000000E-01  0.10000000E+01
 0.92002000E-09  0.19830481E-01  0.00000000E+00  0.14480875E+00  0.00000000E+00  0.00000000E+00  0.17132236E+09  0.00000000E+00  0.00000000E+00  0.00000000E+00  0.00000000E+00  0.00000000E+00  0.10000000E-01  0.10000000E+01
 0.93002000E-09  0.19830481E-01  0.00000000E+00  0.14652198E+00  0.00000000E+00  0.00000000E+00  0.17132236E+09  0.00000000E+00  0.00000000E+00  0.00000000E+00  0.00000000E+00  0.00000000E+00  0.10000000E-01  0.10000000E+01
 0.94002000E-09  0.19830481E-01  0.00000000E+00  0.14823520E+00  0.00000000E+00  0.00000000E+00  0.17132236E+09  0.00000000E+00  0.00000000E+00  0.00000000E+00  0.00000000E+00  0.00000000E+00  0.10000000E-01  0.10000000E+01
 0.95002000E-09  0.19830481E-01  0.00000000E+00  0.14994842E+00  0.00000000E+00  0.00000000E+00  0.17132236E+09  0.00000000E+00  0.00000000E+00  0.00000000E+00  0.00000000E+00  0.00000000E+00  0.10000000E-01  0.10000000E+01
 0.96002000E-09  0.19830481E-01  0.00000000E+00  0.15166165E+00  0.00000000E+00  0.00000000E+00  0.17132236E+09  0.00000000E+00  0.00000000E+00  0.00000000E+00  0.00000000E+00  0.00000000E+00  0.10000000E-01  0.10000000E+01
 0.97002000E-09  0.19830481E-01  0.00000000E+00  0.15337487E+00  0.00000000E+00  0.00000000E+00  0.17132236E+09  0.00000000E+00  0.00000000E+00  0.00000000E+00  0.00000000E+00  0.00000000E+00  0.10000000E-01  0.10000000E+01
 0.98002000E-09  0.19830481E-01  0.00000000E+00  0.15508809E+00  0.00000000E+00  0.00000000E+00  0.17132236E+09  0.00000000E+00  0.00000000E+00  0.00000000E+00  0.00000000E+00  0.00000000E+00  0.10000000E-01  0.10000000E+01
 0.99002000E-09  0.19830481E-01  0.00000000E+00  0.15680132E+00  0.00000000E+00  0.00000000E+00  0.17132236E+09  0.00000000E+00  0.00000000E+00  0.00000000E+00  0.00000000E+00  0.00000000E+00  0.10000000E-01  0.10000000E+01
 0.10000200E-08  0.19830481E-01  0.00000000E+00  0.15851454E+00  0.00000000E+00  0.00000000E+00  0.17132236E+09  0.00000000E+00  0.00000000E+00  0.00000000E+00  0.00000000E+00  0.00000000E+00  0.10000000E-01  0.10000000E+01
 0.10100200E-08  0.19830481E-01  0.00000000E+00  0.16022777E+00  0.00000000E+00  0.00000000E+00  0.17132236E+09  0.00000000E+00  0.00000000E+00  0.00000000E+00  0.00000000E+00  0.00000000E+00  0.10000000E-01  0.10000000E+01
 0.10200200E-08  0.19830481E-01  0.00000000E+00  0.16194099E+00  0.00000000E+00  0.00000000E+00  0.17132236E+09  0.00000000E+00  0.00000000E+00  0.00000000E+00  0.00000000E+00  0.00000000E+00  0.10000000E-01  0.10000000E+01
 0.10300200E-08  0.19830481E-01  0.00000000E+00  0.16365421E+00  0.00000000E+00  0.00000000E+00  0.17132236E+09  0.00000000E+00  0.00000000E+00  0.00000000E+00  0.00000000E+00  0.00000000E+00  0.10000000E-01  0.10000000E+01
 0.10400200E-08  0.19830481E-01  0.00000000E+00  0.16536744E+00  0.00000000E+00  0.00000000E+00  0.17132236E+09  0.00000000E+00  0.00000000E+00  0.00000000E+00  0.00000000E+00  0.00000000E+00  0.10000000E-01  0.10000000E+01
 0.10500200E-08  0.19830481E-01  0.00000000E+00  0.16708066E+00  0.00000000E+00  0.00000000E+00  0.17132236E+09  0.00000000E+00  0.00000000E+00  0.00000000E+00  0.00000000E+00  0.00000000E+00  0.10000000E-01  0.10000000E+01
 0.10600200E-08  0.19830481E-01  0.00000000E+00  0.16879388E+00  0.00000000E+00  0.00000000E+00  0.17132236E+09  0.00000000E+00  0.00000000E+00  0.00000000E+00  0.00000000E+00  0.00000000E+00  0.10000000E-01  0.10000000E+01
 0.10700200E-08  0.19830481E-01  0.00000000E+00  0.17050711E+00  0.00000000E+00  0.00000000E+00  0.17132236E+09  0.00000000E+00  0.00000000E+00  0.00000000E+00  0.00000000E+00  0.00000000E+00  0.10000000E-01  0.10000000E+01
 0.10800200E-08  0.19830481E-01  0.00000000E+00  0.17222033E+00  0.00000000E+00  0.00000000E+00  0.17132236E+09  0.00000000E+00  0.00000000E+00  0.00000000E+00  0.00000000E+00  0.00000000E+00  0.10000000E-01  0.10000000E+01
 0.10900200E-08  0.19830481E-01  0.00000000E+00  0.17393355E+00  0.00000000E+00  0.00000000E+00  0.17132236E+09  0.00000000E+00  0.00000000E+00  0.00000000E+00  0.00000000E+00  0.00000000E+00  0.10000000E-01  0.10000000E+01
 0.11000200E-08  0.19830481E-01  0.00000000E+00  0.17564678E+00  0.00000000E+00  0.00000000E+00  0.17132236E+09  0.00000000E+00  0.00000000E+00  0.00000000E+00  0.00000000E+00  0.00000000E+00  0.10000000E-01  0.10000000E+01
 0.11100200E-08  0.19830481E-01  0.00000000E+00  0.17736000E+00  0.00000000E+00  0.00000000E+00  0.17132236E+09  0.00000000E+00  0.00000000E+00  0.00000000E+00  0.00000000E+00  0.00000000E+00  0.10000000E-01  0.10000000E+01
 0.11200200E-08  0.19830481E-01  0.00000000E+00  0.17907323E+00  0.00000000E+00  0.00000000E+00  0.17132236E+09  0.00000000E+00  0.00000000E+00  0.00000000E+00  0.00000000E+00  0.00000000E+00  0.10000000E-01  0.10000000E+01
 0.11300200E-08  0.19830481E-01  0.00000000E+00  0.18078645E+00  0.00000000E+00  0.00000000E+00  0.17132236E+09  0.00000000E+00  0.00000000E+00  0.00000000E+00  0.00000000E+00  0.00000000E+00  0.10000000E-01  0.10000000E+01
 0.11400200E-08  0.19830481E-01  0.00000000E+00  0.18249967E+00  0.00000000E+00  0.00000000E+00  0.17132236E+09  0.00000000E+00  0.00000000E+00  0.00000000E+00  0.00000000E+00  0.00000000E+00  0.10000000E-01  0.10000000E+01
 0.11500200E-08  0.19830481E-01  0.00000000E+00  0.18421290E+00  0.00000000E+00  0.00000000E+00  0.17132236E+09  0.00000000E+00  0.00000000E+00  0.00000000E+00  0.00000000E+00  0.00000000E+00  0.10000000E-01  0.10000000E+01
 0.11600200E-08  0.19830481E-01  0.00000000E+00  0.18592612E+00  0.00000000E+00  0.00000000E+00  0.17132236E+09  0.00000000E+00  0.00000000E+00  0.00000000E+00  0.00000000E+00  0.00000000E+00  0.10000000E-01  0.10000000E+01
 0.11700200E-08  0.19830481E-01  0.00000000E+00  0.18763934E+00  0.00000000E+00  0.00000000E+00  0.17132236E+09  0.00000000E+00  0.00000000E+00  0.00000000E+00  0.00000000E+00  0.00000000E+00  0.10000000E-01  0.10000000E+01
 0.11800200E-08  0.19830481E-01  0.00000000E+00  0.18935257E+00  0.00000000E+00  0.00000000E+00  0.17132236E+09  0.00000000E+00  0.00000000E+00  0.00000000E+00  0.00000000E+00  0.00000000E+00  0.10000000E-01  0.10000000E+01
 0.11900200E-08  0.19830481E-01  0.00000000E+00  0.19106579E+00  0.00000000E+00  0.00000000E+00  0.17132236E+09  0.00000000E+00  0.00000000E+00  0.00000000E+00  0.00000000E+00  0.00000000E+00  0.10000000E-01  0.10000000E+01
 0.12000200E-08  0.19830481E-01  0.00000000E+00  0.19277901E+00  0.00000000E+00  0.00000000E+00  0.17132236E+09  0.00000000E+00  0.00000000E+00  0.00000000E+00  0.00000000E+00  0.00000000E+00  0.10000000E-01  0.10000000E+01
 0.12100200E-08  0.19830481E-01  0.00000000E+00  0.19449224E+00  0.00000000E+00  0.00000000E+00  0.17132236E+09  0.00000000E+00  0.00000000E+00  0.00000000E+00  0.00000000E+00  0.00000000E+00  0.10000000E-01  0.10000000E+01
 0.12200200E-08  0.19830481E-01  0.00000000E+00  0.19620546E+00  0.00000000E+00  0.00000000E+00  0.17132236E+09  0.00000000E+00  0.00000000E+00  0.00000000E+00  0.00000000E+00  0.00000000E+00  0.10000000E-01  0.10000000E+01
 0.12300200E-08  0.19830481E-01  0.00000000E+00  0.19791868E+00  0.00000000E+00  0.00000000E+00  0.17132236E+09  0.00000000E+00  0.00000000E+00  0.00000000E+00  0.00000000E+00  0.00000000E+00  0.10000000E-01  0.10000000E+01
 0.12400200E-08  0.19830481E-01  0.00000000E+00  0.19963191E+00  0.00000000E+00  0.00000000E+00  0.17132236E+09  0.00000000E+00  0.00000000E+00  0.00000000E+00  0.00000000E+00  0.00000000E+00  0.10000000E-01  0.10000000E+01
 0.12500200E-08  0.19830481E-01  0.00000000E+00  0.20134513E+00  0.00000000E+00  0.00000000E+00  0.17132236E+09  0.00000000E+00  0.00000000E+00  0.00000000E+00  0.00000000E+00  0.00000000E+00  0.10000000E-01  0.10000000E+01
 0.12600200E-08  0.19830481E-01  0.00000000E+00  0.20305836E+00  0.00000000E+00  0.00000000E+00  0.17132236E+09  0.00000000E+00  0.00000000E+00  0.00000000E+00  0.00000000E+00  0.00000000E+00  0.10000000E-01  0.10000000E+01
 0.12700200E-08  0.19830481E-01  0.00000000E+00  0.20477158E+00  0.00000000E+00  0.00000000E+00  0.17132236E+09  0.00000000E+00  0.00000000E+00  0.00000000E+00  0.00000000E+00  0.00000000E+00  0.10000000E-01  0.10000000E+01
 0.12800200E-08  0.19830481E-01  0.00000000E+00  0.20648480E+00  0.00000000E+00  0.00000000E+00  0.17132236E+09  0.00000000E+00  0.00000000E+00  0.00000000E+00  0.00000000E+00  0.00000000E+00  0.10000000E-01  0.10000000E+01
 0.12900200E-08  0.19830481E-01  0.00000000E+00  0.20819803E+00  0.00000000E+00  0.00000000E+00  0.17132236E+09  0.00000000E+00  0.00000000E+00  0.00000000E+00  0.00000000E+00  0.00000000E+00  0.10000000E-01  0.10000000E+01
 0.13000200E-08  0.19830481E-01  0.00000000E+00  0.20991125E+00  0.00000000E+00  0.00000000E+00  0.17132236E+09  0.00000000E+00  0.00000000E+00  0.00000000E+00  0.00000000E+00  0.00000000E+00  0.10000000E-01  0.10000000E+01
 0.13100200E-08  0.19830481E-01  0.00000000E+00  0.21162447E+00  0.00000000E+00  0.00000000E+00  0.17132236E+09  0.00000000E+00  0.00000000E+00  0.00000000E+00  0.00000000E+00  0.00000000E+00  0.10000000E-01  0.10000000E+01
 0.13200200E-08  0.19830481E-01  0.00000000E+00  0.21333770E+00  0.00000000E+00  0.00000000E+00  0.17132236E+09  0.00000000E+00  0.00000000E+00  0.00000000E+00  0.00000000E+00  0.00000000E+00  0.10000000E-01  0.10000000E+01
 0.13300200E-08  0.19830481E-01  0.00000000E+00  0.21505092E+00  0.00000000E+00  0.00000000E+00  0.17132236E+09  0.00000000E+00  0.00000000E+00  0.00000000E+00  0.00000000E+00  0.00000000E+00  0.10000000E-01  0.10000000E+01
 0.13400200E-08  0.19830481E-01  0.00000000E+00  0.21676414E+00  0.00000000E+00  0.00000000E+00  0.17132236E+09  0.00000000E+00  0.00000000E+00  0.00000000E+00  0.00000000E+00  0.00000000E+00  0.10000000E-01  0.10000000E+01
 0.13500200E-08  0.19830481E-01  0.00000000E+00  0.21847737E+00  0.00000000E+00  0.00000000E+00  0.17132236E+09  0.00000000E+00  0.00000000E+00  0.00000000E+00  0.00000000E+00  0.00000000E+00  0.10000000E-01  0.10000000E+01
 0.13600200E-08  0.19830481E-01  0.00000000E+00  0.22019059E+00  0.00000000E+00  0.00000000E+00  0.17132236E+09  0.00000000E+00  0.00000000E+00  0.00000000E+00  0.00000000E+00  0.00000000E+00  0.10000000E-01  0.10000000E+01
 0.13700200E-08  0.19830481E-01  0.00000000E+00  0.22190382E+00  0.00000000E+00  0.00000000E+00  0.17132236E+09  0.00000000E+00  0.00000000E+00  0.00000000E+00  0.00000000E+00  0.00000000E+00  0.10000000E-01  0.10000000E+01
 0.13800200E-08  0.19830481E-01  0.00000000E+00  0.22361704E+00  0.00000000E+00  0.00000000E+00  0.17132236E+09  0.00000000E+00  0.00000000E+00  0.00000000E+00  0.00000000E+00  0.00000000E+00  0.10000000E-01  0.10000000E+01
 0.13900200E-08  0.19830481E-01  0.00000000E+00  0.22533026E+00  0.00000000E+00  0.00000000E+00  0.17132236E+09  0.00000000E+00  0.00000000E+00  0.00000000E+00  0.00000000E+00  0.00000000E+00  0.10000000E-01  0.10000000E+01
 0.14000200E-08  0.19830481E-01  0.00000000E+00  0.22704349E+00  0.00000000E+00  0.00000000E+00  0.17132236E+09  0.00000000E+00  0.00000000E+00  0.00000000E+00  0.00000000E+00  0.00000000E+00  0.10000000E-01  0.10000000E+01
 0.14100200E-08  0.19830481E-01  0.00000000E+00  0.22875671E+00  0.00000000E+00  0.00000000E+00  0.17132236E+09  0.00000000E+00  0.00000000E+00  0.00000000E+00  0.00000000E+00  0.00000000E+00  0.10000000E-01  0.10000000E+01
 0.14200200E-08  0.19830481E-01  0.00000000E+00  0.23046993E+00  0.00000000E+00  0.00000000E+00  0.17132236E+09  0.00000000E+00  0.00000000E+00  0.00000000E+00  0.00000000E+00  0.00000000E+00  0.10000000E-01  0.10000000E+01
 0.14300200E-08  0.19830481E-01  0.00000000E+00  0.23218316E+00  0.00000000E+00  0.00000000E+00  0.17132236E+09  0.00000000E+00  0.00000000E+00  0.00000000E+00  0.00000000E+00  0.00000000E+00  0.10000000E-01  0.10000000E+01
 0.14400200E-08  0.19830481E-01  0.00000000E+00  0.23389638E+00  0.00000000E+00  0.00000000E+00  0.17132236E+09  0.00000000E+00  0.00000000E+00  0.00000000E+00  0.00000000E+00  0.00000000E+00  0.10000000E-01  0.10000000E+01
 0.14500200E-08  0.19830481E-01  0.00000000E+00  0.23560960E+00  0.00000000E+00  0.00000000E+00  0.17132236E+09  0.00000000E+00  0.00000000E+00  0.00000000E+00  0.00000000E+00  0.00000000E+00  0.10000000E-01  0.10000000E+01
 0.14600200E-08  0.19830481E-01  0.00000000E+00  0.23732283E+00  0.00000000E+00  0.00000000E+00  0.17132236E+09  0.00000000E+00  0.00000000E+00  0.00000000E+00  0.00000000E+00  0.00000000E+00  0.10000000E-01  0.10000000E+01
 0.14700200E-08  0.19830481E-01  0.00000000E+00  0.23903605E+00  0.00000000E+00  0.00000000E+00  0.17132236E+09  0.00000000E+00  0.00000000E+00  0.00000000E+00  0.00000000E+00  0.00000000E+00  0.10000000E-01  0.10000000E+01
 0.14800200E-08  0.19830481E-01  0.00000000E+00  0.24074928E+00  0.00000000E+00  0.00000000E+00  0.17132236E+09  0.00000000E+00  0.00000000E+00  0.00000000E+00  0.00000000E+00  0.00000000E+00  0.10000000E-01  0.10000000E+01
 0.14900200E-08  0.19830481E-01  0.00000000E+00  0.24246250E+00  0.00000000E+00  0.00000000E+00  0.17132236E+09  0.00000000E+00  0.00000000E+00  0.00000000E+00  0.00000000E+00  0.00000000E+00  0.10000000E-01  0.10000000E+01
 0.15000200E-08  0.19830481E-01  0.00000000E+00  0.24417572E+00  0.00000000E+00  0.00000000E+00  0.17132236E+09  0.00000000E+00  0.00000000E+00  0.00000000E+00  0.00000000E+00  0.00000000E+00  0.10000000E-01  0.10000000E+01
 0.15100200E-08  0.19830481E-01  0.00000000E+00  0.24588895E+00  0.00000000E+00  0.00000000E+00  0.17132236E+09  0.00000000E+00  0.00000000E+00  0.00000000E+00  0.00000000E+00  0.00000000E+00  0.10000000E-01  0.10000000E+01
 0.15200200E-08  0.19830481E-01  0.00000000E+00  0.24760217E+00  0.00000000E+00  0.00000000E+00  0.17132236E+09  0.00000000E+00  0.00000000E+00  0.00000000E+00  0.00000000E+00  0.00000000E+00  0.10000000E-01  0.10000000E+01
 0.15300200E-08  0.19830481E-01  0.00000000E+00  0.24931539E+00  0.00000000E+00  0.00000000E+00  0.17132236E+09  0.00000000E+00  0.00000000E+00  0.00000000E+00  0.00000000E+00  0.00000000E+00  0.10000000E-01  0.10000000E+01
 0.15400200E-08  0.19830481E-01  0.00000000E+00  0.25102862E+00  0.00000000E+00  0.00000000E+00  0.17132236E+09  0.00000000E+00  0.00000000E+00  0.00000000E+00  0.00000000E+00  0.00000000E+00  0.10000000E-01  0.10000000E+01
 0.15500200E-08  0.19830481E-01  0.00000000E+00  0.25274184E+00  0.00000000E+00  0.00000000E+00  0.17132236E+09  0.00000000E+00  0.00000000E+00  0.00000000E+00  0.00000000E+00  0.00000000E+00  0.10000000E-01  0.10000000E+01
 0.15600200E-08  0.19830481E-01  0.00000000E+00  0.25445506E+00  0.00000000E+00  0.00000000E+00  0.17132236E+09  0.00000000E+00  0.00000000E+00  0.00000000E+00  0.00000000E+00  0.00000000E+00  0.10000000E-01  0.10000000E+01
 0.15700200E-08  0.19830481E-01  0.00000000E+00  0.25616829E+00  0.00000000E+00  0.00000000E+00  0.17132236E+09  0.00000000E+00  0.00000000E+00  0.00000000E+00  0.00000000E+00  0.00000000E+00  0.10000000E-01  0.10000000E+01
 0.15800200E-08  0.19830481E-01  0.00000000E+00  0.25788151E+00  0.00000000E+00  0.00000000E+00  0.17132236E+09  0.00000000E+00  0.00000000E+00  0.00000000E+00  0.00000000E+00  0.00000000E+00  0.10000000E-01  0.10000000E+01
 0.15900200E-08  0.19830481E-01  0.00000000E+00  0.25959473E+00  0.00000000E+00  0.00000000E+00  0.17132236E+09  0.00000000E+00  0.00000000E+00  0.00000000E+00  0.00000000E+00  0.00000000E+00  0.10000000E-01  0.10000000E+01
 0.16000200E-08  0.19830481E-01  0.00000000E+00  0.26130796E+00  0.00000000E+00  0.00000000E+00  0.17132236E+09  0.00000000E+00  0.00000000E+00  0.00000000E+00  0.00000000E+00  0.00000000E+00  0.10000000E-01  0.10000000E+01
 0.16100200E-08  0.19830481E-01  0.00000000E+00  0.26302118E+00  0.00000000E+00  0.00000000E+00  0.17132236E+09  0.00000000E+00  0.00000000E+00  0.00000000E+00  0.00000000E+00  0.00000000E+00  0.10000000E-01  0.10000000E+01
 0.16200200E-08  0.19830481E-01  0.00000000E+00  0.26473441E+00  0.00000000E+00  0.00000000E+00  0.17132236E+09  0.00000000E+00  0.00000000E+00  0.00000000E+00  0.00000000E+00  0.00000000E+00  0.10000000E-01  0.10000000E+01
 0.16300200E-08  0.19830481E-01  0.00000000E+00  0.26644763E+00  0.00000000E+00  0.00000000E+00  0.17132236E+09  0.00000000E+00  0.00000000E+00  0.00000000E+00  0.00000000E+00  0.00000000E+00  0.10000000E-01  0.10000000E+01
 0.16400200E-08  0.19830481E-01  0.00000000E+00  0.26816085E+00  0.00000000E+00  0.00000000E+00  0.17132236E+09  0.00000000E+00  0.00000000E+00  0.00000000E+00  0.00000000E+00  0.00000000E+00  0.10000000E-01  0.10000000E+01
 0.16500200E-08  0.19830481E-01  0.00000000E+00  0.26987408E+00  0.00000000E+00  0.00000000E+00  0.17132236E+09  0.00000000E+00  0.00000000E+00  0.00000000E+00  0.00000000E+00  0.00000000E+00  0.10000000E-01  0.10000000E+01
 0.16600200E-08  0.19830481E-01  0.00000000E+00  0.27158730E+00  0.00000000E+00  0.00000000E+00  0.17132236E+09  0.00000000E+00  0.00000000E+00  0.00000000E+00  0.00000000E+00  0.00000000E+00  0.10000000E-01  0.10000000E+01
 0.16700200E-08  0.19830481E-01  0.00000000E+00  0.27330052E+00  0.00000000E+00  0.00000000E+00  0.17132236E+09  0.00000000E+00  0.00000000E+00  0.00000000E+00  0.00000000E+00  0.00000000E+00  0.10000000E-01  0.10000000E+01
 0.16800200E-08  0.19830481E-01  0.00000000E+00  0.27501375E+00  0.00000000E+00  0.00000000E+00  0.17132236E+09  0.00000000E+00  0.00000000E+00  0.00000000E+00  0.00000000E+00  0.00000000E+00  0.10000000E-01  0.10000000E+01
 0.16900200E-08  0.19830481E-01  0.00000000E+00  0.27672697E+00  0.00000000E+00  0.00000000E+00  0.17132236E+09  0.00000000E+00  0.00000000E+00  0.00000000E+00  0.00000000E+00  0.00000000E+00  0.10000000E-01  0.10000000E+01
 0.17000200E-08  0.19830481E-01  0.00000000E+00  0.27844019E+00  0.00000000E+00  0.00000000E+00  0.17132236E+09  0.00000000E+00  0.00000000E+00  0.00000000E+00  0.00000000E+00  0.00000000E+00  0.10000000E-01  0.10000000E+01
 0.17100200E-08  0.19830481E-01  0.00000000E+00  0.28015342E+00  0.00000000E+00  0.00000000E+00  0.17132236E+09  0.00000000E+00  0.00000000E+00  0.00000000E+00  0.00000000E+00  0.00000000E+00  0.10000000E-01  0.10000000E+01
 0.17200200E-08  0.19830481E-01  0.00000000E+00  0.28186664E+00  0.00000000E+00  0.00000000E+00  0.17132236E+09  0.00000000E+00  0.00000000E+00  0.00000000E+00  0.00000000E+00  0.00000000E+00  0.10000000E-01  0.10000000E+01
 0.17300200E-08  0.19830481E-01  0.00000000E+00  0.28357987E+00  0.00000000E+00  0.00000000E+00  0.17132236E+09  0.00000000E+00  0.00000000E+00  0.00000000E+00  0.00000000E+00  0.00000000E+00  0.10000000E-01  0.10000000E+01
 0.17400200E-08  0.19830481E-01  0.00000000E+00  0.28529309E+00  0.00000000E+00  0.00000000E+00  0.17132236E+09  0.00000000E+00  0.00000000E+00  0.00000000E+00  0.00000000E+00  0.00000000E+00  0.10000000E-01  0.10000000E+01
 0.17500200E-08  0.19830481E-01  0.00000000E+00  0.28700631E+00  0.00000000E+00  0.00000000E+00  0.17132236E+09  0.00000000E+00  0.00000000E+00  0.00000000E+00  0.00000000E+00  0.00000000E+00  0.10000000E-01  0.10000000E+01
 0.17600200E-08  0.19830481E-01  0.00000000E+00  0.28871954E+00  0.00000000E+00  0.00000000E+00  0.17132236E+09  0.00000000E+00  0.00000000E+00  0.00000000E+00  0.00000000E+00  0.00000000E+00  0.10000000E-01  0.10000000E+01
 0.17700200E-08  0.19830481E-01  0.00000000E+00  0.29043276E+00  0.00000000E+00  0.00000000E+00  0.17132236E+09  0.00000000E+00  0.00000000E+00  0.00000000E+00  0.00000000E+00  0.00000000E+00  0.10000000E-01  0.10000000E+01
 0.17800200E-08  0.19830481E-01  0.00000000E+00  0.29214598E+00  0.00000000E+00  0.00000000E+00  0.17132236E+09  0.00000000E+00  0.00000000E+00  0.00000000E+00  0.00000000E+00  0.00000000E+00  0.10000000E-01  0.10000000E+01
 0.17900200E-08  0.19830481E-01  0.00000000E+00  0.29385921E+00  0.00000000E+00  0.00000000E+00  0.17132236E+09  0.00000000E+00  0.00000000E+00  0.00000000E+00  0.00000000E+00  0.00000000E+00  0.10000000E-01  0.10000000E+01
 0.18000200E-08  0.19830481E-01  0.00000000E+00  0.29557243E+00  0.00000000E+00  0.00000000E+00  0.17132236E+09  0.00000000E+00  0.00000000E+00  0.00000000E+00  0.00000000E+00  0.00000000E+00  0.10000000E-01  0.10000000E+01
 0.18100200E-08  0.19830481E-01  0.00000000E+00  0.29728565E+00  0.00000000E+00  0.00000000E+00  0.17132236E+09  0.00000000E+00  0.00000000E+00  0.00000000E+00  0.00000000E+00  0.00000000E+00  0.10000000E-01  0.10000000E+01
 0.18200200E-08  0.19830481E-01  0.00000000E+00  0.29899888E+00  0.00000000E+00  0.00000000E+00  0.17132236E+09  0.00000000E+00  0.00000000E+00  0.00000000E+00  0.00000000E+00  0.00000000E+00  0.10000000E-01  0.10000000E+01
 0.18300200E-08  0.19830481E-01  0.00000000E+00  0.30071210E+00  0.00000000E+00  0.00000000E+00  0.17132236E+09  0.00000000E+00  0.00000000E+00  0.00000000E+00  0.00000000E+00  0.00000000E+00  0.10000000E-01  0.10000000E+01
 0.18400200E-08  0.19830481E-01  0.00000000E+00  0.30242533E+00  0.00000000E+00  0.00000000E+00  0.17132236E+09  0.00000000E+00  0.00000000E+00  0.00000000E+00  0.00000000E+00  0.00000000E+00  0.10000000E-01  0.10000000E+01
 0.18500200E-08  0.19830481E-01  0.00000000E+00  0.30413855E+00  0.00000000E+00  0.00000000E+00  0.17132236E+09  0.00000000E+00  0.00000000E+00  0.00000000E+00  0.00000000E+00  0.00000000E+00  0.10000000E-01  0.10000000E+01
 0.18600200E-08  0.19830481E-01  0.00000000E+00  0.30585177E+00  0.00000000E+00  0.00000000E+00  0.17132236E+09  0.00000000E+00  0.00000000E+00  0.00000000E+00  0.00000000E+00  0.00000000E+00  0.10000000E-01  0.10000000E+01
 0.18700200E-08  0.19830481E-01  0.00000000E+00  0.30756500E+00  0.00000000E+00  0.00000000E+00  0.17132236E+09  0.00000000E+00  0.00000000E+00  0.00000000E+00  0.00000000E+00  0.00000000E+00  0.10000000E-01  0.10000000E+01
 0.18800200E-08  0.19830481E-01  0.00000000E+00  0.30927822E+00  0.00000000E+00  0.00000000E+00  0.17132236E+09  0.00000000E+00  0.00000000E+00  0.00000000E+00  0.00000000E+00  0.00000000E+00  0.10000000E-01  0.10000000E+01
 0.18900200E-08  0.19830481E-01  0.00000000E+00  0.31099144E+00  0.00000000E+00  0.00000000E+00  0.17132236E+09  0.00000000E+00  0.00000000E+00  0.00000000E+00  0.00000000E+00  0.00000000E+00  0.10000000E-01  0.10000000E+01
 0.19000200E-08  0.19830481E-01  0.00000000E+00  0.31270467E+00  0.00000000E+00  0.00000000E+00  0.17132236E+09  0.00000000E+00  0.00000000E+00  0.00000000E+00  0.00000000E+00  0.00000000E+00  0.10000000E-01  0.10000000E+01
 0.19100200E-08  0.19830481E-01  0.00000000E+00  0.31441789E+00  0.00000000E+00  0.00000000E+00  0.17132236E+09  0.00000000E+00  0.00000000E+00  0.00000000E+00  0.00000000E+00  0.00000000E+00  0.10000000E-01  0.10000000E+01
 0.19200200E-08  0.19830481E-01  0.00000000E+00  0.31613111E+00  0.00000000E+00  0.00000000E+00  0.17132236E+09  0.00000000E+00  0.00000000E+00  0.00000000E+00  0.00000000E+00  0.00000000E+00  0.10000000E-01  0.10000000E+01
 0.19300200E-08  0.19830481E-01  0.00000000E+00  0.31784434E+00  0.00000000E+00  0.00000000E+00  0.17132236E+09  0.00000000E+00  0.00000000E+00  0.00000000E+00  0.00000000E+00  0.00000000E+00  0.10000000E-01  0.10000000E+01
 0.19400200E-08  0.19830481E-01  0.00000000E+00  0.31955756E+00  0.00000000E+00  0.00000000E+00  0.17132236E+09  0.00000000E+00  0.00000000E+00  0.00000000E+00  0.00000000E+00  0.00000000E+00  0.10000000E-01  0.10000000E+01
 0.19500200E-08  0.19830481E-01  0.00000000E+00  0.32127078E+00  0.00000000E+00  0.00000000E+00  0.17132236E+09  0.00000000E+00  0.00000000E+00  0.00000000E+00  0.00000000E+00  0.00000000E+00  0.10000000E-01  0.10000000E+01
 0.19600200E-08  0.19830481E-01  0.00000000E+00  0.32298401E+00  0.00000000E+00  0.00000000E+00  0.17132236E+09  0.00000000E+00  0.00000000E+00  0.00000000E+00  0.00000000E+00  0.00000000E+00  0.10000000E-01  0.10000000E+01
 0.19700200E-08  0.19830481E-01  0.00000000E+00  0.32469723E+00  0.00000000E+00  0.00000000E+00  0.17132236E+09  0.00000000E+00  0.00000000E+00  0.00000000E+00  0.00000000E+00  0.00000000E+00  0.10000000E-01  0.10000000E+01
 0.19800200E-08  0.19830481E-01  0.00000000E+00  0.32641046E+00  0.00000000E+00  0.00000000E+00  0.17132236E+09  0.00000000E+00  0.00000000E+00  0.00000000E+00  0.00000000E+00  0.00000000E+00  0.10000000E-01  0.10000000E+01
 0.19900200E-08  0.19830481E-01  0.00000000E+00  0.32812368E+00  0.00000000E+00  0.00000000E+00  0.17132236E+09  0.00000000E+00  0.00000000E+00  0.00000000E+00  0.00000000E+00  0.00000000E+00  0.10000000E-01  0.10000000E+01
