# ptime xp yp zp vx vy vz ex ey ez bx by bz wt
 0.20000000E-13  0.30949844E-02  0.00000000E+00 -0.20602212E-01  0.00000000E+00  0.00000000E+00  0.19111387E+09  0.00000000E+00  0.00000000E+00  0.00000000E+00  0.00000000E+00  0.00000000E+00  0.10000000E-01  0.10000000E+01
 0.10000000E-10  0.30949844E-02  0.00000000E+00 -0.18694896E-01  0.00000000E+00  0.00000000E+00  0.19111387E+09  0.00000000E+00  0.00000000E+00  0.00000000E+00  0.00000000E+00  0.00000000E+00  0.10000000E-01  0.10000000E+01
 0.20000000E-10  0.30949844E-02  0.00000000E+00 -0.16783757E-01  0.00000000E+00  0.00000000E+00  0.19111387E+09  0.00000000E+00  0.00000000E+00  0.00000000E+00  0.00000000E+00  0.00000000E+00  0.10000000E-01  0.10000000E+01
 0.30000000E-10  0.30949844E-02  0.00000000E+00 -0.14872619E-01  0.00000000E+00  0.00000000E+00  0.19111387E+09  0.00000000E+00  0.00000000E+00  0.00000000E+00  0.00000000E+00  0.00000000E+00  0.10000000E-01  0.10000000E+01
 0.40020000E-10  0.30949844E-02  0.00000000E+00 -0.12957658E-01  0.00000000E+00  0.00000000E+00  0.19111387E+09  0.00000000E+00  0.00000000E+00  0.00000000E+00  0.00000000E+00  0.00000000E+00  0.10000000E-01  0.10000000E+01
 0.50020000E-10  0.30949844E-02  0.00000000E+00 -0.11046519E-01  0.00000000E+00  0.00000000E+00  0.19111387E+09  0.00000000E+00  0.00000000E+00  0.00000000E+00  0.00000000E+00  0.00000000E+00  0.10000000E-01  0.10000000E+01
 0.60020000E-10  0.30949844E-02  0.00000000E+00 -0.91353801E-02  0.00000000E+00  0.00000000E+00  0.19111387E+09  0.00000000E+00  0.00000000E+00  0.00000000E+00  0.00000000E+00  0.00000000E+00  0.10000000E-01  0.10000000E+01
 0.70020000E-10  0.30949844E-02  0.00000000E+00 -0.72242414E-02  0.00000000E+00  0.00000000E+00  0.19111387E+09  0.00000000E+00  0.00000000E+00  0.00000000E+00  0.00000000E+00  0.00000000E+00  0.10000000E-01  0.10000000E+01
 0.80000000E-10  0.30949844E-02  0.00000000E+00 -0.53169250E-02  0.00000000E+00  0.00000000E+00  0.19111387E+09  0.00000000E+00  0.00000000E+00  0.00000000E+00  0.00000000E+00  0.00000000E+00  0.10000000E-01  0.10000000E+01
 0.90000000E-10  0.30949844E-02  0.00000000E+00 -0.34057863E-02  0.00000000E+00  0.00000000E+00  0.19111387E+09  0.00000000E+00  0.00000000E+00  0.00000000E+00  0.00000000E+00  0.00000000E+00  0.10000000E-01  0.10000000E+01
 0.10000000E-09  0.30949844E-02  0.00000000E+00 -0.14946476E-02  0.00000000E+00  0.00000000E+00  0.19111387E+09  0.00000000E+00  0.00000000E+00  0.00000000E+00  0.00000000E+00  0.00000000E+00  0.10000000E-01  0.10000000E+01
 0.11000000E-09  0.30949844E-02  0.00000000E+00  0.41649110E-03  0.00000000E+00  0.00000000E+00  0.19111387E+09  0.00000000E+00  0.00000000E+00  0.00000000E+00  0.00000000E+00  0.00000000E+00  0.10000000E-01  0.10000000E+01
 0.12000000E-09  0.30949844E-02  0.00000000E+00  0.23276298E-02  0.00000000E+00  0.00000000E+00  0.19111387E+09  0.00000000E+00  0.00000000E+00  0.00000000E+00  0.00000000E+00  0.00000000E+00  0.10000000E-01  0.10000000E+01
 0.13000000E-09  0.30949844E-02  0.00000000E+00  0.42387685E-02  0.00000000E+00  0.00000000E+00  0.19111387E+09  0.00000000E+00  0.00000000E+00  0.00000000E+00  0.00000000E+00  0.00000000E+00  0.10000000E-01  0.10000000E+01
 0.14002000E-09  0.30949844E-02  0.00000000E+00  0.61537295E-02  0.00000000E+00  0.00000000E+00  0.19111387E+09  0.00000000E+00  0.00000000E+00  0.00000000E+00  0.00000000E+00  0.00000000E+00  0.10000000E-01  0.10000000E+01
 0.15002000E-09  0.30949844E-02  0.00000000E+00  0.80648682E-02  0.00000000E+00  0.00000000E+00  0.19111387E+09  0.00000000E+00  0.00000000E+00  0.00000000E+00  0.00000000E+00  0.00000000E+00  0.10000000E-01  0.10000000E+01
 0.16002000E-09  0.30949844E-02  0.00000000E+00  0.99760069E-02  0.00000000E+00  0.00000000E+00  0.19111387E+09  0.00000000E+00  0.00000000E+00  0.00000000E+00  0.00000000E+00  0.00000000E+00  0.10000000E-01  0.10000000E+01
 0.17002000E-09  0.30949844E-02  0.00000000E+00  0.11887146E-01  0.00000000E+00  0.00000000E+00  0.19111387E+09  0.00000000E+00  0.00000000E+00  0.00000000E+00  0.00000000E+00  0.00000000E+00  0.10000000E-01  0.10000000E+01
 0.18002000E-09  0.30949844E-02  0.00000000E+00  0.13798284E-01  0.00000000E+00  0.00000000E+00  0.19111387E+09  0.00000000E+00  0.00000000E+00  0.00000000E+00  0.00000000E+00  0.00000000E+00  0.10000000E-01  0.10000000E+01
 0.19002000E-09  0.30949844E-02  0.00000000E+00  0.15709423E-01  0.00000000E+00  0.00000000E+00  0.19111387E+09  0.00000000E+00  0.00000000E+00  0.00000000E+00  0.00000000E+00  0.00000000E+00  0.10000000E-01  0.10000000E+01
 0.20002000E-09  0.30949844E-02  0.00000000E+00  0.17620562E-01  0.00000000E+00  0.00000000E+00  0.19111387E+09  0.00000000E+00  0.00000000E+00  0.00000000E+00  0.00000000E+00  0.00000000E+00  0.10000000E-01  0.10000000E+01
 0.21002000E-09  0.30949844E-02  0.00000000E+00  0.19531700E-01  0.00000000E+00  0.00000000E+00  0.19111387E+09  0.00000000E+00  0.00000000E+00  0.00000000E+00  0.00000000E+00  0.00000000E+00  0.10000000E-01  0.10000000E+01
 0.22002000E-09  0.30949844E-02  0.00000000E+00  0.21442839E-01  0.00000000E+00  0.00000000E+00  0.19111387E+09  0.00000000E+00  0.00000000E+00  0.00000000E+00  0.00000000E+00  0.00000000E+00  0.10000000E-01  0.10000000E+01
 0.23002000E-09  0.30949844E-02  0.00000000E+00  0.23353978E-01  0.00000000E+00  0.00000000E+00  0.19111387E+09  0.00000000E+00  0.00000000E+00  0.00000000E+00  0.00000000E+00  0.00000000E+00  0.10000000E-01  0.10000000E+01
 0.24002000E-09  0.30949844E-02  0.00000000E+00  0.25265116E-01  0.00000000E+00  0.00000000E+00  0.19111387E+09  0.00000000E+00  0.00000000E+00  0.00000000E+00  0.00000000E+00  0.00000000E+00  0.10000000E-01  0.10000000E+01
 0.25002000E-09  0.30949844E-02  0.00000000E+00  0.27176255E-01  0.00000000E+00  0.00000000E+00  0.19111387E+09  0.00000000E+00  0.00000000E+00  0.00000000E+00  0.00000000E+00  0.00000000E+00  0.10000000E-01  0.10000000E+01
 0.26002000E-09  0.30949844E-02  0.00000000E+00  0.29087394E-01  0.00000000E+00  0.00000000E+00  0.19111387E+09  0.00000000E+00  0.00000000E+00  0.00000000E+00  0.00000000E+00  0.00000000E+00  0.10000000E-01  0.10000000E+01
 0.27002000E-09  0.30949844E-02  0.00000000E+00  0.30998533E-01  0.00000000E+00  0.00000000E+00  0.19111387E+09  0.00000000E+00  0.00000000E+00  0.00000000E+00  0.00000000E+00  0.00000000E+00  0.10000000E-01  0.10000000E+01
 0.28002000E-09  0.30949844E-02  0.00000000E+00  0.32909671E-01  0.00000000E+00  0.00000000E+00  0.19111387E+09  0.00000000E+00  0.00000000E+00  0.00000000E+00  0.00000000E+00  0.00000000E+00  0.10000000E-01  0.10000000E+01
 0.29002000E-09  0.30949844E-02  0.00000000E+00  0.34820810E-01  0.00000000E+00  0.00000000E+00  0.19111387E+09  0.00000000E+00  0.00000000E+00  0.00000000E+00  0.00000000E+00  0.00000000E+00  0.10000000E-01  0.10000000E+01
 0.30000000E-09  0.30949844E-02  0.00000000E+00  0.36728126E-01  0.00000000E+00  0.00000000E+00  0.19111387E+09  0.00000000E+00  0.00000000E+00  0.00000000E+00  0.00000000E+00  0.00000000E+00  0.10000000E-01  0.10000000E+01
 0.31000000E-09  0.30949844E-02  0.00000000E+00  0.38639265E-01  0.00000000E+00  0.00000000E+00  0.19111387E+09  0.00000000E+00  0.00000000E+00  0.00000000E+00  0.00000000E+00  0.00000000E+00  0.10000000E-01  0.10000000E+01
 0.32000000E-09  0.30949844E-02  0.00000000E+00  0.40550404E-01  0.00000000E+00  0.00000000E+00  0.19111387E+09  0.00000000E+00  0.00000000E+00  0.00000000E+00  0.00000000E+00  0.00000000E+00  0.10000000E-01  0.10000000E+01
 0.33000000E-09  0.30949844E-02  0.00000000E+00  0.42461542E-01  0.00000000E+00  0.00000000E+00  0.19111387E+09  0.00000000E+00  0.00000000E+00  0.00000000E+00  0.00000000E+00  0.00000000E+00  0.10000000E-01  0.10000000E+01
 0.34000000E-09  0.30949844E-02  0.00000000E+00  0.44372681E-01  0.00000000E+00  0.00000000E+00  0.19111387E+09  0.00000000E+00  0.00000000E+00  0.00000000E+00  0.00000000E+00  0.00000000E+00  0.10000000E-01  0.10000000E+01
 0.35000000E-09  0.30949844E-02  0.00000000E+00  0.46283820E-01  0.00000000E+00  0.00000000E+00  0.19111387E+09  0.00000000E+00  0.00000000E+00  0.00000000E+00  0.00000000E+00  0.00000000E+00  0.10000000E-01  0.10000000E+01
 0.36000000E-09  0.30949844E-02  0.00000000E+00  0.48194959E-01  0.00000000E+00  0.00000000E+00  0.19111387E+09  0.00000000E+00  0.00000000E+00  0.00000000E+00  0.00000000E+00  0.00000000E+00  0.10000000E-01  0.10000000E+01
 0.37000000E-09  0.30949844E-02  0.00000000E+00  0.50106097E-01  0.00000000E+00  0.00000000E+00  0.19111387E+09  0.00000000E+00  0.00000000E+00  0.00000000E+00  0.00000000E+00  0.00000000E+00  0.10000000E-01  0.10000000E+01
 0.38000000E-09  0.30949844E-02  0.00000000E+00  0.52017236E-01  0.00000000E+00  0.00000000E+00  0.19111387E+09  0.00000000E+00  0.00000000E+00  0.00000000E+00  0.00000000E+00  0.00000000E+00  0.10000000E-01  0.10000000E+01
 0.39000000E-09  0.30949844E-02  0.00000000E+00  0.53928375E-01  0.00000000E+00  0.00000000E+00  0.19111387E+09  0.00000000E+00  0.00000000E+00  0.00000000E+00  0.00000000E+00  0.00000000E+00  0.10000000E-01  0.10000000E+01
 0.40000000E-09  0.30949844E-02  0.00000000E+00  0.55839513E-01  0.00000000E+00  0.00000000E+00  0.19111387E+09  0.00000000E+00  0.00000000E+00  0.00000000E+00  0.00000000E+00  0.00000000E+00  0.10000000E-01  0.10000000E+01
 0.41000000E-09  0.30949844E-02  0.00000000E+00  0.57750652E-01  0.00000000E+00  0.00000000E+00  0.19111387E+09  0.00000000E+00  0.00000000E+00  0.00000000E+00  0.00000000E+00  0.00000000E+00  0.10000000E-01  0.10000000E+01
 0.42000000E-09  0.30949844E-02  0.00000000E+00  0.59661791E-01  0.00000000E+00  0.00000000E+00  0.19111387E+09  0.00000000E+00  0.00000000E+00  0.00000000E+00  0.00000000E+00  0.00000000E+00  0.10000000E-01  0.10000000E+01
 0.43000000E-09  0.30949844E-02  0.00000000E+00  0.61572929E-01  0.00000000E+00  0.00000000E+00  0.19111387E+09  0.00000000E+00  0.00000000E+00  0.00000000E+00  0.00000000E+00  0.00000000E+00  0.10000000E-01  0.10000000E+01
 0.44000000E-09  0.30949844E-02  0.00000000E+00  0.63484068E-01  0.00000000E+00  0.00000000E+00  0.19111387E+09  0.00000000E+00  0.00000000E+00  0.00000000E+00  0.00000000E+00  0.00000000E+00  0.10000000E-01  0.10000000E+01
 0.45000000E-09  0.30949844E-02  0.00000000E+00  0.65395207E-01  0.00000000E+00  0.00000000E+00  0.19111387E+09  0.00000000E+00  0.00000000E+00  0.00000000E+00  0.00000000E+00  0.00000000E+00  0.10000000E-01  0.10000000E+01
 0.46000000E-09  0.30949844E-02  0.00000000E+00  0.67306346E-01  0.00000000E+00  0.00000000E+00  0.19111387E+09  0.00000000E+00  0.00000000E+00  0.00000000E+00  0.00000000E+00  0.00000000E+00  0.10000000E-01  0.10000000E+01
 0.47000000E-09  0.30949844E-02  0.00000000E+00  0.69217484E-01  0.00000000E+00  0.00000000E+00  0.19111387E+09  0.00000000E+00  0.00000000E+00  0.00000000E+00  0.00000000E+00  0.00000000E+00  0.10000000E-01  0.10000000E+01
 0.48000000E-09  0.30949844E-02  0.00000000E+00  0.71128623E-01  0.00000000E+00  0.00000000E+00  0.19111387E+09  0.00000000E+00  0.00000000E+00  0.00000000E+00  0.00000000E+00  0.00000000E+00  0.10000000E-01  0.10000000E+01
 0.49000000E-09  0.30949844E-02  0.00000000E+00  0.73039762E-01  0.00000000E+00  0.00000000E+00  0.19111387E+09  0.00000000E+00  0.00000000E+00  0.00000000E+00  0.00000000E+00  0.00000000E+00  0.10000000E-01  0.10000000E+01
 0.50000000E-09  0.30949844E-02  0.00000000E+00  0.74950900E-01  0.00000000E+00  0.00000000E+00  0.19111387E+09  0.00000000E+00  0.00000000E+00  0.00000000E+00  0.00000000E+00  0.00000000E+00  0.10000000E-01  0.10000000E+01
 0.51000000E-09  0.30949844E-02  0.00000000E+00  0.76862039E-01  0.00000000E+00  0.00000000E+00  0.19111387E+09  0.00000000E+00  0.00000000E+00  0.00000000E+00  0.00000000E+00  0.00000000E+00  0.10000000E-01  0.10000000E+01
 0.52000000E-09  0.30949844E-02  0.00000000E+00  0.78773178E-01  0.00000000E+00  0.00000000E+00  0.19111387E+09  0.00000000E+00  0.00000000E+00  0.00000000E+00  0.00000000E+00  0.00000000E+00  0.10000000E-01  0.10000000E+01
 0.53000000E-09  0.30949844E-02  0.00000000E+00  0.80684317E-01  0.00000000E+00  0.00000000E+00  0.19111387E+09  0.00000000E+00  0.00000000E+00  0.00000000E+00  0.00000000E+00  0.00000000E+00  0.10000000E-01  0.10000000E+01
 0.54000000E-09  0.30949844E-02  0.00000000E+00  0.82595455E-01  0.00000000E+00  0.00000000E+00  0.19111387E+09  0.00000000E+00  0.00000000E+00  0.00000000E+00  0.00000000E+00  0.00000000E+00  0.10000000E-01  0.10000000E+01
 0.55002000E-09  0.30949844E-02  0.00000000E+00  0.84510416E-01  0.00000000E+00  0.00000000E+00  0.19111387E+09  0.00000000E+00  0.00000000E+00  0.00000000E+00  0.00000000E+00  0.00000000E+00  0.10000000E-01  0.10000000E+01
 0.56002000E-09  0.30949844E-02  0.00000000E+00  0.86421555E-01  0.00000000E+00  0.00000000E+00  0.19111387E+09  0.00000000E+00  0.00000000E+00  0.00000000E+00  0.00000000E+00  0.00000000E+00  0.10000000E-01  0.10000000E+01
 0.57002000E-09  0.30949844E-02  0.00000000E+00  0.88332694E-01  0.00000000E+00  0.00000000E+00  0.19111387E+09  0.00000000E+00  0.00000000E+00  0.00000000E+00  0.00000000E+00  0.00000000E+00  0.10000000E-01  0.10000000E+01
 0.58002000E-09  0.30949844E-02  0.00000000E+00  0.90243832E-01  0.00000000E+00  0.00000000E+00  0.19111387E+09  0.00000000E+00  0.00000000E+00  0.00000000E+00  0.00000000E+00  0.00000000E+00  0.10000000E-01  0.10000000E+01
 0.59002000E-09  0.30949844E-02  0.00000000E+00  0.92154971E-01  0.00000000E+00  0.00000000E+00  0.19111387E+09  0.00000000E+00  0.00000000E+00  0.00000000E+00  0.00000000E+00  0.00000000E+00  0.10000000E-01  0.10000000E+01
 0.60002000E-09  0.30949844E-02  0.00000000E+00  0.94066110E-01  0.00000000E+00  0.00000000E+00  0.19111387E+09  0.00000000E+00  0.00000000E+00  0.00000000E+00  0.00000000E+00  0.00000000E+00  0.10000000E-01  0.10000000E+01
 0.61002000E-09  0.30949844E-02  0.00000000E+00  0.95977248E-01  0.00000000E+00  0.00000000E+00  0.19111387E+09  0.00000000E+00  0.00000000E+00  0.00000000E+00  0.00000000E+00  0.00000000E+00  0.10000000E-01  0.10000000E+01
 0.62002000E-09  0.30949844E-02  0.00000000E+00  0.97888387E-01  0.00000000E+00  0.00000000E+00  0.19111387E+09  0.00000000E+00  0.00000000E+00  0.00000000E+00  0.00000000E+00  0.00000000E+00  0.10000000E-01  0.10000000E+01
 0.63002000E-09  0.30949844E-02  0.00000000E+00  0.99799526E-01  0.00000000E+00  0.00000000E+00  0.19111387E+09  0.00000000E+00  0.00000000E+00  0.00000000E+00  0.00000000E+00  0.00000000E+00  0.10000000E-01  0.10000000E+01
 0.64002000E-09  0.30949844E-02  0.00000000E+00  0.10171066E+00  0.00000000E+00  0.00000000E+00  0.19111387E+09  0.00000000E+00  0.00000000E+00  0.00000000E+00  0.00000000E+00  0.00000000E+00  0.10000000E-01  0.10000000E+01
 0.65002000E-09  0.30949844E-02  0.00000000E+00  0.10362180E+00  0.00000000E+00  0.00000000E+00  0.19111387E+09  0.00000000E+00  0.00000000E+00  0.00000000E+00  0.00000000E+00  0.00000000E+00  0.10000000E-01  0.10000000E+01
 0.66002000E-09  0.30949844E-02  0.00000000E+00  0.10553294E+00  0.00000000E+00  0.00000000E+00  0.19111387E+09  0.00000000E+00  0.00000000E+00  0.00000000E+00  0.00000000E+00  0.00000000E+00  0.10000000E-01  0.10000000E+01
 0.67002000E-09  0.30949844E-02  0.00000000E+00  0.10744408E+00  0.00000000E+00  0.00000000E+00  0.19111387E+09  0.00000000E+00  0.00000000E+00  0.00000000E+00  0.00000000E+00  0.00000000E+00  0.10000000E-01  0.10000000E+01
 0.68002000E-09  0.30949844E-02  0.00000000E+00  0.10935522E+00  0.00000000E+00  0.00000000E+00  0.19111387E+09  0.00000000E+00  0.00000000E+00  0.00000000E+00  0.00000000E+00  0.00000000E+00  0.10000000E-01  0.10000000E+01
 0.69002000E-09  0.30949844E-02  0.00000000E+00  0.11126636E+00  0.00000000E+00  0.00000000E+00  0.19111387E+09  0.00000000E+00  0.00000000E+00  0.00000000E+00  0.00000000E+00  0.00000000E+00  0.10000000E-01  0.10000000E+01
 0.70002000E-09  0.30949844E-02  0.00000000E+00  0.11317750E+00  0.00000000E+00  0.00000000E+00  0.19111387E+09  0.00000000E+00  0.00000000E+00  0.00000000E+00  0.00000000E+00  0.00000000E+00  0.10000000E-01  0.10000000E+01
 0.71002000E-09  0.30949844E-02  0.00000000E+00  0.11508864E+00  0.00000000E+00  0.00000000E+00  0.19111387E+09  0.00000000E+00  0.00000000E+00  0.00000000E+00  0.00000000E+00  0.00000000E+00  0.10000000E-01  0.10000000E+01
 0.72002000E-09  0.30949844E-02  0.00000000E+00  0.11699977E+00  0.00000000E+00  0.00000000E+00  0.19111387E+09  0.00000000E+00  0.00000000E+00  0.00000000E+00  0.00000000E+00  0.00000000E+00  0.10000000E-01  0.10000000E+01
 0.73002000E-09  0.30949844E-02  0.00000000E+00  0.11891091E+00  0.00000000E+00  0.00000000E+00  0.19111387E+09  0.00000000E+00  0.00000000E+00  0.00000000E+00  0.00000000E+00  0.00000000E+00  0.10000000E-01  0.10000000E+01
 0.74002000E-09  0.30949844E-02  0.00000000E+00  0.12082205E+00  0.00000000E+00  0.00000000E+00  0.19111387E+09  0.00000000E+00  0.00000000E+00  0.00000000E+00  0.00000000E+00  0.00000000E+00  0.10000000E-01  0.10000000E+01
 0.75002000E-09  0.30949844E-02  0.00000000E+00  0.12273319E+00  0.00000000E+00  0.00000000E+00  0.19111387E+09  0.00000000E+00  0.00000000E+00  0.00000000E+00  0.00000000E+00  0.00000000E+00  0.10000000E-01  0.10000000E+01
 0.76002000E-09  0.30949844E-02  0.00000000E+00  0.12464433E+00  0.00000000E+00  0.00000000E+00  0.19111387E+09  0.00000000E+00  0.00000000E+00  0.00000000E+00  0.00000000E+00  0.00000000E+00  0.10000000E-01  0.10000000E+01
 0.77002000E-09  0.30949844E-02  0.00000000E+00  0.12655547E+00  0.00000000E+00  0.00000000E+00  0.19111387E+09  0.00000000E+00  0.00000000E+00  0.00000000E+00  0.00000000E+00  0.00000000E+00  0.10000000E-01  0.10000000E+01
 0.78002000E-09  0.30949844E-02  0.00000000E+00  0.12846661E+00  0.00000000E+00  0.00000000E+00  0.19111387E+09  0.00000000E+00  0.00000000E+00  0.00000000E+00  0.00000000E+00  0.00000000E+00  0.10000000E-01  0.10000000E+01
 0.79002000E-09  0.30949844E-02  0.00000000E+00  0.13037774E+00  0.00000000E+00  0.00000000E+00  0.19111387E+09  0.00000000E+00  0.00000000E+00  0.00000000E+00  0.00000000E+00  0.00000000E+00  0.10000000E-01  0.10000000E+01
 0.80002000E-09  0.30949844E-02  0.00000000E+00  0.13228888E+00  0.00000000E+00  0.00000000E+00  0.19111387E+09  0.00000000E+00  0.00000000E+00  0.00000000E+00  0.00000000E+00  0.00000000E+00  0.10000000E-01  0.10000000E+01
 0.81002000E-09  0.30949844E-02  0.00000000E+00  0.13420002E+00  0.00000000E+00  0.00000000E+00  0.19111387E+09  0.00000000E+00  0.00000000E+00  0.00000000E+00  0.00000000E+00  0.00000000E+00  0.10000000E-01  0.10000000E+01
 0.82002000E-09  0.30949844E-02  0.00000000E+00  0.13611116E+00  0.00000000E+00  0.00000000E+00  0.19111387E+09  0.00000000E+00  0.00000000E+00  0.00000000E+00  0.00000000E+00  0.00000000E+00  0.10000000E-01  0.10000000E+01
 0.83002000E-09  0.30949844E-02  0.00000000E+00  0.13802230E+00  0.00000000E+00  0.00000000E+00  0.19111387E+09  0.00000000E+00  0.00000000E+00  0.00000000E+00  0.00000000E+00  0.00000000E+00  0.10000000E-01  0.10000000E+01
 0.84002000E-09  0.30949844E-02  0.00000000E+00  0.13993344E+00  0.00000000E+00  0.00000000E+00  0.19111387E+09  0.00000000E+00  0.00000000E+00  0.00000000E+00  0.00000000E+00  0.00000000E+00  0.10000000E-01  0.10000000E+01
 0.85002000E-09  0.30949844E-02  0.00000000E+00  0.14184458E+00  0.00000000E+00  0.00000000E+00  0.19111387E+09  0.00000000E+00  0.00000000E+00  0.00000000E+00  0.00000000E+00  0.00000000E+00  0.10000000E-01  0.10000000E+01
 0.86002000E-09  0.30949844E-02  0.00000000E+00  0.14375572E+00  0.00000000E+00  0.00000000E+00  0.19111387E+09  0.00000000E+00  0.00000000E+00  0.00000000E+00  0.00000000E+00  0.00000000E+00  0.10000000E-01  0.10000000E+01
 0.87002000E-09  0.30949844E-02  0.00000000E+00  0.14566685E+00  0.00000000E+00  0.00000000E+00  0.19111387E+09  0.00000000E+00  0.00000000E+00  0.00000000E+00  0.00000000E+00  0.00000000E+00  0.10000000E-01  0.10000000E+01
 0.88002000E-09  0.30949844E-02  0.00000000E+00  0.14757799E+00  0.00000000E+00  0.00000000E+00  0.19111387E+09  0.00000000E+00  0.00000000E+00  0.00000000E+00  0.00000000E+00  0.00000000E+00  0.10000000E-01  0.10000000E+01
 0.89002000E-09  0.30949844E-02  0.00000000E+00  0.14948913E+00  0.00000000E+00  0.00000000E+00  0.19111387E+09  0.00000000E+00  0.00000000E+00  0.00000000E+00  0.00000000E+00  0.00000000E+00  0.10000000E-01  0.10000000E+01
 0.90002000E-09  0.30949844E-02  0.00000000E+00  0.15140027E+00  0.00000000E+00  0.00000000E+00  0.19111387E+09  0.00000000E+00  0.00000000E+00  0.00000000E+00  0.00000000E+00  0.00000000E+00  0.10000000E-01  0.10000000E+01
 0.91002000E-09  0.30949844E-02  0.00000000E+00  0.15331141E+00  0.00000000E+00  0.00000000E+00  0.19111387E+09  0.00000000E+00  0.00000000E+00  0.00000000E+00  0.00000000E+00  0.00000000E+00  0.10000000E-01  0.10000000E+01
 0.92002000E-09  0.30949844E-02  0.00000000E+00  0.15522255E+00  0.00000000E+00  0.00000000E+00  0.19111387E+09  0.00000000E+00  0.00000000E+00  0.00000000E+00  0.00000000E+00  0.00000000E+00  0.10000000E-01  0.10000000E+01
 0.93002000E-09  0.30949844E-02  0.00000000E+00  0.15713369E+00  0.00000000E+00  0.00000000E+00  0.19111387E+09  0.00000000E+00  0.00000000E+00  0.00000000E+00  0.00000000E+00  0.00000000E+00  0.10000000E-01  0.10000000E+01
 0.94002000E-09  0.30949844E-02  0.00000000E+00  0.15904483E+00  0.00000000E+00  0.00000000E+00  0.19111387E+09  0.00000000E+00  0.00000000E+00  0.00000000E+00  0.00000000E+00  0.00000000E+00  0.10000000E-01  0.10000000E+01
 0.95002000E-09  0.30949844E-02  0.00000000E+00  0.16095596E+00  0.00000000E+00  0.00000000E+00  0.19111387E+09  0.00000000E+00  0.00000000E+00  0.00000000E+00  0.00000000E+00  0.00000000E+00  0.10000000E-01  0.10000000E+01
 0.96002000E-09  0.30949844E-02  0.00000000E+00  0.16286710E+00  0.00000000E+00  0.00000000E+00  0.19111387E+09  0.00000000E+00  0.00000000E+00  0.00000000E+00  0.00000000E+00  0.00000000E+00  0.10000000E-01  0.10000000E+01
 0.97002000E-09  0.30949844E-02  0.00000000E+00  0.16477824E+00  0.00000000E+00  0.00000000E+00  0.19111387E+09  0.00000000E+00  0.00000000E+00  0.00000000E+00  0.00000000E+00  0.00000000E+00  0.10000000E-01  0.10000000E+01
 0.98002000E-09  0.30949844E-02  0.00000000E+00  0.16668938E+00  0.00000000E+00  0.00000000E+00  0.19111387E+09  0.00000000E+00  0.00000000E+00  0.00000000E+00  0.00000000E+00  0.00000000E+00  0.10000000E-01  0.10000000E+01
 0.99002000E-09  0.30949844E-02  0.00000000E+00  0.16860052E+00  0.00000000E+00  0.00000000E+00  0.19111387E+09  0.00000000E+00  0.00000000E+00  0.00000000E+00  0.00000000E+00  0.00000000E+00  0.10000000E-01  0.10000000E+01
 0.10000200E-08  0.30949844E-02  0.00000000E+00  0.17051166E+00  0.00000000E+00  0.00000000E+00  0.19111387E+09  0.00000000E+00  0.00000000E+00  0.00000000E+00  0.00000000E+00  0.00000000E+00  0.10000000E-01  0.10000000E+01
 0.10100200E-08  0.30949844E-02  0.00000000E+00  0.17242280E+00  0.00000000E+00  0.00000000E+00  0.19111387E+09  0.00000000E+00  0.00000000E+00  0.00000000E+00  0.00000000E+00  0.00000000E+00  0.10000000E-01  0.10000000E+01
 0.10200200E-08  0.30949844E-02  0.00000000E+00  0.17433394E+00  0.00000000E+00  0.00000000E+00  0.19111387E+09  0.00000000E+00  0.00000000E+00  0.00000000E+00  0.00000000E+00  0.00000000E+00  0.10000000E-01  0.10000000E+01
 0.10300200E-08  0.30949844E-02  0.00000000E+00  0.17624507E+00  0.00000000E+00  0.00000000E+00  0.19111387E+09  0.00000000E+00  0.00000000E+00  0.00000000E+00  0.00000000E+00  0.00000000E+00  0.10000000E-01  0.10000000E+01
 0.10400200E-08  0.30949844E-02  0.00000000E+00  0.17815621E+00  0.00000000E+00  0.00000000E+00  0.19111387E+09  0.00000000E+00  0.00000000E+00  0.00000000E+00  0.00000000E+00  0.00000000E+00  0.10000000E-01  0.10000000E+01
 0.10500200E-08  0.30949844E-02  0.00000000E+00  0.18006735E+00  0.00000000E+00  0.00000000E+00  0.19111387E+09  0.00000000E+00  0.00000000E+00  0.00000000E+00  0.00000000E+00  0.00000000E+00  0.10000000E-01  0.10000000E+01
 0.10600200E-08  0.30949844E-02  0.00000000E+00  0.18197849E+00  0.00000000E+00  0.00000000E+00  0.19111387E+09  0.00000000E+00  0.00000000E+00  0.00000000E+00  0.00000000E+00  0.00000000E+00  0.10000000E-01  0.10000000E+01
 0.10700200E-08  0.30949844E-02  0.00000000E+00  0.18388963E+00  0.00000000E+00  0.00000000E+00  0.19111387E+09  0.00000000E+00  0.00000000E+00  0.00000000E+00  0.00000000E+00  0.00000000E+00  0.10000000E-01  0.10000000E+01
 0.10800200E-08  0.30949844E-02  0.00000000E+00  0.18580077E+00  0.00000000E+00  0.00000000E+00  0.19111387E+09  0.00000000E+00  0.00000000E+00  0.00000000E+00  0.00000000E+00  0.00000000E+00  0.10000000E-01  0.10000000E+01
 0.10900200E-08  0.30949844E-02  0.00000000E+00  0.18771191E+00  0.00000000E+00  0.00000000E+00  0.19111387E+09  0.00000000E+00  0.00000000E+00  0.00000000E+00  0.00000000E+00  0.00000000E+00  0.10000000E-01  0.10000000E+01
 0.11000200E-08  0.30949844E-02  0.00000000E+00  0.18962304E+00  0.00000000E+00  0.00000000E+00  0.19111387E+09  0.00000000E+00  0.00000000E+00  0.00000000E+00  0.00000000E+00  0.00000000E+00  0.10000000E-01  0.10000000E+01
 0.11100200E-08  0.30949844E-02  0.00000000E+00  0.19153418E+00  0.00000000E+00  0.00000000E+00  0.19111387E+09  0.00000000E+00  0.00000000E+00  0.00000000E+00  0.00000000E+00  0.00000000E+00  0.10000000E-01  0.10000000E+01
 0.11200200E-08  0.30949844E-02  0.00000000E+00  0.19344532E+00  0.00000000E+00  0.00000000E+00  0.19111387E+09  0.00000000E+00  0.00000000E+00  0.00000000E+00  0.00000000E+00  0.00000000E+00  0.10000000E-01  0.10000000E+01
 0.11300200E-08  0.30949844E-02  0.00000000E+00  0.19535646E+00  0.00000000E+00  0.00000000E+00  0.19111387E+09  0.00000000E+00  0.00000000E+00  0.00000000E+00  0.00000000E+00  0.00000000E+00  0.10000000E-01  0.10000000E+01
 0.11400200E-08  0.30949844E-02  0.00000000E+00  0.19726760E+00  0.00000000E+00  0.00000000E+00  0.19111387E+09  0.00000000E+00  0.00000000E+00  0.00000000E+00  0.00000000E+00  0.00000000E+00  0.10000000E-01  0.10000000E+01
 0.11500200E-08  0.30949844E-02  0.00000000E+00  0.19917874E+00  0.00000000E+00  0.00000000E+00  0.19111387E+09  0.00000000E+00  0.00000000E+00  0.00000000E+00  0.00000000E+00  0.00000000E+00  0.10000000E-01  0.10000000E+01
 0.11600200E-08  0.30949844E-02  0.00000000E+00  0.20108988E+00  0.00000000E+00  0.00000000E+00  0.19111387E+09  0.00000000E+00  0.00000000E+00  0.00000000E+00  0.00000000E+00  0.00000000E+00  0.10000000E-01  0.10000000E+01
 0.11700200E-08  0.30949844E-02  0.00000000E+00  0.20300102E+00  0.00000000E+00  0.00000000E+00  0.19111387E+09  0.00000000E+00  0.00000000E+00  0.00000000E+00  0.00000000E+00  0.00000000E+00  0.10000000E-01  0.10000000E+01
 0.11800200E-08  0.30949844E-02  0.00000000E+00  0.20491215E+00  0.00000000E+00  0.00000000E+00  0.19111387E+09  0.00000000E+00  0.00000000E+00  0.00000000E+00  0.00000000E+00  0.00000000E+00  0.10000000E-01  0.10000000E+01
 0.11900200E-08  0.30949844E-02  0.00000000E+00  0.20682329E+00  0.00000000E+00  0.00000000E+00  0.19111387E+09  0.00000000E+00  0.00000000E+00  0.00000000E+00  0.00000000E+00  0.00000000E+00  0.10000000E-01  0.10000000E+01
 0.12000200E-08  0.30949844E-02  0.00000000E+00  0.20873443E+00  0.00000000E+00  0.00000000E+00  0.19111387E+09  0.00000000E+00  0.00000000E+00  0.00000000E+00  0.00000000E+00  0.00000000E+00  0.10000000E-01  0.10000000E+01
 0.12100200E-08  0.30949844E-02  0.00000000E+00  0.21064557E+00  0.00000000E+00  0.00000000E+00  0.19111387E+09  0.00000000E+00  0.00000000E+00  0.00000000E+00  0.00000000E+00  0.00000000E+00  0.10000000E-01  0.10000000E+01
 0.12200200E-08  0.30949844E-02  0.00000000E+00  0.21255671E+00  0.00000000E+00  0.00000000E+00  0.19111387E+09  0.00000000E+00  0.00000000E+00  0.00000000E+00  0.00000000E+00  0.00000000E+00  0.10000000E-01  0.10000000E+01
 0.12300200E-08  0.30949844E-02  0.00000000E+00  0.21446785E+00  0.00000000E+00  0.00000000E+00  0.19111387E+09  0.00000000E+00  0.00000000E+00  0.00000000E+00  0.00000000E+00  0.00000000E+00  0.10000000E-01  0.10000000E+01
 0.12400200E-08  0.30949844E-02  0.00000000E+00  0.21637899E+00  0.00000000E+00  0.00000000E+00  0.19111387E+09  0.00000000E+00  0.00000000E+00  0.00000000E+00  0.00000000E+00  0.00000000E+00  0.10000000E-01  0.10000000E+01
 0.12500200E-08  0.30949844E-02  0.00000000E+00  0.21829013E+00  0.00000000E+00  0.00000000E+00  0.19111387E+09  0.00000000E+00  0.00000000E+00  0.00000000E+00  0.00000000E+00  0.00000000E+00  0.10000000E-01  0.10000000E+01
 0.12600200E-08  0.30949844E-02  0.00000000E+00  0.22020126E+00  0.00000000E+00  0.00000000E+00  0.19111387E+09  0.00000000E+00  0.00000000E+00  0.00000000E+00  0.00000000E+00  0.00000000E+00  0.10000000E-01  0.10000000E+01
 0.12700200E-08  0.30949844E-02  0.00000000E+00  0.22211240E+00  0.00000000E+00  0.00000000E+00  0.19111387E+09  0.00000000E+00  0.00000000E+00  0.00000000E+00  0.00000000E+00  0.00000000E+00  0.10000000E-01  0.10000000E+01
 0.12800200E-08  0.30949844E-02  0.00000000E+00  0.22402354E+00  0.00000000E+00  0.00000000E+00  0.19111387E+09  0.00000000E+00  0.00000000E+00  0.00000000E+00  0.00000000E+00  0.00000000E+00  0.10000000E-01  0.10000000E+01
 0.12900200E-08  0.30949844E-02  0.00000000E+00  0.22593468E+00  0.00000000E+00  0.00000000E+00  0.19111387E+09  0.00000000E+00  0.00000000E+00  0.00000000E+00  0.00000000E+00  0.00000000E+00  0.10000000E-01  0.10000000E+01
 0.13000200E-08  0.30949844E-02  0.00000000E+00  0.22784582E+00  0.00000000E+00  0.00000000E+00  0.19111387E+09  0.00000000E+00  0.00000000E+00  0.00000000E+00  0.00000000E+00  0.00000000E+00  0.10000000E-01  0.10000000E+01
 0.13100200E-08  0.30949844E-02  0.00000000E+00  0.22975696E+00  0.00000000E+00  0.00000000E+00  0.19111387E+09  0.00000000E+00  0.00000000E+00  0.00000000E+00  0.00000000E+00  0.00000000E+00  0.10000000E-01  0.10000000E+01
 0.13200200E-08  0.30949844E-02  0.00000000E+00  0.23166810E+00  0.00000000E+00  0.00000000E+00  0.19111387E+09  0.00000000E+00  0.00000000E+00  0.00000000E+00  0.00000000E+00  0.00000000E+00  0.10000000E-01  0.10000000E+01
 0.13300200E-08  0.30949844E-02  0.00000000E+00  0.23357923E+00  0.00000000E+00  0.00000000E+00  0.19111387E+09  0.00000000E+00  0.00000000E+00  0.00000000E+00  0.00000000E+00  0.00000000E+00  0.10000000E-01  0.10000000E+01
 0.13400200E-08  0.30949844E-02  0.00000000E+00  0.23549037E+00  0.00000000E+00  0.00000000E+00  0.19111387E+09  0.00000000E+00  0.00000000E+00  0.00000000E+00  0.00000000E+00  0.00000000E+00  0.10000000E-01  0.10000000E+01
 0.13500200E-08  0.30949844E-02  0.00000000E+00  0.23740151E+00  0.00000000E+00  0.00000000E+00  0.19111387E+09  0.00000000E+00  0.00000000E+00  0.00000000E+00  0.00000000E+00  0.00000000E+00  0.10000000E-01  0.10000000E+01
 0.13600200E-08  0.30949844E-02  0.00000000E+00  0.23931265E+00  0.00000000E+00  0.00000000E+00  0.19111387E+09  0.00000000E+00  0.00000000E+00  0.00000000E+00  0.00000000E+00  0.00000000E+00  0.10000000E-01  0.10000000E+01
 0.13700200E-08  0.30949844E-02  0.00000000E+00  0.24122379E+00  0.00000000E+00  0.00000000E+00  0.19111387E+09  0.00000000E+00  0.00000000E+00  0.00000000E+00  0.00000000E+00  0.00000000E+00  0.10000000E-01  0.10000000E+01
 0.13800200E-08  0.30949844E-02  0.00000000E+00  0.24313493E+00  0.00000000E+00  0.00000000E+00  0.19111387E+09  0.00000000E+00  0.00000000E+00  0.00000000E+00  0.00000000E+00  0.00000000E+00  0.10000000E-01  0.10000000E+01
 0.13900200E-08  0.30949844E-02  0.00000000E+00  0.24504607E+00  0.00000000E+00  0.00000000E+00  0.19111387E+09  0.00000000E+00  0.00000000E+00  0.00000000E+00  0.00000000E+00  0.00000000E+00  0.10000000E-01  0.10000000E+01
 0.14000200E-08  0.30949844E-02  0.00000000E+00  0.24695721E+00  0.00000000E+00  0.00000000E+00  0.19111387E+09  0.00000000E+00  0.00000000E+00  0.00000000E+00  0.00000000E+00  0.00000000E+00  0.10000000E-01  0.10000000E+01
 0.14100200E-08  0.30949844E-02  0.00000000E+00  0.24886834E+00  0.00000000E+00  0.00000000E+00  0.19111387E+09  0.00000000E+00  0.00000000E+00  0.00000000E+00  0.00000000E+00  0.00000000E+00  0.10000000E-01  0.10000000E+01
 0.14200200E-08  0.30949844E-02  0.00000000E+00  0.25077948E+00  0.00000000E+00  0.00000000E+00  0.19111387E+09  0.00000000E+00  0.00000000E+00  0.00000000E+00  0.00000000E+00  0.00000000E+00  0.10000000E-01  0.10000000E+01
 0.14300200E-08  0.30949844E-02  0.00000000E+00  0.25269062E+00  0.00000000E+00  0.00000000E+00  0.19111387E+09  0.00000000E+00  0.00000000E+00  0.00000000E+00  0.00000000E+00  0.00000000E+00  0.10000000E-01  0.10000000E+01
 0.14400200E-08  0.30949844E-02  0.00000000E+00  0.25460176E+00  0.00000000E+00  0.00000000E+00  0.19111387E+09  0.00000000E+00  0.00000000E+00  0.00000000E+00  0.00000000E+00  0.00000000E+00  0.10000000E-01  0.10000000E+01
 0.14500200E-08  0.30949844E-02  0.00000000E+00  0.25651290E+00  0.00000000E+00  0.00000000E+00  0.19111387E+09  0.00000000E+00  0.00000000E+00  0.00000000E+00  0.00000000E+00  0.00000000E+00  0.10000000E-01  0.10000000E+01
 0.14600200E-08  0.30949844E-02  0.00000000E+00  0.25842404E+00  0.00000000E+00  0.00000000E+00  0.19111387E+09  0.00000000E+00  0.00000000E+00  0.00000000E+00  0.00000000E+00  0.00000000E+00  0.10000000E-01  0.10000000E+01
 0.14700200E-08  0.30949844E-02  0.00000000E+00  0.26033518E+00  0.00000000E+00  0.00000000E+00  0.19111387E+09  0.00000000E+00  0.00000000E+00  0.00000000E+00  0.00000000E+00  0.00000000E+00  0.10000000E-01  0.10000000E+01
 0.14800200E-08  0.30949844E-02  0.00000000E+00  0.26224632E+00  0.00000000E+00  0.00000000E+00  0.19111387E+09  0.00000000E+00  0.00000000E+00  0.00000000E+00  0.00000000E+00  0.00000000E+00  0.10000000E-01  0.10000000E+01
 0.14900200E-08  0.30949844E-02  0.00000000E+00  0.26415745E+00  0.00000000E+00  0.00000000E+00  0.19111387E+09  0.00000000E+00  0.00000000E+00  0.00000000E+00  0.00000000E+00  0.00000000E+00  0.10000000E-01  0.10000000E+01
 0.15000200E-08  0.30949844E-02  0.00000000E+00  0.26606859E+00  0.00000000E+00  0.00000000E+00  0.19111387E+09  0.00000000E+00  0.00000000E+00  0.00000000E+00  0.00000000E+00  0.00000000E+00  0.10000000E-01  0.10000000E+01
 0.15100200E-08  0.30949844E-02  0.00000000E+00  0.26797973E+00  0.00000000E+00  0.00000000E+00  0.19111387E+09  0.00000000E+00  0.00000000E+00  0.00000000E+00  0.00000000E+00  0.00000000E+00  0.10000000E-01  0.10000000E+01
 0.15200200E-08  0.30949844E-02  0.00000000E+00  0.26989087E+00  0.00000000E+00  0.00000000E+00  0.19111387E+09  0.00000000E+00  0.00000000E+00  0.00000000E+00  0.00000000E+00  0.00000000E+00  0.10000000E-01  0.10000000E+01
 0.15300200E-08  0.30949844E-02  0.00000000E+00  0.27180201E+00  0.00000000E+00  0.00000000E+00  0.19111387E+09  0.00000000E+00  0.00000000E+00  0.00000000E+00  0.00000000E+00  0.00000000E+00  0.10000000E-01  0.10000000E+01
 0.15400200E-08  0.30949844E-02  0.00000000E+00  0.27371315E+00  0.00000000E+00  0.00000000E+00  0.19111387E+09  0.00000000E+00  0.00000000E+00  0.00000000E+00  0.00000000E+00  0.00000000E+00  0.10000000E-01  0.10000000E+01
 0.15500200E-08  0.30949844E-02  0.00000000E+00  0.27562429E+00  0.00000000E+00  0.00000000E+00  0.19111387E+09  0.00000000E+00  0.00000000E+00  0.00000000E+00  0.00000000E+00  0.00000000E+00  0.10000000E-01  0.10000000E+01
 0.15600200E-08  0.30949844E-02  0.00000000E+00  0.27753542E+00  0.00000000E+00  0.00000000E+00  0.19111387E+09  0.00000000E+00  0.00000000E+00  0.00000000E+00  0.00000000E+00  0.00000000E+00  0.10000000E-01  0.10000000E+01
 0.15700200E-08  0.30949844E-02  0.00000000E+00  0.27944656E+00  0.00000000E+00  0.00000000E+00  0.19111387E+09  0.00000000E+00  0.00000000E+00  0.00000000E+00  0.00000000E+00  0.00000000E+00  0.10000000E-01  0.10000000E+01
 0.15800200E-08  0.30949844E-02  0.00000000E+00  0.28135770E+00  0.00000000E+00  0.00000000E+00  0.19111387E+09  0.00000000E+00  0.00000000E+00  0.00000000E+00  0.00000000E+00  0.00000000E+00  0.10000000E-01  0.10000000E+01
 0.15900200E-08  0.30949844E-02  0.00000000E+00  0.28326884E+00  0.00000000E+00  0.00000000E+00  0.19111387E+09  0.00000000E+00  0.00000000E+00  0.00000000E+00  0.00000000E+00  0.00000000E+00  0.10000000E-01  0.10000000E+01
 0.16000200E-08  0.30949844E-02  0.00000000E+00  0.28517998E+00  0.00000000E+00  0.00000000E+00  0.19111387E+09  0.00000000E+00  0.00000000E+00  0.00000000E+00  0.00000000E+00  0.00000000E+00  0.10000000E-01  0.10000000E+01
 0.16100200E-08  0.30949844E-02  0.00000000E+00  0.28709112E+00  0.00000000E+00  0.00000000E+00  0.19111387E+09  0.00000000E+00  0.00000000E+00  0.00000000E+00  0.00000000E+00  0.00000000E+00  0.10000000E-01  0.10000000E+01
 0.16200200E-08  0.30949844E-02  0.00000000E+00  0.28900226E+00  0.00000000E+00  0.00000000E+00  0.19111387E+09  0.00000000E+00  0.00000000E+00  0.00000000E+00  0.00000000E+00  0.00000000E+00  0.10000000E-01  0.10000000E+01
 0.16300200E-08  0.30949844E-02  0.00000000E+00  0.29091340E+00  0.00000000E+00  0.00000000E+00  0.19111387E+09  0.00000000E+00  0.00000000E+00  0.00000000E+00  0.00000000E+00  0.00000000E+00  0.10000000E-01  0.10000000E+01
 0.16400200E-08  0.30949844E-02  0.00000000E+00  0.29282453E+00  0.00000000E+00  0.00000000E+00  0.19111387E+09  0.00000000E+00  0.00000000E+00  0.00000000E+00  0.00000000E+00  0.00000000E+00  0.10000000E-01  0.10000000E+01
 0.16500200E-08  0.30949844E-02  0.00000000E+00  0.29473567E+00  0.00000000E+00  0.00000000E+00  0.19111387E+09  0.00000000E+00  0.00000000E+00  0.00000000E+00  0.00000000E+00  0.00000000E+00  0.10000000E-01  0.10000000E+01
 0.16600200E-08  0.30949844E-02  0.00000000E+00  0.29664681E+00  0.00000000E+00  0.00000000E+00  0.19111387E+09  0.00000000E+00  0.00000000E+00  0.00000000E+00  0.00000000E+00  0.00000000E+00  0.10000000E-01  0.10000000E+01
 0.16700200E-08  0.30949844E-02  0.00000000E+00  0.29855795E+00  0.00000000E+00  0.00000000E+00  0.19111387E+09  0.00000000E+00  0.00000000E+00  0.00000000E+00  0.00000000E+00  0.00000000E+00  0.10000000E-01  0.10000000E+01
 0.16800200E-08  0.30949844E-02  0.00000000E+00  0.30046909E+00  0.00000000E+00  0.00000000E+00  0.19111387E+09  0.00000000E+00  0.00000000E+00  0.00000000E+00  0.00000000E+00  0.00000000E+00  0.10000000E-01  0.10000000E+01
 0.16900200E-08  0.30949844E-02  0.00000000E+00  0.30238023E+00  0.00000000E+00  0.00000000E+00  0.19111387E+09  0.00000000E+00  0.00000000E+00  0.00000000E+00  0.00000000E+00  0.00000000E+00  0.10000000E-01  0.10000000E+01
 0.17000200E-08  0.30949844E-02  0.00000000E+00  0.30429137E+00  0.00000000E+00  0.00000000E+00  0.19111387E+09  0.00000000E+00  0.00000000E+00  0.00000000E+00  0.00000000E+00  0.00000000E+00  0.10000000E-01  0.10000000E+01
 0.17100200E-08  0.30949844E-02  0.00000000E+00  0.30620251E+00  0.00000000E+00  0.00000000E+00  0.19111387E+09  0.00000000E+00  0.00000000E+00  0.00000000E+00  0.00000000E+00  0.00000000E+00  0.10000000E-01  0.10000000E+01
 0.17200200E-08  0.30949844E-02  0.00000000E+00  0.30811364E+00  0.00000000E+00  0.00000000E+00  0.19111387E+09  0.00000000E+00  0.00000000E+00  0.00000000E+00  0.00000000E+00  0.00000000E+00  0.10000000E-01  0.10000000E+01
 0.17300200E-08  0.30949844E-02  0.00000000E+00  0.31002478E+00  0.00000000E+00  0.00000000E+00  0.19111387E+09  0.00000000E+00  0.00000000E+00  0.00000000E+00  0.00000000E+00  0.00000000E+00  0.10000000E-01  0.10000000E+01
 0.17400200E-08  0.30949844E-02  0.00000000E+00  0.31193592E+00  0.00000000E+00  0.00000000E+00  0.19111387E+09  0.00000000E+00  0.00000000E+00  0.00000000E+00  0.00000000E+00  0.00000000E+00  0.10000000E-01  0.10000000E+01
 0.17500200E-08  0.30949844E-02  0.00000000E+00  0.31384706E+00  0.00000000E+00  0.00000000E+00  0.19111387E+09  0.00000000E+00  0.00000000E+00  0.00000000E+00  0.00000000E+00  0.00000000E+00  0.10000000E-01  0.10000000E+01
 0.17600200E-08  0.30949844E-02  0.00000000E+00  0.31575820E+00  0.00000000E+00  0.00000000E+00  0.19111387E+09  0.00000000E+00  0.00000000E+00  0.00000000E+00  0.00000000E+00  0.00000000E+00  0.10000000E-01  0.10000000E+01
 0.17700200E-08  0.30949844E-02  0.00000000E+00  0.31766934E+00  0.00000000E+00  0.00000000E+00  0.19111387E+09  0.00000000E+00  0.00000000E+00  0.00000000E+00  0.00000000E+00  0.00000000E+00  0.10000000E-01  0.10000000E+01
 0.17800200E-08  0.30949844E-02  0.00000000E+00  0.31958048E+00  0.00000000E+00  0.00000000E+00  0.19111387E+09  0.00000000E+00  0.00000000E+00  0.00000000E+00  0.00000000E+00  0.00000000E+00  0.10000000E-01  0.10000000E+01
 0.17900200E-08  0.30949844E-02  0.00000000E+00  0.32149161E+00  0.00000000E+00  0.00000000E+00  0.19111387E+09  0.00000000E+00  0.00000000E+00  0.00000000E+00  0.00000000E+00  0.00000000E+00  0.10000000E-01  0.10000000E+01
 0.18000200E-08  0.30949844E-02  0.00000000E+00  0.32340275E+00  0.00000000E+00  0.00000000E+00  0.19111387E+09  0.00000000E+00  0.00000000E+00  0.00000000E+00  0.00000000E+00  0.00000000E+00  0.10000000E-01  0.10000000E+01
 0.18100200E-08  0.30949844E-02  0.00000000E+00  0.32531389E+00  0.00000000E+00  0.00000000E+00  0.19111387E+09  0.00000000E+00  0.00000000E+00  0.00000000E+00  0.00000000E+00  0.00000000E+00  0.10000000E-01  0.10000000E+01
 0.18200200E-08  0.30949844E-02  0.00000000E+00  0.32722503E+00  0.00000000E+00  0.00000000E+00  0.19111387E+09  0.00000000E+00  0.00000000E+00  0.00000000E+00  0.00000000E+00  0.00000000E+00  0.10000000E-01  0.10000000E+01
 0.18300200E-08  0.30949844E-02  0.00000000E+00  0.32913617E+00  0.00000000E+00  0.00000000E+00  0.19111387E+09  0.00000000E+00  0.00000000E+00  0.00000000E+00  0.00000000E+00  0.00000000E+00  0.10000000E-01  0.10000000E+01
 0.18400200E-08  0.30949844E-02  0.00000000E+00  0.33104731E+00  0.00000000E+00  0.00000000E+00  0.19111387E+09  0.00000000E+00  0.00000000E+00  0.00000000E+00  0.00000000E+00  0.00000000E+00  0.10000000E-01  0.10000000E+01
 0.18500200E-08  0.30949844E-02  0.00000000E+00  0.33295845E+00  0.00000000E+00  0.00000000E+00  0.19111387E+09  0.00000000E+00  0.00000000E+00  0.00000000E+00  0.00000000E+00  0.00000000E+00  0.10000000E-01  0.10000000E+01
 0.18600200E-08  0.30949844E-02  0.00000000E+00  0.33486959E+00  0.00000000E+00  0.00000000E+00  0.19111387E+09  0.00000000E+00  0.00000000E+00  0.00000000E+00  0.00000000E+00  0.00000000E+00  0.10000000E-01  0.10000000E+01
 0.18700200E-08  0.30949844E-02  0.00000000E+00  0.33678072E+00  0.00000000E+00  0.00000000E+00  0.19111387E+09  0.00000000E+00  0.00000000E+00  0.00000000E+00  0.00000000E+00  0.00000000E+00  0.10000000E-01  0.10000000E+01
 0.18800200E-08  0.30949844E-02  0.00000000E+00  0.33869186E+00  0.00000000E+00  0.00000000E+00  0.19111387E+09  0.00000000E+00  0.00000000E+00  0.00000000E+00  0.00000000E+00  0.00000000E+00  0.10000000E-01  0.10000000E+01
 0.18900200E-08  0.30949844E-02  0.00000000E+00  0.34060300E+00  0.00000000E+00  0.00000000E+00  0.19111387E+09  0.00000000E+00  0.00000000E+00  0.00000000E+00  0.00000000E+00  0.00000000E+00  0.10000000E-01  0.10000000E+01
 0.19000200E-08  0.30949844E-02  0.00000000E+00  0.34251414E+00  0.00000000E+00  0.00000000E+00  0.19111387E+09  0.00000000E+00  0.00000000E+00  0.00000000E+00  0.00000000E+00  0.00000000E+00  0.10000000E-01  0.10000000E+01
 0.19100200E-08  0.30949844E-02  0.00000000E+00  0.34442528E+00  0.00000000E+00  0.00000000E+00  0.19111387E+09  0.00000000E+00  0.00000000E+00  0.00000000E+00  0.00000000E+00  0.00000000E+00  0.10000000E-01  0.10000000E+01
 0.19200200E-08  0.30949844E-02  0.00000000E+00  0.34633642E+00  0.00000000E+00  0.00000000E+00  0.19111387E+09  0.00000000E+00  0.00000000E+00  0.00000000E+00  0.00000000E+00  0.00000000E+00  0.10000000E-01  0.10000000E+01
 0.19300200E-08  0.30949844E-02  0.00000000E+00  0.34824756E+00  0.00000000E+00  0.00000000E+00  0.19111387E+09  0.00000000E+00  0.00000000E+00  0.00000000E+00  0.00000000E+00  0.00000000E+00  0.10000000E-01  0.10000000E+01
 0.19400200E-08  0.30949844E-02  0.00000000E+00  0.35015870E+00  0.00000000E+00  0.00000000E+00  0.19111387E+09  0.00000000E+00  0.00000000E+00  0.00000000E+00  0.00000000E+00  0.00000000E+00  0.10000000E-01  0.10000000E+01
 0.19500200E-08  0.30949844E-02  0.00000000E+00  0.35206983E+00  0.00000000E+00  0.00000000E+00  0.19111387E+09  0.00000000E+00  0.00000000E+00  0.00000000E+00  0.00000000E+00  0.00000000E+00  0.10000000E-01  0.10000000E+01
 0.19600200E-08  0.30949844E-02  0.00000000E+00  0.35398097E+00  0.00000000E+00  0.00000000E+00  0.19111387E+09  0.00000000E+00  0.00000000E+00  0.00000000E+00  0.00000000E+00  0.00000000E+00  0.10000000E-01  0.10000000E+01
 0.19700200E-08  0.30949844E-02  0.00000000E+00  0.35589211E+00  0.00000000E+00  0.00000000E+00  0.19111387E+09  0.00000000E+00  0.00000000E+00  0.00000000E+00  0.00000000E+00  0.00000000E+00  0.10000000E-01  0.10000000E+01
 0.19800200E-08  0.30949844E-02  0.00000000E+00  0.35780325E+00  0.00000000E+00  0.00000000E+00  0.19111387E+09  0.00000000E+00  0.00000000E+00  0.00000000E+00  0.00000000E+00  0.00000000E+00  0.10000000E-01  0.10000000E+01
 0.19900200E-08  0.30949844E-02  0.00000000E+00  0.35971439E+00  0.00000000E+00  0.00000000E+00  0.19111387E+09  0.00000000E+00  0.00000000E+00  0.00000000E+00  0.00000000E+00  0.00000000E+00  0.10000000E-01  0.10000000E+01
