# ptime xp yp zp vx vy vz ex ey ez bx by bz wt
 0.20000000E-13  0.87519112E-03  0.00000000E+00 -0.14938717E-01  0.00000000E+00  0.00000000E+00  0.19244171E+09  0.00000000E+00  0.00000000E+00  0.00000000E+00  0.00000000E+00  0.00000000E+00  0.10000000E-01  0.10000000E+01
 0.10000000E-10  0.87519112E-03  0.00000000E+00 -0.13018149E-01  0.00000000E+00  0.00000000E+00  0.19244171E+09  0.00000000E+00  0.00000000E+00  0.00000000E+00  0.00000000E+00  0.00000000E+00  0.10000000E-01  0.10000000E+01
 0.20000000E-10  0.87519112E-03  0.00000000E+00 -0.11093732E-01  0.00000000E+00  0.00000000E+00  0.19244171E+09  0.00000000E+00  0.00000000E+00  0.00000000E+00  0.00000000E+00  0.00000000E+00  0.10000000E-01  0.10000000E+01
 0.30000000E-10  0.87519112E-03  0.00000000E+00 -0.91693148E-02  0.00000000E+00  0.00000000E+00  0.19244171E+09  0.00000000E+00  0.00000000E+00  0.00000000E+00  0.00000000E+00  0.00000000E+00  0.10000000E-01  0.10000000E+01
 0.40020000E-10  0.87519112E-03  0.00000000E+00 -0.72410488E-02  0.00000000E+00  0.00000000E+00  0.19244171E+09  0.00000000E+00  0.00000000E+00  0.00000000E+00  0.00000000E+00  0.00000000E+00  0.10000000E-01  0.10000000E+01
 0.50020000E-10  0.87519112E-03  0.00000000E+00 -0.53166318E-02  0.00000000E+00  0.00000000E+00  0.19244171E+09  0.00000000E+00  0.00000000E+00  0.00000000E+00  0.00000000E+00  0.00000000E+00  0.10000000E-01  0.10000000E+01
 0.60020000E-10  0.87519112E-03  0.00000000E+00 -0.33922147E-02  0.00000000E+00  0.00000000E+00  0.19244171E+09  0.00000000E+00  0.00000000E+00  0.00000000E+00  0.00000000E+00  0.00000000E+00  0.10000000E-01  0.10000000E+01
 0.70020000E-10  0.87519112E-03  0.00000000E+00 -0.14677976E-02  0.00000000E+00  0.00000000E+00  0.19244171E+09  0.00000000E+00  0.00000000E+00  0.00000000E+00  0.00000000E+00  0.00000000E+00  0.10000000E-01  0.10000000E+01
 0.80000000E-10  0.87519112E-03  0.00000000E+00  0.45277064E-03  0.00000000E+00  0.00000000E+00  0.19244171E+09  0.00000000E+00  0.00000000E+00  0.00000000E+00  0.00000000E+00  0.00000000E+00  0.10000000E-01  0.10000000E+01
 0.90000000E-10  0.87519112E-03  0.00000000E+00  0.23771877E-02  0.00000000E+00  0.00000000E+00  0.19244171E+09  0.00000000E+00  0.00000000E+00  0.00000000E+00  0.00000000E+00  0.00000000E+00  0.10000000E-01  0.10000000E+01
 0.10000000E-09  0.87519112E-03  0.00000000E+00  0.43016048E-02  0.00000000E+00  0.00000000E+00  0.19244171E+09  0.00000000E+00  0.00000000E+00  0.00000000E+00  0.00000000E+00  0.00000000E+00  0.10000000E-01  0.10000000E+01
 0.11000000E-09  0.87519112E-03  0.00000000E+00  0.62260219E-02  0.00000000E+00  0.00000000E+00  0.19244171E+09  0.00000000E+00  0.00000000E+00  0.00000000E+00  0.00000000E+00  0.00000000E+00  0.10000000E-01  0.10000000E+01
 0.12000000E-09  0.87519112E-03  0.00000000E+00  0.81504390E-02  0.00000000E+00  0.00000000E+00  0.19244171E+09  0.00000000E+00  0.00000000E+00  0.00000000E+00  0.00000000E+00  0.00000000E+00  0.10000000E-01  0.10000000E+01
 0.13000000E-09  0.87519112E-03  0.00000000E+00  0.10074856E-01  0.00000000E+00  0.00000000E+00  0.19244171E+09  0.00000000E+00  0.00000000E+00  0.00000000E+00  0.00000000E+00  0.00000000E+00  0.10000000E-01  0.10000000E+01
 0.14002000E-09  0.87519112E-03  0.00000000E+00  0.12003122E-01  0.00000000E+00  0.00000000E+00  0.19244171E+09  0.00000000E+00  0.00000000E+00  0.00000000E+00  0.00000000E+00  0.00000000E+00  0.10000000E-01  0.10000000E+01
 0.15002000E-09  0.87519112E-03  0.00000000E+00  0.13927539E-01  0.00000000E+00  0.00000000E+00  0.19244171E+09  0.00000000E+00  0.00000000E+00  0.00000000E+00  0.00000000E+00  0.00000000E+00  0.10000000E-01  0.10000000E+01
 0.16002000E-09  0.87519112E-03  0.00000000E+00  0.15851956E-01  0.00000000E+00  0.00000000E+00  0.19244171E+09  0.00000000E+00  0.00000000E+00  0.00000000E+00  0.00000000E+00  0.00000000E+00  0.10000000E-01  0.10000000E+01
 0.17002000E-09  0.87519112E-03  0.00000000E+00  0.17776373E-01  0.00000000E+00  0.00000000E+00  0.19244171E+09  0.00000000E+00  0.00000000E+00  0.00000000E+00  0.00000000E+00  0.00000000E+00  0.10000000E-01  0.10000000E+01
 0.18002000E-09  0.87519112E-03  0.00000000E+00  0.19700790E-01  0.00000000E+00  0.00000000E+00  0.19244171E+09  0.00000000E+00  0.00000000E+00  0.00000000E+00  0.00000000E+00  0.00000000E+00  0.10000000E-01  0.10000000E+01
 0.19002000E-09  0.87519112E-03  0.00000000E+00  0.21625207E-01  0.00000000E+00  0.00000000E+00  0.19244171E+09  0.00000000E+00  0.00000000E+00  0.00000000E+00  0.00000000E+00  0.00000000E+00  0.10000000E-01  0.10000000E+01
 0.20002000E-09  0.87519112E-03  0.00000000E+00  0.23549624E-01  0.00000000E+00  0.00000000E+00  0.19244171E+09  0.00000000E+00  0.00000000E+00  0.00000000E+00  0.00000000E+00  0.00000000E+00  0.10000000E-01  0.10000000E+01
 0.21002000E-09  0.87519112E-03  0.00000000E+00  0.25474042E-01  0.00000000E+00  0.00000000E+00  0.19244171E+09  0.00000000E+00  0.00000000E+00  0.00000000E+00  0.00000000E+00  0.00000000E+00  0.10000000E-01  0.10000000E+01
 0.22002000E-09  0.87519112E-03  0.00000000E+00  0.27398459E-01  0.00000000E+00  0.00000000E+00  0.19244171E+09  0.00000000E+00  0.00000000E+00  0.00000000E+00  0.00000000E+00  0.00000000E+00  0.10000000E-01  0.10000000E+01
 0.23002000E-09  0.87519112E-03  0.00000000E+00  0.29322876E-01  0.00000000E+00  0.00000000E+00  0.19244171E+09  0.00000000E+00  0.00000000E+00  0.00000000E+00  0.00000000E+00  0.00000000E+00  0.10000000E-01  0.10000000E+01
 0.24002000E-09  0.87519112E-03  0.00000000E+00  0.31247293E-01  0.00000000E+00  0.00000000E+00  0.19244171E+09  0.00000000E+00  0.00000000E+00  0.00000000E+00  0.00000000E+00  0.00000000E+00  0.10000000E-01  0.10000000E+01
 0.25002000E-09  0.87519112E-03  0.00000000E+00  0.33171710E-01  0.00000000E+00  0.00000000E+00  0.19244171E+09  0.00000000E+00  0.00000000E+00  0.00000000E+00  0.00000000E+00  0.00000000E+00  0.10000000E-01  0.10000000E+01
 0.26002000E-09  0.87519112E-03  0.00000000E+00  0.35096127E-01  0.00000000E+00  0.00000000E+00  0.19244171E+09  0.00000000E+00  0.00000000E+00  0.00000000E+00  0.00000000E+00  0.00000000E+00  0.10000000E-01  0.10000000E+01
 0.27002000E-09  0.87519112E-03  0.00000000E+00  0.37020544E-01  0.00000000E+00  0.00000000E+00  0.19244171E+09  0.00000000E+00  0.00000000E+00  0.00000000E+00  0.00000000E+00  0.00000000E+00  0.10000000E-01  0.10000000E+01
 0.28002000E-09  0.87519112E-03  0.00000000E+00  0.38944961E-01  0.00000000E+00  0.00000000E+00  0.19244171E+09  0.00000000E+00  0.00000000E+00  0.00000000E+00  0.00000000E+00  0.00000000E+00  0.10000000E-01  0.10000000E+01
 0.29002000E-09  0.87519112E-03  0.00000000E+00  0.40869378E-01  0.00000000E+00  0.00000000E+00  0.19244171E+09  0.00000000E+00  0.00000000E+00  0.00000000E+00  0.00000000E+00  0.00000000E+00  0.10000000E-01  0.10000000E+01
 0.30000000E-09  0.87519112E-03  0.00000000E+00  0.42789946E-01  0.00000000E+00  0.00000000E+00  0.19244171E+09  0.00000000E+00  0.00000000E+00  0.00000000E+00  0.00000000E+00  0.00000000E+00  0.10000000E-01  0.10000000E+01
 0.31000000E-09  0.87519112E-03  0.00000000E+00  0.44714363E-01  0.00000000E+00  0.00000000E+00  0.19244171E+09  0.00000000E+00  0.00000000E+00  0.00000000E+00  0.00000000E+00  0.00000000E+00  0.10000000E-01  0.10000000E+01
 0.32000000E-09  0.87519112E-03  0.00000000E+00  0.46638781E-01  0.00000000E+00  0.00000000E+00  0.19244171E+09  0.00000000E+00  0.00000000E+00  0.00000000E+00  0.00000000E+00  0.00000000E+00  0.10000000E-01  0.10000000E+01
 0.33000000E-09  0.87519112E-03  0.00000000E+00  0.48563198E-01  0.00000000E+00  0.00000000E+00  0.19244171E+09  0.00000000E+00  0.00000000E+00  0.00000000E+00  0.00000000E+00  0.00000000E+00  0.10000000E-01  0.10000000E+01
 0.34000000E-09  0.87519112E-03  0.00000000E+00  0.50487615E-01  0.00000000E+00  0.00000000E+00  0.19244171E+09  0.00000000E+00  0.00000000E+00  0.00000000E+00  0.00000000E+00  0.00000000E+00  0.10000000E-01  0.10000000E+01
 0.35000000E-09  0.87519112E-03  0.00000000E+00  0.52412032E-01  0.00000000E+00  0.00000000E+00  0.19244171E+09  0.00000000E+00  0.00000000E+00  0.00000000E+00  0.00000000E+00  0.00000000E+00  0.10000000E-01  0.10000000E+01
 0.36000000E-09  0.87519112E-03  0.00000000E+00  0.54336449E-01  0.00000000E+00  0.00000000E+00  0.19244171E+09  0.00000000E+00  0.00000000E+00  0.00000000E+00  0.00000000E+00  0.00000000E+00  0.10000000E-01  0.10000000E+01
 0.37000000E-09  0.87519112E-03  0.00000000E+00  0.56260866E-01  0.00000000E+00  0.00000000E+00  0.19244171E+09  0.00000000E+00  0.00000000E+00  0.00000000E+00  0.00000000E+00  0.00000000E+00  0.10000000E-01  0.10000000E+01
 0.38000000E-09  0.87519112E-03  0.00000000E+00  0.58185283E-01  0.00000000E+00  0.00000000E+00  0.19244171E+09  0.00000000E+00  0.00000000E+00  0.00000000E+00  0.00000000E+00  0.00000000E+00  0.10000000E-01  0.10000000E+01
 0.39000000E-09  0.87519112E-03  0.00000000E+00  0.60109700E-01  0.00000000E+00  0.00000000E+00  0.19244171E+09  0.00000000E+00  0.00000000E+00  0.00000000E+00  0.00000000E+00  0.00000000E+00  0.10000000E-01  0.10000000E+01
 0.40000000E-09  0.87519112E-03  0.00000000E+00  0.62034117E-01  0.00000000E+00  0.00000000E+00  0.19244171E+09  0.00000000E+00  0.00000000E+00  0.00000000E+00  0.00000000E+00  0.00000000E+00  0.10000000E-01  0.10000000E+01
 0.41000000E-09  0.87519112E-03  0.00000000E+00  0.63958534E-01  0.00000000E+00  0.00000000E+00  0.19244171E+09  0.00000000E+00  0.00000000E+00  0.00000000E+00  0.00000000E+00  0.00000000E+00  0.10000000E-01  0.10000000E+01
 0.42000000E-09  0.87519112E-03  0.00000000E+00  0.65882951E-01  0.00000000E+00  0.00000000E+00  0.19244171E+09  0.00000000E+00  0.00000000E+00  0.00000000E+00  0.00000000E+00  0.00000000E+00  0.10000000E-01  0.10000000E+01
 0.43000000E-09  0.87519112E-03  0.00000000E+00  0.67807368E-01  0.00000000E+00  0.00000000E+00  0.19244171E+09  0.00000000E+00  0.00000000E+00  0.00000000E+00  0.00000000E+00  0.00000000E+00  0.10000000E-01  0.10000000E+01
 0.44000000E-09  0.87519112E-03  0.00000000E+00  0.69731786E-01  0.00000000E+00  0.00000000E+00  0.19244171E+09  0.00000000E+00  0.00000000E+00  0.00000000E+00  0.00000000E+00  0.00000000E+00  0.10000000E-01  0.10000000E+01
 0.45000000E-09  0.87519112E-03  0.00000000E+00  0.71656203E-01  0.00000000E+00  0.00000000E+00  0.19244171E+09  0.00000000E+00  0.00000000E+00  0.00000000E+00  0.00000000E+00  0.00000000E+00  0.10000000E-01  0.10000000E+01
 0.46000000E-09  0.87519112E-03  0.00000000E+00  0.73580620E-01  0.00000000E+00  0.00000000E+00  0.19244171E+09  0.00000000E+00  0.00000000E+00  0.00000000E+00  0.00000000E+00  0.00000000E+00  0.10000000E-01  0.10000000E+01
 0.47000000E-09  0.87519112E-03  0.00000000E+00  0.75505037E-01  0.00000000E+00  0.00000000E+00  0.19244171E+09  0.00000000E+00  0.00000000E+00  0.00000000E+00  0.00000000E+00  0.00000000E+00  0.10000000E-01  0.10000000E+01
 0.48000000E-09  0.87519112E-03  0.00000000E+00  0.77429454E-01  0.00000000E+00  0.00000000E+00  0.19244171E+09  0.00000000E+00  0.00000000E+00  0.00000000E+00  0.00000000E+00  0.00000000E+00  0.10000000E-01  0.10000000E+01
 0.49000000E-09  0.87519112E-03  0.00000000E+00  0.79353871E-01  0.00000000E+00  0.00000000E+00  0.19244171E+09  0.00000000E+00  0.00000000E+00  0.00000000E+00  0.00000000E+00  0.00000000E+00  0.10000000E-01  0.10000000E+01
 0.50000000E-09  0.87519112E-03  0.00000000E+00  0.81278288E-01  0.00000000E+00  0.00000000E+00  0.19244171E+09  0.00000000E+00  0.00000000E+00  0.00000000E+00  0.00000000E+00  0.00000000E+00  0.10000000E-01  0.10000000E+01
 0.51000000E-09  0.87519112E-03  0.00000000E+00  0.83202705E-01  0.00000000E+00  0.00000000E+00  0.19244171E+09  0.00000000E+00  0.00000000E+00  0.00000000E+00  0.00000000E+00  0.00000000E+00  0.10000000E-01  0.10000000E+01
 0.52000000E-09  0.87519112E-03  0.00000000E+00  0.85127122E-01  0.00000000E+00  0.00000000E+00  0.19244171E+09  0.00000000E+00  0.00000000E+00  0.00000000E+00  0.00000000E+00  0.00000000E+00  0.10000000E-01  0.10000000E+01
 0.53000000E-09  0.87519112E-03  0.00000000E+00  0.87051539E-01  0.00000000E+00  0.00000000E+00  0.19244171E+09  0.00000000E+00  0.00000000E+00  0.00000000E+00  0.00000000E+00  0.00000000E+00  0.10000000E-01  0.10000000E+01
 0.54000000E-09  0.87519112E-03  0.00000000E+00  0.88975956E-01  0.00000000E+00  0.00000000E+00  0.19244171E+09  0.00000000E+00  0.00000000E+00  0.00000000E+00  0.00000000E+00  0.00000000E+00  0.10000000E-01  0.10000000E+01
 0.55002000E-09  0.87519112E-03  0.00000000E+00  0.90904222E-01  0.00000000E+00  0.00000000E+00  0.19244171E+09  0.00000000E+00  0.00000000E+00  0.00000000E+00  0.00000000E+00  0.00000000E+00  0.10000000E-01  0.10000000E+01
 0.56002000E-09  0.87519112E-03  0.00000000E+00  0.92828639E-01  0.00000000E+00  0.00000000E+00  0.19244171E+09  0.00000000E+00  0.00000000E+00  0.00000000E+00  0.00000000E+00  0.00000000E+00  0.10000000E-01  0.10000000E+01
 0.57002000E-09  0.87519112E-03  0.00000000E+00  0.94753056E-01  0.00000000E+00  0.00000000E+00  0.19244171E+09  0.00000000E+00  0.00000000E+00  0.00000000E+00  0.00000000E+00  0.00000000E+00  0.10000000E-01  0.10000000E+01
 0.58002000E-09  0.87519112E-03  0.00000000E+00  0.96677473E-01  0.00000000E+00  0.00000000E+00  0.19244171E+09  0.00000000E+00  0.00000000E+00  0.00000000E+00  0.00000000E+00  0.00000000E+00  0.10000000E-01  0.10000000E+01
 0.59002000E-09  0.87519112E-03  0.00000000E+00  0.98601891E-01  0.00000000E+00  0.00000000E+00  0.19244171E+09  0.00000000E+00  0.00000000E+00  0.00000000E+00  0.00000000E+00  0.00000000E+00  0.10000000E-01  0.10000000E+01
 0.60002000E-09  0.87519112E-03  0.00000000E+00  0.10052631E+00  0.00000000E+00  0.00000000E+00  0.19244171E+09  0.00000000E+00  0.00000000E+00  0.00000000E+00  0.00000000E+00  0.00000000E+00  0.10000000E-01  0.10000000E+01
 0.61002000E-09  0.87519112E-03  0.00000000E+00  0.10245072E+00  0.00000000E+00  0.00000000E+00  0.19244171E+09  0.00000000E+00  0.00000000E+00  0.00000000E+00  0.00000000E+00  0.00000000E+00  0.10000000E-01  0.10000000E+01
 0.62002000E-09  0.87519112E-03  0.00000000E+00  0.10437514E+00  0.00000000E+00  0.00000000E+00  0.19244171E+09  0.00000000E+00  0.00000000E+00  0.00000000E+00  0.00000000E+00  0.00000000E+00  0.10000000E-01  0.10000000E+01
 0.63002000E-09  0.87519112E-03  0.00000000E+00  0.10629956E+00  0.00000000E+00  0.00000000E+00  0.19244171E+09  0.00000000E+00  0.00000000E+00  0.00000000E+00  0.00000000E+00  0.00000000E+00  0.10000000E-01  0.10000000E+01
 0.64002000E-09  0.87519112E-03  0.00000000E+00  0.10822398E+00  0.00000000E+00  0.00000000E+00  0.19244171E+09  0.00000000E+00  0.00000000E+00  0.00000000E+00  0.00000000E+00  0.00000000E+00  0.10000000E-01  0.10000000E+01
 0.65002000E-09  0.87519112E-03  0.00000000E+00  0.11014839E+00  0.00000000E+00  0.00000000E+00  0.19244171E+09  0.00000000E+00  0.00000000E+00  0.00000000E+00  0.00000000E+00  0.00000000E+00  0.10000000E-01  0.10000000E+01
 0.66002000E-09  0.87519112E-03  0.00000000E+00  0.11207281E+00  0.00000000E+00  0.00000000E+00  0.19244171E+09  0.00000000E+00  0.00000000E+00  0.00000000E+00  0.00000000E+00  0.00000000E+00  0.10000000E-01  0.10000000E+01
 0.67002000E-09  0.87519112E-03  0.00000000E+00  0.11399723E+00  0.00000000E+00  0.00000000E+00  0.19244171E+09  0.00000000E+00  0.00000000E+00  0.00000000E+00  0.00000000E+00  0.00000000E+00  0.10000000E-01  0.10000000E+01
 0.68002000E-09  0.87519112E-03  0.00000000E+00  0.11592164E+00  0.00000000E+00  0.00000000E+00  0.19244171E+09  0.00000000E+00  0.00000000E+00  0.00000000E+00  0.00000000E+00  0.00000000E+00  0.10000000E-01  0.10000000E+01
 0.69002000E-09  0.87519112E-03  0.00000000E+00  0.11784606E+00  0.00000000E+00  0.00000000E+00  0.19244171E+09  0.00000000E+00  0.00000000E+00  0.00000000E+00  0.00000000E+00  0.00000000E+00  0.10000000E-01  0.10000000E+01
 0.70002000E-09  0.87519112E-03  0.00000000E+00  0.11977048E+00  0.00000000E+00  0.00000000E+00  0.19244171E+09  0.00000000E+00  0.00000000E+00  0.00000000E+00  0.00000000E+00  0.00000000E+00  0.10000000E-01  0.10000000E+01
 0.71002000E-09  0.87519112E-03  0.00000000E+00  0.12169490E+00  0.00000000E+00  0.00000000E+00  0.19244171E+09  0.00000000E+00  0.00000000E+00  0.00000000E+00  0.00000000E+00  0.00000000E+00  0.10000000E-01  0.10000000E+01
 0.72002000E-09  0.87519112E-03  0.00000000E+00  0.12361931E+00  0.00000000E+00  0.00000000E+00  0.19244171E+09  0.00000000E+00  0.00000000E+00  0.00000000E+00  0.00000000E+00  0.00000000E+00  0.10000000E-01  0.10000000E+01
 0.73002000E-09  0.87519112E-03  0.00000000E+00  0.12554373E+00  0.00000000E+00  0.00000000E+00  0.19244171E+09  0.00000000E+00  0.00000000E+00  0.00000000E+00  0.00000000E+00  0.00000000E+00  0.10000000E-01  0.10000000E+01
 0.74002000E-09  0.87519112E-03  0.00000000E+00  0.12746815E+00  0.00000000E+00  0.00000000E+00  0.19244171E+09  0.00000000E+00  0.00000000E+00  0.00000000E+00  0.00000000E+00  0.00000000E+00  0.10000000E-01  0.10000000E+01
 0.75002000E-09  0.87519112E-03  0.00000000E+00  0.12939256E+00  0.00000000E+00  0.00000000E+00  0.19244171E+09  0.00000000E+00  0.00000000E+00  0.00000000E+00  0.00000000E+00  0.00000000E+00  0.10000000E-01  0.10000000E+01
 0.76002000E-09  0.87519112E-03  0.00000000E+00  0.13131698E+00  0.00000000E+00  0.00000000E+00  0.19244171E+09  0.00000000E+00  0.00000000E+00  0.00000000E+00  0.00000000E+00  0.00000000E+00  0.10000000E-01  0.10000000E+01
 0.77002000E-09  0.87519112E-03  0.00000000E+00  0.13324140E+00  0.00000000E+00  0.00000000E+00  0.19244171E+09  0.00000000E+00  0.00000000E+00  0.00000000E+00  0.00000000E+00  0.00000000E+00  0.10000000E-01  0.10000000E+01
 0.78002000E-09  0.87519112E-03  0.00000000E+00  0.13516582E+00  0.00000000E+00  0.00000000E+00  0.19244171E+09  0.00000000E+00  0.00000000E+00  0.00000000E+00  0.00000000E+00  0.00000000E+00  0.10000000E-01  0.10000000E+01
 0.79002000E-09  0.87519112E-03  0.00000000E+00  0.13709023E+00  0.00000000E+00  0.00000000E+00  0.19244171E+09  0.00000000E+00  0.00000000E+00  0.00000000E+00  0.00000000E+00  0.00000000E+00  0.10000000E-01  0.10000000E+01
 0.80002000E-09  0.87519112E-03  0.00000000E+00  0.13901465E+00  0.00000000E+00  0.00000000E+00  0.19244171E+09  0.00000000E+00  0.00000000E+00  0.00000000E+00  0.00000000E+00  0.00000000E+00  0.10000000E-01  0.10000000E+01
 0.81002000E-09  0.87519112E-03  0.00000000E+00  0.14093907E+00  0.00000000E+00  0.00000000E+00  0.19244171E+09  0.00000000E+00  0.00000000E+00  0.00000000E+00  0.00000000E+00  0.00000000E+00  0.10000000E-01  0.10000000E+01
 0.82002000E-09  0.87519112E-03  0.00000000E+00  0.14286348E+00  0.00000000E+00  0.00000000E+00  0.19244171E+09  0.00000000E+00  0.00000000E+00  0.00000000E+00  0.00000000E+00  0.00000000E+00  0.10000000E-01  0.10000000E+01
 0.83002000E-09  0.87519112E-03  0.00000000E+00  0.14478790E+00  0.00000000E+00  0.00000000E+00  0.19244171E+09  0.00000000E+00  0.00000000E+00  0.00000000E+00  0.00000000E+00  0.00000000E+00  0.10000000E-01  0.10000000E+01
 0.84002000E-09  0.87519112E-03  0.00000000E+00  0.14671232E+00  0.00000000E+00  0.00000000E+00  0.19244171E+09  0.00000000E+00  0.00000000E+00  0.00000000E+00  0.00000000E+00  0.00000000E+00  0.10000000E-01  0.10000000E+01
 0.85002000E-09  0.87519112E-03  0.00000000E+00  0.14863673E+00  0.00000000E+00  0.00000000E+00  0.19244171E+09  0.00000000E+00  0.00000000E+00  0.00000000E+00  0.00000000E+00  0.00000000E+00  0.10000000E-01  0.10000000E+01
 0.86002000E-09  0.87519112E-03  0.00000000E+00  0.15056115E+00  0.00000000E+00  0.00000000E+00  0.19244171E+09  0.00000000E+00  0.00000000E+00  0.00000000E+00  0.00000000E+00  0.00000000E+00  0.10000000E-01  0.10000000E+01
 0.87002000E-09  0.87519112E-03  0.00000000E+00  0.15248557E+00  0.00000000E+00  0.00000000E+00  0.19244171E+09  0.00000000E+00  0.00000000E+00  0.00000000E+00  0.00000000E+00  0.00000000E+00  0.10000000E-01  0.10000000E+01
 0.88002000E-09  0.87519112E-03  0.00000000E+00  0.15440999E+00  0.00000000E+00  0.00000000E+00  0.19244171E+09  0.00000000E+00  0.00000000E+00  0.00000000E+00  0.00000000E+00  0.00000000E+00  0.10000000E-01  0.10000000E+01
 0.89002000E-09  0.87519112E-03  0.00000000E+00  0.15633440E+00  0.00000000E+00  0.00000000E+00  0.19244171E+09  0.00000000E+00  0.00000000E+00  0.00000000E+00  0.00000000E+00  0.00000000E+00  0.10000000E-01  0.10000000E+01
 0.90002000E-09  0.87519112E-03  0.00000000E+00  0.15825882E+00  0.00000000E+00  0.00000000E+00  0.19244171E+09  0.00000000E+00  0.00000000E+00  0.00000000E+00  0.00000000E+00  0.00000000E+00  0.10000000E-01  0.10000000E+01
 0.91002000E-09  0.87519112E-03  0.00000000E+00  0.16018324E+00  0.00000000E+00  0.00000000E+00  0.19244171E+09  0.00000000E+00  0.00000000E+00  0.00000000E+00  0.00000000E+00  0.00000000E+00  0.10000000E-01  0.10000000E+01
 0.92002000E-09  0.87519112E-03  0.00000000E+00  0.16210765E+00  0.00000000E+00  0.00000000E+00  0.19244171E+09  0.00000000E+00  0.00000000E+00  0.00000000E+00  0.00000000E+00  0.00000000E+00  0.10000000E-01  0.10000000E+01
 0.93002000E-09  0.87519112E-03  0.00000000E+00  0.16403207E+00  0.00000000E+00  0.00000000E+00  0.19244171E+09  0.00000000E+00  0.00000000E+00  0.00000000E+00  0.00000000E+00  0.00000000E+00  0.10000000E-01  0.10000000E+01
 0.94002000E-09  0.87519112E-03  0.00000000E+00  0.16595649E+00  0.00000000E+00  0.00000000E+00  0.19244171E+09  0.00000000E+00  0.00000000E+00  0.00000000E+00  0.00000000E+00  0.00000000E+00  0.10000000E-01  0.10000000E+01
 0.95002000E-09  0.87519112E-03  0.00000000E+00  0.16788091E+00  0.00000000E+00  0.00000000E+00  0.19244171E+09  0.00000000E+00  0.00000000E+00  0.00000000E+00  0.00000000E+00  0.00000000E+00  0.10000000E-01  0.10000000E+01
 0.96002000E-09  0.87519112E-03  0.00000000E+00  0.16980532E+00  0.00000000E+00  0.00000000E+00  0.19244171E+09  0.00000000E+00  0.00000000E+00  0.00000000E+00  0.00000000E+00  0.00000000E+00  0.10000000E-01  0.10000000E+01
 0.97002000E-09  0.87519112E-03  0.00000000E+00  0.17172974E+00  0.00000000E+00  0.00000000E+00  0.19244171E+09  0.00000000E+00  0.00000000E+00  0.00000000E+00  0.00000000E+00  0.00000000E+00  0.10000000E-01  0.10000000E+01
 0.98002000E-09  0.87519112E-03  0.00000000E+00  0.17365416E+00  0.00000000E+00  0.00000000E+00  0.19244171E+09  0.00000000E+00  0.00000000E+00  0.00000000E+00  0.00000000E+00  0.00000000E+00  0.10000000E-01  0.10000000E+01
 0.99002000E-09  0.87519112E-03  0.00000000E+00  0.17557857E+00  0.00000000E+00  0.00000000E+00  0.19244171E+09  0.00000000E+00  0.00000000E+00  0.00000000E+00  0.00000000E+00  0.00000000E+00  0.10000000E-01  0.10000000E+01
 0.10000200E-08  0.87519112E-03  0.00000000E+00  0.17750299E+00  0.00000000E+00  0.00000000E+00  0.19244171E+09  0.00000000E+00  0.00000000E+00  0.00000000E+00  0.00000000E+00  0.00000000E+00  0.10000000E-01  0.10000000E+01
 0.10100200E-08  0.87519112E-03  0.00000000E+00  0.17942741E+00  0.00000000E+00  0.00000000E+00  0.19244171E+09  0.00000000E+00  0.00000000E+00  0.00000000E+00  0.00000000E+00  0.00000000E+00  0.10000000E-01  0.10000000E+01
 0.10200200E-08  0.87519112E-03  0.00000000E+00  0.18135182E+00  0.00000000E+00  0.00000000E+00  0.19244171E+09  0.00000000E+00  0.00000000E+00  0.00000000E+00  0.00000000E+00  0.00000000E+00  0.10000000E-01  0.10000000E+01
 0.10300200E-08  0.87519112E-03  0.00000000E+00  0.18327624E+00  0.00000000E+00  0.00000000E+00  0.19244171E+09  0.00000000E+00  0.00000000E+00  0.00000000E+00  0.00000000E+00  0.00000000E+00  0.10000000E-01  0.10000000E+01
 0.10400200E-08  0.87519112E-03  0.00000000E+00  0.18520066E+00  0.00000000E+00  0.00000000E+00  0.19244171E+09  0.00000000E+00  0.00000000E+00  0.00000000E+00  0.00000000E+00  0.00000000E+00  0.10000000E-01  0.10000000E+01
 0.10500200E-08  0.87519112E-03  0.00000000E+00  0.18712508E+00  0.00000000E+00  0.00000000E+00  0.19244171E+09  0.00000000E+00  0.00000000E+00  0.00000000E+00  0.00000000E+00  0.00000000E+00  0.10000000E-01  0.10000000E+01
 0.10600200E-08  0.87519112E-03  0.00000000E+00  0.18904949E+00  0.00000000E+00  0.00000000E+00  0.19244171E+09  0.00000000E+00  0.00000000E+00  0.00000000E+00  0.00000000E+00  0.00000000E+00  0.10000000E-01  0.10000000E+01
 0.10700200E-08  0.87519112E-03  0.00000000E+00  0.19097391E+00  0.00000000E+00  0.00000000E+00  0.19244171E+09  0.00000000E+00  0.00000000E+00  0.00000000E+00  0.00000000E+00  0.00000000E+00  0.10000000E-01  0.10000000E+01
 0.10800200E-08  0.87519112E-03  0.00000000E+00  0.19289833E+00  0.00000000E+00  0.00000000E+00  0.19244171E+09  0.00000000E+00  0.00000000E+00  0.00000000E+00  0.00000000E+00  0.00000000E+00  0.10000000E-01  0.10000000E+01
 0.10900200E-08  0.87519112E-03  0.00000000E+00  0.19482274E+00  0.00000000E+00  0.00000000E+00  0.19244171E+09  0.00000000E+00  0.00000000E+00  0.00000000E+00  0.00000000E+00  0.00000000E+00  0.10000000E-01  0.10000000E+01
 0.11000200E-08  0.87519112E-03  0.00000000E+00  0.19674716E+00  0.00000000E+00  0.00000000E+00  0.19244171E+09  0.00000000E+00  0.00000000E+00  0.00000000E+00  0.00000000E+00  0.00000000E+00  0.10000000E-01  0.10000000E+01
 0.11100200E-08  0.87519112E-03  0.00000000E+00  0.19867158E+00  0.00000000E+00  0.00000000E+00  0.19244171E+09  0.00000000E+00  0.00000000E+00  0.00000000E+00  0.00000000E+00  0.00000000E+00  0.10000000E-01  0.10000000E+01
 0.11200200E-08  0.87519112E-03  0.00000000E+00  0.20059600E+00  0.00000000E+00  0.00000000E+00  0.19244171E+09  0.00000000E+00  0.00000000E+00  0.00000000E+00  0.00000000E+00  0.00000000E+00  0.10000000E-01  0.10000000E+01
 0.11300200E-08  0.87519112E-03  0.00000000E+00  0.20252041E+00  0.00000000E+00  0.00000000E+00  0.19244171E+09  0.00000000E+00  0.00000000E+00  0.00000000E+00  0.00000000E+00  0.00000000E+00  0.10000000E-01  0.10000000E+01
 0.11400200E-08  0.87519112E-03  0.00000000E+00  0.20444483E+00  0.00000000E+00  0.00000000E+00  0.19244171E+09  0.00000000E+00  0.00000000E+00  0.00000000E+00  0.00000000E+00  0.00000000E+00  0.10000000E-01  0.10000000E+01
 0.11500200E-08  0.87519112E-03  0.00000000E+00  0.20636925E+00  0.00000000E+00  0.00000000E+00  0.19244171E+09  0.00000000E+00  0.00000000E+00  0.00000000E+00  0.00000000E+00  0.00000000E+00  0.10000000E-01  0.10000000E+01
 0.11600200E-08  0.87519112E-03  0.00000000E+00  0.20829366E+00  0.00000000E+00  0.00000000E+00  0.19244171E+09  0.00000000E+00  0.00000000E+00  0.00000000E+00  0.00000000E+00  0.00000000E+00  0.10000000E-01  0.10000000E+01
 0.11700200E-08  0.87519112E-03  0.00000000E+00  0.21021808E+00  0.00000000E+00  0.00000000E+00  0.19244171E+09  0.00000000E+00  0.00000000E+00  0.00000000E+00  0.00000000E+00  0.00000000E+00  0.10000000E-01  0.10000000E+01
 0.11800200E-08  0.87519112E-03  0.00000000E+00  0.21214250E+00  0.00000000E+00  0.00000000E+00  0.19244171E+09  0.00000000E+00  0.00000000E+00  0.00000000E+00  0.00000000E+00  0.00000000E+00  0.10000000E-01  0.10000000E+01
 0.11900200E-08  0.87519112E-03  0.00000000E+00  0.21406692E+00  0.00000000E+00  0.00000000E+00  0.19244171E+09  0.00000000E+00  0.00000000E+00  0.00000000E+00  0.00000000E+00  0.00000000E+00  0.10000000E-01  0.10000000E+01
 0.12000200E-08  0.87519112E-03  0.00000000E+00  0.21599133E+00  0.00000000E+00  0.00000000E+00  0.19244171E+09  0.00000000E+00  0.00000000E+00  0.00000000E+00  0.00000000E+00  0.00000000E+00  0.10000000E-01  0.10000000E+01
 0.12100200E-08  0.87519112E-03  0.00000000E+00  0.21791575E+00  0.00000000E+00  0.00000000E+00  0.19244171E+09  0.00000000E+00  0.00000000E+00  0.00000000E+00  0.00000000E+00  0.00000000E+00  0.10000000E-01  0.10000000E+01
 0.12200200E-08  0.87519112E-03  0.00000000E+00  0.21984017E+00  0.00000000E+00  0.00000000E+00  0.19244171E+09  0.00000000E+00  0.00000000E+00  0.00000000E+00  0.00000000E+00  0.00000000E+00  0.10000000E-01  0.10000000E+01
 0.12300200E-08  0.87519112E-03  0.00000000E+00  0.22176458E+00  0.00000000E+00  0.00000000E+00  0.19244171E+09  0.00000000E+00  0.00000000E+00  0.00000000E+00  0.00000000E+00  0.00000000E+00  0.10000000E-01  0.10000000E+01
 0.12400200E-08  0.87519112E-03  0.00000000E+00  0.22368900E+00  0.00000000E+00  0.00000000E+00  0.19244171E+09  0.00000000E+00  0.00000000E+00  0.00000000E+00  0.00000000E+00  0.00000000E+00  0.10000000E-01  0.10000000E+01
 0.12500200E-08  0.87519112E-03  0.00000000E+00  0.22561342E+00  0.00000000E+00  0.00000000E+00  0.19244171E+09  0.00000000E+00  0.00000000E+00  0.00000000E+00  0.00000000E+00  0.00000000E+00  0.10000000E-01  0.10000000E+01
 0.12600200E-08  0.87519112E-03  0.00000000E+00  0.22753783E+00  0.00000000E+00  0.00000000E+00  0.19244171E+09  0.00000000E+00  0.00000000E+00  0.00000000E+00  0.00000000E+00  0.00000000E+00  0.10000000E-01  0.10000000E+01
 0.12700200E-08  0.87519112E-03  0.00000000E+00  0.22946225E+00  0.00000000E+00  0.00000000E+00  0.19244171E+09  0.00000000E+00  0.00000000E+00  0.00000000E+00  0.00000000E+00  0.00000000E+00  0.10000000E-01  0.10000000E+01
 0.12800200E-08  0.87519112E-03  0.00000000E+00  0.23138667E+00  0.00000000E+00  0.00000000E+00  0.19244171E+09  0.00000000E+00  0.00000000E+00  0.00000000E+00  0.00000000E+00  0.00000000E+00  0.10000000E-01  0.10000000E+01
 0.12900200E-08  0.87519112E-03  0.00000000E+00  0.23331109E+00  0.00000000E+00  0.00000000E+00  0.19244171E+09  0.00000000E+00  0.00000000E+00  0.00000000E+00  0.00000000E+00  0.00000000E+00  0.10000000E-01  0.10000000E+01
 0.13000200E-08  0.87519112E-03  0.00000000E+00  0.23523550E+00  0.00000000E+00  0.00000000E+00  0.19244171E+09  0.00000000E+00  0.00000000E+00  0.00000000E+00  0.00000000E+00  0.00000000E+00  0.10000000E-01  0.10000000E+01
 0.13100200E-08  0.87519112E-03  0.00000000E+00  0.23715992E+00  0.00000000E+00  0.00000000E+00  0.19244171E+09  0.00000000E+00  0.00000000E+00  0.00000000E+00  0.00000000E+00  0.00000000E+00  0.10000000E-01  0.10000000E+01
 0.13200200E-08  0.87519112E-03  0.00000000E+00  0.23908434E+00  0.00000000E+00  0.00000000E+00  0.19244171E+09  0.00000000E+00  0.00000000E+00  0.00000000E+00  0.00000000E+00  0.00000000E+00  0.10000000E-01  0.10000000E+01
 0.13300200E-08  0.87519112E-03  0.00000000E+00  0.24100875E+00  0.00000000E+00  0.00000000E+00  0.19244171E+09  0.00000000E+00  0.00000000E+00  0.00000000E+00  0.00000000E+00  0.00000000E+00  0.10000000E-01  0.10000000E+01
 0.13400200E-08  0.87519112E-03  0.00000000E+00  0.24293317E+00  0.00000000E+00  0.00000000E+00  0.19244171E+09  0.00000000E+00  0.00000000E+00  0.00000000E+00  0.00000000E+00  0.00000000E+00  0.10000000E-01  0.10000000E+01
 0.13500200E-08  0.87519112E-03  0.00000000E+00  0.24485759E+00  0.00000000E+00  0.00000000E+00  0.19244171E+09  0.00000000E+00  0.00000000E+00  0.00000000E+00  0.00000000E+00  0.00000000E+00  0.10000000E-01  0.10000000E+01
 0.13600200E-08  0.87519112E-03  0.00000000E+00  0.24678201E+00  0.00000000E+00  0.00000000E+00  0.19244171E+09  0.00000000E+00  0.00000000E+00  0.00000000E+00  0.00000000E+00  0.00000000E+00  0.10000000E-01  0.10000000E+01
 0.13700200E-08  0.87519112E-03  0.00000000E+00  0.24870642E+00  0.00000000E+00  0.00000000E+00  0.19244171E+09  0.00000000E+00  0.00000000E+00  0.00000000E+00  0.00000000E+00  0.00000000E+00  0.10000000E-01  0.10000000E+01
 0.13800200E-08  0.87519112E-03  0.00000000E+00  0.25063084E+00  0.00000000E+00  0.00000000E+00  0.19244171E+09  0.00000000E+00  0.00000000E+00  0.00000000E+00  0.00000000E+00  0.00000000E+00  0.10000000E-01  0.10000000E+01
 0.13900200E-08  0.87519112E-03  0.00000000E+00  0.25255526E+00  0.00000000E+00  0.00000000E+00  0.19244171E+09  0.00000000E+00  0.00000000E+00  0.00000000E+00  0.00000000E+00  0.00000000E+00  0.10000000E-01  0.10000000E+01
 0.14000200E-08  0.87519112E-03  0.00000000E+00  0.25447967E+00  0.00000000E+00  0.00000000E+00  0.19244171E+09  0.00000000E+00  0.00000000E+00  0.00000000E+00  0.00000000E+00  0.00000000E+00  0.10000000E-01  0.10000000E+01
 0.14100200E-08  0.87519112E-03  0.00000000E+00  0.25640409E+00  0.00000000E+00  0.00000000E+00  0.19244171E+09  0.00000000E+00  0.00000000E+00  0.00000000E+00  0.00000000E+00  0.00000000E+00  0.10000000E-01  0.10000000E+01
 0.14200200E-08  0.87519112E-03  0.00000000E+00  0.25832851E+00  0.00000000E+00  0.00000000E+00  0.19244171E+09  0.00000000E+00  0.00000000E+00  0.00000000E+00  0.00000000E+00  0.00000000E+00  0.10000000E-01  0.10000000E+01
 0.14300200E-08  0.87519112E-03  0.00000000E+00  0.26025293E+00  0.00000000E+00  0.00000000E+00  0.19244171E+09  0.00000000E+00  0.00000000E+00  0.00000000E+00  0.00000000E+00  0.00000000E+00  0.10000000E-01  0.10000000E+01
 0.14400200E-08  0.87519112E-03  0.00000000E+00  0.26217734E+00  0.00000000E+00  0.00000000E+00  0.19244171E+09  0.00000000E+00  0.00000000E+00  0.00000000E+00  0.00000000E+00  0.00000000E+00  0.10000000E-01  0.10000000E+01
 0.14500200E-08  0.87519112E-03  0.00000000E+00  0.26410176E+00  0.00000000E+00  0.00000000E+00  0.19244171E+09  0.00000000E+00  0.00000000E+00  0.00000000E+00  0.00000000E+00  0.00000000E+00  0.10000000E-01  0.10000000E+01
 0.14600200E-08  0.87519112E-03  0.00000000E+00  0.26602618E+00  0.00000000E+00  0.00000000E+00  0.19244171E+09  0.00000000E+00  0.00000000E+00  0.00000000E+00  0.00000000E+00  0.00000000E+00  0.10000000E-01  0.10000000E+01
 0.14700200E-08  0.87519112E-03  0.00000000E+00  0.26795059E+00  0.00000000E+00  0.00000000E+00  0.19244171E+09  0.00000000E+00  0.00000000E+00  0.00000000E+00  0.00000000E+00  0.00000000E+00  0.10000000E-01  0.10000000E+01
 0.14800200E-08  0.87519112E-03  0.00000000E+00  0.26987501E+00  0.00000000E+00  0.00000000E+00  0.19244171E+09  0.00000000E+00  0.00000000E+00  0.00000000E+00  0.00000000E+00  0.00000000E+00  0.10000000E-01  0.10000000E+01
 0.14900200E-08  0.87519112E-03  0.00000000E+00  0.27179943E+00  0.00000000E+00  0.00000000E+00  0.19244171E+09  0.00000000E+00  0.00000000E+00  0.00000000E+00  0.00000000E+00  0.00000000E+00  0.10000000E-01  0.10000000E+01
 0.15000200E-08  0.87519112E-03  0.00000000E+00  0.27372384E+00  0.00000000E+00  0.00000000E+00  0.19244171E+09  0.00000000E+00  0.00000000E+00  0.00000000E+00  0.00000000E+00  0.00000000E+00  0.10000000E-01  0.10000000E+01
 0.15100200E-08  0.87519112E-03  0.00000000E+00  0.27564826E+00  0.00000000E+00  0.00000000E+00  0.19244171E+09  0.00000000E+00  0.00000000E+00  0.00000000E+00  0.00000000E+00  0.00000000E+00  0.10000000E-01  0.10000000E+01
 0.15200200E-08  0.87519112E-03  0.00000000E+00  0.27757268E+00  0.00000000E+00  0.00000000E+00  0.19244171E+09  0.00000000E+00  0.00000000E+00  0.00000000E+00  0.00000000E+00  0.00000000E+00  0.10000000E-01  0.10000000E+01
 0.15300200E-08  0.87519112E-03  0.00000000E+00  0.27949710E+00  0.00000000E+00  0.00000000E+00  0.19244171E+09  0.00000000E+00  0.00000000E+00  0.00000000E+00  0.00000000E+00  0.00000000E+00  0.10000000E-01  0.10000000E+01
 0.15400200E-08  0.87519112E-03  0.00000000E+00  0.28142151E+00  0.00000000E+00  0.00000000E+00  0.19244171E+09  0.00000000E+00  0.00000000E+00  0.00000000E+00  0.00000000E+00  0.00000000E+00  0.10000000E-01  0.10000000E+01
 0.15500200E-08  0.87519112E-03  0.00000000E+00  0.28334593E+00  0.00000000E+00  0.00000000E+00  0.19244171E+09  0.00000000E+00  0.00000000E+00  0.00000000E+00  0.00000000E+00  0.00000000E+00  0.10000000E-01  0.10000000E+01
 0.15600200E-08  0.87519112E-03  0.00000000E+00  0.28527035E+00  0.00000000E+00  0.00000000E+00  0.19244171E+09  0.00000000E+00  0.00000000E+00  0.00000000E+00  0.00000000E+00  0.00000000E+00  0.10000000E-01  0.10000000E+01
 0.15700200E-08  0.87519112E-03  0.00000000E+00  0.28719476E+00  0.00000000E+00  0.00000000E+00  0.19244171E+09  0.00000000E+00  0.00000000E+00  0.00000000E+00  0.00000000E+00  0.00000000E+00  0.10000000E-01  0.10000000E+01
 0.15800200E-08  0.87519112E-03  0.00000000E+00  0.28911918E+00  0.00000000E+00  0.00000000E+00  0.19244171E+09  0.00000000E+00  0.00000000E+00  0.00000000E+00  0.00000000E+00  0.00000000E+00  0.10000000E-01  0.10000000E+01
 0.15900200E-08  0.87519112E-03  0.00000000E+00  0.29104360E+00  0.00000000E+00  0.00000000E+00  0.19244171E+09  0.00000000E+00  0.00000000E+00  0.00000000E+00  0.00000000E+00  0.00000000E+00  0.10000000E-01  0.10000000E+01
 0.16000200E-08  0.87519112E-03  0.00000000E+00  0.29296802E+00  0.00000000E+00  0.00000000E+00  0.19244171E+09  0.00000000E+00  0.00000000E+00  0.00000000E+00  0.00000000E+00  0.00000000E+00  0.10000000E-01  0.10000000E+01
 0.16100200E-08  0.87519112E-03  0.00000000E+00  0.29489243E+00  0.00000000E+00  0.00000000E+00  0.19244171E+09  0.00000000E+00  0.00000000E+00  0.00000000E+00  0.00000000E+00  0.00000000E+00  0.10000000E-01  0.10000000E+01
 0.16200200E-08  0.87519112E-03  0.00000000E+00  0.29681685E+00  0.00000000E+00  0.00000000E+00  0.19244171E+09  0.00000000E+00  0.00000000E+00  0.00000000E+00  0.00000000E+00  0.00000000E+00  0.10000000E-01  0.10000000E+01
 0.16300200E-08  0.87519112E-03  0.00000000E+00  0.29874127E+00  0.00000000E+00  0.00000000E+00  0.19244171E+09  0.00000000E+00  0.00000000E+00  0.00000000E+00  0.00000000E+00  0.00000000E+00  0.10000000E-01  0.10000000E+01
 0.16400200E-08  0.87519112E-03  0.00000000E+00  0.30066568E+00  0.00000000E+00  0.00000000E+00  0.19244171E+09  0.00000000E+00  0.00000000E+00  0.00000000E+00  0.00000000E+00  0.00000000E+00  0.10000000E-01  0.10000000E+01
 0.16500200E-08  0.87519112E-03  0.00000000E+00  0.30259010E+00  0.00000000E+00  0.00000000E+00  0.19244171E+09  0.00000000E+00  0.00000000E+00  0.00000000E+00  0.00000000E+00  0.00000000E+00  0.10000000E-01  0.10000000E+01
 0.16600200E-08  0.87519112E-03  0.00000000E+00  0.30451452E+00  0.00000000E+00  0.00000000E+00  0.19244171E+09  0.00000000E+00  0.00000000E+00  0.00000000E+00  0.00000000E+00  0.00000000E+00  0.10000000E-01  0.10000000E+01
 0.16700200E-08  0.87519112E-03  0.00000000E+00  0.30643894E+00  0.00000000E+00  0.00000000E+00  0.19244171E+09  0.00000000E+00  0.00000000E+00  0.00000000E+00  0.00000000E+00  0.00000000E+00  0.10000000E-01  0.10000000E+01
 0.16800200E-08  0.87519112E-03  0.00000000E+00  0.30836335E+00  0.00000000E+00  0.00000000E+00  0.19244171E+09  0.00000000E+00  0.00000000E+00  0.00000000E+00  0.00000000E+00  0.00000000E+00  0.10000000E-01  0.10000000E+01
 0.16900200E-08  0.87519112E-03  0.00000000E+00  0.31028777E+00  0.00000000E+00  0.00000000E+00  0.19244171E+09  0.00000000E+00  0.00000000E+00  0.00000000E+00  0.00000000E+00  0.00000000E+00  0.10000000E-01  0.10000000E+01
 0.17000200E-08  0.87519112E-03  0.00000000E+00  0.31221219E+00  0.00000000E+00  0.00000000E+00  0.19244171E+09  0.00000000E+00  0.00000000E+00  0.00000000E+00  0.00000000E+00  0.00000000E+00  0.10000000E-01  0.10000000E+01
 0.17100200E-08  0.87519112E-03  0.00000000E+00  0.31413660E+00  0.00000000E+00  0.00000000E+00  0.19244171E+09  0.00000000E+00  0.00000000E+00  0.00000000E+00  0.00000000E+00  0.00000000E+00  0.10000000E-01  0.10000000E+01
 0.17200200E-08  0.87519112E-03  0.00000000E+00  0.31606102E+00  0.00000000E+00  0.00000000E+00  0.19244171E+09  0.00000000E+00  0.00000000E+00  0.00000000E+00  0.00000000E+00  0.00000000E+00  0.10000000E-01  0.10000000E+01
 0.17300200E-08  0.87519112E-03  0.00000000E+00  0.31798544E+00  0.00000000E+00  0.00000000E+00  0.19244171E+09  0.00000000E+00  0.00000000E+00  0.00000000E+00  0.00000000E+00  0.00000000E+00  0.10000000E-01  0.10000000E+01
 0.17400200E-08  0.87519112E-03  0.00000000E+00  0.31990985E+00  0.00000000E+00  0.00000000E+00  0.19244171E+09  0.00000000E+00  0.00000000E+00  0.00000000E+00  0.00000000E+00  0.00000000E+00  0.10000000E-01  0.10000000E+01
 0.17500200E-08  0.87519112E-03  0.00000000E+00  0.32183427E+00  0.00000000E+00  0.00000000E+00  0.19244171E+09  0.00000000E+00  0.00000000E+00  0.00000000E+00  0.00000000E+00  0.00000000E+00  0.10000000E-01  0.10000000E+01
 0.17600200E-08  0.87519112E-03  0.00000000E+00  0.32375869E+00  0.00000000E+00  0.00000000E+00  0.19244171E+09  0.00000000E+00  0.00000000E+00  0.00000000E+00  0.00000000E+00  0.00000000E+00  0.10000000E-01  0.10000000E+01
 0.17700200E-08  0.87519112E-03  0.00000000E+00  0.32568311E+00  0.00000000E+00  0.00000000E+00  0.19244171E+09  0.00000000E+00  0.00000000E+00  0.00000000E+00  0.00000000E+00  0.00000000E+00  0.10000000E-01  0.10000000E+01
 0.17800200E-08  0.87519112E-03  0.00000000E+00  0.32760752E+00  0.00000000E+00  0.00000000E+00  0.19244171E+09  0.00000000E+00  0.00000000E+00  0.00000000E+00  0.00000000E+00  0.00000000E+00  0.10000000E-01  0.10000000E+01
 0.17900200E-08  0.87519112E-03  0.00000000E+00  0.32953194E+00  0.00000000E+00  0.00000000E+00  0.19244171E+09  0.00000000E+00  0.00000000E+00  0.00000000E+00  0.00000000E+00  0.00000000E+00  0.10000000E-01  0.10000000E+01
 0.18000200E-08  0.87519112E-03  0.00000000E+00  0.33145636E+00  0.00000000E+00  0.00000000E+00  0.19244171E+09  0.00000000E+00  0.00000000E+00  0.00000000E+00  0.00000000E+00  0.00000000E+00  0.10000000E-01  0.10000000E+01
 0.18100200E-08  0.87519112E-03  0.00000000E+00  0.33338077E+00  0.00000000E+00  0.00000000E+00  0.19244171E+09  0.00000000E+00  0.00000000E+00  0.00000000E+00  0.00000000E+00  0.00000000E+00  0.10000000E-01  0.10000000E+01
 0.18200200E-08  0.87519112E-03  0.00000000E+00  0.33530519E+00  0.00000000E+00  0.00000000E+00  0.19244171E+09  0.00000000E+00  0.00000000E+00  0.00000000E+00  0.00000000E+00  0.00000000E+00  0.10000000E-01  0.10000000E+01
 0.18300200E-08  0.87519112E-03  0.00000000E+00  0.33722961E+00  0.00000000E+00  0.00000000E+00  0.19244171E+09  0.00000000E+00  0.00000000E+00  0.00000000E+00  0.00000000E+00  0.00000000E+00  0.10000000E-01  0.10000000E+01
 0.18400200E-08  0.87519112E-03  0.00000000E+00  0.33915403E+00  0.00000000E+00  0.00000000E+00  0.19244171E+09  0.00000000E+00  0.00000000E+00  0.00000000E+00  0.00000000E+00  0.00000000E+00  0.10000000E-01  0.10000000E+01
 0.18500200E-08  0.87519112E-03  0.00000000E+00  0.34107844E+00  0.00000000E+00  0.00000000E+00  0.19244171E+09  0.00000000E+00  0.00000000E+00  0.00000000E+00  0.00000000E+00  0.00000000E+00  0.10000000E-01  0.10000000E+01
 0.18600200E-08  0.87519112E-03  0.00000000E+00  0.34300286E+00  0.00000000E+00  0.00000000E+00  0.19244171E+09  0.00000000E+00  0.00000000E+00  0.00000000E+00  0.00000000E+00  0.00000000E+00  0.10000000E-01  0.10000000E+01
 0.18700200E-08  0.87519112E-03  0.00000000E+00  0.34492728E+00  0.00000000E+00  0.00000000E+00  0.19244171E+09  0.00000000E+00  0.00000000E+00  0.00000000E+00  0.00000000E+00  0.00000000E+00  0.10000000E-01  0.10000000E+01
 0.18800200E-08  0.87519112E-03  0.00000000E+00  0.34685169E+00  0.00000000E+00  0.00000000E+00  0.19244171E+09  0.00000000E+00  0.00000000E+00  0.00000000E+00  0.00000000E+00  0.00000000E+00  0.10000000E-01  0.10000000E+01
 0.18900200E-08  0.87519112E-03  0.00000000E+00  0.34877611E+00  0.00000000E+00  0.00000000E+00  0.19244171E+09  0.00000000E+00  0.00000000E+00  0.00000000E+00  0.00000000E+00  0.00000000E+00  0.10000000E-01  0.10000000E+01
 0.19000200E-08  0.87519112E-03  0.00000000E+00  0.35070053E+00  0.00000000E+00  0.00000000E+00  0.19244171E+09  0.00000000E+00  0.00000000E+00  0.00000000E+00  0.00000000E+00  0.00000000E+00  0.10000000E-01  0.10000000E+01
 0.19100200E-08  0.87519112E-03  0.00000000E+00  0.35262495E+00  0.00000000E+00  0.00000000E+00  0.19244171E+09  0.00000000E+00  0.00000000E+00  0.00000000E+00  0.00000000E+00  0.00000000E+00  0.10000000E-01  0.10000000E+01
 0.19200200E-08  0.87519112E-03  0.00000000E+00  0.35454936E+00  0.00000000E+00  0.00000000E+00  0.19244171E+09  0.00000000E+00  0.00000000E+00  0.00000000E+00  0.00000000E+00  0.00000000E+00  0.10000000E-01  0.10000000E+01
 0.19300200E-08  0.87519112E-03  0.00000000E+00  0.35647378E+00  0.00000000E+00  0.00000000E+00  0.19244171E+09  0.00000000E+00  0.00000000E+00  0.00000000E+00  0.00000000E+00  0.00000000E+00  0.10000000E-01  0.10000000E+01
 0.19400200E-08  0.87519112E-03  0.00000000E+00  0.35839820E+00  0.00000000E+00  0.00000000E+00  0.19244171E+09  0.00000000E+00  0.00000000E+00  0.00000000E+00  0.00000000E+00  0.00000000E+00  0.10000000E-01  0.10000000E+01
 0.19500200E-08  0.87519112E-03  0.00000000E+00  0.36032261E+00  0.00000000E+00  0.00000000E+00  0.19244171E+09  0.00000000E+00  0.00000000E+00  0.00000000E+00  0.00000000E+00  0.00000000E+00  0.10000000E-01  0.10000000E+01
 0.19600200E-08  0.87519112E-03  0.00000000E+00  0.36224703E+00  0.00000000E+00  0.00000000E+00  0.19244171E+09  0.00000000E+00  0.00000000E+00  0.00000000E+00  0.00000000E+00  0.00000000E+00  0.10000000E-01  0.10000000E+01
 0.19700200E-08  0.87519112E-03  0.00000000E+00  0.36417145E+00  0.00000000E+00  0.00000000E+00  0.19244171E+09  0.00000000E+00  0.00000000E+00  0.00000000E+00  0.00000000E+00  0.00000000E+00  0.10000000E-01  0.10000000E+01
 0.19800200E-08  0.87519112E-03  0.00000000E+00  0.36609586E+00  0.00000000E+00  0.00000000E+00  0.19244171E+09  0.00000000E+00  0.00000000E+00  0.00000000E+00  0.00000000E+00  0.00000000E+00  0.10000000E-01  0.10000000E+01
 0.19900200E-08  0.87519112E-03  0.00000000E+00  0.36802028E+00  0.00000000E+00  0.00000000E+00  0.19244171E+09  0.00000000E+00  0.00000000E+00  0.00000000E+00  0.00000000E+00  0.00000000E+00  0.10000000E-01  0.10000000E+01
