# ptime xp yp zp vx vy vz ex ey ez bx by bz wt
 0.20000000E-13  0.45313350E-02  0.00000000E+00 -0.15216199E-01  0.00000000E+00  0.00000000E+00  0.16812987E+09  0.00000000E+00  0.00000000E+00  0.00000000E+00  0.00000000E+00  0.00000000E+00  0.10000000E-01  0.10000000E+01
 0.10000000E-10  0.45313350E-02  0.00000000E+00 -0.13538263E-01  0.00000000E+00  0.00000000E+00  0.16812987E+09  0.00000000E+00  0.00000000E+00  0.00000000E+00  0.00000000E+00  0.00000000E+00  0.10000000E-01  0.10000000E+01
 0.20000000E-10  0.45313350E-02  0.00000000E+00 -0.11856965E-01  0.00000000E+00  0.00000000E+00  0.16812987E+09  0.00000000E+00  0.00000000E+00  0.00000000E+00  0.00000000E+00  0.00000000E+00  0.10000000E-01  0.10000000E+01
 0.30000000E-10  0.45313350E-02  0.00000000E+00 -0.10175666E-01  0.00000000E+00  0.00000000E+00  0.16812987E+09  0.00000000E+00  0.00000000E+00  0.00000000E+00  0.00000000E+00  0.00000000E+00  0.10000000E-01  0.10000000E+01
 0.40020000E-10  0.45313350E-02  0.00000000E+00 -0.84910046E-02  0.00000000E+00  0.00000000E+00  0.16812987E+09  0.00000000E+00  0.00000000E+00  0.00000000E+00  0.00000000E+00  0.00000000E+00  0.10000000E-01  0.10000000E+01
 0.50020000E-10  0.45313350E-02  0.00000000E+00 -0.68097059E-02  0.00000000E+00  0.00000000E+00  0.16812987E+09  0.00000000E+00  0.00000000E+00  0.00000000E+00  0.00000000E+00  0.00000000E+00  0.10000000E-01  0.10000000E+01
 0.60020000E-10  0.45313350E-02  0.00000000E+00 -0.51284072E-02  0.00000000E+00  0.00000000E+00  0.16812987E+09  0.00000000E+00  0.00000000E+00  0.00000000E+00  0.00000000E+00  0.00000000E+00  0.10000000E-01  0.10000000E+01
 0.70020000E-10  0.45313350E-02  0.00000000E+00 -0.34471085E-02  0.00000000E+00  0.00000000E+00  0.16812987E+09  0.00000000E+00  0.00000000E+00  0.00000000E+00  0.00000000E+00  0.00000000E+00  0.10000000E-01  0.10000000E+01
 0.80000000E-10  0.45313350E-02  0.00000000E+00 -0.17691724E-02  0.00000000E+00  0.00000000E+00  0.16812987E+09  0.00000000E+00  0.00000000E+00  0.00000000E+00  0.00000000E+00  0.00000000E+00  0.10000000E-01  0.10000000E+01
 0.90000000E-10  0.45313350E-02  0.00000000E+00 -0.87873700E-04  0.00000000E+00  0.00000000E+00  0.16812987E+09  0.00000000E+00  0.00000000E+00  0.00000000E+00  0.00000000E+00  0.00000000E+00  0.10000000E-01  0.10000000E+01
 0.10000000E-09  0.45313350E-02  0.00000000E+00  0.15934250E-02  0.00000000E+00  0.00000000E+00  0.16812987E+09  0.00000000E+00  0.00000000E+00  0.00000000E+00  0.00000000E+00  0.00000000E+00  0.10000000E-01  0.10000000E+01
 0.11000000E-09  0.45313350E-02  0.00000000E+00  0.32747237E-02  0.00000000E+00  0.00000000E+00  0.16812987E+09  0.00000000E+00  0.00000000E+00  0.00000000E+00  0.00000000E+00  0.00000000E+00  0.10000000E-01  0.10000000E+01
 0.12000000E-09  0.45313350E-02  0.00000000E+00  0.49560224E-02  0.00000000E+00  0.00000000E+00  0.16812987E+09  0.00000000E+00  0.00000000E+00  0.00000000E+00  0.00000000E+00  0.00000000E+00  0.10000000E-01  0.10000000E+01
 0.13000000E-09  0.45313350E-02  0.00000000E+00  0.66373211E-02  0.00000000E+00  0.00000000E+00  0.16812987E+09  0.00000000E+00  0.00000000E+00  0.00000000E+00  0.00000000E+00  0.00000000E+00  0.10000000E-01  0.10000000E+01
 0.14002000E-09  0.45313350E-02  0.00000000E+00  0.83219824E-02  0.00000000E+00  0.00000000E+00  0.16812987E+09  0.00000000E+00  0.00000000E+00  0.00000000E+00  0.00000000E+00  0.00000000E+00  0.10000000E-01  0.10000000E+01
 0.15002000E-09  0.45313350E-02  0.00000000E+00  0.10003281E-01  0.00000000E+00  0.00000000E+00  0.16812987E+09  0.00000000E+00  0.00000000E+00  0.00000000E+00  0.00000000E+00  0.00000000E+00  0.10000000E-01  0.10000000E+01
 0.16002000E-09  0.45313350E-02  0.00000000E+00  0.11684580E-01  0.00000000E+00  0.00000000E+00  0.16812987E+09  0.00000000E+00  0.00000000E+00  0.00000000E+00  0.00000000E+00  0.00000000E+00  0.10000000E-01  0.10000000E+01
 0.17002000E-09  0.45313350E-02  0.00000000E+00  0.13365878E-01  0.00000000E+00  0.00000000E+00  0.16812987E+09  0.00000000E+00  0.00000000E+00  0.00000000E+00  0.00000000E+00  0.00000000E+00  0.10000000E-01  0.10000000E+01
 0.18002000E-09  0.45313350E-02  0.00000000E+00  0.15047177E-01  0.00000000E+00  0.00000000E+00  0.16812987E+09  0.00000000E+00  0.00000000E+00  0.00000000E+00  0.00000000E+00  0.00000000E+00  0.10000000E-01  0.10000000E+01
 0.19002000E-09  0.45313350E-02  0.00000000E+00  0.16728476E-01  0.00000000E+00  0.00000000E+00  0.16812987E+09  0.00000000E+00  0.00000000E+00  0.00000000E+00  0.00000000E+00  0.00000000E+00  0.10000000E-01  0.10000000E+01
 0.20002000E-09  0.45313350E-02  0.00000000E+00  0.18409775E-01  0.00000000E+00  0.00000000E+00  0.16812987E+09  0.00000000E+00  0.00000000E+00  0.00000000E+00  0.00000000E+00  0.00000000E+00  0.10000000E-01  0.10000000E+01
 0.21002000E-09  0.45313350E-02  0.00000000E+00  0.20091073E-01  0.00000000E+00  0.00000000E+00  0.16812987E+09  0.00000000E+00  0.00000000E+00  0.00000000E+00  0.00000000E+00  0.00000000E+00  0.10000000E-01  0.10000000E+01
 0.22002000E-09  0.45313350E-02  0.00000000E+00  0.21772372E-01  0.00000000E+00  0.00000000E+00  0.16812987E+09  0.00000000E+00  0.00000000E+00  0.00000000E+00  0.00000000E+00  0.00000000E+00  0.10000000E-01  0.10000000E+01
 0.23002000E-09  0.45313350E-02  0.00000000E+00  0.23453671E-01  0.00000000E+00  0.00000000E+00  0.16812987E+09  0.00000000E+00  0.00000000E+00  0.00000000E+00  0.00000000E+00  0.00000000E+00  0.10000000E-01  0.10000000E+01
 0.24002000E-09  0.45313350E-02  0.00000000E+00  0.25134969E-01  0.00000000E+00  0.00000000E+00  0.16812987E+09  0.00000000E+00  0.00000000E+00  0.00000000E+00  0.00000000E+00  0.00000000E+00  0.10000000E-01  0.10000000E+01
 0.25002000E-09  0.45313350E-02  0.00000000E+00  0.26816268E-01  0.00000000E+00  0.00000000E+00  0.16812987E+09  0.00000000E+00  0.00000000E+00  0.00000000E+00  0.00000000E+00  0.00000000E+00  0.10000000E-01  0.10000000E+01
 0.26002000E-09  0.45313350E-02  0.00000000E+00  0.28497567E-01  0.00000000E+00  0.00000000E+00  0.16812987E+09  0.00000000E+00  0.00000000E+00  0.00000000E+00  0.00000000E+00  0.00000000E+00  0.10000000E-01  0.10000000E+01
 0.27002000E-09  0.45313350E-02  0.00000000E+00  0.30178865E-01  0.00000000E+00  0.00000000E+00  0.16812987E+09  0.00000000E+00  0.00000000E+00  0.00000000E+00  0.00000000E+00  0.00000000E+00  0.10000000E-01  0.10000000E+01
 0.28002000E-09  0.45313350E-02  0.00000000E+00  0.31860164E-01  0.00000000E+00  0.00000000E+00  0.16812987E+09  0.00000000E+00  0.00000000E+00  0.00000000E+00  0.00000000E+00  0.00000000E+00  0.10000000E-01  0.10000000E+01
 0.29002000E-09  0.45313350E-02  0.00000000E+00  0.33541463E-01  0.00000000E+00  0.00000000E+00  0.16812987E+09  0.00000000E+00  0.00000000E+00  0.00000000E+00  0.00000000E+00  0.00000000E+00  0.10000000E-01  0.10000000E+01
 0.30000000E-09  0.45313350E-02  0.00000000E+00  0.35219399E-01  0.00000000E+00  0.00000000E+00  0.16812987E+09  0.00000000E+00  0.00000000E+00  0.00000000E+00  0.00000000E+00  0.00000000E+00  0.10000000E-01  0.10000000E+01
 0.31000000E-09  0.45313350E-02  0.00000000E+00  0.36900698E-01  0.00000000E+00  0.00000000E+00  0.16812987E+09  0.00000000E+00  0.00000000E+00  0.00000000E+00  0.00000000E+00  0.00000000E+00  0.10000000E-01  0.10000000E+01
 0.32000000E-09  0.45313350E-02  0.00000000E+00  0.38581996E-01  0.00000000E+00  0.00000000E+00  0.16812987E+09  0.00000000E+00  0.00000000E+00  0.00000000E+00  0.00000000E+00  0.00000000E+00  0.10000000E-01  0.10000000E+01
 0.33000000E-09  0.45313350E-02  0.00000000E+00  0.40263295E-01  0.00000000E+00  0.00000000E+00  0.16812987E+09  0.00000000E+00  0.00000000E+00  0.00000000E+00  0.00000000E+00  0.00000000E+00  0.10000000E-01  0.10000000E+01
 0.34000000E-09  0.45313350E-02  0.00000000E+00  0.41944594E-01  0.00000000E+00  0.00000000E+00  0.16812987E+09  0.00000000E+00  0.00000000E+00  0.00000000E+00  0.00000000E+00  0.00000000E+00  0.10000000E-01  0.10000000E+01
 0.35000000E-09  0.45313350E-02  0.00000000E+00  0.43625892E-01  0.00000000E+00  0.00000000E+00  0.16812987E+09  0.00000000E+00  0.00000000E+00  0.00000000E+00  0.00000000E+00  0.00000000E+00  0.10000000E-01  0.10000000E+01
 0.36000000E-09  0.45313350E-02  0.00000000E+00  0.45307191E-01  0.00000000E+00  0.00000000E+00  0.16812987E+09  0.00000000E+00  0.00000000E+00  0.00000000E+00  0.00000000E+00  0.00000000E+00  0.10000000E-01  0.10000000E+01
 0.37000000E-09  0.45313350E-02  0.00000000E+00  0.46988490E-01  0.00000000E+00  0.00000000E+00  0.16812987E+09  0.00000000E+00  0.00000000E+00  0.00000000E+00  0.00000000E+00  0.00000000E+00  0.10000000E-01  0.10000000E+01
 0.38000000E-09  0.45313350E-02  0.00000000E+00  0.48669789E-01  0.00000000E+00  0.00000000E+00  0.16812987E+09  0.00000000E+00  0.00000000E+00  0.00000000E+00  0.00000000E+00  0.00000000E+00  0.10000000E-01  0.10000000E+01
 0.39000000E-09  0.45313350E-02  0.00000000E+00  0.50351087E-01  0.00000000E+00  0.00000000E+00  0.16812987E+09  0.00000000E+00  0.00000000E+00  0.00000000E+00  0.00000000E+00  0.00000000E+00  0.10000000E-01  0.10000000E+01
 0.40000000E-09  0.45313350E-02  0.00000000E+00  0.52032386E-01  0.00000000E+00  0.00000000E+00  0.16812987E+09  0.00000000E+00  0.00000000E+00  0.00000000E+00  0.00000000E+00  0.00000000E+00  0.10000000E-01  0.10000000E+01
 0.41000000E-09  0.45313350E-02  0.00000000E+00  0.53713685E-01  0.00000000E+00  0.00000000E+00  0.16812987E+09  0.00000000E+00  0.00000000E+00  0.00000000E+00  0.00000000E+00  0.00000000E+00  0.10000000E-01  0.10000000E+01
 0.42000000E-09  0.45313350E-02  0.00000000E+00  0.55394983E-01  0.00000000E+00  0.00000000E+00  0.16812987E+09  0.00000000E+00  0.00000000E+00  0.00000000E+00  0.00000000E+00  0.00000000E+00  0.10000000E-01  0.10000000E+01
 0.43000000E-09  0.45313350E-02  0.00000000E+00  0.57076282E-01  0.00000000E+00  0.00000000E+00  0.16812987E+09  0.00000000E+00  0.00000000E+00  0.00000000E+00  0.00000000E+00  0.00000000E+00  0.10000000E-01  0.10000000E+01
 0.44000000E-09  0.45313350E-02  0.00000000E+00  0.58757581E-01  0.00000000E+00  0.00000000E+00  0.16812987E+09  0.00000000E+00  0.00000000E+00  0.00000000E+00  0.00000000E+00  0.00000000E+00  0.10000000E-01  0.10000000E+01
 0.45000000E-09  0.45313350E-02  0.00000000E+00  0.60438879E-01  0.00000000E+00  0.00000000E+00  0.16812987E+09  0.00000000E+00  0.00000000E+00  0.00000000E+00  0.00000000E+00  0.00000000E+00  0.10000000E-01  0.10000000E+01
 0.46000000E-09  0.45313350E-02  0.00000000E+00  0.62120178E-01  0.00000000E+00  0.00000000E+00  0.16812987E+09  0.00000000E+00  0.00000000E+00  0.00000000E+00  0.00000000E+00  0.00000000E+00  0.10000000E-01  0.10000000E+01
 0.47000000E-09  0.45313350E-02  0.00000000E+00  0.63801477E-01  0.00000000E+00  0.00000000E+00  0.16812987E+09  0.00000000E+00  0.00000000E+00  0.00000000E+00  0.00000000E+00  0.00000000E+00  0.10000000E-01  0.10000000E+01
 0.48000000E-09  0.45313350E-02  0.00000000E+00  0.65482776E-01  0.00000000E+00  0.00000000E+00  0.16812987E+09  0.00000000E+00  0.00000000E+00  0.00000000E+00  0.00000000E+00  0.00000000E+00  0.10000000E-01  0.10000000E+01
 0.49000000E-09  0.45313350E-02  0.00000000E+00  0.67164074E-01  0.00000000E+00  0.00000000E+00  0.16812987E+09  0.00000000E+00  0.00000000E+00  0.00000000E+00  0.00000000E+00  0.00000000E+00  0.10000000E-01  0.10000000E+01
 0.50000000E-09  0.45313350E-02  0.00000000E+00  0.68845373E-01  0.00000000E+00  0.00000000E+00  0.16812987E+09  0.00000000E+00  0.00000000E+00  0.00000000E+00  0.00000000E+00  0.00000000E+00  0.10000000E-01  0.10000000E+01
 0.51000000E-09  0.45313350E-02  0.00000000E+00  0.70526672E-01  0.00000000E+00  0.00000000E+00  0.16812987E+09  0.00000000E+00  0.00000000E+00  0.00000000E+00  0.00000000E+00  0.00000000E+00  0.10000000E-01  0.10000000E+01
 0.52000000E-09  0.45313350E-02  0.00000000E+00  0.72207970E-01  0.00000000E+00  0.00000000E+00  0.16812987E+09  0.00000000E+00  0.00000000E+00  0.00000000E+00  0.00000000E+00  0.00000000E+00  0.10000000E-01  0.10000000E+01
 0.53000000E-09  0.45313350E-02  0.00000000E+00  0.73889269E-01  0.00000000E+00  0.00000000E+00  0.16812987E+09  0.00000000E+00  0.00000000E+00  0.00000000E+00  0.00000000E+00  0.00000000E+00  0.10000000E-01  0.10000000E+01
 0.54000000E-09  0.45313350E-02  0.00000000E+00  0.75570568E-01  0.00000000E+00  0.00000000E+00  0.16812987E+09  0.00000000E+00  0.00000000E+00  0.00000000E+00  0.00000000E+00  0.00000000E+00  0.10000000E-01  0.10000000E+01
 0.55002000E-09  0.45313350E-02  0.00000000E+00  0.77255229E-01  0.00000000E+00  0.00000000E+00  0.16812987E+09  0.00000000E+00  0.00000000E+00  0.00000000E+00  0.00000000E+00  0.00000000E+00  0.10000000E-01  0.10000000E+01
 0.56002000E-09  0.45313350E-02  0.00000000E+00  0.78936528E-01  0.00000000E+00  0.00000000E+00  0.16812987E+09  0.00000000E+00  0.00000000E+00  0.00000000E+00  0.00000000E+00  0.00000000E+00  0.10000000E-01  0.10000000E+01
 0.57002000E-09  0.45313350E-02  0.00000000E+00  0.80617826E-01  0.00000000E+00  0.00000000E+00  0.16812987E+09  0.00000000E+00  0.00000000E+00  0.00000000E+00  0.00000000E+00  0.00000000E+00  0.10000000E-01  0.10000000E+01
 0.58002000E-09  0.45313350E-02  0.00000000E+00  0.82299125E-01  0.00000000E+00  0.00000000E+00  0.16812987E+09  0.00000000E+00  0.00000000E+00  0.00000000E+00  0.00000000E+00  0.00000000E+00  0.10000000E-01  0.10000000E+01
 0.59002000E-09  0.45313350E-02  0.00000000E+00  0.83980424E-01  0.00000000E+00  0.00000000E+00  0.16812987E+09  0.00000000E+00  0.00000000E+00  0.00000000E+00  0.00000000E+00  0.00000000E+00  0.10000000E-01  0.10000000E+01
 0.60002000E-09  0.45313350E-02  0.00000000E+00  0.85661723E-01  0.00000000E+00  0.00000000E+00  0.16812987E+09  0.00000000E+00  0.00000000E+00  0.00000000E+00  0.00000000E+00  0.00000000E+00  0.10000000E-01  0.10000000E+01
 0.61002000E-09  0.45313350E-02  0.00000000E+00  0.87343021E-01  0.00000000E+00  0.00000000E+00  0.16812987E+09  0.00000000E+00  0.00000000E+00  0.00000000E+00  0.00000000E+00  0.00000000E+00  0.10000000E-01  0.10000000E+01
 0.62002000E-09  0.45313350E-02  0.00000000E+00  0.89024320E-01  0.00000000E+00  0.00000000E+00  0.16812987E+09  0.00000000E+00  0.00000000E+00  0.00000000E+00  0.00000000E+00  0.00000000E+00  0.10000000E-01  0.10000000E+01
 0.63002000E-09  0.45313350E-02  0.00000000E+00  0.90705619E-01  0.00000000E+00  0.00000000E+00  0.16812987E+09  0.00000000E+00  0.00000000E+00  0.00000000E+00  0.00000000E+00  0.00000000E+00  0.10000000E-01  0.10000000E+01
 0.64002000E-09  0.45313350E-02  0.00000000E+00  0.92386917E-01  0.00000000E+00  0.00000000E+00  0.16812987E+09  0.00000000E+00  0.00000000E+00  0.00000000E+00  0.00000000E+00  0.00000000E+00  0.10000000E-01  0.10000000E+01
 0.65002000E-09  0.45313350E-02  0.00000000E+00  0.94068216E-01  0.00000000E+00  0.00000000E+00  0.16812987E+09  0.00000000E+00  0.00000000E+00  0.00000000E+00  0.00000000E+00  0.00000000E+00  0.10000000E-01  0.10000000E+01
 0.66002000E-09  0.45313350E-02  0.00000000E+00  0.95749515E-01  0.00000000E+00  0.00000000E+00  0.16812987E+09  0.00000000E+00  0.00000000E+00  0.00000000E+00  0.00000000E+00  0.00000000E+00  0.10000000E-01  0.10000000E+01
 0.67002000E-09  0.45313350E-02  0.00000000E+00  0.97430813E-01  0.00000000E+00  0.00000000E+00  0.16812987E+09  0.00000000E+00  0.00000000E+00  0.00000000E+00  0.00000000E+00  0.00000000E+00  0.10000000E-01  0.10000000E+01
 0.68002000E-09  0.45313350E-02  0.00000000E+00  0.99112112E-01  0.00000000E+00  0.00000000E+00  0.16812987E+09  0.00000000E+00  0.00000000E+00  0.00000000E+00  0.00000000E+00  0.00000000E+00  0.10000000E-01  0.10000000E+01
 0.69002000E-09  0.45313350E-02  0.00000000E+00  0.10079341E+00  0.00000000E+00  0.00000000E+00  0.16812987E+09  0.00000000E+00  0.00000000E+00  0.00000000E+00  0.00000000E+00  0.00000000E+00  0.10000000E-01  0.10000000E+01
 0.70002000E-09  0.45313350E-02  0.00000000E+00  0.10247471E+00  0.00000000E+00  0.00000000E+00  0.16812987E+09  0.00000000E+00  0.00000000E+00  0.00000000E+00  0.00000000E+00  0.00000000E+00  0.10000000E-01  0.10000000E+01
 0.71002000E-09  0.45313350E-02  0.00000000E+00  0.10415601E+00  0.00000000E+00  0.00000000E+00  0.16812987E+09  0.00000000E+00  0.00000000E+00  0.00000000E+00  0.00000000E+00  0.00000000E+00  0.10000000E-01  0.10000000E+01
 0.72002000E-09  0.45313350E-02  0.00000000E+00  0.10583731E+00  0.00000000E+00  0.00000000E+00  0.16812987E+09  0.00000000E+00  0.00000000E+00  0.00000000E+00  0.00000000E+00  0.00000000E+00  0.10000000E-01  0.10000000E+01
 0.73002000E-09  0.45313350E-02  0.00000000E+00  0.10751861E+00  0.00000000E+00  0.00000000E+00  0.16812987E+09  0.00000000E+00  0.00000000E+00  0.00000000E+00  0.00000000E+00  0.00000000E+00  0.10000000E-01  0.10000000E+01
 0.74002000E-09  0.45313350E-02  0.00000000E+00  0.10919990E+00  0.00000000E+00  0.00000000E+00  0.16812987E+09  0.00000000E+00  0.00000000E+00  0.00000000E+00  0.00000000E+00  0.00000000E+00  0.10000000E-01  0.10000000E+01
 0.75002000E-09  0.45313350E-02  0.00000000E+00  0.11088120E+00  0.00000000E+00  0.00000000E+00  0.16812987E+09  0.00000000E+00  0.00000000E+00  0.00000000E+00  0.00000000E+00  0.00000000E+00  0.10000000E-01  0.10000000E+01
 0.76002000E-09  0.45313350E-02  0.00000000E+00  0.11256250E+00  0.00000000E+00  0.00000000E+00  0.16812987E+09  0.00000000E+00  0.00000000E+00  0.00000000E+00  0.00000000E+00  0.00000000E+00  0.10000000E-01  0.10000000E+01
 0.77002000E-09  0.45313350E-02  0.00000000E+00  0.11424380E+00  0.00000000E+00  0.00000000E+00  0.16812987E+09  0.00000000E+00  0.00000000E+00  0.00000000E+00  0.00000000E+00  0.00000000E+00  0.10000000E-01  0.10000000E+01
 0.78002000E-09  0.45313350E-02  0.00000000E+00  0.11592510E+00  0.00000000E+00  0.00000000E+00  0.16812987E+09  0.00000000E+00  0.00000000E+00  0.00000000E+00  0.00000000E+00  0.00000000E+00  0.10000000E-01  0.10000000E+01
 0.79002000E-09  0.45313350E-02  0.00000000E+00  0.11760640E+00  0.00000000E+00  0.00000000E+00  0.16812987E+09  0.00000000E+00  0.00000000E+00  0.00000000E+00  0.00000000E+00  0.00000000E+00  0.10000000E-01  0.10000000E+01
 0.80002000E-09  0.45313350E-02  0.00000000E+00  0.11928770E+00  0.00000000E+00  0.00000000E+00  0.16812987E+09  0.00000000E+00  0.00000000E+00  0.00000000E+00  0.00000000E+00  0.00000000E+00  0.10000000E-01  0.10000000E+01
 0.81002000E-09  0.45313350E-02  0.00000000E+00  0.12096900E+00  0.00000000E+00  0.00000000E+00  0.16812987E+09  0.00000000E+00  0.00000000E+00  0.00000000E+00  0.00000000E+00  0.00000000E+00  0.10000000E-01  0.10000000E+01
 0.82002000E-09  0.45313350E-02  0.00000000E+00  0.12265029E+00  0.00000000E+00  0.00000000E+00  0.16812987E+09  0.00000000E+00  0.00000000E+00  0.00000000E+00  0.00000000E+00  0.00000000E+00  0.10000000E-01  0.10000000E+01
 0.83002000E-09  0.45313350E-02  0.00000000E+00  0.12433159E+00  0.00000000E+00  0.00000000E+00  0.16812987E+09  0.00000000E+00  0.00000000E+00  0.00000000E+00  0.00000000E+00  0.00000000E+00  0.10000000E-01  0.10000000E+01
 0.84002000E-09  0.45313350E-02  0.00000000E+00  0.12601289E+00  0.00000000E+00  0.00000000E+00  0.16812987E+09  0.00000000E+00  0.00000000E+00  0.00000000E+00  0.00000000E+00  0.00000000E+00  0.10000000E-01  0.10000000E+01
 0.85002000E-09  0.45313350E-02  0.00000000E+00  0.12769419E+00  0.00000000E+00  0.00000000E+00  0.16812987E+09  0.00000000E+00  0.00000000E+00  0.00000000E+00  0.00000000E+00  0.00000000E+00  0.10000000E-01  0.10000000E+01
 0.86002000E-09  0.45313350E-02  0.00000000E+00  0.12937549E+00  0.00000000E+00  0.00000000E+00  0.16812987E+09  0.00000000E+00  0.00000000E+00  0.00000000E+00  0.00000000E+00  0.00000000E+00  0.10000000E-01  0.10000000E+01
 0.87002000E-09  0.45313350E-02  0.00000000E+00  0.13105679E+00  0.00000000E+00  0.00000000E+00  0.16812987E+09  0.00000000E+00  0.00000000E+00  0.00000000E+00  0.00000000E+00  0.00000000E+00  0.10000000E-01  0.10000000E+01
 0.88002000E-09  0.45313350E-02  0.00000000E+00  0.13273809E+00  0.00000000E+00  0.00000000E+00  0.16812987E+09  0.00000000E+00  0.00000000E+00  0.00000000E+00  0.00000000E+00  0.00000000E+00  0.10000000E-01  0.10000000E+01
 0.89002000E-09  0.45313350E-02  0.00000000E+00  0.13441938E+00  0.00000000E+00  0.00000000E+00  0.16812987E+09  0.00000000E+00  0.00000000E+00  0.00000000E+00  0.00000000E+00  0.00000000E+00  0.10000000E-01  0.10000000E+01
 0.90002000E-09  0.45313350E-02  0.00000000E+00  0.13610068E+00  0.00000000E+00  0.00000000E+00  0.16812987E+09  0.00000000E+00  0.00000000E+00  0.00000000E+00  0.00000000E+00  0.00000000E+00  0.10000000E-01  0.10000000E+01
 0.91002000E-09  0.45313350E-02  0.00000000E+00  0.13778198E+00  0.00000000E+00  0.00000000E+00  0.16812987E+09  0.00000000E+00  0.00000000E+00  0.00000000E+00  0.00000000E+00  0.00000000E+00  0.10000000E-01  0.10000000E+01
 0.92002000E-09  0.45313350E-02  0.00000000E+00  0.13946328E+00  0.00000000E+00  0.00000000E+00  0.16812987E+09  0.00000000E+00  0.00000000E+00  0.00000000E+00  0.00000000E+00  0.00000000E+00  0.10000000E-01  0.10000000E+01
 0.93002000E-09  0.45313350E-02  0.00000000E+00  0.14114458E+00  0.00000000E+00  0.00000000E+00  0.16812987E+09  0.00000000E+00  0.00000000E+00  0.00000000E+00  0.00000000E+00  0.00000000E+00  0.10000000E-01  0.10000000E+01
 0.94002000E-09  0.45313350E-02  0.00000000E+00  0.14282588E+00  0.00000000E+00  0.00000000E+00  0.16812987E+09  0.00000000E+00  0.00000000E+00  0.00000000E+00  0.00000000E+00  0.00000000E+00  0.10000000E-01  0.10000000E+01
 0.95002000E-09  0.45313350E-02  0.00000000E+00  0.14450718E+00  0.00000000E+00  0.00000000E+00  0.16812987E+09  0.00000000E+00  0.00000000E+00  0.00000000E+00  0.00000000E+00  0.00000000E+00  0.10000000E-01  0.10000000E+01
 0.96002000E-09  0.45313350E-02  0.00000000E+00  0.14618848E+00  0.00000000E+00  0.00000000E+00  0.16812987E+09  0.00000000E+00  0.00000000E+00  0.00000000E+00  0.00000000E+00  0.00000000E+00  0.10000000E-01  0.10000000E+01
 0.97002000E-09  0.45313350E-02  0.00000000E+00  0.14786977E+00  0.00000000E+00  0.00000000E+00  0.16812987E+09  0.00000000E+00  0.00000000E+00  0.00000000E+00  0.00000000E+00  0.00000000E+00  0.10000000E-01  0.10000000E+01
 0.98002000E-09  0.45313350E-02  0.00000000E+00  0.14955107E+00  0.00000000E+00  0.00000000E+00  0.16812987E+09  0.00000000E+00  0.00000000E+00  0.00000000E+00  0.00000000E+00  0.00000000E+00  0.10000000E-01  0.10000000E+01
 0.99002000E-09  0.45313350E-02  0.00000000E+00  0.15123237E+00  0.00000000E+00  0.00000000E+00  0.16812987E+09  0.00000000E+00  0.00000000E+00  0.00000000E+00  0.00000000E+00  0.00000000E+00  0.10000000E-01  0.10000000E+01
 0.10000200E-08  0.45313350E-02  0.00000000E+00  0.15291367E+00  0.00000000E+00  0.00000000E+00  0.16812987E+09  0.00000000E+00  0.00000000E+00  0.00000000E+00  0.00000000E+00  0.00000000E+00  0.10000000E-01  0.10000000E+01
 0.10100200E-08  0.45313350E-02  0.00000000E+00  0.15459497E+00  0.00000000E+00  0.00000000E+00  0.16812987E+09  0.00000000E+00  0.00000000E+00  0.00000000E+00  0.00000000E+00  0.00000000E+00  0.10000000E-01  0.10000000E+01
 0.10200200E-08  0.45313350E-02  0.00000000E+00  0.15627627E+00  0.00000000E+00  0.00000000E+00  0.16812987E+09  0.00000000E+00  0.00000000E+00  0.00000000E+00  0.00000000E+00  0.00000000E+00  0.10000000E-01  0.10000000E+01
 0.10300200E-08  0.45313350E-02  0.00000000E+00  0.15795757E+00  0.00000000E+00  0.00000000E+00  0.16812987E+09  0.00000000E+00  0.00000000E+00  0.00000000E+00  0.00000000E+00  0.00000000E+00  0.10000000E-01  0.10000000E+01
 0.10400200E-08  0.45313350E-02  0.00000000E+00  0.15963887E+00  0.00000000E+00  0.00000000E+00  0.16812987E+09  0.00000000E+00  0.00000000E+00  0.00000000E+00  0.00000000E+00  0.00000000E+00  0.10000000E-01  0.10000000E+01
 0.10500200E-08  0.45313350E-02  0.00000000E+00  0.16132016E+00  0.00000000E+00  0.00000000E+00  0.16812987E+09  0.00000000E+00  0.00000000E+00  0.00000000E+00  0.00000000E+00  0.00000000E+00  0.10000000E-01  0.10000000E+01
 0.10600200E-08  0.45313350E-02  0.00000000E+00  0.16300146E+00  0.00000000E+00  0.00000000E+00  0.16812987E+09  0.00000000E+00  0.00000000E+00  0.00000000E+00  0.00000000E+00  0.00000000E+00  0.10000000E-01  0.10000000E+01
 0.10700200E-08  0.45313350E-02  0.00000000E+00  0.16468276E+00  0.00000000E+00  0.00000000E+00  0.16812987E+09  0.00000000E+00  0.00000000E+00  0.00000000E+00  0.00000000E+00  0.00000000E+00  0.10000000E-01  0.10000000E+01
 0.10800200E-08  0.45313350E-02  0.00000000E+00  0.16636406E+00  0.00000000E+00  0.00000000E+00  0.16812987E+09  0.00000000E+00  0.00000000E+00  0.00000000E+00  0.00000000E+00  0.00000000E+00  0.10000000E-01  0.10000000E+01
 0.10900200E-08  0.45313350E-02  0.00000000E+00  0.16804536E+00  0.00000000E+00  0.00000000E+00  0.16812987E+09  0.00000000E+00  0.00000000E+00  0.00000000E+00  0.00000000E+00  0.00000000E+00  0.10000000E-01  0.10000000E+01
 0.11000200E-08  0.45313350E-02  0.00000000E+00  0.16972666E+00  0.00000000E+00  0.00000000E+00  0.16812987E+09  0.00000000E+00  0.00000000E+00  0.00000000E+00  0.00000000E+00  0.00000000E+00  0.10000000E-01  0.10000000E+01
 0.11100200E-08  0.45313350E-02  0.00000000E+00  0.17140796E+00  0.00000000E+00  0.00000000E+00  0.16812987E+09  0.00000000E+00  0.00000000E+00  0.00000000E+00  0.00000000E+00  0.00000000E+00  0.10000000E-01  0.10000000E+01
 0.11200200E-08  0.45313350E-02  0.00000000E+00  0.17308925E+00  0.00000000E+00  0.00000000E+00  0.16812987E+09  0.00000000E+00  0.00000000E+00  0.00000000E+00  0.00000000E+00  0.00000000E+00  0.10000000E-01  0.10000000E+01
 0.11300200E-08  0.45313350E-02  0.00000000E+00  0.17477055E+00  0.00000000E+00  0.00000000E+00  0.16812987E+09  0.00000000E+00  0.00000000E+00  0.00000000E+00  0.00000000E+00  0.00000000E+00  0.10000000E-01  0.10000000E+01
 0.11400200E-08  0.45313350E-02  0.00000000E+00  0.17645185E+00  0.00000000E+00  0.00000000E+00  0.16812987E+09  0.00000000E+00  0.00000000E+00  0.00000000E+00  0.00000000E+00  0.00000000E+00  0.10000000E-01  0.10000000E+01
 0.11500200E-08  0.45313350E-02  0.00000000E+00  0.17813315E+00  0.00000000E+00  0.00000000E+00  0.16812987E+09  0.00000000E+00  0.00000000E+00  0.00000000E+00  0.00000000E+00  0.00000000E+00  0.10000000E-01  0.10000000E+01
 0.11600200E-08  0.45313350E-02  0.00000000E+00  0.17981445E+00  0.00000000E+00  0.00000000E+00  0.16812987E+09  0.00000000E+00  0.00000000E+00  0.00000000E+00  0.00000000E+00  0.00000000E+00  0.10000000E-01  0.10000000E+01
 0.11700200E-08  0.45313350E-02  0.00000000E+00  0.18149575E+00  0.00000000E+00  0.00000000E+00  0.16812987E+09  0.00000000E+00  0.00000000E+00  0.00000000E+00  0.00000000E+00  0.00000000E+00  0.10000000E-01  0.10000000E+01
 0.11800200E-08  0.45313350E-02  0.00000000E+00  0.18317705E+00  0.00000000E+00  0.00000000E+00  0.16812987E+09  0.00000000E+00  0.00000000E+00  0.00000000E+00  0.00000000E+00  0.00000000E+00  0.10000000E-01  0.10000000E+01
 0.11900200E-08  0.45313350E-02  0.00000000E+00  0.18485835E+00  0.00000000E+00  0.00000000E+00  0.16812987E+09  0.00000000E+00  0.00000000E+00  0.00000000E+00  0.00000000E+00  0.00000000E+00  0.10000000E-01  0.10000000E+01
 0.12000200E-08  0.45313350E-02  0.00000000E+00  0.18653964E+00  0.00000000E+00  0.00000000E+00  0.16812987E+09  0.00000000E+00  0.00000000E+00  0.00000000E+00  0.00000000E+00  0.00000000E+00  0.10000000E-01  0.10000000E+01
 0.12100200E-08  0.45313350E-02  0.00000000E+00  0.18822094E+00  0.00000000E+00  0.00000000E+00  0.16812987E+09  0.00000000E+00  0.00000000E+00  0.00000000E+00  0.00000000E+00  0.00000000E+00  0.10000000E-01  0.10000000E+01
 0.12200200E-08  0.45313350E-02  0.00000000E+00  0.18990224E+00  0.00000000E+00  0.00000000E+00  0.16812987E+09  0.00000000E+00  0.00000000E+00  0.00000000E+00  0.00000000E+00  0.00000000E+00  0.10000000E-01  0.10000000E+01
 0.12300200E-08  0.45313350E-02  0.00000000E+00  0.19158354E+00  0.00000000E+00  0.00000000E+00  0.16812987E+09  0.00000000E+00  0.00000000E+00  0.00000000E+00  0.00000000E+00  0.00000000E+00  0.10000000E-01  0.10000000E+01
 0.12400200E-08  0.45313350E-02  0.00000000E+00  0.19326484E+00  0.00000000E+00  0.00000000E+00  0.16812987E+09  0.00000000E+00  0.00000000E+00  0.00000000E+00  0.00000000E+00  0.00000000E+00  0.10000000E-01  0.10000000E+01
 0.12500200E-08  0.45313350E-02  0.00000000E+00  0.19494614E+00  0.00000000E+00  0.00000000E+00  0.16812987E+09  0.00000000E+00  0.00000000E+00  0.00000000E+00  0.00000000E+00  0.00000000E+00  0.10000000E-01  0.10000000E+01
 0.12600200E-08  0.45313350E-02  0.00000000E+00  0.19662744E+00  0.00000000E+00  0.00000000E+00  0.16812987E+09  0.00000000E+00  0.00000000E+00  0.00000000E+00  0.00000000E+00  0.00000000E+00  0.10000000E-01  0.10000000E+01
 0.12700200E-08  0.45313350E-02  0.00000000E+00  0.19830874E+00  0.00000000E+00  0.00000000E+00  0.16812987E+09  0.00000000E+00  0.00000000E+00  0.00000000E+00  0.00000000E+00  0.00000000E+00  0.10000000E-01  0.10000000E+01
 0.12800200E-08  0.45313350E-02  0.00000000E+00  0.19999003E+00  0.00000000E+00  0.00000000E+00  0.16812987E+09  0.00000000E+00  0.00000000E+00  0.00000000E+00  0.00000000E+00  0.00000000E+00  0.10000000E-01  0.10000000E+01
 0.12900200E-08  0.45313350E-02  0.00000000E+00  0.20167133E+00  0.00000000E+00  0.00000000E+00  0.16812987E+09  0.00000000E+00  0.00000000E+00  0.00000000E+00  0.00000000E+00  0.00000000E+00  0.10000000E-01  0.10000000E+01
 0.13000200E-08  0.45313350E-02  0.00000000E+00  0.20335263E+00  0.00000000E+00  0.00000000E+00  0.16812987E+09  0.00000000E+00  0.00000000E+00  0.00000000E+00  0.00000000E+00  0.00000000E+00  0.10000000E-01  0.10000000E+01
 0.13100200E-08  0.45313350E-02  0.00000000E+00  0.20503393E+00  0.00000000E+00  0.00000000E+00  0.16812987E+09  0.00000000E+00  0.00000000E+00  0.00000000E+00  0.00000000E+00  0.00000000E+00  0.10000000E-01  0.10000000E+01
 0.13200200E-08  0.45313350E-02  0.00000000E+00  0.20671523E+00  0.00000000E+00  0.00000000E+00  0.16812987E+09  0.00000000E+00  0.00000000E+00  0.00000000E+00  0.00000000E+00  0.00000000E+00  0.10000000E-01  0.10000000E+01
 0.13300200E-08  0.45313350E-02  0.00000000E+00  0.20839653E+00  0.00000000E+00  0.00000000E+00  0.16812987E+09  0.00000000E+00  0.00000000E+00  0.00000000E+00  0.00000000E+00  0.00000000E+00  0.10000000E-01  0.10000000E+01
 0.13400200E-08  0.45313350E-02  0.00000000E+00  0.21007783E+00  0.00000000E+00  0.00000000E+00  0.16812987E+09  0.00000000E+00  0.00000000E+00  0.00000000E+00  0.00000000E+00  0.00000000E+00  0.10000000E-01  0.10000000E+01
 0.13500200E-08  0.45313350E-02  0.00000000E+00  0.21175913E+00  0.00000000E+00  0.00000000E+00  0.16812987E+09  0.00000000E+00  0.00000000E+00  0.00000000E+00  0.00000000E+00  0.00000000E+00  0.10000000E-01  0.10000000E+01
 0.13600200E-08  0.45313350E-02  0.00000000E+00  0.21344042E+00  0.00000000E+00  0.00000000E+00  0.16812987E+09  0.00000000E+00  0.00000000E+00  0.00000000E+00  0.00000000E+00  0.00000000E+00  0.10000000E-01  0.10000000E+01
 0.13700200E-08  0.45313350E-02  0.00000000E+00  0.21512172E+00  0.00000000E+00  0.00000000E+00  0.16812987E+09  0.00000000E+00  0.00000000E+00  0.00000000E+00  0.00000000E+00  0.00000000E+00  0.10000000E-01  0.10000000E+01
 0.13800200E-08  0.45313350E-02  0.00000000E+00  0.21680302E+00  0.00000000E+00  0.00000000E+00  0.16812987E+09  0.00000000E+00  0.00000000E+00  0.00000000E+00  0.00000000E+00  0.00000000E+00  0.10000000E-01  0.10000000E+01
 0.13900200E-08  0.45313350E-02  0.00000000E+00  0.21848432E+00  0.00000000E+00  0.00000000E+00  0.16812987E+09  0.00000000E+00  0.00000000E+00  0.00000000E+00  0.00000000E+00  0.00000000E+00  0.10000000E-01  0.10000000E+01
 0.14000200E-08  0.45313350E-02  0.00000000E+00  0.22016562E+00  0.00000000E+00  0.00000000E+00  0.16812987E+09  0.00000000E+00  0.00000000E+00  0.00000000E+00  0.00000000E+00  0.00000000E+00  0.10000000E-01  0.10000000E+01
 0.14100200E-08  0.45313350E-02  0.00000000E+00  0.22184692E+00  0.00000000E+00  0.00000000E+00  0.16812987E+09  0.00000000E+00  0.00000000E+00  0.00000000E+00  0.00000000E+00  0.00000000E+00  0.10000000E-01  0.10000000E+01
 0.14200200E-08  0.45313350E-02  0.00000000E+00  0.22352822E+00  0.00000000E+00  0.00000000E+00  0.16812987E+09  0.00000000E+00  0.00000000E+00  0.00000000E+00  0.00000000E+00  0.00000000E+00  0.10000000E-01  0.10000000E+01
 0.14300200E-08  0.45313350E-02  0.00000000E+00  0.22520951E+00  0.00000000E+00  0.00000000E+00  0.16812987E+09  0.00000000E+00  0.00000000E+00  0.00000000E+00  0.00000000E+00  0.00000000E+00  0.10000000E-01  0.10000000E+01
 0.14400200E-08  0.45313350E-02  0.00000000E+00  0.22689081E+00  0.00000000E+00  0.00000000E+00  0.16812987E+09  0.00000000E+00  0.00000000E+00  0.00000000E+00  0.00000000E+00  0.00000000E+00  0.10000000E-01  0.10000000E+01
 0.14500200E-08  0.45313350E-02  0.00000000E+00  0.22857211E+00  0.00000000E+00  0.00000000E+00  0.16812987E+09  0.00000000E+00  0.00000000E+00  0.00000000E+00  0.00000000E+00  0.00000000E+00  0.10000000E-01  0.10000000E+01
 0.14600200E-08  0.45313350E-02  0.00000000E+00  0.23025341E+00  0.00000000E+00  0.00000000E+00  0.16812987E+09  0.00000000E+00  0.00000000E+00  0.00000000E+00  0.00000000E+00  0.00000000E+00  0.10000000E-01  0.10000000E+01
 0.14700200E-08  0.45313350E-02  0.00000000E+00  0.23193471E+00  0.00000000E+00  0.00000000E+00  0.16812987E+09  0.00000000E+00  0.00000000E+00  0.00000000E+00  0.00000000E+00  0.00000000E+00  0.10000000E-01  0.10000000E+01
 0.14800200E-08  0.45313350E-02  0.00000000E+00  0.23361601E+00  0.00000000E+00  0.00000000E+00  0.16812987E+09  0.00000000E+00  0.00000000E+00  0.00000000E+00  0.00000000E+00  0.00000000E+00  0.10000000E-01  0.10000000E+01
 0.14900200E-08  0.45313350E-02  0.00000000E+00  0.23529731E+00  0.00000000E+00  0.00000000E+00  0.16812987E+09  0.00000000E+00  0.00000000E+00  0.00000000E+00  0.00000000E+00  0.00000000E+00  0.10000000E-01  0.10000000E+01
 0.15000200E-08  0.45313350E-02  0.00000000E+00  0.23697861E+00  0.00000000E+00  0.00000000E+00  0.16812987E+09  0.00000000E+00  0.00000000E+00  0.00000000E+00  0.00000000E+00  0.00000000E+00  0.10000000E-01  0.10000000E+01
 0.15100200E-08  0.45313350E-02  0.00000000E+00  0.23865990E+00  0.00000000E+00  0.00000000E+00  0.16812987E+09  0.00000000E+00  0.00000000E+00  0.00000000E+00  0.00000000E+00  0.00000000E+00  0.10000000E-01  0.10000000E+01
 0.15200200E-08  0.45313350E-02  0.00000000E+00  0.24034120E+00  0.00000000E+00  0.00000000E+00  0.16812987E+09  0.00000000E+00  0.00000000E+00  0.00000000E+00  0.00000000E+00  0.00000000E+00  0.10000000E-01  0.10000000E+01
 0.15300200E-08  0.45313350E-02  0.00000000E+00  0.24202250E+00  0.00000000E+00  0.00000000E+00  0.16812987E+09  0.00000000E+00  0.00000000E+00  0.00000000E+00  0.00000000E+00  0.00000000E+00  0.10000000E-01  0.10000000E+01
 0.15400200E-08  0.45313350E-02  0.00000000E+00  0.24370380E+00  0.00000000E+00  0.00000000E+00  0.16812987E+09  0.00000000E+00  0.00000000E+00  0.00000000E+00  0.00000000E+00  0.00000000E+00  0.10000000E-01  0.10000000E+01
 0.15500200E-08  0.45313350E-02  0.00000000E+00  0.24538510E+00  0.00000000E+00  0.00000000E+00  0.16812987E+09  0.00000000E+00  0.00000000E+00  0.00000000E+00  0.00000000E+00  0.00000000E+00  0.10000000E-01  0.10000000E+01
 0.15600200E-08  0.45313350E-02  0.00000000E+00  0.24706640E+00  0.00000000E+00  0.00000000E+00  0.16812987E+09  0.00000000E+00  0.00000000E+00  0.00000000E+00  0.00000000E+00  0.00000000E+00  0.10000000E-01  0.10000000E+01
 0.15700200E-08  0.45313350E-02  0.00000000E+00  0.24874770E+00  0.00000000E+00  0.00000000E+00  0.16812987E+09  0.00000000E+00  0.00000000E+00  0.00000000E+00  0.00000000E+00  0.00000000E+00  0.10000000E-01  0.10000000E+01
 0.15800200E-08  0.45313350E-02  0.00000000E+00  0.25042900E+00  0.00000000E+00  0.00000000E+00  0.16812987E+09  0.00000000E+00  0.00000000E+00  0.00000000E+00  0.00000000E+00  0.00000000E+00  0.10000000E-01  0.10000000E+01
 0.15900200E-08  0.45313350E-02  0.00000000E+00  0.25211029E+00  0.00000000E+00  0.00000000E+00  0.16812987E+09  0.00000000E+00  0.00000000E+00  0.00000000E+00  0.00000000E+00  0.00000000E+00  0.10000000E-01  0.10000000E+01
 0.16000200E-08  0.45313350E-02  0.00000000E+00  0.25379159E+00  0.00000000E+00  0.00000000E+00  0.16812987E+09  0.00000000E+00  0.00000000E+00  0.00000000E+00  0.00000000E+00  0.00000000E+00  0.10000000E-01  0.10000000E+01
 0.16100200E-08  0.45313350E-02  0.00000000E+00  0.25547289E+00  0.00000000E+00  0.00000000E+00  0.16812987E+09  0.00000000E+00  0.00000000E+00  0.00000000E+00  0.00000000E+00  0.00000000E+00  0.10000000E-01  0.10000000E+01
 0.16200200E-08  0.45313350E-02  0.00000000E+00  0.25715419E+00  0.00000000E+00  0.00000000E+00  0.16812987E+09  0.00000000E+00  0.00000000E+00  0.00000000E+00  0.00000000E+00  0.00000000E+00  0.10000000E-01  0.10000000E+01
 0.16300200E-08  0.45313350E-02  0.00000000E+00  0.25883549E+00  0.00000000E+00  0.00000000E+00  0.16812987E+09  0.00000000E+00  0.00000000E+00  0.00000000E+00  0.00000000E+00  0.00000000E+00  0.10000000E-01  0.10000000E+01
 0.16400200E-08  0.45313350E-02  0.00000000E+00  0.26051679E+00  0.00000000E+00  0.00000000E+00  0.16812987E+09  0.00000000E+00  0.00000000E+00  0.00000000E+00  0.00000000E+00  0.00000000E+00  0.10000000E-01  0.10000000E+01
 0.16500200E-08  0.45313350E-02  0.00000000E+00  0.26219809E+00  0.00000000E+00  0.00000000E+00  0.16812987E+09  0.00000000E+00  0.00000000E+00  0.00000000E+00  0.00000000E+00  0.00000000E+00  0.10000000E-01  0.10000000E+01
 0.16600200E-08  0.45313350E-02  0.00000000E+00  0.26387938E+00  0.00000000E+00  0.00000000E+00  0.16812987E+09  0.00000000E+00  0.00000000E+00  0.00000000E+00  0.00000000E+00  0.00000000E+00  0.10000000E-01  0.10000000E+01
 0.16700200E-08  0.45313350E-02  0.00000000E+00  0.26556068E+00  0.00000000E+00  0.00000000E+00  0.16812987E+09  0.00000000E+00  0.00000000E+00  0.00000000E+00  0.00000000E+00  0.00000000E+00  0.10000000E-01  0.10000000E+01
 0.16800200E-08  0.45313350E-02  0.00000000E+00  0.26724198E+00  0.00000000E+00  0.00000000E+00  0.16812987E+09  0.00000000E+00  0.00000000E+00  0.00000000E+00  0.00000000E+00  0.00000000E+00  0.10000000E-01  0.10000000E+01
 0.16900200E-08  0.45313350E-02  0.00000000E+00  0.26892328E+00  0.00000000E+00  0.00000000E+00  0.16812987E+09  0.00000000E+00  0.00000000E+00  0.00000000E+00  0.00000000E+00  0.00000000E+00  0.10000000E-01  0.10000000E+01
 0.17000200E-08  0.45313350E-02  0.00000000E+00  0.27060458E+00  0.00000000E+00  0.00000000E+00  0.16812987E+09  0.00000000E+00  0.00000000E+00  0.00000000E+00  0.00000000E+00  0.00000000E+00  0.10000000E-01  0.10000000E+01
 0.17100200E-08  0.45313350E-02  0.00000000E+00  0.27228588E+00  0.00000000E+00  0.00000000E+00  0.16812987E+09  0.00000000E+00  0.00000000E+00  0.00000000E+00  0.00000000E+00  0.00000000E+00  0.10000000E-01  0.10000000E+01
 0.17200200E-08  0.45313350E-02  0.00000000E+00  0.27396718E+00  0.00000000E+00  0.00000000E+00  0.16812987E+09  0.00000000E+00  0.00000000E+00  0.00000000E+00  0.00000000E+00  0.00000000E+00  0.10000000E-01  0.10000000E+01
 0.17300200E-08  0.45313350E-02  0.00000000E+00  0.27564848E+00  0.00000000E+00  0.00000000E+00  0.16812987E+09  0.00000000E+00  0.00000000E+00  0.00000000E+00  0.00000000E+00  0.00000000E+00  0.10000000E-01  0.10000000E+01
 0.17400200E-08  0.45313350E-02  0.00000000E+00  0.27732977E+00  0.00000000E+00  0.00000000E+00  0.16812987E+09  0.00000000E+00  0.00000000E+00  0.00000000E+00  0.00000000E+00  0.00000000E+00  0.10000000E-01  0.10000000E+01
 0.17500200E-08  0.45313350E-02  0.00000000E+00  0.27901107E+00  0.00000000E+00  0.00000000E+00  0.16812987E+09  0.00000000E+00  0.00000000E+00  0.00000000E+00  0.00000000E+00  0.00000000E+00  0.10000000E-01  0.10000000E+01
 0.17600200E-08  0.45313350E-02  0.00000000E+00  0.28069237E+00  0.00000000E+00  0.00000000E+00  0.16812987E+09  0.00000000E+00  0.00000000E+00  0.00000000E+00  0.00000000E+00  0.00000000E+00  0.10000000E-01  0.10000000E+01
 0.17700200E-08  0.45313350E-02  0.00000000E+00  0.28237367E+00  0.00000000E+00  0.00000000E+00  0.16812987E+09  0.00000000E+00  0.00000000E+00  0.00000000E+00  0.00000000E+00  0.00000000E+00  0.10000000E-01  0.10000000E+01
 0.17800200E-08  0.45313350E-02  0.00000000E+00  0.28405497E+00  0.00000000E+00  0.00000000E+00  0.16812987E+09  0.00000000E+00  0.00000000E+00  0.00000000E+00  0.00000000E+00  0.00000000E+00  0.10000000E-01  0.10000000E+01
 0.17900200E-08  0.45313350E-02  0.00000000E+00  0.28573627E+00  0.00000000E+00  0.00000000E+00  0.16812987E+09  0.00000000E+00  0.00000000E+00  0.00000000E+00  0.00000000E+00  0.00000000E+00  0.10000000E-01  0.10000000E+01
 0.18000200E-08  0.45313350E-02  0.00000000E+00  0.28741757E+00  0.00000000E+00  0.00000000E+00  0.16812987E+09  0.00000000E+00  0.00000000E+00  0.00000000E+00  0.00000000E+00  0.00000000E+00  0.10000000E-01  0.10000000E+01
 0.18100200E-08  0.45313350E-02  0.00000000E+00  0.28909887E+00  0.00000000E+00  0.00000000E+00  0.16812987E+09  0.00000000E+00  0.00000000E+00  0.00000000E+00  0.00000000E+00  0.00000000E+00  0.10000000E-01  0.10000000E+01
 0.18200200E-08  0.45313350E-02  0.00000000E+00  0.29078016E+00  0.00000000E+00  0.00000000E+00  0.16812987E+09  0.00000000E+00  0.00000000E+00  0.00000000E+00  0.00000000E+00  0.00000000E+00  0.10000000E-01  0.10000000E+01
 0.18300200E-08  0.45313350E-02  0.00000000E+00  0.29246146E+00  0.00000000E+00  0.00000000E+00  0.16812987E+09  0.00000000E+00  0.00000000E+00  0.00000000E+00  0.00000000E+00  0.00000000E+00  0.10000000E-01  0.10000000E+01
 0.18400200E-08  0.45313350E-02  0.00000000E+00  0.29414276E+00  0.00000000E+00  0.00000000E+00  0.16812987E+09  0.00000000E+00  0.00000000E+00  0.00000000E+00  0.00000000E+00  0.00000000E+00  0.10000000E-01  0.10000000E+01
 0.18500200E-08  0.45313350E-02  0.00000000E+00  0.29582406E+00  0.00000000E+00  0.00000000E+00  0.16812987E+09  0.00000000E+00  0.00000000E+00  0.00000000E+00  0.00000000E+00  0.00000000E+00  0.10000000E-01  0.10000000E+01
 0.18600200E-08  0.45313350E-02  0.00000000E+00  0.29750536E+00  0.00000000E+00  0.00000000E+00  0.16812987E+09  0.00000000E+00  0.00000000E+00  0.00000000E+00  0.00000000E+00  0.00000000E+00  0.10000000E-01  0.10000000E+01
 0.18700200E-08  0.45313350E-02  0.00000000E+00  0.29918666E+00  0.00000000E+00  0.00000000E+00  0.16812987E+09  0.00000000E+00  0.00000000E+00  0.00000000E+00  0.00000000E+00  0.00000000E+00  0.10000000E-01  0.10000000E+01
 0.18800200E-08  0.45313350E-02  0.00000000E+00  0.30086796E+00  0.00000000E+00  0.00000000E+00  0.16812987E+09  0.00000000E+00  0.00000000E+00  0.00000000E+00  0.00000000E+00  0.00000000E+00  0.10000000E-01  0.10000000E+01
 0.18900200E-08  0.45313350E-02  0.00000000E+00  0.30254925E+00  0.00000000E+00  0.00000000E+00  0.16812987E+09  0.00000000E+00  0.00000000E+00  0.00000000E+00  0.00000000E+00  0.00000000E+00  0.10000000E-01  0.10000000E+01
 0.19000200E-08  0.45313350E-02  0.00000000E+00  0.30423055E+00  0.00000000E+00  0.00000000E+00  0.16812987E+09  0.00000000E+00  0.00000000E+00  0.00000000E+00  0.00000000E+00  0.00000000E+00  0.10000000E-01  0.10000000E+01
 0.19100200E-08  0.45313350E-02  0.00000000E+00  0.30591185E+00  0.00000000E+00  0.00000000E+00  0.16812987E+09  0.00000000E+00  0.00000000E+00  0.00000000E+00  0.00000000E+00  0.00000000E+00  0.10000000E-01  0.10000000E+01
 0.19200200E-08  0.45313350E-02  0.00000000E+00  0.30759315E+00  0.00000000E+00  0.00000000E+00  0.16812987E+09  0.00000000E+00  0.00000000E+00  0.00000000E+00  0.00000000E+00  0.00000000E+00  0.10000000E-01  0.10000000E+01
 0.19300200E-08  0.45313350E-02  0.00000000E+00  0.30927445E+00  0.00000000E+00  0.00000000E+00  0.16812987E+09  0.00000000E+00  0.00000000E+00  0.00000000E+00  0.00000000E+00  0.00000000E+00  0.10000000E-01  0.10000000E+01
 0.19400200E-08  0.45313350E-02  0.00000000E+00  0.31095575E+00  0.00000000E+00  0.00000000E+00  0.16812987E+09  0.00000000E+00  0.00000000E+00  0.00000000E+00  0.00000000E+00  0.00000000E+00  0.10000000E-01  0.10000000E+01
 0.19500200E-08  0.45313350E-02  0.00000000E+00  0.31263705E+00  0.00000000E+00  0.00000000E+00  0.16812987E+09  0.00000000E+00  0.00000000E+00  0.00000000E+00  0.00000000E+00  0.00000000E+00  0.10000000E-01  0.10000000E+01
 0.19600200E-08  0.45313350E-02  0.00000000E+00  0.31431835E+00  0.00000000E+00  0.00000000E+00  0.16812987E+09  0.00000000E+00  0.00000000E+00  0.00000000E+00  0.00000000E+00  0.00000000E+00  0.10000000E-01  0.10000000E+01
 0.19700200E-08  0.45313350E-02  0.00000000E+00  0.31599964E+00  0.00000000E+00  0.00000000E+00  0.16812987E+09  0.00000000E+00  0.00000000E+00  0.00000000E+00  0.00000000E+00  0.00000000E+00  0.10000000E-01  0.10000000E+01
 0.19800200E-08  0.45313350E-02  0.00000000E+00  0.31768094E+00  0.00000000E+00  0.00000000E+00  0.16812987E+09  0.00000000E+00  0.00000000E+00  0.00000000E+00  0.00000000E+00  0.00000000E+00  0.10000000E-01  0.10000000E+01
 0.19900200E-08  0.45313350E-02  0.00000000E+00  0.31936224E+00  0.00000000E+00  0.00000000E+00  0.16812987E+09  0.00000000E+00  0.00000000E+00  0.00000000E+00  0.00000000E+00  0.00000000E+00  0.10000000E-01  0.10000000E+01
