# ptime xp yp zp vx vy vz ex ey ez bx by bz wt
 0.20000000E-13  0.13968058E-01  0.00000000E+00 -0.18861153E-01  0.00000000E+00  0.00000000E+00  0.17125180E+09  0.00000000E+00  0.00000000E+00  0.00000000E+00  0.00000000E+00  0.00000000E+00  0.10000000E-01  0.10000000E+01
 0.10000000E-10  0.13968058E-01  0.00000000E+00 -0.17152060E-01  0.00000000E+00  0.00000000E+00  0.17125180E+09  0.00000000E+00  0.00000000E+00  0.00000000E+00  0.00000000E+00  0.00000000E+00  0.10000000E-01  0.10000000E+01
 0.20000000E-10  0.13968058E-01  0.00000000E+00 -0.15439542E-01  0.00000000E+00  0.00000000E+00  0.17125180E+09  0.00000000E+00  0.00000000E+00  0.00000000E+00  0.00000000E+00  0.00000000E+00  0.10000000E-01  0.10000000E+01
 0.30000000E-10  0.13968058E-01  0.00000000E+00 -0.13727024E-01  0.00000000E+00  0.00000000E+00  0.17125180E+09  0.00000000E+00  0.00000000E+00  0.00000000E+00  0.00000000E+00  0.00000000E+00  0.10000000E-01  0.10000000E+01
 0.40020000E-10  0.13968058E-01  0.00000000E+00 -0.12011081E-01  0.00000000E+00  0.00000000E+00  0.17125180E+09  0.00000000E+00  0.00000000E+00  0.00000000E+00  0.00000000E+00  0.00000000E+00  0.10000000E-01  0.10000000E+01
 0.50020000E-10  0.13968058E-01  0.00000000E+00 -0.10298563E-01  0.00000000E+00  0.00000000E+00  0.17125180E+09  0.00000000E+00  0.00000000E+00  0.00000000E+00  0.00000000E+00  0.00000000E+00  0.10000000E-01  0.10000000E+01
 0.60020000E-10  0.13968058E-01  0.00000000E+00 -0.85860452E-02  0.00000000E+00  0.00000000E+00  0.17125180E+09  0.00000000E+00  0.00000000E+00  0.00000000E+00  0.00000000E+00  0.00000000E+00  0.10000000E-01  0.10000000E+01
 0.70020000E-10  0.13968058E-01  0.00000000E+00 -0.68735272E-02  0.00000000E+00  0.00000000E+00  0.17125180E+09  0.00000000E+00  0.00000000E+00  0.00000000E+00  0.00000000E+00  0.00000000E+00  0.10000000E-01  0.10000000E+01
 0.80000000E-10  0.13968058E-01  0.00000000E+00 -0.51644343E-02  0.00000000E+00  0.00000000E+00  0.17125180E+09  0.00000000E+00  0.00000000E+00  0.00000000E+00  0.00000000E+00  0.00000000E+00  0.10000000E-01  0.10000000E+01
 0.90000000E-10  0.13968058E-01  0.00000000E+00 -0.34519163E-02  0.00000000E+00  0.00000000E+00  0.17125180E+09  0.00000000E+00  0.00000000E+00  0.00000000E+00  0.00000000E+00  0.00000000E+00  0.10000000E-01  0.10000000E+01
 0.10000000E-09  0.13968058E-01  0.00000000E+00 -0.17393983E-02  0.00000000E+00  0.00000000E+00  0.17125180E+09  0.00000000E+00  0.00000000E+00  0.00000000E+00  0.00000000E+00  0.00000000E+00  0.10000000E-01  0.10000000E+01
 0.11000000E-09  0.13968058E-01  0.00000000E+00 -0.26880310E-04  0.00000000E+00  0.00000000E+00  0.17125180E+09  0.00000000E+00  0.00000000E+00  0.00000000E+00  0.00000000E+00  0.00000000E+00  0.10000000E-01  0.10000000E+01
 0.12000000E-09  0.13968058E-01  0.00000000E+00  0.16856377E-02  0.00000000E+00  0.00000000E+00  0.17125180E+09  0.00000000E+00  0.00000000E+00  0.00000000E+00  0.00000000E+00  0.00000000E+00  0.10000000E-01  0.10000000E+01
 0.13000000E-09  0.13968058E-01  0.00000000E+00  0.33981557E-02  0.00000000E+00  0.00000000E+00  0.17125180E+09  0.00000000E+00  0.00000000E+00  0.00000000E+00  0.00000000E+00  0.00000000E+00  0.10000000E-01  0.10000000E+01
 0.14002000E-09  0.13968058E-01  0.00000000E+00  0.51140987E-02  0.00000000E+00  0.00000000E+00  0.17125180E+09  0.00000000E+00  0.00000000E+00  0.00000000E+00  0.00000000E+00  0.00000000E+00  0.10000000E-01  0.10000000E+01
 0.15002000E-09  0.13968058E-01  0.00000000E+00  0.68266167E-02  0.00000000E+00  0.00000000E+00  0.17125180E+09  0.00000000E+00  0.00000000E+00  0.00000000E+00  0.00000000E+00  0.00000000E+00  0.10000000E-01  0.10000000E+01
 0.16002000E-09  0.13968058E-01  0.00000000E+00  0.85391347E-02  0.00000000E+00  0.00000000E+00  0.17125180E+09  0.00000000E+00  0.00000000E+00  0.00000000E+00  0.00000000E+00  0.00000000E+00  0.10000000E-01  0.10000000E+01
 0.17002000E-09  0.13968058E-01  0.00000000E+00  0.10251653E-01  0.00000000E+00  0.00000000E+00  0.17125180E+09  0.00000000E+00  0.00000000E+00  0.00000000E+00  0.00000000E+00  0.00000000E+00  0.10000000E-01  0.10000000E+01
 0.18002000E-09  0.13968058E-01  0.00000000E+00  0.11964171E-01  0.00000000E+00  0.00000000E+00  0.17125180E+09  0.00000000E+00  0.00000000E+00  0.00000000E+00  0.00000000E+00  0.00000000E+00  0.10000000E-01  0.10000000E+01
 0.19002000E-09  0.13968058E-01  0.00000000E+00  0.13676689E-01  0.00000000E+00  0.00000000E+00  0.17125180E+09  0.00000000E+00  0.00000000E+00  0.00000000E+00  0.00000000E+00  0.00000000E+00  0.10000000E-01  0.10000000E+01
 0.20002000E-09  0.13968058E-01  0.00000000E+00  0.15389207E-01  0.00000000E+00  0.00000000E+00  0.17125180E+09  0.00000000E+00  0.00000000E+00  0.00000000E+00  0.00000000E+00  0.00000000E+00  0.10000000E-01  0.10000000E+01
 0.21002000E-09  0.13968058E-01  0.00000000E+00  0.17101725E-01  0.00000000E+00  0.00000000E+00  0.17125180E+09  0.00000000E+00  0.00000000E+00  0.00000000E+00  0.00000000E+00  0.00000000E+00  0.10000000E-01  0.10000000E+01
 0.22002000E-09  0.13968058E-01  0.00000000E+00  0.18814243E-01  0.00000000E+00  0.00000000E+00  0.17125180E+09  0.00000000E+00  0.00000000E+00  0.00000000E+00  0.00000000E+00  0.00000000E+00  0.10000000E-01  0.10000000E+01
 0.23002000E-09  0.13968058E-01  0.00000000E+00  0.20526761E-01  0.00000000E+00  0.00000000E+00  0.17125180E+09  0.00000000E+00  0.00000000E+00  0.00000000E+00  0.00000000E+00  0.00000000E+00  0.10000000E-01  0.10000000E+01
 0.24002000E-09  0.13968058E-01  0.00000000E+00  0.22239279E-01  0.00000000E+00  0.00000000E+00  0.17125180E+09  0.00000000E+00  0.00000000E+00  0.00000000E+00  0.00000000E+00  0.00000000E+00  0.10000000E-01  0.10000000E+01
 0.25002000E-09  0.13968058E-01  0.00000000E+00  0.23951797E-01  0.00000000E+00  0.00000000E+00  0.17125180E+09  0.00000000E+00  0.00000000E+00  0.00000000E+00  0.00000000E+00  0.00000000E+00  0.10000000E-01  0.10000000E+01
 0.26002000E-09  0.13968058E-01  0.00000000E+00  0.25664315E-01  0.00000000E+00  0.00000000E+00  0.17125180E+09  0.00000000E+00  0.00000000E+00  0.00000000E+00  0.00000000E+00  0.00000000E+00  0.10000000E-01  0.10000000E+01
 0.27002000E-09  0.13968058E-01  0.00000000E+00  0.27376833E-01  0.00000000E+00  0.00000000E+00  0.17125180E+09  0.00000000E+00  0.00000000E+00  0.00000000E+00  0.00000000E+00  0.00000000E+00  0.10000000E-01  0.10000000E+01
 0.28002000E-09  0.13968058E-01  0.00000000E+00  0.29089351E-01  0.00000000E+00  0.00000000E+00  0.17125180E+09  0.00000000E+00  0.00000000E+00  0.00000000E+00  0.00000000E+00  0.00000000E+00  0.10000000E-01  0.10000000E+01
 0.29002000E-09  0.13968058E-01  0.00000000E+00  0.30801869E-01  0.00000000E+00  0.00000000E+00  0.17125180E+09  0.00000000E+00  0.00000000E+00  0.00000000E+00  0.00000000E+00  0.00000000E+00  0.10000000E-01  0.10000000E+01
 0.30000000E-09  0.13968058E-01  0.00000000E+00  0.32510962E-01  0.00000000E+00  0.00000000E+00  0.17125180E+09  0.00000000E+00  0.00000000E+00  0.00000000E+00  0.00000000E+00  0.00000000E+00  0.10000000E-01  0.10000000E+01
 0.31000000E-09  0.13968058E-01  0.00000000E+00  0.34223479E-01  0.00000000E+00  0.00000000E+00  0.17125180E+09  0.00000000E+00  0.00000000E+00  0.00000000E+00  0.00000000E+00  0.00000000E+00  0.10000000E-01  0.10000000E+01
 0.32000000E-09  0.13968058E-01  0.00000000E+00  0.35935997E-01  0.00000000E+00  0.00000000E+00  0.17125180E+09  0.00000000E+00  0.00000000E+00  0.00000000E+00  0.00000000E+00  0.00000000E+00  0.10000000E-01  0.10000000E+01
 0.33000000E-09  0.13968058E-01  0.00000000E+00  0.37648515E-01  0.00000000E+00  0.00000000E+00  0.17125180E+09  0.00000000E+00  0.00000000E+00  0.00000000E+00  0.00000000E+00  0.00000000E+00  0.10000000E-01  0.10000000E+01
 0.34000000E-09  0.13968058E-01  0.00000000E+00  0.39361033E-01  0.00000000E+00  0.00000000E+00  0.17125180E+09  0.00000000E+00  0.00000000E+00  0.00000000E+00  0.00000000E+00  0.00000000E+00  0.10000000E-01  0.10000000E+01
 0.35000000E-09  0.13968058E-01  0.00000000E+00  0.41073551E-01  0.00000000E+00  0.00000000E+00  0.17125180E+09  0.00000000E+00  0.00000000E+00  0.00000000E+00  0.00000000E+00  0.00000000E+00  0.10000000E-01  0.10000000E+01
 0.36000000E-09  0.13968058E-01  0.00000000E+00  0.42786069E-01  0.00000000E+00  0.00000000E+00  0.17125180E+09  0.00000000E+00  0.00000000E+00  0.00000000E+00  0.00000000E+00  0.00000000E+00  0.10000000E-01  0.10000000E+01
 0.37000000E-09  0.13968058E-01  0.00000000E+00  0.44498587E-01  0.00000000E+00  0.00000000E+00  0.17125180E+09  0.00000000E+00  0.00000000E+00  0.00000000E+00  0.00000000E+00  0.00000000E+00  0.10000000E-01  0.10000000E+01
 0.38000000E-09  0.13968058E-01  0.00000000E+00  0.46211105E-01  0.00000000E+00  0.00000000E+00  0.17125180E+09  0.00000000E+00  0.00000000E+00  0.00000000E+00  0.00000000E+00  0.00000000E+00  0.10000000E-01  0.10000000E+01
 0.39000000E-09  0.13968058E-01  0.00000000E+00  0.47923623E-01  0.00000000E+00  0.00000000E+00  0.17125180E+09  0.00000000E+00  0.00000000E+00  0.00000000E+00  0.00000000E+00  0.00000000E+00  0.10000000E-01  0.10000000E+01
 0.40000000E-09  0.13968058E-01  0.00000000E+00  0.49636141E-01  0.00000000E+00  0.00000000E+00  0.17125180E+09  0.00000000E+00  0.00000000E+00  0.00000000E+00  0.00000000E+00  0.00000000E+00  0.10000000E-01  0.10000000E+01
 0.41000000E-09  0.13968058E-01  0.00000000E+00  0.51348659E-01  0.00000000E+00  0.00000000E+00  0.17125180E+09  0.00000000E+00  0.00000000E+00  0.00000000E+00  0.00000000E+00  0.00000000E+00  0.10000000E-01  0.10000000E+01
 0.42000000E-09  0.13968058E-01  0.00000000E+00  0.53061177E-01  0.00000000E+00  0.00000000E+00  0.17125180E+09  0.00000000E+00  0.00000000E+00  0.00000000E+00  0.00000000E+00  0.00000000E+00  0.10000000E-01  0.10000000E+01
 0.43000000E-09  0.13968058E-01  0.00000000E+00  0.54773695E-01  0.00000000E+00  0.00000000E+00  0.17125180E+09  0.00000000E+00  0.00000000E+00  0.00000000E+00  0.00000000E+00  0.00000000E+00  0.10000000E-01  0.10000000E+01
 0.44000000E-09  0.13968058E-01  0.00000000E+00  0.56486213E-01  0.00000000E+00  0.00000000E+00  0.17125180E+09  0.00000000E+00  0.00000000E+00  0.00000000E+00  0.00000000E+00  0.00000000E+00  0.10000000E-01  0.10000000E+01
 0.45000000E-09  0.13968058E-01  0.00000000E+00  0.58198731E-01  0.00000000E+00  0.00000000E+00  0.17125180E+09  0.00000000E+00  0.00000000E+00  0.00000000E+00  0.00000000E+00  0.00000000E+00  0.10000000E-01  0.10000000E+01
 0.46000000E-09  0.13968058E-01  0.00000000E+00  0.59911249E-01  0.00000000E+00  0.00000000E+00  0.17125180E+09  0.00000000E+00  0.00000000E+00  0.00000000E+00  0.00000000E+00  0.00000000E+00  0.10000000E-01  0.10000000E+01
 0.47000000E-09  0.13968058E-01  0.00000000E+00  0.61623767E-01  0.00000000E+00  0.00000000E+00  0.17125180E+09  0.00000000E+00  0.00000000E+00  0.00000000E+00  0.00000000E+00  0.00000000E+00  0.10000000E-01  0.10000000E+01
 0.48000000E-09  0.13968058E-01  0.00000000E+00  0.63336285E-01  0.00000000E+00  0.00000000E+00  0.17125180E+09  0.00000000E+00  0.00000000E+00  0.00000000E+00  0.00000000E+00  0.00000000E+00  0.10000000E-01  0.10000000E+01
 0.49000000E-09  0.13968058E-01  0.00000000E+00  0.65048803E-01  0.00000000E+00  0.00000000E+00  0.17125180E+09  0.00000000E+00  0.00000000E+00  0.00000000E+00  0.00000000E+00  0.00000000E+00  0.10000000E-01  0.10000000E+01
 0.50000000E-09  0.13968058E-01  0.00000000E+00  0.66761321E-01  0.00000000E+00  0.00000000E+00  0.17125180E+09  0.00000000E+00  0.00000000E+00  0.00000000E+00  0.00000000E+00  0.00000000E+00  0.10000000E-01  0.10000000E+01
 0.51000000E-09  0.13968058E-01  0.00000000E+00  0.68473839E-01  0.00000000E+00  0.00000000E+00  0.17125180E+09  0.00000000E+00  0.00000000E+00  0.00000000E+00  0.00000000E+00  0.00000000E+00  0.10000000E-01  0.10000000E+01
 0.52000000E-09  0.13968058E-01  0.00000000E+00  0.70186357E-01  0.00000000E+00  0.00000000E+00  0.17125180E+09  0.00000000E+00  0.00000000E+00  0.00000000E+00  0.00000000E+00  0.00000000E+00  0.10000000E-01  0.10000000E+01
 0.53000000E-09  0.13968058E-01  0.00000000E+00  0.71898875E-01  0.00000000E+00  0.00000000E+00  0.17125180E+09  0.00000000E+00  0.00000000E+00  0.00000000E+00  0.00000000E+00  0.00000000E+00  0.10000000E-01  0.10000000E+01
 0.54000000E-09  0.13968058E-01  0.00000000E+00  0.73611393E-01  0.00000000E+00  0.00000000E+00  0.17125180E+09  0.00000000E+00  0.00000000E+00  0.00000000E+00  0.00000000E+00  0.00000000E+00  0.10000000E-01  0.10000000E+01
 0.55002000E-09  0.13968058E-01  0.00000000E+00  0.75327336E-01  0.00000000E+00  0.00000000E+00  0.17125180E+09  0.00000000E+00  0.00000000E+00  0.00000000E+00  0.00000000E+00  0.00000000E+00  0.10000000E-01  0.10000000E+01
 0.56002000E-09  0.13968058E-01  0.00000000E+00  0.77039854E-01  0.00000000E+00  0.00000000E+00  0.17125180E+09  0.00000000E+00  0.00000000E+00  0.00000000E+00  0.00000000E+00  0.00000000E+00  0.10000000E-01  0.10000000E+01
 0.57002000E-09  0.13968058E-01  0.00000000E+00  0.78752372E-01  0.00000000E+00  0.00000000E+00  0.17125180E+09  0.00000000E+00  0.00000000E+00  0.00000000E+00  0.00000000E+00  0.00000000E+00  0.10000000E-01  0.10000000E+01
 0.58002000E-09  0.13968058E-01  0.00000000E+00  0.80464890E-01  0.00000000E+00  0.00000000E+00  0.17125180E+09  0.00000000E+00  0.00000000E+00  0.00000000E+00  0.00000000E+00  0.00000000E+00  0.10000000E-01  0.10000000E+01
 0.59002000E-09  0.13968058E-01  0.00000000E+00  0.82177408E-01  0.00000000E+00  0.00000000E+00  0.17125180E+09  0.00000000E+00  0.00000000E+00  0.00000000E+00  0.00000000E+00  0.00000000E+00  0.10000000E-01  0.10000000E+01
 0.60002000E-09  0.13968058E-01  0.00000000E+00  0.83889926E-01  0.00000000E+00  0.00000000E+00  0.17125180E+09  0.00000000E+00  0.00000000E+00  0.00000000E+00  0.00000000E+00  0.00000000E+00  0.10000000E-01  0.10000000E+01
 0.61002000E-09  0.13968058E-01  0.00000000E+00  0.85602444E-01  0.00000000E+00  0.00000000E+00  0.17125180E+09  0.00000000E+00  0.00000000E+00  0.00000000E+00  0.00000000E+00  0.00000000E+00  0.10000000E-01  0.10000000E+01
 0.62002000E-09  0.13968058E-01  0.00000000E+00  0.87314962E-01  0.00000000E+00  0.00000000E+00  0.17125180E+09  0.00000000E+00  0.00000000E+00  0.00000000E+00  0.00000000E+00  0.00000000E+00  0.10000000E-01  0.10000000E+01
 0.63002000E-09  0.13968058E-01  0.00000000E+00  0.89027480E-01  0.00000000E+00  0.00000000E+00  0.17125180E+09  0.00000000E+00  0.00000000E+00  0.00000000E+00  0.00000000E+00  0.00000000E+00  0.10000000E-01  0.10000000E+01
 0.64002000E-09  0.13968058E-01  0.00000000E+00  0.90739998E-01  0.00000000E+00  0.00000000E+00  0.17125180E+09  0.00000000E+00  0.00000000E+00  0.00000000E+00  0.00000000E+00  0.00000000E+00  0.10000000E-01  0.10000000E+01
 0.65002000E-09  0.13968058E-01  0.00000000E+00  0.92452516E-01  0.00000000E+00  0.00000000E+00  0.17125180E+09  0.00000000E+00  0.00000000E+00  0.00000000E+00  0.00000000E+00  0.00000000E+00  0.10000000E-01  0.10000000E+01
 0.66002000E-09  0.13968058E-01  0.00000000E+00  0.94165034E-01  0.00000000E+00  0.00000000E+00  0.17125180E+09  0.00000000E+00  0.00000000E+00  0.00000000E+00  0.00000000E+00  0.00000000E+00  0.10000000E-01  0.10000000E+01
 0.67002000E-09  0.13968058E-01  0.00000000E+00  0.95877552E-01  0.00000000E+00  0.00000000E+00  0.17125180E+09  0.00000000E+00  0.00000000E+00  0.00000000E+00  0.00000000E+00  0.00000000E+00  0.10000000E-01  0.10000000E+01
 0.68002000E-09  0.13968058E-01  0.00000000E+00  0.97590070E-01  0.00000000E+00  0.00000000E+00  0.17125180E+09  0.00000000E+00  0.00000000E+00  0.00000000E+00  0.00000000E+00  0.00000000E+00  0.10000000E-01  0.10000000E+01
 0.69002000E-09  0.13968058E-01  0.00000000E+00  0.99302588E-01  0.00000000E+00  0.00000000E+00  0.17125180E+09  0.00000000E+00  0.00000000E+00  0.00000000E+00  0.00000000E+00  0.00000000E+00  0.10000000E-01  0.10000000E+01
 0.70002000E-09  0.13968058E-01  0.00000000E+00  0.10101511E+00  0.00000000E+00  0.00000000E+00  0.17125180E+09  0.00000000E+00  0.00000000E+00  0.00000000E+00  0.00000000E+00  0.00000000E+00  0.10000000E-01  0.10000000E+01
 0.71002000E-09  0.13968058E-01  0.00000000E+00  0.10272762E+00  0.00000000E+00  0.00000000E+00  0.17125180E+09  0.00000000E+00  0.00000000E+00  0.00000000E+00  0.00000000E+00  0.00000000E+00  0.10000000E-01  0.10000000E+01
 0.72002000E-09  0.13968058E-01  0.00000000E+00  0.10444014E+00  0.00000000E+00  0.00000000E+00  0.17125180E+09  0.00000000E+00  0.00000000E+00  0.00000000E+00  0.00000000E+00  0.00000000E+00  0.10000000E-01  0.10000000E+01
 0.73002000E-09  0.13968058E-01  0.00000000E+00  0.10615266E+00  0.00000000E+00  0.00000000E+00  0.17125180E+09  0.00000000E+00  0.00000000E+00  0.00000000E+00  0.00000000E+00  0.00000000E+00  0.10000000E-01  0.10000000E+01
 0.74002000E-09  0.13968058E-01  0.00000000E+00  0.10786518E+00  0.00000000E+00  0.00000000E+00  0.17125180E+09  0.00000000E+00  0.00000000E+00  0.00000000E+00  0.00000000E+00  0.00000000E+00  0.10000000E-01  0.10000000E+01
 0.75002000E-09  0.13968058E-01  0.00000000E+00  0.10957770E+00  0.00000000E+00  0.00000000E+00  0.17125180E+09  0.00000000E+00  0.00000000E+00  0.00000000E+00  0.00000000E+00  0.00000000E+00  0.10000000E-01  0.10000000E+01
 0.76002000E-09  0.13968058E-01  0.00000000E+00  0.11129021E+00  0.00000000E+00  0.00000000E+00  0.17125180E+09  0.00000000E+00  0.00000000E+00  0.00000000E+00  0.00000000E+00  0.00000000E+00  0.10000000E-01  0.10000000E+01
 0.77002000E-09  0.13968058E-01  0.00000000E+00  0.11300273E+00  0.00000000E+00  0.00000000E+00  0.17125180E+09  0.00000000E+00  0.00000000E+00  0.00000000E+00  0.00000000E+00  0.00000000E+00  0.10000000E-01  0.10000000E+01
 0.78002000E-09  0.13968058E-01  0.00000000E+00  0.11471525E+00  0.00000000E+00  0.00000000E+00  0.17125180E+09  0.00000000E+00  0.00000000E+00  0.00000000E+00  0.00000000E+00  0.00000000E+00  0.10000000E-01  0.10000000E+01
 0.79002000E-09  0.13968058E-01  0.00000000E+00  0.11642777E+00  0.00000000E+00  0.00000000E+00  0.17125180E+09  0.00000000E+00  0.00000000E+00  0.00000000E+00  0.00000000E+00  0.00000000E+00  0.10000000E-01  0.10000000E+01
 0.80002000E-09  0.13968058E-01  0.00000000E+00  0.11814029E+00  0.00000000E+00  0.00000000E+00  0.17125180E+09  0.00000000E+00  0.00000000E+00  0.00000000E+00  0.00000000E+00  0.00000000E+00  0.10000000E-01  0.10000000E+01
 0.81002000E-09  0.13968058E-01  0.00000000E+00  0.11985280E+00  0.00000000E+00  0.00000000E+00  0.17125180E+09  0.00000000E+00  0.00000000E+00  0.00000000E+00  0.00000000E+00  0.00000000E+00  0.10000000E-01  0.10000000E+01
 0.82002000E-09  0.13968058E-01  0.00000000E+00  0.12156532E+00  0.00000000E+00  0.00000000E+00  0.17125180E+09  0.00000000E+00  0.00000000E+00  0.00000000E+00  0.00000000E+00  0.00000000E+00  0.10000000E-01  0.10000000E+01
 0.83002000E-09  0.13968058E-01  0.00000000E+00  0.12327784E+00  0.00000000E+00  0.00000000E+00  0.17125180E+09  0.00000000E+00  0.00000000E+00  0.00000000E+00  0.00000000E+00  0.00000000E+00  0.10000000E-01  0.10000000E+01
 0.84002000E-09  0.13968058E-01  0.00000000E+00  0.12499036E+00  0.00000000E+00  0.00000000E+00  0.17125180E+09  0.00000000E+00  0.00000000E+00  0.00000000E+00  0.00000000E+00  0.00000000E+00  0.10000000E-01  0.10000000E+01
 0.85002000E-09  0.13968058E-01  0.00000000E+00  0.12670288E+00  0.00000000E+00  0.00000000E+00  0.17125180E+09  0.00000000E+00  0.00000000E+00  0.00000000E+00  0.00000000E+00  0.00000000E+00  0.10000000E-01  0.10000000E+01
 0.86002000E-09  0.13968058E-01  0.00000000E+00  0.12841539E+00  0.00000000E+00  0.00000000E+00  0.17125180E+09  0.00000000E+00  0.00000000E+00  0.00000000E+00  0.00000000E+00  0.00000000E+00  0.10000000E-01  0.10000000E+01
 0.87002000E-09  0.13968058E-01  0.00000000E+00  0.13012791E+00  0.00000000E+00  0.00000000E+00  0.17125180E+09  0.00000000E+00  0.00000000E+00  0.00000000E+00  0.00000000E+00  0.00000000E+00  0.10000000E-01  0.10000000E+01
 0.88002000E-09  0.13968058E-01  0.00000000E+00  0.13184043E+00  0.00000000E+00  0.00000000E+00  0.17125180E+09  0.00000000E+00  0.00000000E+00  0.00000000E+00  0.00000000E+00  0.00000000E+00  0.10000000E-01  0.10000000E+01
 0.89002000E-09  0.13968058E-01  0.00000000E+00  0.13355295E+00  0.00000000E+00  0.00000000E+00  0.17125180E+09  0.00000000E+00  0.00000000E+00  0.00000000E+00  0.00000000E+00  0.00000000E+00  0.10000000E-01  0.10000000E+01
 0.90002000E-09  0.13968058E-01  0.00000000E+00  0.13526547E+00  0.00000000E+00  0.00000000E+00  0.17125180E+09  0.00000000E+00  0.00000000E+00  0.00000000E+00  0.00000000E+00  0.00000000E+00  0.10000000E-01  0.10000000E+01
 0.91002000E-09  0.13968058E-01  0.00000000E+00  0.13697798E+00  0.00000000E+00  0.00000000E+00  0.17125180E+09  0.00000000E+00  0.00000000E+00  0.00000000E+00  0.00000000E+00  0.00000000E+00  0.10000000E-01  0.10000000E+01
 0.92002000E-09  0.13968058E-01  0.00000000E+00  0.13869050E+00  0.00000000E+00  0.00000000E+00  0.17125180E+09  0.00000000E+00  0.00000000E+00  0.00000000E+00  0.00000000E+00  0.00000000E+00  0.10000000E-01  0.10000000E+01
 0.93002000E-09  0.13968058E-01  0.00000000E+00  0.14040302E+00  0.00000000E+00  0.00000000E+00  0.17125180E+09  0.00000000E+00  0.00000000E+00  0.00000000E+00  0.00000000E+00  0.00000000E+00  0.10000000E-01  0.10000000E+01
 0.94002000E-09  0.13968058E-01  0.00000000E+00  0.14211554E+00  0.00000000E+00  0.00000000E+00  0.17125180E+09  0.00000000E+00  0.00000000E+00  0.00000000E+00  0.00000000E+00  0.00000000E+00  0.10000000E-01  0.10000000E+01
 0.95002000E-09  0.13968058E-01  0.00000000E+00  0.14382806E+00  0.00000000E+00  0.00000000E+00  0.17125180E+09  0.00000000E+00  0.00000000E+00  0.00000000E+00  0.00000000E+00  0.00000000E+00  0.10000000E-01  0.10000000E+01
 0.96002000E-09  0.13968058E-01  0.00000000E+00  0.14554057E+00  0.00000000E+00  0.00000000E+00  0.17125180E+09  0.00000000E+00  0.00000000E+00  0.00000000E+00  0.00000000E+00  0.00000000E+00  0.10000000E-01  0.10000000E+01
 0.97002000E-09  0.13968058E-01  0.00000000E+00  0.14725309E+00  0.00000000E+00  0.00000000E+00  0.17125180E+09  0.00000000E+00  0.00000000E+00  0.00000000E+00  0.00000000E+00  0.00000000E+00  0.10000000E-01  0.10000000E+01
 0.98002000E-09  0.13968058E-01  0.00000000E+00  0.14896561E+00  0.00000000E+00  0.00000000E+00  0.17125180E+09  0.00000000E+00  0.00000000E+00  0.00000000E+00  0.00000000E+00  0.00000000E+00  0.10000000E-01  0.10000000E+01
 0.99002000E-09  0.13968058E-01  0.00000000E+00  0.15067813E+00  0.00000000E+00  0.00000000E+00  0.17125180E+09  0.00000000E+00  0.00000000E+00  0.00000000E+00  0.00000000E+00  0.00000000E+00  0.10000000E-01  0.10000000E+01
 0.10000200E-08  0.13968058E-01  0.00000000E+00  0.15239065E+00  0.00000000E+00  0.00000000E+00  0.17125180E+09  0.00000000E+00  0.00000000E+00  0.00000000E+00  0.00000000E+00  0.00000000E+00  0.10000000E-01  0.10000000E+01
 0.10100200E-08  0.13968058E-01  0.00000000E+00  0.15410316E+00  0.00000000E+00  0.00000000E+00  0.17125180E+09  0.00000000E+00  0.00000000E+00  0.00000000E+00  0.00000000E+00  0.00000000E+00  0.10000000E-01  0.10000000E+01
 0.10200200E-08  0.13968058E-01  0.00000000E+00  0.15581568E+00  0.00000000E+00  0.00000000E+00  0.17125180E+09  0.00000000E+00  0.00000000E+00  0.00000000E+00  0.00000000E+00  0.00000000E+00  0.10000000E-01  0.10000000E+01
 0.10300200E-08  0.13968058E-01  0.00000000E+00  0.15752820E+00  0.00000000E+00  0.00000000E+00  0.17125180E+09  0.00000000E+00  0.00000000E+00  0.00000000E+00  0.00000000E+00  0.00000000E+00  0.10000000E-01  0.10000000E+01
 0.10400200E-08  0.13968058E-01  0.00000000E+00  0.15924072E+00  0.00000000E+00  0.00000000E+00  0.17125180E+09  0.00000000E+00  0.00000000E+00  0.00000000E+00  0.00000000E+00  0.00000000E+00  0.10000000E-01  0.10000000E+01
 0.10500200E-08  0.13968058E-01  0.00000000E+00  0.16095324E+00  0.00000000E+00  0.00000000E+00  0.17125180E+09  0.00000000E+00  0.00000000E+00  0.00000000E+00  0.00000000E+00  0.00000000E+00  0.10000000E-01  0.10000000E+01
 0.10600200E-08  0.13968058E-01  0.00000000E+00  0.16266575E+00  0.00000000E+00  0.00000000E+00  0.17125180E+09  0.00000000E+00  0.00000000E+00  0.00000000E+00  0.00000000E+00  0.00000000E+00  0.10000000E-01  0.10000000E+01
 0.10700200E-08  0.13968058E-01  0.00000000E+00  0.16437827E+00  0.00000000E+00  0.00000000E+00  0.17125180E+09  0.00000000E+00  0.00000000E+00  0.00000000E+00  0.00000000E+00  0.00000000E+00  0.10000000E-01  0.10000000E+01
 0.10800200E-08  0.13968058E-01  0.00000000E+00  0.16609079E+00  0.00000000E+00  0.00000000E+00  0.17125180E+09  0.00000000E+00  0.00000000E+00  0.00000000E+00  0.00000000E+00  0.00000000E+00  0.10000000E-01  0.10000000E+01
 0.10900200E-08  0.13968058E-01  0.00000000E+00  0.16780331E+00  0.00000000E+00  0.00000000E+00  0.17125180E+09  0.00000000E+00  0.00000000E+00  0.00000000E+00  0.00000000E+00  0.00000000E+00  0.10000000E-01  0.10000000E+01
 0.11000200E-08  0.13968058E-01  0.00000000E+00  0.16951583E+00  0.00000000E+00  0.00000000E+00  0.17125180E+09  0.00000000E+00  0.00000000E+00  0.00000000E+00  0.00000000E+00  0.00000000E+00  0.10000000E-01  0.10000000E+01
 0.11100200E-08  0.13968058E-01  0.00000000E+00  0.17122834E+00  0.00000000E+00  0.00000000E+00  0.17125180E+09  0.00000000E+00  0.00000000E+00  0.00000000E+00  0.00000000E+00  0.00000000E+00  0.10000000E-01  0.10000000E+01
 0.11200200E-08  0.13968058E-01  0.00000000E+00  0.17294086E+00  0.00000000E+00  0.00000000E+00  0.17125180E+09  0.00000000E+00  0.00000000E+00  0.00000000E+00  0.00000000E+00  0.00000000E+00  0.10000000E-01  0.10000000E+01
 0.11300200E-08  0.13968058E-01  0.00000000E+00  0.17465338E+00  0.00000000E+00  0.00000000E+00  0.17125180E+09  0.00000000E+00  0.00000000E+00  0.00000000E+00  0.00000000E+00  0.00000000E+00  0.10000000E-01  0.10000000E+01
 0.11400200E-08  0.13968058E-01  0.00000000E+00  0.17636590E+00  0.00000000E+00  0.00000000E+00  0.17125180E+09  0.00000000E+00  0.00000000E+00  0.00000000E+00  0.00000000E+00  0.00000000E+00  0.10000000E-01  0.10000000E+01
 0.11500200E-08  0.13968058E-01  0.00000000E+00  0.17807842E+00  0.00000000E+00  0.00000000E+00  0.17125180E+09  0.00000000E+00  0.00000000E+00  0.00000000E+00  0.00000000E+00  0.00000000E+00  0.10000000E-01  0.10000000E+01
 0.11600200E-08  0.13968058E-01  0.00000000E+00  0.17979093E+00  0.00000000E+00  0.00000000E+00  0.17125180E+09  0.00000000E+00  0.00000000E+00  0.00000000E+00  0.00000000E+00  0.00000000E+00  0.10000000E-01  0.10000000E+01
 0.11700200E-08  0.13968058E-01  0.00000000E+00  0.18150345E+00  0.00000000E+00  0.00000000E+00  0.17125180E+09  0.00000000E+00  0.00000000E+00  0.00000000E+00  0.00000000E+00  0.00000000E+00  0.10000000E-01  0.10000000E+01
 0.11800200E-08  0.13968058E-01  0.00000000E+00  0.18321597E+00  0.00000000E+00  0.00000000E+00  0.17125180E+09  0.00000000E+00  0.00000000E+00  0.00000000E+00  0.00000000E+00  0.00000000E+00  0.10000000E-01  0.10000000E+01
 0.11900200E-08  0.13968058E-01  0.00000000E+00  0.18492849E+00  0.00000000E+00  0.00000000E+00  0.17125180E+09  0.00000000E+00  0.00000000E+00  0.00000000E+00  0.00000000E+00  0.00000000E+00  0.10000000E-01  0.10000000E+01
 0.12000200E-08  0.13968058E-01  0.00000000E+00  0.18664101E+00  0.00000000E+00  0.00000000E+00  0.17125180E+09  0.00000000E+00  0.00000000E+00  0.00000000E+00  0.00000000E+00  0.00000000E+00  0.10000000E-01  0.10000000E+01
 0.12100200E-08  0.13968058E-01  0.00000000E+00  0.18835352E+00  0.00000000E+00  0.00000000E+00  0.17125180E+09  0.00000000E+00  0.00000000E+00  0.00000000E+00  0.00000000E+00  0.00000000E+00  0.10000000E-01  0.10000000E+01
 0.12200200E-08  0.13968058E-01  0.00000000E+00  0.19006604E+00  0.00000000E+00  0.00000000E+00  0.17125180E+09  0.00000000E+00  0.00000000E+00  0.00000000E+00  0.00000000E+00  0.00000000E+00  0.10000000E-01  0.10000000E+01
 0.12300200E-08  0.13968058E-01  0.00000000E+00  0.19177856E+00  0.00000000E+00  0.00000000E+00  0.17125180E+09  0.00000000E+00  0.00000000E+00  0.00000000E+00  0.00000000E+00  0.00000000E+00  0.10000000E-01  0.10000000E+01
 0.12400200E-08  0.13968058E-01  0.00000000E+00  0.19349108E+00  0.00000000E+00  0.00000000E+00  0.17125180E+09  0.00000000E+00  0.00000000E+00  0.00000000E+00  0.00000000E+00  0.00000000E+00  0.10000000E-01  0.10000000E+01
 0.12500200E-08  0.13968058E-01  0.00000000E+00  0.19520360E+00  0.00000000E+00  0.00000000E+00  0.17125180E+09  0.00000000E+00  0.00000000E+00  0.00000000E+00  0.00000000E+00  0.00000000E+00  0.10000000E-01  0.10000000E+01
 0.12600200E-08  0.13968058E-01  0.00000000E+00  0.19691611E+00  0.00000000E+00  0.00000000E+00  0.17125180E+09  0.00000000E+00  0.00000000E+00  0.00000000E+00  0.00000000E+00  0.00000000E+00  0.10000000E-01  0.10000000E+01
 0.12700200E-08  0.13968058E-01  0.00000000E+00  0.19862863E+00  0.00000000E+00  0.00000000E+00  0.17125180E+09  0.00000000E+00  0.00000000E+00  0.00000000E+00  0.00000000E+00  0.00000000E+00  0.10000000E-01  0.10000000E+01
 0.12800200E-08  0.13968058E-01  0.00000000E+00  0.20034115E+00  0.00000000E+00  0.00000000E+00  0.17125180E+09  0.00000000E+00  0.00000000E+00  0.00000000E+00  0.00000000E+00  0.00000000E+00  0.10000000E-01  0.10000000E+01
 0.12900200E-08  0.13968058E-01  0.00000000E+00  0.20205367E+00  0.00000000E+00  0.00000000E+00  0.17125180E+09  0.00000000E+00  0.00000000E+00  0.00000000E+00  0.00000000E+00  0.00000000E+00  0.10000000E-01  0.10000000E+01
 0.13000200E-08  0.13968058E-01  0.00000000E+00  0.20376619E+00  0.00000000E+00  0.00000000E+00  0.17125180E+09  0.00000000E+00  0.00000000E+00  0.00000000E+00  0.00000000E+00  0.00000000E+00  0.10000000E-01  0.10000000E+01
 0.13100200E-08  0.13968058E-01  0.00000000E+00  0.20547870E+00  0.00000000E+00  0.00000000E+00  0.17125180E+09  0.00000000E+00  0.00000000E+00  0.00000000E+00  0.00000000E+00  0.00000000E+00  0.10000000E-01  0.10000000E+01
 0.13200200E-08  0.13968058E-01  0.00000000E+00  0.20719122E+00  0.00000000E+00  0.00000000E+00  0.17125180E+09  0.00000000E+00  0.00000000E+00  0.00000000E+00  0.00000000E+00  0.00000000E+00  0.10000000E-01  0.10000000E+01
 0.13300200E-08  0.13968058E-01  0.00000000E+00  0.20890374E+00  0.00000000E+00  0.00000000E+00  0.17125180E+09  0.00000000E+00  0.00000000E+00  0.00000000E+00  0.00000000E+00  0.00000000E+00  0.10000000E-01  0.10000000E+01
 0.13400200E-08  0.13968058E-01  0.00000000E+00  0.21061626E+00  0.00000000E+00  0.00000000E+00  0.17125180E+09  0.00000000E+00  0.00000000E+00  0.00000000E+00  0.00000000E+00  0.00000000E+00  0.10000000E-01  0.10000000E+01
 0.13500200E-08  0.13968058E-01  0.00000000E+00  0.21232878E+00  0.00000000E+00  0.00000000E+00  0.17125180E+09  0.00000000E+00  0.00000000E+00  0.00000000E+00  0.00000000E+00  0.00000000E+00  0.10000000E-01  0.10000000E+01
 0.13600200E-08  0.13968058E-01  0.00000000E+00  0.21404129E+00  0.00000000E+00  0.00000000E+00  0.17125180E+09  0.00000000E+00  0.00000000E+00  0.00000000E+00  0.00000000E+00  0.00000000E+00  0.10000000E-01  0.10000000E+01
 0.13700200E-08  0.13968058E-01  0.00000000E+00  0.21575381E+00  0.00000000E+00  0.00000000E+00  0.17125180E+09  0.00000000E+00  0.00000000E+00  0.00000000E+00  0.00000000E+00  0.00000000E+00  0.10000000E-01  0.10000000E+01
 0.13800200E-08  0.13968058E-01  0.00000000E+00  0.21746633E+00  0.00000000E+00  0.00000000E+00  0.17125180E+09  0.00000000E+00  0.00000000E+00  0.00000000E+00  0.00000000E+00  0.00000000E+00  0.10000000E-01  0.10000000E+01
 0.13900200E-08  0.13968058E-01  0.00000000E+00  0.21917885E+00  0.00000000E+00  0.00000000E+00  0.17125180E+09  0.00000000E+00  0.00000000E+00  0.00000000E+00  0.00000000E+00  0.00000000E+00  0.10000000E-01  0.10000000E+01
 0.14000200E-08  0.13968058E-01  0.00000000E+00  0.22089137E+00  0.00000000E+00  0.00000000E+00  0.17125180E+09  0.00000000E+00  0.00000000E+00  0.00000000E+00  0.00000000E+00  0.00000000E+00  0.10000000E-01  0.10000000E+01
 0.14100200E-08  0.13968058E-01  0.00000000E+00  0.22260388E+00  0.00000000E+00  0.00000000E+00  0.17125180E+09  0.00000000E+00  0.00000000E+00  0.00000000E+00  0.00000000E+00  0.00000000E+00  0.10000000E-01  0.10000000E+01
 0.14200200E-08  0.13968058E-01  0.00000000E+00  0.22431640E+00  0.00000000E+00  0.00000000E+00  0.17125180E+09  0.00000000E+00  0.00000000E+00  0.00000000E+00  0.00000000E+00  0.00000000E+00  0.10000000E-01  0.10000000E+01
 0.14300200E-08  0.13968058E-01  0.00000000E+00  0.22602892E+00  0.00000000E+00  0.00000000E+00  0.17125180E+09  0.00000000E+00  0.00000000E+00  0.00000000E+00  0.00000000E+00  0.00000000E+00  0.10000000E-01  0.10000000E+01
 0.14400200E-08  0.13968058E-01  0.00000000E+00  0.22774144E+00  0.00000000E+00  0.00000000E+00  0.17125180E+09  0.00000000E+00  0.00000000E+00  0.00000000E+00  0.00000000E+00  0.00000000E+00  0.10000000E-01  0.10000000E+01
 0.14500200E-08  0.13968058E-01  0.00000000E+00  0.22945396E+00  0.00000000E+00  0.00000000E+00  0.17125180E+09  0.00000000E+00  0.00000000E+00  0.00000000E+00  0.00000000E+00  0.00000000E+00  0.10000000E-01  0.10000000E+01
 0.14600200E-08  0.13968058E-01  0.00000000E+00  0.23116647E+00  0.00000000E+00  0.00000000E+00  0.17125180E+09  0.00000000E+00  0.00000000E+00  0.00000000E+00  0.00000000E+00  0.00000000E+00  0.10000000E-01  0.10000000E+01
 0.14700200E-08  0.13968058E-01  0.00000000E+00  0.23287899E+00  0.00000000E+00  0.00000000E+00  0.17125180E+09  0.00000000E+00  0.00000000E+00  0.00000000E+00  0.00000000E+00  0.00000000E+00  0.10000000E-01  0.10000000E+01
 0.14800200E-08  0.13968058E-01  0.00000000E+00  0.23459151E+00  0.00000000E+00  0.00000000E+00  0.17125180E+09  0.00000000E+00  0.00000000E+00  0.00000000E+00  0.00000000E+00  0.00000000E+00  0.10000000E-01  0.10000000E+01
 0.14900200E-08  0.13968058E-01  0.00000000E+00  0.23630403E+00  0.00000000E+00  0.00000000E+00  0.17125180E+09  0.00000000E+00  0.00000000E+00  0.00000000E+00  0.00000000E+00  0.00000000E+00  0.10000000E-01  0.10000000E+01
 0.15000200E-08  0.13968058E-01  0.00000000E+00  0.23801655E+00  0.00000000E+00  0.00000000E+00  0.17125180E+09  0.00000000E+00  0.00000000E+00  0.00000000E+00  0.00000000E+00  0.00000000E+00  0.10000000E-01  0.10000000E+01
 0.15100200E-08  0.13968058E-01  0.00000000E+00  0.23972906E+00  0.00000000E+00  0.00000000E+00  0.17125180E+09  0.00000000E+00  0.00000000E+00  0.00000000E+00  0.00000000E+00  0.00000000E+00  0.10000000E-01  0.10000000E+01
 0.15200200E-08  0.13968058E-01  0.00000000E+00  0.24144158E+00  0.00000000E+00  0.00000000E+00  0.17125180E+09  0.00000000E+00  0.00000000E+00  0.00000000E+00  0.00000000E+00  0.00000000E+00  0.10000000E-01  0.10000000E+01
 0.15300200E-08  0.13968058E-01  0.00000000E+00  0.24315410E+00  0.00000000E+00  0.00000000E+00  0.17125180E+09  0.00000000E+00  0.00000000E+00  0.00000000E+00  0.00000000E+00  0.00000000E+00  0.10000000E-01  0.10000000E+01
 0.15400200E-08  0.13968058E-01  0.00000000E+00  0.24486662E+00  0.00000000E+00  0.00000000E+00  0.17125180E+09  0.00000000E+00  0.00000000E+00  0.00000000E+00  0.00000000E+00  0.00000000E+00  0.10000000E-01  0.10000000E+01
 0.15500200E-08  0.13968058E-01  0.00000000E+00  0.24657914E+00  0.00000000E+00  0.00000000E+00  0.17125180E+09  0.00000000E+00  0.00000000E+00  0.00000000E+00  0.00000000E+00  0.00000000E+00  0.10000000E-01  0.10000000E+01
 0.15600200E-08  0.13968058E-01  0.00000000E+00  0.24829165E+00  0.00000000E+00  0.00000000E+00  0.17125180E+09  0.00000000E+00  0.00000000E+00  0.00000000E+00  0.00000000E+00  0.00000000E+00  0.10000000E-01  0.10000000E+01
 0.15700200E-08  0.13968058E-01  0.00000000E+00  0.25000417E+00  0.00000000E+00  0.00000000E+00  0.17125180E+09  0.00000000E+00  0.00000000E+00  0.00000000E+00  0.00000000E+00  0.00000000E+00  0.10000000E-01  0.10000000E+01
 0.15800200E-08  0.13968058E-01  0.00000000E+00  0.25171669E+00  0.00000000E+00  0.00000000E+00  0.17125180E+09  0.00000000E+00  0.00000000E+00  0.00000000E+00  0.00000000E+00  0.00000000E+00  0.10000000E-01  0.10000000E+01
 0.15900200E-08  0.13968058E-01  0.00000000E+00  0.25342921E+00  0.00000000E+00  0.00000000E+00  0.17125180E+09  0.00000000E+00  0.00000000E+00  0.00000000E+00  0.00000000E+00  0.00000000E+00  0.10000000E-01  0.10000000E+01
 0.16000200E-08  0.13968058E-01  0.00000000E+00  0.25514173E+00  0.00000000E+00  0.00000000E+00  0.17125180E+09  0.00000000E+00  0.00000000E+00  0.00000000E+00  0.00000000E+00  0.00000000E+00  0.10000000E-01  0.10000000E+01
 0.16100200E-08  0.13968058E-01  0.00000000E+00  0.25685424E+00  0.00000000E+00  0.00000000E+00  0.17125180E+09  0.00000000E+00  0.00000000E+00  0.00000000E+00  0.00000000E+00  0.00000000E+00  0.10000000E-01  0.10000000E+01
 0.16200200E-08  0.13968058E-01  0.00000000E+00  0.25856676E+00  0.00000000E+00  0.00000000E+00  0.17125180E+09  0.00000000E+00  0.00000000E+00  0.00000000E+00  0.00000000E+00  0.00000000E+00  0.10000000E-01  0.10000000E+01
 0.16300200E-08  0.13968058E-01  0.00000000E+00  0.26027928E+00  0.00000000E+00  0.00000000E+00  0.17125180E+09  0.00000000E+00  0.00000000E+00  0.00000000E+00  0.00000000E+00  0.00000000E+00  0.10000000E-01  0.10000000E+01
 0.16400200E-08  0.13968058E-01  0.00000000E+00  0.26199180E+00  0.00000000E+00  0.00000000E+00  0.17125180E+09  0.00000000E+00  0.00000000E+00  0.00000000E+00  0.00000000E+00  0.00000000E+00  0.10000000E-01  0.10000000E+01
 0.16500200E-08  0.13968058E-01  0.00000000E+00  0.26370432E+00  0.00000000E+00  0.00000000E+00  0.17125180E+09  0.00000000E+00  0.00000000E+00  0.00000000E+00  0.00000000E+00  0.00000000E+00  0.10000000E-01  0.10000000E+01
 0.16600200E-08  0.13968058E-01  0.00000000E+00  0.26541683E+00  0.00000000E+00  0.00000000E+00  0.17125180E+09  0.00000000E+00  0.00000000E+00  0.00000000E+00  0.00000000E+00  0.00000000E+00  0.10000000E-01  0.10000000E+01
 0.16700200E-08  0.13968058E-01  0.00000000E+00  0.26712935E+00  0.00000000E+00  0.00000000E+00  0.17125180E+09  0.00000000E+00  0.00000000E+00  0.00000000E+00  0.00000000E+00  0.00000000E+00  0.10000000E-01  0.10000000E+01
 0.16800200E-08  0.13968058E-01  0.00000000E+00  0.26884187E+00  0.00000000E+00  0.00000000E+00  0.17125180E+09  0.00000000E+00  0.00000000E+00  0.00000000E+00  0.00000000E+00  0.00000000E+00  0.10000000E-01  0.10000000E+01
 0.16900200E-08  0.13968058E-01  0.00000000E+00  0.27055439E+00  0.00000000E+00  0.00000000E+00  0.17125180E+09  0.00000000E+00  0.00000000E+00  0.00000000E+00  0.00000000E+00  0.00000000E+00  0.10000000E-01  0.10000000E+01
 0.17000200E-08  0.13968058E-01  0.00000000E+00  0.27226691E+00  0.00000000E+00  0.00000000E+00  0.17125180E+09  0.00000000E+00  0.00000000E+00  0.00000000E+00  0.00000000E+00  0.00000000E+00  0.10000000E-01  0.10000000E+01
 0.17100200E-08  0.13968058E-01  0.00000000E+00  0.27397942E+00  0.00000000E+00  0.00000000E+00  0.17125180E+09  0.00000000E+00  0.00000000E+00  0.00000000E+00  0.00000000E+00  0.00000000E+00  0.10000000E-01  0.10000000E+01
 0.17200200E-08  0.13968058E-01  0.00000000E+00  0.27569194E+00  0.00000000E+00  0.00000000E+00  0.17125180E+09  0.00000000E+00  0.00000000E+00  0.00000000E+00  0.00000000E+00  0.00000000E+00  0.10000000E-01  0.10000000E+01
 0.17300200E-08  0.13968058E-01  0.00000000E+00  0.27740446E+00  0.00000000E+00  0.00000000E+00  0.17125180E+09  0.00000000E+00  0.00000000E+00  0.00000000E+00  0.00000000E+00  0.00000000E+00  0.10000000E-01  0.10000000E+01
 0.17400200E-08  0.13968058E-01  0.00000000E+00  0.27911698E+00  0.00000000E+00  0.00000000E+00  0.17125180E+09  0.00000000E+00  0.00000000E+00  0.00000000E+00  0.00000000E+00  0.00000000E+00  0.10000000E-01  0.10000000E+01
 0.17500200E-08  0.13968058E-01  0.00000000E+00  0.28082950E+00  0.00000000E+00  0.00000000E+00  0.17125180E+09  0.00000000E+00  0.00000000E+00  0.00000000E+00  0.00000000E+00  0.00000000E+00  0.10000000E-01  0.10000000E+01
 0.17600200E-08  0.13968058E-01  0.00000000E+00  0.28254201E+00  0.00000000E+00  0.00000000E+00  0.17125180E+09  0.00000000E+00  0.00000000E+00  0.00000000E+00  0.00000000E+00  0.00000000E+00  0.10000000E-01  0.10000000E+01
 0.17700200E-08  0.13968058E-01  0.00000000E+00  0.28425453E+00  0.00000000E+00  0.00000000E+00  0.17125180E+09  0.00000000E+00  0.00000000E+00  0.00000000E+00  0.00000000E+00  0.00000000E+00  0.10000000E-01  0.10000000E+01
 0.17800200E-08  0.13968058E-01  0.00000000E+00  0.28596705E+00  0.00000000E+00  0.00000000E+00  0.17125180E+09  0.00000000E+00  0.00000000E+00  0.00000000E+00  0.00000000E+00  0.00000000E+00  0.10000000E-01  0.10000000E+01
 0.17900200E-08  0.13968058E-01  0.00000000E+00  0.28767957E+00  0.00000000E+00  0.00000000E+00  0.17125180E+09  0.00000000E+00  0.00000000E+00  0.00000000E+00  0.00000000E+00  0.00000000E+00  0.10000000E-01  0.10000000E+01
 0.18000200E-08  0.13968058E-01  0.00000000E+00  0.28939209E+00  0.00000000E+00  0.00000000E+00  0.17125180E+09  0.00000000E+00  0.00000000E+00  0.00000000E+00  0.00000000E+00  0.00000000E+00  0.10000000E-01  0.10000000E+01
 0.18100200E-08  0.13968058E-01  0.00000000E+00  0.29110460E+00  0.00000000E+00  0.00000000E+00  0.17125180E+09  0.00000000E+00  0.00000000E+00  0.00000000E+00  0.00000000E+00  0.00000000E+00  0.10000000E-01  0.10000000E+01
 0.18200200E-08  0.13968058E-01  0.00000000E+00  0.29281712E+00  0.00000000E+00  0.00000000E+00  0.17125180E+09  0.00000000E+00  0.00000000E+00  0.00000000E+00  0.00000000E+00  0.00000000E+00  0.10000000E-01  0.10000000E+01
 0.18300200E-08  0.13968058E-01  0.00000000E+00  0.29452964E+00  0.00000000E+00  0.00000000E+00  0.17125180E+09  0.00000000E+00  0.00000000E+00  0.00000000E+00  0.00000000E+00  0.00000000E+00  0.10000000E-01  0.10000000E+01
 0.18400200E-08  0.13968058E-01  0.00000000E+00  0.29624216E+00  0.00000000E+00  0.00000000E+00  0.17125180E+09  0.00000000E+00  0.00000000E+00  0.00000000E+00  0.00000000E+00  0.00000000E+00  0.10000000E-01  0.10000000E+01
 0.18500200E-08  0.13968058E-01  0.00000000E+00  0.29795467E+00  0.00000000E+00  0.00000000E+00  0.17125180E+09  0.00000000E+00  0.00000000E+00  0.00000000E+00  0.00000000E+00  0.00000000E+00  0.10000000E-01  0.10000000E+01
 0.18600200E-08  0.13968058E-01  0.00000000E+00  0.29966719E+00  0.00000000E+00  0.00000000E+00  0.17125180E+09  0.00000000E+00  0.00000000E+00  0.00000000E+00  0.00000000E+00  0.00000000E+00  0.10000000E-01  0.10000000E+01
 0.18700200E-08  0.13968058E-01  0.00000000E+00  0.30137971E+00  0.00000000E+00  0.00000000E+00  0.17125180E+09  0.00000000E+00  0.00000000E+00  0.00000000E+00  0.00000000E+00  0.00000000E+00  0.10000000E-01  0.10000000E+01
 0.18800200E-08  0.13968058E-01  0.00000000E+00  0.30309223E+00  0.00000000E+00  0.00000000E+00  0.17125180E+09  0.00000000E+00  0.00000000E+00  0.00000000E+00  0.00000000E+00  0.00000000E+00  0.10000000E-01  0.10000000E+01
 0.18900200E-08  0.13968058E-01  0.00000000E+00  0.30480475E+00  0.00000000E+00  0.00000000E+00  0.17125180E+09  0.00000000E+00  0.00000000E+00  0.00000000E+00  0.00000000E+00  0.00000000E+00  0.10000000E-01  0.10000000E+01
 0.19000200E-08  0.13968058E-01  0.00000000E+00  0.30651726E+00  0.00000000E+00  0.00000000E+00  0.17125180E+09  0.00000000E+00  0.00000000E+00  0.00000000E+00  0.00000000E+00  0.00000000E+00  0.10000000E-01  0.10000000E+01
 0.19100200E-08  0.13968058E-01  0.00000000E+00  0.30822978E+00  0.00000000E+00  0.00000000E+00  0.17125180E+09  0.00000000E+00  0.00000000E+00  0.00000000E+00  0.00000000E+00  0.00000000E+00  0.10000000E-01  0.10000000E+01
 0.19200200E-08  0.13968058E-01  0.00000000E+00  0.30994230E+00  0.00000000E+00  0.00000000E+00  0.17125180E+09  0.00000000E+00  0.00000000E+00  0.00000000E+00  0.00000000E+00  0.00000000E+00  0.10000000E-01  0.10000000E+01
 0.19300200E-08  0.13968058E-01  0.00000000E+00  0.31165482E+00  0.00000000E+00  0.00000000E+00  0.17125180E+09  0.00000000E+00  0.00000000E+00  0.00000000E+00  0.00000000E+00  0.00000000E+00  0.10000000E-01  0.10000000E+01
 0.19400200E-08  0.13968058E-01  0.00000000E+00  0.31336734E+00  0.00000000E+00  0.00000000E+00  0.17125180E+09  0.00000000E+00  0.00000000E+00  0.00000000E+00  0.00000000E+00  0.00000000E+00  0.10000000E-01  0.10000000E+01
 0.19500200E-08  0.13968058E-01  0.00000000E+00  0.31507985E+00  0.00000000E+00  0.00000000E+00  0.17125180E+09  0.00000000E+00  0.00000000E+00  0.00000000E+00  0.00000000E+00  0.00000000E+00  0.10000000E-01  0.10000000E+01
 0.19600200E-08  0.13968058E-01  0.00000000E+00  0.31679237E+00  0.00000000E+00  0.00000000E+00  0.17125180E+09  0.00000000E+00  0.00000000E+00  0.00000000E+00  0.00000000E+00  0.00000000E+00  0.10000000E-01  0.10000000E+01
 0.19700200E-08  0.13968058E-01  0.00000000E+00  0.31850489E+00  0.00000000E+00  0.00000000E+00  0.17125180E+09  0.00000000E+00  0.00000000E+00  0.00000000E+00  0.00000000E+00  0.00000000E+00  0.10000000E-01  0.10000000E+01
 0.19800200E-08  0.13968058E-01  0.00000000E+00  0.32021741E+00  0.00000000E+00  0.00000000E+00  0.17125180E+09  0.00000000E+00  0.00000000E+00  0.00000000E+00  0.00000000E+00  0.00000000E+00  0.10000000E-01  0.10000000E+01
 0.19900200E-08  0.13968058E-01  0.00000000E+00  0.32192993E+00  0.00000000E+00  0.00000000E+00  0.17125180E+09  0.00000000E+00  0.00000000E+00  0.00000000E+00  0.00000000E+00  0.00000000E+00  0.10000000E-01  0.10000000E+01
