# ptime xp yp zp vx vy vz ex ey ez bx by bz wt
 0.20000000E-13  0.46442671E-02  0.00000000E+00 -0.19856324E-01  0.00000000E+00  0.00000000E+00  0.18685787E+09  0.00000000E+00  0.00000000E+00  0.00000000E+00  0.00000000E+00  0.00000000E+00  0.10000000E-01  0.10000000E+01
 0.10000000E-10  0.46442671E-02  0.00000000E+00 -0.17991482E-01  0.00000000E+00  0.00000000E+00  0.18685787E+09  0.00000000E+00  0.00000000E+00  0.00000000E+00  0.00000000E+00  0.00000000E+00  0.10000000E-01  0.10000000E+01
 0.20000000E-10  0.46442671E-02  0.00000000E+00 -0.16122903E-01  0.00000000E+00  0.00000000E+00  0.18685787E+09  0.00000000E+00  0.00000000E+00  0.00000000E+00  0.00000000E+00  0.00000000E+00  0.10000000E-01  0.10000000E+01
 0.30000000E-10  0.46442671E-02  0.00000000E+00 -0.14254325E-01  0.00000000E+00  0.00000000E+00  0.18685787E+09  0.00000000E+00  0.00000000E+00  0.00000000E+00  0.00000000E+00  0.00000000E+00  0.10000000E-01  0.10000000E+01
 0.40020000E-10  0.46442671E-02  0.00000000E+00 -0.12382009E-01  0.00000000E+00  0.00000000E+00  0.18685787E+09  0.00000000E+00  0.00000000E+00  0.00000000E+00  0.00000000E+00  0.00000000E+00  0.10000000E-01  0.10000000E+01
 0.50020000E-10  0.46442671E-02  0.00000000E+00 -0.10513430E-01  0.00000000E+00  0.00000000E+00  0.18685787E+09  0.00000000E+00  0.00000000E+00  0.00000000E+00  0.00000000E+00  0.00000000E+00  0.10000000E-01  0.10000000E+01
 0.60020000E-10  0.46442671E-02  0.00000000E+00 -0.86448514E-02  0.00000000E+00  0.00000000E+00  0.18685787E+09  0.00000000E+00  0.00000000E+00  0.00000000E+00  0.00000000E+00  0.00000000E+00  0.10000000E-01  0.10000000E+01
 0.70020000E-10  0.46442671E-02  0.00000000E+00 -0.67762727E-02  0.00000000E+00  0.00000000E+00  0.18685787E+09  0.00000000E+00  0.00000000E+00  0.00000000E+00  0.00000000E+00  0.00000000E+00  0.10000000E-01  0.10000000E+01
 0.80000000E-10  0.46442671E-02  0.00000000E+00 -0.49114312E-02  0.00000000E+00  0.00000000E+00  0.18685787E+09  0.00000000E+00  0.00000000E+00  0.00000000E+00  0.00000000E+00  0.00000000E+00  0.10000000E-01  0.10000000E+01
 0.90000000E-10  0.46442671E-02  0.00000000E+00 -0.30428525E-02  0.00000000E+00  0.00000000E+00  0.18685787E+09  0.00000000E+00  0.00000000E+00  0.00000000E+00  0.00000000E+00  0.00000000E+00  0.10000000E-01  0.10000000E+01
 0.10000000E-09  0.46442671E-02  0.00000000E+00 -0.11742738E-02  0.00000000E+00  0.00000000E+00  0.18685787E+09  0.00000000E+00  0.00000000E+00  0.00000000E+00  0.00000000E+00  0.00000000E+00  0.10000000E-01  0.10000000E+01
 0.11000000E-09  0.46442671E-02  0.00000000E+00  0.69430489E-03  0.00000000E+00  0.00000000E+00  0.18685787E+09  0.00000000E+00  0.00000000E+00  0.00000000E+00  0.00000000E+00  0.00000000E+00  0.10000000E-01  0.10000000E+01
 0.12000000E-09  0.46442671E-02  0.00000000E+00  0.25628836E-02  0.00000000E+00  0.00000000E+00  0.18685787E+09  0.00000000E+00  0.00000000E+00  0.00000000E+00  0.00000000E+00  0.00000000E+00  0.10000000E-01  0.10000000E+01
 0.13000000E-09  0.46442671E-02  0.00000000E+00  0.44314623E-02  0.00000000E+00  0.00000000E+00  0.18685787E+09  0.00000000E+00  0.00000000E+00  0.00000000E+00  0.00000000E+00  0.00000000E+00  0.10000000E-01  0.10000000E+01
 0.14002000E-09  0.46442671E-02  0.00000000E+00  0.63037781E-02  0.00000000E+00  0.00000000E+00  0.18685787E+09  0.00000000E+00  0.00000000E+00  0.00000000E+00  0.00000000E+00  0.00000000E+00  0.10000000E-01  0.10000000E+01
 0.15002000E-09  0.46442671E-02  0.00000000E+00  0.81723568E-02  0.00000000E+00  0.00000000E+00  0.18685787E+09  0.00000000E+00  0.00000000E+00  0.00000000E+00  0.00000000E+00  0.00000000E+00  0.10000000E-01  0.10000000E+01
 0.16002000E-09  0.46442671E-02  0.00000000E+00  0.10040935E-01  0.00000000E+00  0.00000000E+00  0.18685787E+09  0.00000000E+00  0.00000000E+00  0.00000000E+00  0.00000000E+00  0.00000000E+00  0.10000000E-01  0.10000000E+01
 0.17002000E-09  0.46442671E-02  0.00000000E+00  0.11909514E-01  0.00000000E+00  0.00000000E+00  0.18685787E+09  0.00000000E+00  0.00000000E+00  0.00000000E+00  0.00000000E+00  0.00000000E+00  0.10000000E-01  0.10000000E+01
 0.18002000E-09  0.46442671E-02  0.00000000E+00  0.13778093E-01  0.00000000E+00  0.00000000E+00  0.18685787E+09  0.00000000E+00  0.00000000E+00  0.00000000E+00  0.00000000E+00  0.00000000E+00  0.10000000E-01  0.10000000E+01
 0.19002000E-09  0.46442671E-02  0.00000000E+00  0.15646672E-01  0.00000000E+00  0.00000000E+00  0.18685787E+09  0.00000000E+00  0.00000000E+00  0.00000000E+00  0.00000000E+00  0.00000000E+00  0.10000000E-01  0.10000000E+01
 0.20002000E-09  0.46442671E-02  0.00000000E+00  0.17515250E-01  0.00000000E+00  0.00000000E+00  0.18685787E+09  0.00000000E+00  0.00000000E+00  0.00000000E+00  0.00000000E+00  0.00000000E+00  0.10000000E-01  0.10000000E+01
 0.21002000E-09  0.46442671E-02  0.00000000E+00  0.19383829E-01  0.00000000E+00  0.00000000E+00  0.18685787E+09  0.00000000E+00  0.00000000E+00  0.00000000E+00  0.00000000E+00  0.00000000E+00  0.10000000E-01  0.10000000E+01
 0.22002000E-09  0.46442671E-02  0.00000000E+00  0.21252408E-01  0.00000000E+00  0.00000000E+00  0.18685787E+09  0.00000000E+00  0.00000000E+00  0.00000000E+00  0.00000000E+00  0.00000000E+00  0.10000000E-01  0.10000000E+01
 0.23002000E-09  0.46442671E-02  0.00000000E+00  0.23120986E-01  0.00000000E+00  0.00000000E+00  0.18685787E+09  0.00000000E+00  0.00000000E+00  0.00000000E+00  0.00000000E+00  0.00000000E+00  0.10000000E-01  0.10000000E+01
 0.24002000E-09  0.46442671E-02  0.00000000E+00  0.24989565E-01  0.00000000E+00  0.00000000E+00  0.18685787E+09  0.00000000E+00  0.00000000E+00  0.00000000E+00  0.00000000E+00  0.00000000E+00  0.10000000E-01  0.10000000E+01
 0.25002000E-09  0.46442671E-02  0.00000000E+00  0.26858144E-01  0.00000000E+00  0.00000000E+00  0.18685787E+09  0.00000000E+00  0.00000000E+00  0.00000000E+00  0.00000000E+00  0.00000000E+00  0.10000000E-01  0.10000000E+01
 0.26002000E-09  0.46442671E-02  0.00000000E+00  0.28726722E-01  0.00000000E+00  0.00000000E+00  0.18685787E+09  0.00000000E+00  0.00000000E+00  0.00000000E+00  0.00000000E+00  0.00000000E+00  0.10000000E-01  0.10000000E+01
 0.27002000E-09  0.46442671E-02  0.00000000E+00  0.30595301E-01  0.00000000E+00  0.00000000E+00  0.18685787E+09  0.00000000E+00  0.00000000E+00  0.00000000E+00  0.00000000E+00  0.00000000E+00  0.10000000E-01  0.10000000E+01
 0.28002000E-09  0.46442671E-02  0.00000000E+00  0.32463880E-01  0.00000000E+00  0.00000000E+00  0.18685787E+09  0.00000000E+00  0.00000000E+00  0.00000000E+00  0.00000000E+00  0.00000000E+00  0.10000000E-01  0.10000000E+01
 0.29002000E-09  0.46442671E-02  0.00000000E+00  0.34332458E-01  0.00000000E+00  0.00000000E+00  0.18685787E+09  0.00000000E+00  0.00000000E+00  0.00000000E+00  0.00000000E+00  0.00000000E+00  0.10000000E-01  0.10000000E+01
 0.30000000E-09  0.46442671E-02  0.00000000E+00  0.36197300E-01  0.00000000E+00  0.00000000E+00  0.18685787E+09  0.00000000E+00  0.00000000E+00  0.00000000E+00  0.00000000E+00  0.00000000E+00  0.10000000E-01  0.10000000E+01
 0.31000000E-09  0.46442671E-02  0.00000000E+00  0.38065879E-01  0.00000000E+00  0.00000000E+00  0.18685787E+09  0.00000000E+00  0.00000000E+00  0.00000000E+00  0.00000000E+00  0.00000000E+00  0.10000000E-01  0.10000000E+01
 0.32000000E-09  0.46442671E-02  0.00000000E+00  0.39934457E-01  0.00000000E+00  0.00000000E+00  0.18685787E+09  0.00000000E+00  0.00000000E+00  0.00000000E+00  0.00000000E+00  0.00000000E+00  0.10000000E-01  0.10000000E+01
 0.33000000E-09  0.46442671E-02  0.00000000E+00  0.41803036E-01  0.00000000E+00  0.00000000E+00  0.18685787E+09  0.00000000E+00  0.00000000E+00  0.00000000E+00  0.00000000E+00  0.00000000E+00  0.10000000E-01  0.10000000E+01
 0.34000000E-09  0.46442671E-02  0.00000000E+00  0.43671615E-01  0.00000000E+00  0.00000000E+00  0.18685787E+09  0.00000000E+00  0.00000000E+00  0.00000000E+00  0.00000000E+00  0.00000000E+00  0.10000000E-01  0.10000000E+01
 0.35000000E-09  0.46442671E-02  0.00000000E+00  0.45540193E-01  0.00000000E+00  0.00000000E+00  0.18685787E+09  0.00000000E+00  0.00000000E+00  0.00000000E+00  0.00000000E+00  0.00000000E+00  0.10000000E-01  0.10000000E+01
 0.36000000E-09  0.46442671E-02  0.00000000E+00  0.47408772E-01  0.00000000E+00  0.00000000E+00  0.18685787E+09  0.00000000E+00  0.00000000E+00  0.00000000E+00  0.00000000E+00  0.00000000E+00  0.10000000E-01  0.10000000E+01
 0.37000000E-09  0.46442671E-02  0.00000000E+00  0.49277351E-01  0.00000000E+00  0.00000000E+00  0.18685787E+09  0.00000000E+00  0.00000000E+00  0.00000000E+00  0.00000000E+00  0.00000000E+00  0.10000000E-01  0.10000000E+01
 0.38000000E-09  0.46442671E-02  0.00000000E+00  0.51145930E-01  0.00000000E+00  0.00000000E+00  0.18685787E+09  0.00000000E+00  0.00000000E+00  0.00000000E+00  0.00000000E+00  0.00000000E+00  0.10000000E-01  0.10000000E+01
 0.39000000E-09  0.46442671E-02  0.00000000E+00  0.53014508E-01  0.00000000E+00  0.00000000E+00  0.18685787E+09  0.00000000E+00  0.00000000E+00  0.00000000E+00  0.00000000E+00  0.00000000E+00  0.10000000E-01  0.10000000E+01
 0.40000000E-09  0.46442671E-02  0.00000000E+00  0.54883087E-01  0.00000000E+00  0.00000000E+00  0.18685787E+09  0.00000000E+00  0.00000000E+00  0.00000000E+00  0.00000000E+00  0.00000000E+00  0.10000000E-01  0.10000000E+01
 0.41000000E-09  0.46442671E-02  0.00000000E+00  0.56751666E-01  0.00000000E+00  0.00000000E+00  0.18685787E+09  0.00000000E+00  0.00000000E+00  0.00000000E+00  0.00000000E+00  0.00000000E+00  0.10000000E-01  0.10000000E+01
 0.42000000E-09  0.46442671E-02  0.00000000E+00  0.58620244E-01  0.00000000E+00  0.00000000E+00  0.18685787E+09  0.00000000E+00  0.00000000E+00  0.00000000E+00  0.00000000E+00  0.00000000E+00  0.10000000E-01  0.10000000E+01
 0.43000000E-09  0.46442671E-02  0.00000000E+00  0.60488823E-01  0.00000000E+00  0.00000000E+00  0.18685787E+09  0.00000000E+00  0.00000000E+00  0.00000000E+00  0.00000000E+00  0.00000000E+00  0.10000000E-01  0.10000000E+01
 0.44000000E-09  0.46442671E-02  0.00000000E+00  0.62357402E-01  0.00000000E+00  0.00000000E+00  0.18685787E+09  0.00000000E+00  0.00000000E+00  0.00000000E+00  0.00000000E+00  0.00000000E+00  0.10000000E-01  0.10000000E+01
 0.45000000E-09  0.46442671E-02  0.00000000E+00  0.64225980E-01  0.00000000E+00  0.00000000E+00  0.18685787E+09  0.00000000E+00  0.00000000E+00  0.00000000E+00  0.00000000E+00  0.00000000E+00  0.10000000E-01  0.10000000E+01
 0.46000000E-09  0.46442671E-02  0.00000000E+00  0.66094559E-01  0.00000000E+00  0.00000000E+00  0.18685787E+09  0.00000000E+00  0.00000000E+00  0.00000000E+00  0.00000000E+00  0.00000000E+00  0.10000000E-01  0.10000000E+01
 0.47000000E-09  0.46442671E-02  0.00000000E+00  0.67963138E-01  0.00000000E+00  0.00000000E+00  0.18685787E+09  0.00000000E+00  0.00000000E+00  0.00000000E+00  0.00000000E+00  0.00000000E+00  0.10000000E-01  0.10000000E+01
 0.48000000E-09  0.46442671E-02  0.00000000E+00  0.69831716E-01  0.00000000E+00  0.00000000E+00  0.18685787E+09  0.00000000E+00  0.00000000E+00  0.00000000E+00  0.00000000E+00  0.00000000E+00  0.10000000E-01  0.10000000E+01
 0.49000000E-09  0.46442671E-02  0.00000000E+00  0.71700295E-01  0.00000000E+00  0.00000000E+00  0.18685787E+09  0.00000000E+00  0.00000000E+00  0.00000000E+00  0.00000000E+00  0.00000000E+00  0.10000000E-01  0.10000000E+01
 0.50000000E-09  0.46442671E-02  0.00000000E+00  0.73568874E-01  0.00000000E+00  0.00000000E+00  0.18685787E+09  0.00000000E+00  0.00000000E+00  0.00000000E+00  0.00000000E+00  0.00000000E+00  0.10000000E-01  0.10000000E+01
 0.51000000E-09  0.46442671E-02  0.00000000E+00  0.75437452E-01  0.00000000E+00  0.00000000E+00  0.18685787E+09  0.00000000E+00  0.00000000E+00  0.00000000E+00  0.00000000E+00  0.00000000E+00  0.10000000E-01  0.10000000E+01
 0.52000000E-09  0.46442671E-02  0.00000000E+00  0.77306031E-01  0.00000000E+00  0.00000000E+00  0.18685787E+09  0.00000000E+00  0.00000000E+00  0.00000000E+00  0.00000000E+00  0.00000000E+00  0.10000000E-01  0.10000000E+01
 0.53000000E-09  0.46442671E-02  0.00000000E+00  0.79174610E-01  0.00000000E+00  0.00000000E+00  0.18685787E+09  0.00000000E+00  0.00000000E+00  0.00000000E+00  0.00000000E+00  0.00000000E+00  0.10000000E-01  0.10000000E+01
 0.54000000E-09  0.46442671E-02  0.00000000E+00  0.81043189E-01  0.00000000E+00  0.00000000E+00  0.18685787E+09  0.00000000E+00  0.00000000E+00  0.00000000E+00  0.00000000E+00  0.00000000E+00  0.10000000E-01  0.10000000E+01
 0.55002000E-09  0.46442671E-02  0.00000000E+00  0.82915504E-01  0.00000000E+00  0.00000000E+00  0.18685787E+09  0.00000000E+00  0.00000000E+00  0.00000000E+00  0.00000000E+00  0.00000000E+00  0.10000000E-01  0.10000000E+01
 0.56002000E-09  0.46442671E-02  0.00000000E+00  0.84784083E-01  0.00000000E+00  0.00000000E+00  0.18685787E+09  0.00000000E+00  0.00000000E+00  0.00000000E+00  0.00000000E+00  0.00000000E+00  0.10000000E-01  0.10000000E+01
 0.57002000E-09  0.46442671E-02  0.00000000E+00  0.86652662E-01  0.00000000E+00  0.00000000E+00  0.18685787E+09  0.00000000E+00  0.00000000E+00  0.00000000E+00  0.00000000E+00  0.00000000E+00  0.10000000E-01  0.10000000E+01
 0.58002000E-09  0.46442671E-02  0.00000000E+00  0.88521240E-01  0.00000000E+00  0.00000000E+00  0.18685787E+09  0.00000000E+00  0.00000000E+00  0.00000000E+00  0.00000000E+00  0.00000000E+00  0.10000000E-01  0.10000000E+01
 0.59002000E-09  0.46442671E-02  0.00000000E+00  0.90389819E-01  0.00000000E+00  0.00000000E+00  0.18685787E+09  0.00000000E+00  0.00000000E+00  0.00000000E+00  0.00000000E+00  0.00000000E+00  0.10000000E-01  0.10000000E+01
 0.60002000E-09  0.46442671E-02  0.00000000E+00  0.92258398E-01  0.00000000E+00  0.00000000E+00  0.18685787E+09  0.00000000E+00  0.00000000E+00  0.00000000E+00  0.00000000E+00  0.00000000E+00  0.10000000E-01  0.10000000E+01
 0.61002000E-09  0.46442671E-02  0.00000000E+00  0.94126977E-01  0.00000000E+00  0.00000000E+00  0.18685787E+09  0.00000000E+00  0.00000000E+00  0.00000000E+00  0.00000000E+00  0.00000000E+00  0.10000000E-01  0.10000000E+01
 0.62002000E-09  0.46442671E-02  0.00000000E+00  0.95995555E-01  0.00000000E+00  0.00000000E+00  0.18685787E+09  0.00000000E+00  0.00000000E+00  0.00000000E+00  0.00000000E+00  0.00000000E+00  0.10000000E-01  0.10000000E+01
 0.63002000E-09  0.46442671E-02  0.00000000E+00  0.97864134E-01  0.00000000E+00  0.00000000E+00  0.18685787E+09  0.00000000E+00  0.00000000E+00  0.00000000E+00  0.00000000E+00  0.00000000E+00  0.10000000E-01  0.10000000E+01
 0.64002000E-09  0.46442671E-02  0.00000000E+00  0.99732713E-01  0.00000000E+00  0.00000000E+00  0.18685787E+09  0.00000000E+00  0.00000000E+00  0.00000000E+00  0.00000000E+00  0.00000000E+00  0.10000000E-01  0.10000000E+01
 0.65002000E-09  0.46442671E-02  0.00000000E+00  0.10160129E+00  0.00000000E+00  0.00000000E+00  0.18685787E+09  0.00000000E+00  0.00000000E+00  0.00000000E+00  0.00000000E+00  0.00000000E+00  0.10000000E-01  0.10000000E+01
 0.66002000E-09  0.46442671E-02  0.00000000E+00  0.10346987E+00  0.00000000E+00  0.00000000E+00  0.18685787E+09  0.00000000E+00  0.00000000E+00  0.00000000E+00  0.00000000E+00  0.00000000E+00  0.10000000E-01  0.10000000E+01
 0.67002000E-09  0.46442671E-02  0.00000000E+00  0.10533845E+00  0.00000000E+00  0.00000000E+00  0.18685787E+09  0.00000000E+00  0.00000000E+00  0.00000000E+00  0.00000000E+00  0.00000000E+00  0.10000000E-01  0.10000000E+01
 0.68002000E-09  0.46442671E-02  0.00000000E+00  0.10720703E+00  0.00000000E+00  0.00000000E+00  0.18685787E+09  0.00000000E+00  0.00000000E+00  0.00000000E+00  0.00000000E+00  0.00000000E+00  0.10000000E-01  0.10000000E+01
 0.69002000E-09  0.46442671E-02  0.00000000E+00  0.10907561E+00  0.00000000E+00  0.00000000E+00  0.18685787E+09  0.00000000E+00  0.00000000E+00  0.00000000E+00  0.00000000E+00  0.00000000E+00  0.10000000E-01  0.10000000E+01
 0.70002000E-09  0.46442671E-02  0.00000000E+00  0.11094418E+00  0.00000000E+00  0.00000000E+00  0.18685787E+09  0.00000000E+00  0.00000000E+00  0.00000000E+00  0.00000000E+00  0.00000000E+00  0.10000000E-01  0.10000000E+01
 0.71002000E-09  0.46442671E-02  0.00000000E+00  0.11281276E+00  0.00000000E+00  0.00000000E+00  0.18685787E+09  0.00000000E+00  0.00000000E+00  0.00000000E+00  0.00000000E+00  0.00000000E+00  0.10000000E-01  0.10000000E+01
 0.72002000E-09  0.46442671E-02  0.00000000E+00  0.11468134E+00  0.00000000E+00  0.00000000E+00  0.18685787E+09  0.00000000E+00  0.00000000E+00  0.00000000E+00  0.00000000E+00  0.00000000E+00  0.10000000E-01  0.10000000E+01
 0.73002000E-09  0.46442671E-02  0.00000000E+00  0.11654992E+00  0.00000000E+00  0.00000000E+00  0.18685787E+09  0.00000000E+00  0.00000000E+00  0.00000000E+00  0.00000000E+00  0.00000000E+00  0.10000000E-01  0.10000000E+01
 0.74002000E-09  0.46442671E-02  0.00000000E+00  0.11841850E+00  0.00000000E+00  0.00000000E+00  0.18685787E+09  0.00000000E+00  0.00000000E+00  0.00000000E+00  0.00000000E+00  0.00000000E+00  0.10000000E-01  0.10000000E+01
 0.75002000E-09  0.46442671E-02  0.00000000E+00  0.12028708E+00  0.00000000E+00  0.00000000E+00  0.18685787E+09  0.00000000E+00  0.00000000E+00  0.00000000E+00  0.00000000E+00  0.00000000E+00  0.10000000E-01  0.10000000E+01
 0.76002000E-09  0.46442671E-02  0.00000000E+00  0.12215566E+00  0.00000000E+00  0.00000000E+00  0.18685787E+09  0.00000000E+00  0.00000000E+00  0.00000000E+00  0.00000000E+00  0.00000000E+00  0.10000000E-01  0.10000000E+01
 0.77002000E-09  0.46442671E-02  0.00000000E+00  0.12402424E+00  0.00000000E+00  0.00000000E+00  0.18685787E+09  0.00000000E+00  0.00000000E+00  0.00000000E+00  0.00000000E+00  0.00000000E+00  0.10000000E-01  0.10000000E+01
 0.78002000E-09  0.46442671E-02  0.00000000E+00  0.12589281E+00  0.00000000E+00  0.00000000E+00  0.18685787E+09  0.00000000E+00  0.00000000E+00  0.00000000E+00  0.00000000E+00  0.00000000E+00  0.10000000E-01  0.10000000E+01
 0.79002000E-09  0.46442671E-02  0.00000000E+00  0.12776139E+00  0.00000000E+00  0.00000000E+00  0.18685787E+09  0.00000000E+00  0.00000000E+00  0.00000000E+00  0.00000000E+00  0.00000000E+00  0.10000000E-01  0.10000000E+01
 0.80002000E-09  0.46442671E-02  0.00000000E+00  0.12962997E+00  0.00000000E+00  0.00000000E+00  0.18685787E+09  0.00000000E+00  0.00000000E+00  0.00000000E+00  0.00000000E+00  0.00000000E+00  0.10000000E-01  0.10000000E+01
 0.81002000E-09  0.46442671E-02  0.00000000E+00  0.13149855E+00  0.00000000E+00  0.00000000E+00  0.18685787E+09  0.00000000E+00  0.00000000E+00  0.00000000E+00  0.00000000E+00  0.00000000E+00  0.10000000E-01  0.10000000E+01
 0.82002000E-09  0.46442671E-02  0.00000000E+00  0.13336713E+00  0.00000000E+00  0.00000000E+00  0.18685787E+09  0.00000000E+00  0.00000000E+00  0.00000000E+00  0.00000000E+00  0.00000000E+00  0.10000000E-01  0.10000000E+01
 0.83002000E-09  0.46442671E-02  0.00000000E+00  0.13523571E+00  0.00000000E+00  0.00000000E+00  0.18685787E+09  0.00000000E+00  0.00000000E+00  0.00000000E+00  0.00000000E+00  0.00000000E+00  0.10000000E-01  0.10000000E+01
 0.84002000E-09  0.46442671E-02  0.00000000E+00  0.13710429E+00  0.00000000E+00  0.00000000E+00  0.18685787E+09  0.00000000E+00  0.00000000E+00  0.00000000E+00  0.00000000E+00  0.00000000E+00  0.10000000E-01  0.10000000E+01
 0.85002000E-09  0.46442671E-02  0.00000000E+00  0.13897287E+00  0.00000000E+00  0.00000000E+00  0.18685787E+09  0.00000000E+00  0.00000000E+00  0.00000000E+00  0.00000000E+00  0.00000000E+00  0.10000000E-01  0.10000000E+01
 0.86002000E-09  0.46442671E-02  0.00000000E+00  0.14084144E+00  0.00000000E+00  0.00000000E+00  0.18685787E+09  0.00000000E+00  0.00000000E+00  0.00000000E+00  0.00000000E+00  0.00000000E+00  0.10000000E-01  0.10000000E+01
 0.87002000E-09  0.46442671E-02  0.00000000E+00  0.14271002E+00  0.00000000E+00  0.00000000E+00  0.18685787E+09  0.00000000E+00  0.00000000E+00  0.00000000E+00  0.00000000E+00  0.00000000E+00  0.10000000E-01  0.10000000E+01
 0.88002000E-09  0.46442671E-02  0.00000000E+00  0.14457860E+00  0.00000000E+00  0.00000000E+00  0.18685787E+09  0.00000000E+00  0.00000000E+00  0.00000000E+00  0.00000000E+00  0.00000000E+00  0.10000000E-01  0.10000000E+01
 0.89002000E-09  0.46442671E-02  0.00000000E+00  0.14644718E+00  0.00000000E+00  0.00000000E+00  0.18685787E+09  0.00000000E+00  0.00000000E+00  0.00000000E+00  0.00000000E+00  0.00000000E+00  0.10000000E-01  0.10000000E+01
 0.90002000E-09  0.46442671E-02  0.00000000E+00  0.14831576E+00  0.00000000E+00  0.00000000E+00  0.18685787E+09  0.00000000E+00  0.00000000E+00  0.00000000E+00  0.00000000E+00  0.00000000E+00  0.10000000E-01  0.10000000E+01
 0.91002000E-09  0.46442671E-02  0.00000000E+00  0.15018434E+00  0.00000000E+00  0.00000000E+00  0.18685787E+09  0.00000000E+00  0.00000000E+00  0.00000000E+00  0.00000000E+00  0.00000000E+00  0.10000000E-01  0.10000000E+01
 0.92002000E-09  0.46442671E-02  0.00000000E+00  0.15205292E+00  0.00000000E+00  0.00000000E+00  0.18685787E+09  0.00000000E+00  0.00000000E+00  0.00000000E+00  0.00000000E+00  0.00000000E+00  0.10000000E-01  0.10000000E+01
 0.93002000E-09  0.46442671E-02  0.00000000E+00  0.15392149E+00  0.00000000E+00  0.00000000E+00  0.18685787E+09  0.00000000E+00  0.00000000E+00  0.00000000E+00  0.00000000E+00  0.00000000E+00  0.10000000E-01  0.10000000E+01
 0.94002000E-09  0.46442671E-02  0.00000000E+00  0.15579007E+00  0.00000000E+00  0.00000000E+00  0.18685787E+09  0.00000000E+00  0.00000000E+00  0.00000000E+00  0.00000000E+00  0.00000000E+00  0.10000000E-01  0.10000000E+01
 0.95002000E-09  0.46442671E-02  0.00000000E+00  0.15765865E+00  0.00000000E+00  0.00000000E+00  0.18685787E+09  0.00000000E+00  0.00000000E+00  0.00000000E+00  0.00000000E+00  0.00000000E+00  0.10000000E-01  0.10000000E+01
 0.96002000E-09  0.46442671E-02  0.00000000E+00  0.15952723E+00  0.00000000E+00  0.00000000E+00  0.18685787E+09  0.00000000E+00  0.00000000E+00  0.00000000E+00  0.00000000E+00  0.00000000E+00  0.10000000E-01  0.10000000E+01
 0.97002000E-09  0.46442671E-02  0.00000000E+00  0.16139581E+00  0.00000000E+00  0.00000000E+00  0.18685787E+09  0.00000000E+00  0.00000000E+00  0.00000000E+00  0.00000000E+00  0.00000000E+00  0.10000000E-01  0.10000000E+01
 0.98002000E-09  0.46442671E-02  0.00000000E+00  0.16326439E+00  0.00000000E+00  0.00000000E+00  0.18685787E+09  0.00000000E+00  0.00000000E+00  0.00000000E+00  0.00000000E+00  0.00000000E+00  0.10000000E-01  0.10000000E+01
 0.99002000E-09  0.46442671E-02  0.00000000E+00  0.16513297E+00  0.00000000E+00  0.00000000E+00  0.18685787E+09  0.00000000E+00  0.00000000E+00  0.00000000E+00  0.00000000E+00  0.00000000E+00  0.10000000E-01  0.10000000E+01
 0.10000200E-08  0.46442671E-02  0.00000000E+00  0.16700155E+00  0.00000000E+00  0.00000000E+00  0.18685787E+09  0.00000000E+00  0.00000000E+00  0.00000000E+00  0.00000000E+00  0.00000000E+00  0.10000000E-01  0.10000000E+01
 0.10100200E-08  0.46442671E-02  0.00000000E+00  0.16887012E+00  0.00000000E+00  0.00000000E+00  0.18685787E+09  0.00000000E+00  0.00000000E+00  0.00000000E+00  0.00000000E+00  0.00000000E+00  0.10000000E-01  0.10000000E+01
 0.10200200E-08  0.46442671E-02  0.00000000E+00  0.17073870E+00  0.00000000E+00  0.00000000E+00  0.18685787E+09  0.00000000E+00  0.00000000E+00  0.00000000E+00  0.00000000E+00  0.00000000E+00  0.10000000E-01  0.10000000E+01
 0.10300200E-08  0.46442671E-02  0.00000000E+00  0.17260728E+00  0.00000000E+00  0.00000000E+00  0.18685787E+09  0.00000000E+00  0.00000000E+00  0.00000000E+00  0.00000000E+00  0.00000000E+00  0.10000000E-01  0.10000000E+01
 0.10400200E-08  0.46442671E-02  0.00000000E+00  0.17447586E+00  0.00000000E+00  0.00000000E+00  0.18685787E+09  0.00000000E+00  0.00000000E+00  0.00000000E+00  0.00000000E+00  0.00000000E+00  0.10000000E-01  0.10000000E+01
 0.10500200E-08  0.46442671E-02  0.00000000E+00  0.17634444E+00  0.00000000E+00  0.00000000E+00  0.18685787E+09  0.00000000E+00  0.00000000E+00  0.00000000E+00  0.00000000E+00  0.00000000E+00  0.10000000E-01  0.10000000E+01
 0.10600200E-08  0.46442671E-02  0.00000000E+00  0.17821302E+00  0.00000000E+00  0.00000000E+00  0.18685787E+09  0.00000000E+00  0.00000000E+00  0.00000000E+00  0.00000000E+00  0.00000000E+00  0.10000000E-01  0.10000000E+01
 0.10700200E-08  0.46442671E-02  0.00000000E+00  0.18008160E+00  0.00000000E+00  0.00000000E+00  0.18685787E+09  0.00000000E+00  0.00000000E+00  0.00000000E+00  0.00000000E+00  0.00000000E+00  0.10000000E-01  0.10000000E+01
 0.10800200E-08  0.46442671E-02  0.00000000E+00  0.18195017E+00  0.00000000E+00  0.00000000E+00  0.18685787E+09  0.00000000E+00  0.00000000E+00  0.00000000E+00  0.00000000E+00  0.00000000E+00  0.10000000E-01  0.10000000E+01
 0.10900200E-08  0.46442671E-02  0.00000000E+00  0.18381875E+00  0.00000000E+00  0.00000000E+00  0.18685787E+09  0.00000000E+00  0.00000000E+00  0.00000000E+00  0.00000000E+00  0.00000000E+00  0.10000000E-01  0.10000000E+01
 0.11000200E-08  0.46442671E-02  0.00000000E+00  0.18568733E+00  0.00000000E+00  0.00000000E+00  0.18685787E+09  0.00000000E+00  0.00000000E+00  0.00000000E+00  0.00000000E+00  0.00000000E+00  0.10000000E-01  0.10000000E+01
 0.11100200E-08  0.46442671E-02  0.00000000E+00  0.18755591E+00  0.00000000E+00  0.00000000E+00  0.18685787E+09  0.00000000E+00  0.00000000E+00  0.00000000E+00  0.00000000E+00  0.00000000E+00  0.10000000E-01  0.10000000E+01
 0.11200200E-08  0.46442671E-02  0.00000000E+00  0.18942449E+00  0.00000000E+00  0.00000000E+00  0.18685787E+09  0.00000000E+00  0.00000000E+00  0.00000000E+00  0.00000000E+00  0.00000000E+00  0.10000000E-01  0.10000000E+01
 0.11300200E-08  0.46442671E-02  0.00000000E+00  0.19129307E+00  0.00000000E+00  0.00000000E+00  0.18685787E+09  0.00000000E+00  0.00000000E+00  0.00000000E+00  0.00000000E+00  0.00000000E+00  0.10000000E-01  0.10000000E+01
 0.11400200E-08  0.46442671E-02  0.00000000E+00  0.19316165E+00  0.00000000E+00  0.00000000E+00  0.18685787E+09  0.00000000E+00  0.00000000E+00  0.00000000E+00  0.00000000E+00  0.00000000E+00  0.10000000E-01  0.10000000E+01
 0.11500200E-08  0.46442671E-02  0.00000000E+00  0.19503023E+00  0.00000000E+00  0.00000000E+00  0.18685787E+09  0.00000000E+00  0.00000000E+00  0.00000000E+00  0.00000000E+00  0.00000000E+00  0.10000000E-01  0.10000000E+01
 0.11600200E-08  0.46442671E-02  0.00000000E+00  0.19689880E+00  0.00000000E+00  0.00000000E+00  0.18685787E+09  0.00000000E+00  0.00000000E+00  0.00000000E+00  0.00000000E+00  0.00000000E+00  0.10000000E-01  0.10000000E+01
 0.11700200E-08  0.46442671E-02  0.00000000E+00  0.19876738E+00  0.00000000E+00  0.00000000E+00  0.18685787E+09  0.00000000E+00  0.00000000E+00  0.00000000E+00  0.00000000E+00  0.00000000E+00  0.10000000E-01  0.10000000E+01
 0.11800200E-08  0.46442671E-02  0.00000000E+00  0.20063596E+00  0.00000000E+00  0.00000000E+00  0.18685787E+09  0.00000000E+00  0.00000000E+00  0.00000000E+00  0.00000000E+00  0.00000000E+00  0.10000000E-01  0.10000000E+01
 0.11900200E-08  0.46442671E-02  0.00000000E+00  0.20250454E+00  0.00000000E+00  0.00000000E+00  0.18685787E+09  0.00000000E+00  0.00000000E+00  0.00000000E+00  0.00000000E+00  0.00000000E+00  0.10000000E-01  0.10000000E+01
 0.12000200E-08  0.46442671E-02  0.00000000E+00  0.20437312E+00  0.00000000E+00  0.00000000E+00  0.18685787E+09  0.00000000E+00  0.00000000E+00  0.00000000E+00  0.00000000E+00  0.00000000E+00  0.10000000E-01  0.10000000E+01
 0.12100200E-08  0.46442671E-02  0.00000000E+00  0.20624170E+00  0.00000000E+00  0.00000000E+00  0.18685787E+09  0.00000000E+00  0.00000000E+00  0.00000000E+00  0.00000000E+00  0.00000000E+00  0.10000000E-01  0.10000000E+01
 0.12200200E-08  0.46442671E-02  0.00000000E+00  0.20811028E+00  0.00000000E+00  0.00000000E+00  0.18685787E+09  0.00000000E+00  0.00000000E+00  0.00000000E+00  0.00000000E+00  0.00000000E+00  0.10000000E-01  0.10000000E+01
 0.12300200E-08  0.46442671E-02  0.00000000E+00  0.20997886E+00  0.00000000E+00  0.00000000E+00  0.18685787E+09  0.00000000E+00  0.00000000E+00  0.00000000E+00  0.00000000E+00  0.00000000E+00  0.10000000E-01  0.10000000E+01
 0.12400200E-08  0.46442671E-02  0.00000000E+00  0.21184743E+00  0.00000000E+00  0.00000000E+00  0.18685787E+09  0.00000000E+00  0.00000000E+00  0.00000000E+00  0.00000000E+00  0.00000000E+00  0.10000000E-01  0.10000000E+01
 0.12500200E-08  0.46442671E-02  0.00000000E+00  0.21371601E+00  0.00000000E+00  0.00000000E+00  0.18685787E+09  0.00000000E+00  0.00000000E+00  0.00000000E+00  0.00000000E+00  0.00000000E+00  0.10000000E-01  0.10000000E+01
 0.12600200E-08  0.46442671E-02  0.00000000E+00  0.21558459E+00  0.00000000E+00  0.00000000E+00  0.18685787E+09  0.00000000E+00  0.00000000E+00  0.00000000E+00  0.00000000E+00  0.00000000E+00  0.10000000E-01  0.10000000E+01
 0.12700200E-08  0.46442671E-02  0.00000000E+00  0.21745317E+00  0.00000000E+00  0.00000000E+00  0.18685787E+09  0.00000000E+00  0.00000000E+00  0.00000000E+00  0.00000000E+00  0.00000000E+00  0.10000000E-01  0.10000000E+01
 0.12800200E-08  0.46442671E-02  0.00000000E+00  0.21932175E+00  0.00000000E+00  0.00000000E+00  0.18685787E+09  0.00000000E+00  0.00000000E+00  0.00000000E+00  0.00000000E+00  0.00000000E+00  0.10000000E-01  0.10000000E+01
 0.12900200E-08  0.46442671E-02  0.00000000E+00  0.22119033E+00  0.00000000E+00  0.00000000E+00  0.18685787E+09  0.00000000E+00  0.00000000E+00  0.00000000E+00  0.00000000E+00  0.00000000E+00  0.10000000E-01  0.10000000E+01
 0.13000200E-08  0.46442671E-02  0.00000000E+00  0.22305891E+00  0.00000000E+00  0.00000000E+00  0.18685787E+09  0.00000000E+00  0.00000000E+00  0.00000000E+00  0.00000000E+00  0.00000000E+00  0.10000000E-01  0.10000000E+01
 0.13100200E-08  0.46442671E-02  0.00000000E+00  0.22492748E+00  0.00000000E+00  0.00000000E+00  0.18685787E+09  0.00000000E+00  0.00000000E+00  0.00000000E+00  0.00000000E+00  0.00000000E+00  0.10000000E-01  0.10000000E+01
 0.13200200E-08  0.46442671E-02  0.00000000E+00  0.22679606E+00  0.00000000E+00  0.00000000E+00  0.18685787E+09  0.00000000E+00  0.00000000E+00  0.00000000E+00  0.00000000E+00  0.00000000E+00  0.10000000E-01  0.10000000E+01
 0.13300200E-08  0.46442671E-02  0.00000000E+00  0.22866464E+00  0.00000000E+00  0.00000000E+00  0.18685787E+09  0.00000000E+00  0.00000000E+00  0.00000000E+00  0.00000000E+00  0.00000000E+00  0.10000000E-01  0.10000000E+01
 0.13400200E-08  0.46442671E-02  0.00000000E+00  0.23053322E+00  0.00000000E+00  0.00000000E+00  0.18685787E+09  0.00000000E+00  0.00000000E+00  0.00000000E+00  0.00000000E+00  0.00000000E+00  0.10000000E-01  0.10000000E+01
 0.13500200E-08  0.46442671E-02  0.00000000E+00  0.23240180E+00  0.00000000E+00  0.00000000E+00  0.18685787E+09  0.00000000E+00  0.00000000E+00  0.00000000E+00  0.00000000E+00  0.00000000E+00  0.10000000E-01  0.10000000E+01
 0.13600200E-08  0.46442671E-02  0.00000000E+00  0.23427038E+00  0.00000000E+00  0.00000000E+00  0.18685787E+09  0.00000000E+00  0.00000000E+00  0.00000000E+00  0.00000000E+00  0.00000000E+00  0.10000000E-01  0.10000000E+01
 0.13700200E-08  0.46442671E-02  0.00000000E+00  0.23613896E+00  0.00000000E+00  0.00000000E+00  0.18685787E+09  0.00000000E+00  0.00000000E+00  0.00000000E+00  0.00000000E+00  0.00000000E+00  0.10000000E-01  0.10000000E+01
 0.13800200E-08  0.46442671E-02  0.00000000E+00  0.23800754E+00  0.00000000E+00  0.00000000E+00  0.18685787E+09  0.00000000E+00  0.00000000E+00  0.00000000E+00  0.00000000E+00  0.00000000E+00  0.10000000E-01  0.10000000E+01
 0.13900200E-08  0.46442671E-02  0.00000000E+00  0.23987611E+00  0.00000000E+00  0.00000000E+00  0.18685787E+09  0.00000000E+00  0.00000000E+00  0.00000000E+00  0.00000000E+00  0.00000000E+00  0.10000000E-01  0.10000000E+01
 0.14000200E-08  0.46442671E-02  0.00000000E+00  0.24174469E+00  0.00000000E+00  0.00000000E+00  0.18685787E+09  0.00000000E+00  0.00000000E+00  0.00000000E+00  0.00000000E+00  0.00000000E+00  0.10000000E-01  0.10000000E+01
 0.14100200E-08  0.46442671E-02  0.00000000E+00  0.24361327E+00  0.00000000E+00  0.00000000E+00  0.18685787E+09  0.00000000E+00  0.00000000E+00  0.00000000E+00  0.00000000E+00  0.00000000E+00  0.10000000E-01  0.10000000E+01
 0.14200200E-08  0.46442671E-02  0.00000000E+00  0.24548185E+00  0.00000000E+00  0.00000000E+00  0.18685787E+09  0.00000000E+00  0.00000000E+00  0.00000000E+00  0.00000000E+00  0.00000000E+00  0.10000000E-01  0.10000000E+01
 0.14300200E-08  0.46442671E-02  0.00000000E+00  0.24735043E+00  0.00000000E+00  0.00000000E+00  0.18685787E+09  0.00000000E+00  0.00000000E+00  0.00000000E+00  0.00000000E+00  0.00000000E+00  0.10000000E-01  0.10000000E+01
 0.14400200E-08  0.46442671E-02  0.00000000E+00  0.24921901E+00  0.00000000E+00  0.00000000E+00  0.18685787E+09  0.00000000E+00  0.00000000E+00  0.00000000E+00  0.00000000E+00  0.00000000E+00  0.10000000E-01  0.10000000E+01
 0.14500200E-08  0.46442671E-02  0.00000000E+00  0.25108759E+00  0.00000000E+00  0.00000000E+00  0.18685787E+09  0.00000000E+00  0.00000000E+00  0.00000000E+00  0.00000000E+00  0.00000000E+00  0.10000000E-01  0.10000000E+01
 0.14600200E-08  0.46442671E-02  0.00000000E+00  0.25295617E+00  0.00000000E+00  0.00000000E+00  0.18685787E+09  0.00000000E+00  0.00000000E+00  0.00000000E+00  0.00000000E+00  0.00000000E+00  0.10000000E-01  0.10000000E+01
 0.14700200E-08  0.46442671E-02  0.00000000E+00  0.25482474E+00  0.00000000E+00  0.00000000E+00  0.18685787E+09  0.00000000E+00  0.00000000E+00  0.00000000E+00  0.00000000E+00  0.00000000E+00  0.10000000E-01  0.10000000E+01
 0.14800200E-08  0.46442671E-02  0.00000000E+00  0.25669332E+00  0.00000000E+00  0.00000000E+00  0.18685787E+09  0.00000000E+00  0.00000000E+00  0.00000000E+00  0.00000000E+00  0.00000000E+00  0.10000000E-01  0.10000000E+01
 0.14900200E-08  0.46442671E-02  0.00000000E+00  0.25856190E+00  0.00000000E+00  0.00000000E+00  0.18685787E+09  0.00000000E+00  0.00000000E+00  0.00000000E+00  0.00000000E+00  0.00000000E+00  0.10000000E-01  0.10000000E+01
 0.15000200E-08  0.46442671E-02  0.00000000E+00  0.26043048E+00  0.00000000E+00  0.00000000E+00  0.18685787E+09  0.00000000E+00  0.00000000E+00  0.00000000E+00  0.00000000E+00  0.00000000E+00  0.10000000E-01  0.10000000E+01
 0.15100200E-08  0.46442671E-02  0.00000000E+00  0.26229906E+00  0.00000000E+00  0.00000000E+00  0.18685787E+09  0.00000000E+00  0.00000000E+00  0.00000000E+00  0.00000000E+00  0.00000000E+00  0.10000000E-01  0.10000000E+01
 0.15200200E-08  0.46442671E-02  0.00000000E+00  0.26416764E+00  0.00000000E+00  0.00000000E+00  0.18685787E+09  0.00000000E+00  0.00000000E+00  0.00000000E+00  0.00000000E+00  0.00000000E+00  0.10000000E-01  0.10000000E+01
 0.15300200E-08  0.46442671E-02  0.00000000E+00  0.26603622E+00  0.00000000E+00  0.00000000E+00  0.18685787E+09  0.00000000E+00  0.00000000E+00  0.00000000E+00  0.00000000E+00  0.00000000E+00  0.10000000E-01  0.10000000E+01
 0.15400200E-08  0.46442671E-02  0.00000000E+00  0.26790479E+00  0.00000000E+00  0.00000000E+00  0.18685787E+09  0.00000000E+00  0.00000000E+00  0.00000000E+00  0.00000000E+00  0.00000000E+00  0.10000000E-01  0.10000000E+01
 0.15500200E-08  0.46442671E-02  0.00000000E+00  0.26977337E+00  0.00000000E+00  0.00000000E+00  0.18685787E+09  0.00000000E+00  0.00000000E+00  0.00000000E+00  0.00000000E+00  0.00000000E+00  0.10000000E-01  0.10000000E+01
 0.15600200E-08  0.46442671E-02  0.00000000E+00  0.27164195E+00  0.00000000E+00  0.00000000E+00  0.18685787E+09  0.00000000E+00  0.00000000E+00  0.00000000E+00  0.00000000E+00  0.00000000E+00  0.10000000E-01  0.10000000E+01
 0.15700200E-08  0.46442671E-02  0.00000000E+00  0.27351053E+00  0.00000000E+00  0.00000000E+00  0.18685787E+09  0.00000000E+00  0.00000000E+00  0.00000000E+00  0.00000000E+00  0.00000000E+00  0.10000000E-01  0.10000000E+01
 0.15800200E-08  0.46442671E-02  0.00000000E+00  0.27537911E+00  0.00000000E+00  0.00000000E+00  0.18685787E+09  0.00000000E+00  0.00000000E+00  0.00000000E+00  0.00000000E+00  0.00000000E+00  0.10000000E-01  0.10000000E+01
 0.15900200E-08  0.46442671E-02  0.00000000E+00  0.27724769E+00  0.00000000E+00  0.00000000E+00  0.18685787E+09  0.00000000E+00  0.00000000E+00  0.00000000E+00  0.00000000E+00  0.00000000E+00  0.10000000E-01  0.10000000E+01
 0.16000200E-08  0.46442671E-02  0.00000000E+00  0.27911627E+00  0.00000000E+00  0.00000000E+00  0.18685787E+09  0.00000000E+00  0.00000000E+00  0.00000000E+00  0.00000000E+00  0.00000000E+00  0.10000000E-01  0.10000000E+01
 0.16100200E-08  0.46442671E-02  0.00000000E+00  0.28098485E+00  0.00000000E+00  0.00000000E+00  0.18685787E+09  0.00000000E+00  0.00000000E+00  0.00000000E+00  0.00000000E+00  0.00000000E+00  0.10000000E-01  0.10000000E+01
 0.16200200E-08  0.46442671E-02  0.00000000E+00  0.28285342E+00  0.00000000E+00  0.00000000E+00  0.18685787E+09  0.00000000E+00  0.00000000E+00  0.00000000E+00  0.00000000E+00  0.00000000E+00  0.10000000E-01  0.10000000E+01
 0.16300200E-08  0.46442671E-02  0.00000000E+00  0.28472200E+00  0.00000000E+00  0.00000000E+00  0.18685787E+09  0.00000000E+00  0.00000000E+00  0.00000000E+00  0.00000000E+00  0.00000000E+00  0.10000000E-01  0.10000000E+01
 0.16400200E-08  0.46442671E-02  0.00000000E+00  0.28659058E+00  0.00000000E+00  0.00000000E+00  0.18685787E+09  0.00000000E+00  0.00000000E+00  0.00000000E+00  0.00000000E+00  0.00000000E+00  0.10000000E-01  0.10000000E+01
 0.16500200E-08  0.46442671E-02  0.00000000E+00  0.28845916E+00  0.00000000E+00  0.00000000E+00  0.18685787E+09  0.00000000E+00  0.00000000E+00  0.00000000E+00  0.00000000E+00  0.00000000E+00  0.10000000E-01  0.10000000E+01
 0.16600200E-08  0.46442671E-02  0.00000000E+00  0.29032774E+00  0.00000000E+00  0.00000000E+00  0.18685787E+09  0.00000000E+00  0.00000000E+00  0.00000000E+00  0.00000000E+00  0.00000000E+00  0.10000000E-01  0.10000000E+01
 0.16700200E-08  0.46442671E-02  0.00000000E+00  0.29219632E+00  0.00000000E+00  0.00000000E+00  0.18685787E+09  0.00000000E+00  0.00000000E+00  0.00000000E+00  0.00000000E+00  0.00000000E+00  0.10000000E-01  0.10000000E+01
 0.16800200E-08  0.46442671E-02  0.00000000E+00  0.29406490E+00  0.00000000E+00  0.00000000E+00  0.18685787E+09  0.00000000E+00  0.00000000E+00  0.00000000E+00  0.00000000E+00  0.00000000E+00  0.10000000E-01  0.10000000E+01
 0.16900200E-08  0.46442671E-02  0.00000000E+00  0.29593348E+00  0.00000000E+00  0.00000000E+00  0.18685787E+09  0.00000000E+00  0.00000000E+00  0.00000000E+00  0.00000000E+00  0.00000000E+00  0.10000000E-01  0.10000000E+01
 0.17000200E-08  0.46442671E-02  0.00000000E+00  0.29780205E+00  0.00000000E+00  0.00000000E+00  0.18685787E+09  0.00000000E+00  0.00000000E+00  0.00000000E+00  0.00000000E+00  0.00000000E+00  0.10000000E-01  0.10000000E+01
 0.17100200E-08  0.46442671E-02  0.00000000E+00  0.29967063E+00  0.00000000E+00  0.00000000E+00  0.18685787E+09  0.00000000E+00  0.00000000E+00  0.00000000E+00  0.00000000E+00  0.00000000E+00  0.10000000E-01  0.10000000E+01
 0.17200200E-08  0.46442671E-02  0.00000000E+00  0.30153921E+00  0.00000000E+00  0.00000000E+00  0.18685787E+09  0.00000000E+00  0.00000000E+00  0.00000000E+00  0.00000000E+00  0.00000000E+00  0.10000000E-01  0.10000000E+01
 0.17300200E-08  0.46442671E-02  0.00000000E+00  0.30340779E+00  0.00000000E+00  0.00000000E+00  0.18685787E+09  0.00000000E+00  0.00000000E+00  0.00000000E+00  0.00000000E+00  0.00000000E+00  0.10000000E-01  0.10000000E+01
 0.17400200E-08  0.46442671E-02  0.00000000E+00  0.30527637E+00  0.00000000E+00  0.00000000E+00  0.18685787E+09  0.00000000E+00  0.00000000E+00  0.00000000E+00  0.00000000E+00  0.00000000E+00  0.10000000E-01  0.10000000E+01
 0.17500200E-08  0.46442671E-02  0.00000000E+00  0.30714495E+00  0.00000000E+00  0.00000000E+00  0.18685787E+09  0.00000000E+00  0.00000000E+00  0.00000000E+00  0.00000000E+00  0.00000000E+00  0.10000000E-01  0.10000000E+01
 0.17600200E-08  0.46442671E-02  0.00000000E+00  0.30901353E+00  0.00000000E+00  0.00000000E+00  0.18685787E+09  0.00000000E+00  0.00000000E+00  0.00000000E+00  0.00000000E+00  0.00000000E+00  0.10000000E-01  0.10000000E+01
 0.17700200E-08  0.46442671E-02  0.00000000E+00  0.31088210E+00  0.00000000E+00  0.00000000E+00  0.18685787E+09  0.00000000E+00  0.00000000E+00  0.00000000E+00  0.00000000E+00  0.00000000E+00  0.10000000E-01  0.10000000E+01
 0.17800200E-08  0.46442671E-02  0.00000000E+00  0.31275068E+00  0.00000000E+00  0.00000000E+00  0.18685787E+09  0.00000000E+00  0.00000000E+00  0.00000000E+00  0.00000000E+00  0.00000000E+00  0.10000000E-01  0.10000000E+01
 0.17900200E-08  0.46442671E-02  0.00000000E+00  0.31461926E+00  0.00000000E+00  0.00000000E+00  0.18685787E+09  0.00000000E+00  0.00000000E+00  0.00000000E+00  0.00000000E+00  0.00000000E+00  0.10000000E-01  0.10000000E+01
 0.18000200E-08  0.46442671E-02  0.00000000E+00  0.31648784E+00  0.00000000E+00  0.00000000E+00  0.18685787E+09  0.00000000E+00  0.00000000E+00  0.00000000E+00  0.00000000E+00  0.00000000E+00  0.10000000E-01  0.10000000E+01
 0.18100200E-08  0.46442671E-02  0.00000000E+00  0.31835642E+00  0.00000000E+00  0.00000000E+00  0.18685787E+09  0.00000000E+00  0.00000000E+00  0.00000000E+00  0.00000000E+00  0.00000000E+00  0.10000000E-01  0.10000000E+01
 0.18200200E-08  0.46442671E-02  0.00000000E+00  0.32022500E+00  0.00000000E+00  0.00000000E+00  0.18685787E+09  0.00000000E+00  0.00000000E+00  0.00000000E+00  0.00000000E+00  0.00000000E+00  0.10000000E-01  0.10000000E+01
 0.18300200E-08  0.46442671E-02  0.00000000E+00  0.32209358E+00  0.00000000E+00  0.00000000E+00  0.18685787E+09  0.00000000E+00  0.00000000E+00  0.00000000E+00  0.00000000E+00  0.00000000E+00  0.10000000E-01  0.10000000E+01
 0.18400200E-08  0.46442671E-02  0.00000000E+00  0.32396216E+00  0.00000000E+00  0.00000000E+00  0.18685787E+09  0.00000000E+00  0.00000000E+00  0.00000000E+00  0.00000000E+00  0.00000000E+00  0.10000000E-01  0.10000000E+01
 0.18500200E-08  0.46442671E-02  0.00000000E+00  0.32583073E+00  0.00000000E+00  0.00000000E+00  0.18685787E+09  0.00000000E+00  0.00000000E+00  0.00000000E+00  0.00000000E+00  0.00000000E+00  0.10000000E-01  0.10000000E+01
 0.18600200E-08  0.46442671E-02  0.00000000E+00  0.32769931E+00  0.00000000E+00  0.00000000E+00  0.18685787E+09  0.00000000E+00  0.00000000E+00  0.00000000E+00  0.00000000E+00  0.00000000E+00  0.10000000E-01  0.10000000E+01
 0.18700200E-08  0.46442671E-02  0.00000000E+00  0.32956789E+00  0.00000000E+00  0.00000000E+00  0.18685787E+09  0.00000000E+00  0.00000000E+00  0.00000000E+00  0.00000000E+00  0.00000000E+00  0.10000000E-01  0.10000000E+01
 0.18800200E-08  0.46442671E-02  0.00000000E+00  0.33143647E+00  0.00000000E+00  0.00000000E+00  0.18685787E+09  0.00000000E+00  0.00000000E+00  0.00000000E+00  0.00000000E+00  0.00000000E+00  0.10000000E-01  0.10000000E+01
 0.18900200E-08  0.46442671E-02  0.00000000E+00  0.33330505E+00  0.00000000E+00  0.00000000E+00  0.18685787E+09  0.00000000E+00  0.00000000E+00  0.00000000E+00  0.00000000E+00  0.00000000E+00  0.10000000E-01  0.10000000E+01
 0.19000200E-08  0.46442671E-02  0.00000000E+00  0.33517363E+00  0.00000000E+00  0.00000000E+00  0.18685787E+09  0.00000000E+00  0.00000000E+00  0.00000000E+00  0.00000000E+00  0.00000000E+00  0.10000000E-01  0.10000000E+01
 0.19100200E-08  0.46442671E-02  0.00000000E+00  0.33704221E+00  0.00000000E+00  0.00000000E+00  0.18685787E+09  0.00000000E+00  0.00000000E+00  0.00000000E+00  0.00000000E+00  0.00000000E+00  0.10000000E-01  0.10000000E+01
 0.19200200E-08  0.46442671E-02  0.00000000E+00  0.33891078E+00  0.00000000E+00  0.00000000E+00  0.18685787E+09  0.00000000E+00  0.00000000E+00  0.00000000E+00  0.00000000E+00  0.00000000E+00  0.10000000E-01  0.10000000E+01
 0.19300200E-08  0.46442671E-02  0.00000000E+00  0.34077936E+00  0.00000000E+00  0.00000000E+00  0.18685787E+09  0.00000000E+00  0.00000000E+00  0.00000000E+00  0.00000000E+00  0.00000000E+00  0.10000000E-01  0.10000000E+01
 0.19400200E-08  0.46442671E-02  0.00000000E+00  0.34264794E+00  0.00000000E+00  0.00000000E+00  0.18685787E+09  0.00000000E+00  0.00000000E+00  0.00000000E+00  0.00000000E+00  0.00000000E+00  0.10000000E-01  0.10000000E+01
 0.19500200E-08  0.46442671E-02  0.00000000E+00  0.34451652E+00  0.00000000E+00  0.00000000E+00  0.18685787E+09  0.00000000E+00  0.00000000E+00  0.00000000E+00  0.00000000E+00  0.00000000E+00  0.10000000E-01  0.10000000E+01
 0.19600200E-08  0.46442671E-02  0.00000000E+00  0.34638510E+00  0.00000000E+00  0.00000000E+00  0.18685787E+09  0.00000000E+00  0.00000000E+00  0.00000000E+00  0.00000000E+00  0.00000000E+00  0.10000000E-01  0.10000000E+01
 0.19700200E-08  0.46442671E-02  0.00000000E+00  0.34825368E+00  0.00000000E+00  0.00000000E+00  0.18685787E+09  0.00000000E+00  0.00000000E+00  0.00000000E+00  0.00000000E+00  0.00000000E+00  0.10000000E-01  0.10000000E+01
 0.19800200E-08  0.46442671E-02  0.00000000E+00  0.35012226E+00  0.00000000E+00  0.00000000E+00  0.18685787E+09  0.00000000E+00  0.00000000E+00  0.00000000E+00  0.00000000E+00  0.00000000E+00  0.10000000E-01  0.10000000E+01
 0.19900200E-08  0.46442671E-02  0.00000000E+00  0.35199084E+00  0.00000000E+00  0.00000000E+00  0.18685787E+09  0.00000000E+00  0.00000000E+00  0.00000000E+00  0.00000000E+00  0.00000000E+00  0.10000000E-01  0.10000000E+01
