# ptime xp yp zp vx vy vz ex ey ez bx by bz wt
 0.20000000E-13  0.15432524E-01  0.00000000E+00 -0.14661223E-01  0.00000000E+00  0.00000000E+00  0.19319757E+09  0.00000000E+00  0.00000000E+00  0.00000000E+00  0.00000000E+00  0.00000000E+00  0.10000000E-01  0.10000000E+01
 0.10000000E-10  0.15432524E-01  0.00000000E+00 -0.12733111E-01  0.00000000E+00  0.00000000E+00  0.19319757E+09  0.00000000E+00  0.00000000E+00  0.00000000E+00  0.00000000E+00  0.00000000E+00  0.10000000E-01  0.10000000E+01
 0.20000000E-10  0.15432524E-01  0.00000000E+00 -0.10801135E-01  0.00000000E+00  0.00000000E+00  0.19319757E+09  0.00000000E+00  0.00000000E+00  0.00000000E+00  0.00000000E+00  0.00000000E+00  0.10000000E-01  0.10000000E+01
 0.30000000E-10  0.15432524E-01  0.00000000E+00 -0.88691595E-02  0.00000000E+00  0.00000000E+00  0.19319757E+09  0.00000000E+00  0.00000000E+00  0.00000000E+00  0.00000000E+00  0.00000000E+00  0.10000000E-01  0.10000000E+01
 0.40020000E-10  0.15432524E-01  0.00000000E+00 -0.69333199E-02  0.00000000E+00  0.00000000E+00  0.19319757E+09  0.00000000E+00  0.00000000E+00  0.00000000E+00  0.00000000E+00  0.00000000E+00  0.10000000E-01  0.10000000E+01
 0.50020000E-10  0.15432524E-01  0.00000000E+00 -0.50013442E-02  0.00000000E+00  0.00000000E+00  0.19319757E+09  0.00000000E+00  0.00000000E+00  0.00000000E+00  0.00000000E+00  0.00000000E+00  0.10000000E-01  0.10000000E+01
 0.60020000E-10  0.15432524E-01  0.00000000E+00 -0.30693685E-02  0.00000000E+00  0.00000000E+00  0.19319757E+09  0.00000000E+00  0.00000000E+00  0.00000000E+00  0.00000000E+00  0.00000000E+00  0.10000000E-01  0.10000000E+01
 0.70020000E-10  0.15432524E-01  0.00000000E+00 -0.11373928E-02  0.00000000E+00  0.00000000E+00  0.19319757E+09  0.00000000E+00  0.00000000E+00  0.00000000E+00  0.00000000E+00  0.00000000E+00  0.10000000E-01  0.10000000E+01
 0.80000000E-10  0.15432524E-01  0.00000000E+00  0.79071892E-03  0.00000000E+00  0.00000000E+00  0.19319757E+09  0.00000000E+00  0.00000000E+00  0.00000000E+00  0.00000000E+00  0.00000000E+00  0.10000000E-01  0.10000000E+01
 0.90000000E-10  0.15432524E-01  0.00000000E+00  0.27226946E-02  0.00000000E+00  0.00000000E+00  0.19319757E+09  0.00000000E+00  0.00000000E+00  0.00000000E+00  0.00000000E+00  0.00000000E+00  0.10000000E-01  0.10000000E+01
 0.10000000E-09  0.15432524E-01  0.00000000E+00  0.46546703E-02  0.00000000E+00  0.00000000E+00  0.19319757E+09  0.00000000E+00  0.00000000E+00  0.00000000E+00  0.00000000E+00  0.00000000E+00  0.10000000E-01  0.10000000E+01
 0.11000000E-09  0.15432524E-01  0.00000000E+00  0.65866460E-02  0.00000000E+00  0.00000000E+00  0.19319757E+09  0.00000000E+00  0.00000000E+00  0.00000000E+00  0.00000000E+00  0.00000000E+00  0.10000000E-01  0.10000000E+01
 0.12000000E-09  0.15432524E-01  0.00000000E+00  0.85186217E-02  0.00000000E+00  0.00000000E+00  0.19319757E+09  0.00000000E+00  0.00000000E+00  0.00000000E+00  0.00000000E+00  0.00000000E+00  0.10000000E-01  0.10000000E+01
 0.13000000E-09  0.15432524E-01  0.00000000E+00  0.10450597E-01  0.00000000E+00  0.00000000E+00  0.19319757E+09  0.00000000E+00  0.00000000E+00  0.00000000E+00  0.00000000E+00  0.00000000E+00  0.10000000E-01  0.10000000E+01
 0.14002000E-09  0.15432524E-01  0.00000000E+00  0.12386437E-01  0.00000000E+00  0.00000000E+00  0.19319757E+09  0.00000000E+00  0.00000000E+00  0.00000000E+00  0.00000000E+00  0.00000000E+00  0.10000000E-01  0.10000000E+01
 0.15002000E-09  0.15432524E-01  0.00000000E+00  0.14318413E-01  0.00000000E+00  0.00000000E+00  0.19319757E+09  0.00000000E+00  0.00000000E+00  0.00000000E+00  0.00000000E+00  0.00000000E+00  0.10000000E-01  0.10000000E+01
 0.16002000E-09  0.15432524E-01  0.00000000E+00  0.16250388E-01  0.00000000E+00  0.00000000E+00  0.19319757E+09  0.00000000E+00  0.00000000E+00  0.00000000E+00  0.00000000E+00  0.00000000E+00  0.10000000E-01  0.10000000E+01
 0.17002000E-09  0.15432524E-01  0.00000000E+00  0.18182364E-01  0.00000000E+00  0.00000000E+00  0.19319757E+09  0.00000000E+00  0.00000000E+00  0.00000000E+00  0.00000000E+00  0.00000000E+00  0.10000000E-01  0.10000000E+01
 0.18002000E-09  0.15432524E-01  0.00000000E+00  0.20114340E-01  0.00000000E+00  0.00000000E+00  0.19319757E+09  0.00000000E+00  0.00000000E+00  0.00000000E+00  0.00000000E+00  0.00000000E+00  0.10000000E-01  0.10000000E+01
 0.19002000E-09  0.15432524E-01  0.00000000E+00  0.22046315E-01  0.00000000E+00  0.00000000E+00  0.19319757E+09  0.00000000E+00  0.00000000E+00  0.00000000E+00  0.00000000E+00  0.00000000E+00  0.10000000E-01  0.10000000E+01
 0.20002000E-09  0.15432524E-01  0.00000000E+00  0.23978291E-01  0.00000000E+00  0.00000000E+00  0.19319757E+09  0.00000000E+00  0.00000000E+00  0.00000000E+00  0.00000000E+00  0.00000000E+00  0.10000000E-01  0.10000000E+01
 0.21002000E-09  0.15432524E-01  0.00000000E+00  0.25910267E-01  0.00000000E+00  0.00000000E+00  0.19319757E+09  0.00000000E+00  0.00000000E+00  0.00000000E+00  0.00000000E+00  0.00000000E+00  0.10000000E-01  0.10000000E+01
 0.22002000E-09  0.15432524E-01  0.00000000E+00  0.27842243E-01  0.00000000E+00  0.00000000E+00  0.19319757E+09  0.00000000E+00  0.00000000E+00  0.00000000E+00  0.00000000E+00  0.00000000E+00  0.10000000E-01  0.10000000E+01
 0.23002000E-09  0.15432524E-01  0.00000000E+00  0.29774218E-01  0.00000000E+00  0.00000000E+00  0.19319757E+09  0.00000000E+00  0.00000000E+00  0.00000000E+00  0.00000000E+00  0.00000000E+00  0.10000000E-01  0.10000000E+01
 0.24002000E-09  0.15432524E-01  0.00000000E+00  0.31706194E-01  0.00000000E+00  0.00000000E+00  0.19319757E+09  0.00000000E+00  0.00000000E+00  0.00000000E+00  0.00000000E+00  0.00000000E+00  0.10000000E-01  0.10000000E+01
 0.25002000E-09  0.15432524E-01  0.00000000E+00  0.33638170E-01  0.00000000E+00  0.00000000E+00  0.19319757E+09  0.00000000E+00  0.00000000E+00  0.00000000E+00  0.00000000E+00  0.00000000E+00  0.10000000E-01  0.10000000E+01
 0.26002000E-09  0.15432524E-01  0.00000000E+00  0.35570145E-01  0.00000000E+00  0.00000000E+00  0.19319757E+09  0.00000000E+00  0.00000000E+00  0.00000000E+00  0.00000000E+00  0.00000000E+00  0.10000000E-01  0.10000000E+01
 0.27002000E-09  0.15432524E-01  0.00000000E+00  0.37502121E-01  0.00000000E+00  0.00000000E+00  0.19319757E+09  0.00000000E+00  0.00000000E+00  0.00000000E+00  0.00000000E+00  0.00000000E+00  0.10000000E-01  0.10000000E+01
 0.28002000E-09  0.15432524E-01  0.00000000E+00  0.39434097E-01  0.00000000E+00  0.00000000E+00  0.19319757E+09  0.00000000E+00  0.00000000E+00  0.00000000E+00  0.00000000E+00  0.00000000E+00  0.10000000E-01  0.10000000E+01
 0.29002000E-09  0.15432524E-01  0.00000000E+00  0.41366072E-01  0.00000000E+00  0.00000000E+00  0.19319757E+09  0.00000000E+00  0.00000000E+00  0.00000000E+00  0.00000000E+00  0.00000000E+00  0.10000000E-01  0.10000000E+01
 0.30000000E-09  0.15432524E-01  0.00000000E+00  0.43294184E-01  0.00000000E+00  0.00000000E+00  0.19319757E+09  0.00000000E+00  0.00000000E+00  0.00000000E+00  0.00000000E+00  0.00000000E+00  0.10000000E-01  0.10000000E+01
 0.31000000E-09  0.15432524E-01  0.00000000E+00  0.45226160E-01  0.00000000E+00  0.00000000E+00  0.19319757E+09  0.00000000E+00  0.00000000E+00  0.00000000E+00  0.00000000E+00  0.00000000E+00  0.10000000E-01  0.10000000E+01
 0.32000000E-09  0.15432524E-01  0.00000000E+00  0.47158135E-01  0.00000000E+00  0.00000000E+00  0.19319757E+09  0.00000000E+00  0.00000000E+00  0.00000000E+00  0.00000000E+00  0.00000000E+00  0.10000000E-01  0.10000000E+01
 0.33000000E-09  0.15432524E-01  0.00000000E+00  0.49090111E-01  0.00000000E+00  0.00000000E+00  0.19319757E+09  0.00000000E+00  0.00000000E+00  0.00000000E+00  0.00000000E+00  0.00000000E+00  0.10000000E-01  0.10000000E+01
 0.34000000E-09  0.15432524E-01  0.00000000E+00  0.51022087E-01  0.00000000E+00  0.00000000E+00  0.19319757E+09  0.00000000E+00  0.00000000E+00  0.00000000E+00  0.00000000E+00  0.00000000E+00  0.10000000E-01  0.10000000E+01
 0.35000000E-09  0.15432524E-01  0.00000000E+00  0.52954063E-01  0.00000000E+00  0.00000000E+00  0.19319757E+09  0.00000000E+00  0.00000000E+00  0.00000000E+00  0.00000000E+00  0.00000000E+00  0.10000000E-01  0.10000000E+01
 0.36000000E-09  0.15432524E-01  0.00000000E+00  0.54886038E-01  0.00000000E+00  0.00000000E+00  0.19319757E+09  0.00000000E+00  0.00000000E+00  0.00000000E+00  0.00000000E+00  0.00000000E+00  0.10000000E-01  0.10000000E+01
 0.37000000E-09  0.15432524E-01  0.00000000E+00  0.56818014E-01  0.00000000E+00  0.00000000E+00  0.19319757E+09  0.00000000E+00  0.00000000E+00  0.00000000E+00  0.00000000E+00  0.00000000E+00  0.10000000E-01  0.10000000E+01
 0.38000000E-09  0.15432524E-01  0.00000000E+00  0.58749990E-01  0.00000000E+00  0.00000000E+00  0.19319757E+09  0.00000000E+00  0.00000000E+00  0.00000000E+00  0.00000000E+00  0.00000000E+00  0.10000000E-01  0.10000000E+01
 0.39000000E-09  0.15432524E-01  0.00000000E+00  0.60681965E-01  0.00000000E+00  0.00000000E+00  0.19319757E+09  0.00000000E+00  0.00000000E+00  0.00000000E+00  0.00000000E+00  0.00000000E+00  0.10000000E-01  0.10000000E+01
 0.40000000E-09  0.15432524E-01  0.00000000E+00  0.62613941E-01  0.00000000E+00  0.00000000E+00  0.19319757E+09  0.00000000E+00  0.00000000E+00  0.00000000E+00  0.00000000E+00  0.00000000E+00  0.10000000E-01  0.10000000E+01
 0.41000000E-09  0.15432524E-01  0.00000000E+00  0.64545917E-01  0.00000000E+00  0.00000000E+00  0.19319757E+09  0.00000000E+00  0.00000000E+00  0.00000000E+00  0.00000000E+00  0.00000000E+00  0.10000000E-01  0.10000000E+01
 0.42000000E-09  0.15432524E-01  0.00000000E+00  0.66477892E-01  0.00000000E+00  0.00000000E+00  0.19319757E+09  0.00000000E+00  0.00000000E+00  0.00000000E+00  0.00000000E+00  0.00000000E+00  0.10000000E-01  0.10000000E+01
 0.43000000E-09  0.15432524E-01  0.00000000E+00  0.68409868E-01  0.00000000E+00  0.00000000E+00  0.19319757E+09  0.00000000E+00  0.00000000E+00  0.00000000E+00  0.00000000E+00  0.00000000E+00  0.10000000E-01  0.10000000E+01
 0.44000000E-09  0.15432524E-01  0.00000000E+00  0.70341844E-01  0.00000000E+00  0.00000000E+00  0.19319757E+09  0.00000000E+00  0.00000000E+00  0.00000000E+00  0.00000000E+00  0.00000000E+00  0.10000000E-01  0.10000000E+01
 0.45000000E-09  0.15432524E-01  0.00000000E+00  0.72273819E-01  0.00000000E+00  0.00000000E+00  0.19319757E+09  0.00000000E+00  0.00000000E+00  0.00000000E+00  0.00000000E+00  0.00000000E+00  0.10000000E-01  0.10000000E+01
 0.46000000E-09  0.15432524E-01  0.00000000E+00  0.74205795E-01  0.00000000E+00  0.00000000E+00  0.19319757E+09  0.00000000E+00  0.00000000E+00  0.00000000E+00  0.00000000E+00  0.00000000E+00  0.10000000E-01  0.10000000E+01
 0.47000000E-09  0.15432524E-01  0.00000000E+00  0.76137771E-01  0.00000000E+00  0.00000000E+00  0.19319757E+09  0.00000000E+00  0.00000000E+00  0.00000000E+00  0.00000000E+00  0.00000000E+00  0.10000000E-01  0.10000000E+01
 0.48000000E-09  0.15432524E-01  0.00000000E+00  0.78069747E-01  0.00000000E+00  0.00000000E+00  0.19319757E+09  0.00000000E+00  0.00000000E+00  0.00000000E+00  0.00000000E+00  0.00000000E+00  0.10000000E-01  0.10000000E+01
 0.49000000E-09  0.15432524E-01  0.00000000E+00  0.80001722E-01  0.00000000E+00  0.00000000E+00  0.19319757E+09  0.00000000E+00  0.00000000E+00  0.00000000E+00  0.00000000E+00  0.00000000E+00  0.10000000E-01  0.10000000E+01
 0.50000000E-09  0.15432524E-01  0.00000000E+00  0.81933698E-01  0.00000000E+00  0.00000000E+00  0.19319757E+09  0.00000000E+00  0.00000000E+00  0.00000000E+00  0.00000000E+00  0.00000000E+00  0.10000000E-01  0.10000000E+01
 0.51000000E-09  0.15432524E-01  0.00000000E+00  0.83865674E-01  0.00000000E+00  0.00000000E+00  0.19319757E+09  0.00000000E+00  0.00000000E+00  0.00000000E+00  0.00000000E+00  0.00000000E+00  0.10000000E-01  0.10000000E+01
 0.52000000E-09  0.15432524E-01  0.00000000E+00  0.85797649E-01  0.00000000E+00  0.00000000E+00  0.19319757E+09  0.00000000E+00  0.00000000E+00  0.00000000E+00  0.00000000E+00  0.00000000E+00  0.10000000E-01  0.10000000E+01
 0.53000000E-09  0.15432524E-01  0.00000000E+00  0.87729625E-01  0.00000000E+00  0.00000000E+00  0.19319757E+09  0.00000000E+00  0.00000000E+00  0.00000000E+00  0.00000000E+00  0.00000000E+00  0.10000000E-01  0.10000000E+01
 0.54000000E-09  0.15432524E-01  0.00000000E+00  0.89661601E-01  0.00000000E+00  0.00000000E+00  0.19319757E+09  0.00000000E+00  0.00000000E+00  0.00000000E+00  0.00000000E+00  0.00000000E+00  0.10000000E-01  0.10000000E+01
 0.55002000E-09  0.15432524E-01  0.00000000E+00  0.91597440E-01  0.00000000E+00  0.00000000E+00  0.19319757E+09  0.00000000E+00  0.00000000E+00  0.00000000E+00  0.00000000E+00  0.00000000E+00  0.10000000E-01  0.10000000E+01
 0.56002000E-09  0.15432524E-01  0.00000000E+00  0.93529416E-01  0.00000000E+00  0.00000000E+00  0.19319757E+09  0.00000000E+00  0.00000000E+00  0.00000000E+00  0.00000000E+00  0.00000000E+00  0.10000000E-01  0.10000000E+01
 0.57002000E-09  0.15432524E-01  0.00000000E+00  0.95461392E-01  0.00000000E+00  0.00000000E+00  0.19319757E+09  0.00000000E+00  0.00000000E+00  0.00000000E+00  0.00000000E+00  0.00000000E+00  0.10000000E-01  0.10000000E+01
 0.58002000E-09  0.15432524E-01  0.00000000E+00  0.97393367E-01  0.00000000E+00  0.00000000E+00  0.19319757E+09  0.00000000E+00  0.00000000E+00  0.00000000E+00  0.00000000E+00  0.00000000E+00  0.10000000E-01  0.10000000E+01
 0.59002000E-09  0.15432524E-01  0.00000000E+00  0.99325343E-01  0.00000000E+00  0.00000000E+00  0.19319757E+09  0.00000000E+00  0.00000000E+00  0.00000000E+00  0.00000000E+00  0.00000000E+00  0.10000000E-01  0.10000000E+01
 0.60002000E-09  0.15432524E-01  0.00000000E+00  0.10125732E+00  0.00000000E+00  0.00000000E+00  0.19319757E+09  0.00000000E+00  0.00000000E+00  0.00000000E+00  0.00000000E+00  0.00000000E+00  0.10000000E-01  0.10000000E+01
 0.61002000E-09  0.15432524E-01  0.00000000E+00  0.10318929E+00  0.00000000E+00  0.00000000E+00  0.19319757E+09  0.00000000E+00  0.00000000E+00  0.00000000E+00  0.00000000E+00  0.00000000E+00  0.10000000E-01  0.10000000E+01
 0.62002000E-09  0.15432524E-01  0.00000000E+00  0.10512127E+00  0.00000000E+00  0.00000000E+00  0.19319757E+09  0.00000000E+00  0.00000000E+00  0.00000000E+00  0.00000000E+00  0.00000000E+00  0.10000000E-01  0.10000000E+01
 0.63002000E-09  0.15432524E-01  0.00000000E+00  0.10705325E+00  0.00000000E+00  0.00000000E+00  0.19319757E+09  0.00000000E+00  0.00000000E+00  0.00000000E+00  0.00000000E+00  0.00000000E+00  0.10000000E-01  0.10000000E+01
 0.64002000E-09  0.15432524E-01  0.00000000E+00  0.10898522E+00  0.00000000E+00  0.00000000E+00  0.19319757E+09  0.00000000E+00  0.00000000E+00  0.00000000E+00  0.00000000E+00  0.00000000E+00  0.10000000E-01  0.10000000E+01
 0.65002000E-09  0.15432524E-01  0.00000000E+00  0.11091720E+00  0.00000000E+00  0.00000000E+00  0.19319757E+09  0.00000000E+00  0.00000000E+00  0.00000000E+00  0.00000000E+00  0.00000000E+00  0.10000000E-01  0.10000000E+01
 0.66002000E-09  0.15432524E-01  0.00000000E+00  0.11284917E+00  0.00000000E+00  0.00000000E+00  0.19319757E+09  0.00000000E+00  0.00000000E+00  0.00000000E+00  0.00000000E+00  0.00000000E+00  0.10000000E-01  0.10000000E+01
 0.67002000E-09  0.15432524E-01  0.00000000E+00  0.11478115E+00  0.00000000E+00  0.00000000E+00  0.19319757E+09  0.00000000E+00  0.00000000E+00  0.00000000E+00  0.00000000E+00  0.00000000E+00  0.10000000E-01  0.10000000E+01
 0.68002000E-09  0.15432524E-01  0.00000000E+00  0.11671312E+00  0.00000000E+00  0.00000000E+00  0.19319757E+09  0.00000000E+00  0.00000000E+00  0.00000000E+00  0.00000000E+00  0.00000000E+00  0.10000000E-01  0.10000000E+01
 0.69002000E-09  0.15432524E-01  0.00000000E+00  0.11864510E+00  0.00000000E+00  0.00000000E+00  0.19319757E+09  0.00000000E+00  0.00000000E+00  0.00000000E+00  0.00000000E+00  0.00000000E+00  0.10000000E-01  0.10000000E+01
 0.70002000E-09  0.15432524E-01  0.00000000E+00  0.12057708E+00  0.00000000E+00  0.00000000E+00  0.19319757E+09  0.00000000E+00  0.00000000E+00  0.00000000E+00  0.00000000E+00  0.00000000E+00  0.10000000E-01  0.10000000E+01
 0.71002000E-09  0.15432524E-01  0.00000000E+00  0.12250905E+00  0.00000000E+00  0.00000000E+00  0.19319757E+09  0.00000000E+00  0.00000000E+00  0.00000000E+00  0.00000000E+00  0.00000000E+00  0.10000000E-01  0.10000000E+01
 0.72002000E-09  0.15432524E-01  0.00000000E+00  0.12444103E+00  0.00000000E+00  0.00000000E+00  0.19319757E+09  0.00000000E+00  0.00000000E+00  0.00000000E+00  0.00000000E+00  0.00000000E+00  0.10000000E-01  0.10000000E+01
 0.73002000E-09  0.15432524E-01  0.00000000E+00  0.12637300E+00  0.00000000E+00  0.00000000E+00  0.19319757E+09  0.00000000E+00  0.00000000E+00  0.00000000E+00  0.00000000E+00  0.00000000E+00  0.10000000E-01  0.10000000E+01
 0.74002000E-09  0.15432524E-01  0.00000000E+00  0.12830498E+00  0.00000000E+00  0.00000000E+00  0.19319757E+09  0.00000000E+00  0.00000000E+00  0.00000000E+00  0.00000000E+00  0.00000000E+00  0.10000000E-01  0.10000000E+01
 0.75002000E-09  0.15432524E-01  0.00000000E+00  0.13023695E+00  0.00000000E+00  0.00000000E+00  0.19319757E+09  0.00000000E+00  0.00000000E+00  0.00000000E+00  0.00000000E+00  0.00000000E+00  0.10000000E-01  0.10000000E+01
 0.76002000E-09  0.15432524E-01  0.00000000E+00  0.13216893E+00  0.00000000E+00  0.00000000E+00  0.19319757E+09  0.00000000E+00  0.00000000E+00  0.00000000E+00  0.00000000E+00  0.00000000E+00  0.10000000E-01  0.10000000E+01
 0.77002000E-09  0.15432524E-01  0.00000000E+00  0.13410091E+00  0.00000000E+00  0.00000000E+00  0.19319757E+09  0.00000000E+00  0.00000000E+00  0.00000000E+00  0.00000000E+00  0.00000000E+00  0.10000000E-01  0.10000000E+01
 0.78002000E-09  0.15432524E-01  0.00000000E+00  0.13603288E+00  0.00000000E+00  0.00000000E+00  0.19319757E+09  0.00000000E+00  0.00000000E+00  0.00000000E+00  0.00000000E+00  0.00000000E+00  0.10000000E-01  0.10000000E+01
 0.79002000E-09  0.15432524E-01  0.00000000E+00  0.13796486E+00  0.00000000E+00  0.00000000E+00  0.19319757E+09  0.00000000E+00  0.00000000E+00  0.00000000E+00  0.00000000E+00  0.00000000E+00  0.10000000E-01  0.10000000E+01
 0.80002000E-09  0.15432524E-01  0.00000000E+00  0.13989683E+00  0.00000000E+00  0.00000000E+00  0.19319757E+09  0.00000000E+00  0.00000000E+00  0.00000000E+00  0.00000000E+00  0.00000000E+00  0.10000000E-01  0.10000000E+01
 0.81002000E-09  0.15432524E-01  0.00000000E+00  0.14182881E+00  0.00000000E+00  0.00000000E+00  0.19319757E+09  0.00000000E+00  0.00000000E+00  0.00000000E+00  0.00000000E+00  0.00000000E+00  0.10000000E-01  0.10000000E+01
 0.82002000E-09  0.15432524E-01  0.00000000E+00  0.14376078E+00  0.00000000E+00  0.00000000E+00  0.19319757E+09  0.00000000E+00  0.00000000E+00  0.00000000E+00  0.00000000E+00  0.00000000E+00  0.10000000E-01  0.10000000E+01
 0.83002000E-09  0.15432524E-01  0.00000000E+00  0.14569276E+00  0.00000000E+00  0.00000000E+00  0.19319757E+09  0.00000000E+00  0.00000000E+00  0.00000000E+00  0.00000000E+00  0.00000000E+00  0.10000000E-01  0.10000000E+01
 0.84002000E-09  0.15432524E-01  0.00000000E+00  0.14762474E+00  0.00000000E+00  0.00000000E+00  0.19319757E+09  0.00000000E+00  0.00000000E+00  0.00000000E+00  0.00000000E+00  0.00000000E+00  0.10000000E-01  0.10000000E+01
 0.85002000E-09  0.15432524E-01  0.00000000E+00  0.14955671E+00  0.00000000E+00  0.00000000E+00  0.19319757E+09  0.00000000E+00  0.00000000E+00  0.00000000E+00  0.00000000E+00  0.00000000E+00  0.10000000E-01  0.10000000E+01
 0.86002000E-09  0.15432524E-01  0.00000000E+00  0.15148869E+00  0.00000000E+00  0.00000000E+00  0.19319757E+09  0.00000000E+00  0.00000000E+00  0.00000000E+00  0.00000000E+00  0.00000000E+00  0.10000000E-01  0.10000000E+01
 0.87002000E-09  0.15432524E-01  0.00000000E+00  0.15342066E+00  0.00000000E+00  0.00000000E+00  0.19319757E+09  0.00000000E+00  0.00000000E+00  0.00000000E+00  0.00000000E+00  0.00000000E+00  0.10000000E-01  0.10000000E+01
 0.88002000E-09  0.15432524E-01  0.00000000E+00  0.15535264E+00  0.00000000E+00  0.00000000E+00  0.19319757E+09  0.00000000E+00  0.00000000E+00  0.00000000E+00  0.00000000E+00  0.00000000E+00  0.10000000E-01  0.10000000E+01
 0.89002000E-09  0.15432524E-01  0.00000000E+00  0.15728461E+00  0.00000000E+00  0.00000000E+00  0.19319757E+09  0.00000000E+00  0.00000000E+00  0.00000000E+00  0.00000000E+00  0.00000000E+00  0.10000000E-01  0.10000000E+01
 0.90002000E-09  0.15432524E-01  0.00000000E+00  0.15921659E+00  0.00000000E+00  0.00000000E+00  0.19319757E+09  0.00000000E+00  0.00000000E+00  0.00000000E+00  0.00000000E+00  0.00000000E+00  0.10000000E-01  0.10000000E+01
 0.91002000E-09  0.15432524E-01  0.00000000E+00  0.16114857E+00  0.00000000E+00  0.00000000E+00  0.19319757E+09  0.00000000E+00  0.00000000E+00  0.00000000E+00  0.00000000E+00  0.00000000E+00  0.10000000E-01  0.10000000E+01
 0.92002000E-09  0.15432524E-01  0.00000000E+00  0.16308054E+00  0.00000000E+00  0.00000000E+00  0.19319757E+09  0.00000000E+00  0.00000000E+00  0.00000000E+00  0.00000000E+00  0.00000000E+00  0.10000000E-01  0.10000000E+01
 0.93002000E-09  0.15432524E-01  0.00000000E+00  0.16501252E+00  0.00000000E+00  0.00000000E+00  0.19319757E+09  0.00000000E+00  0.00000000E+00  0.00000000E+00  0.00000000E+00  0.00000000E+00  0.10000000E-01  0.10000000E+01
 0.94002000E-09  0.15432524E-01  0.00000000E+00  0.16694449E+00  0.00000000E+00  0.00000000E+00  0.19319757E+09  0.00000000E+00  0.00000000E+00  0.00000000E+00  0.00000000E+00  0.00000000E+00  0.10000000E-01  0.10000000E+01
 0.95002000E-09  0.15432524E-01  0.00000000E+00  0.16887647E+00  0.00000000E+00  0.00000000E+00  0.19319757E+09  0.00000000E+00  0.00000000E+00  0.00000000E+00  0.00000000E+00  0.00000000E+00  0.10000000E-01  0.10000000E+01
 0.96002000E-09  0.15432524E-01  0.00000000E+00  0.17080844E+00  0.00000000E+00  0.00000000E+00  0.19319757E+09  0.00000000E+00  0.00000000E+00  0.00000000E+00  0.00000000E+00  0.00000000E+00  0.10000000E-01  0.10000000E+01
 0.97002000E-09  0.15432524E-01  0.00000000E+00  0.17274042E+00  0.00000000E+00  0.00000000E+00  0.19319757E+09  0.00000000E+00  0.00000000E+00  0.00000000E+00  0.00000000E+00  0.00000000E+00  0.10000000E-01  0.10000000E+01
 0.98002000E-09  0.15432524E-01  0.00000000E+00  0.17467239E+00  0.00000000E+00  0.00000000E+00  0.19319757E+09  0.00000000E+00  0.00000000E+00  0.00000000E+00  0.00000000E+00  0.00000000E+00  0.10000000E-01  0.10000000E+01
 0.99002000E-09  0.15432524E-01  0.00000000E+00  0.17660437E+00  0.00000000E+00  0.00000000E+00  0.19319757E+09  0.00000000E+00  0.00000000E+00  0.00000000E+00  0.00000000E+00  0.00000000E+00  0.10000000E-01  0.10000000E+01
 0.10000200E-08  0.15432524E-01  0.00000000E+00  0.17853635E+00  0.00000000E+00  0.00000000E+00  0.19319757E+09  0.00000000E+00  0.00000000E+00  0.00000000E+00  0.00000000E+00  0.00000000E+00  0.10000000E-01  0.10000000E+01
 0.10100200E-08  0.15432524E-01  0.00000000E+00  0.18046832E+00  0.00000000E+00  0.00000000E+00  0.19319757E+09  0.00000000E+00  0.00000000E+00  0.00000000E+00  0.00000000E+00  0.00000000E+00  0.10000000E-01  0.10000000E+01
 0.10200200E-08  0.15432524E-01  0.00000000E+00  0.18240030E+00  0.00000000E+00  0.00000000E+00  0.19319757E+09  0.00000000E+00  0.00000000E+00  0.00000000E+00  0.00000000E+00  0.00000000E+00  0.10000000E-01  0.10000000E+01
 0.10300200E-08  0.15432524E-01  0.00000000E+00  0.18433227E+00  0.00000000E+00  0.00000000E+00  0.19319757E+09  0.00000000E+00  0.00000000E+00  0.00000000E+00  0.00000000E+00  0.00000000E+00  0.10000000E-01  0.10000000E+01
 0.10400200E-08  0.15432524E-01  0.00000000E+00  0.18626425E+00  0.00000000E+00  0.00000000E+00  0.19319757E+09  0.00000000E+00  0.00000000E+00  0.00000000E+00  0.00000000E+00  0.00000000E+00  0.10000000E-01  0.10000000E+01
 0.10500200E-08  0.15432524E-01  0.00000000E+00  0.18819622E+00  0.00000000E+00  0.00000000E+00  0.19319757E+09  0.00000000E+00  0.00000000E+00  0.00000000E+00  0.00000000E+00  0.00000000E+00  0.10000000E-01  0.10000000E+01
 0.10600200E-08  0.15432524E-01  0.00000000E+00  0.19012820E+00  0.00000000E+00  0.00000000E+00  0.19319757E+09  0.00000000E+00  0.00000000E+00  0.00000000E+00  0.00000000E+00  0.00000000E+00  0.10000000E-01  0.10000000E+01
 0.10700200E-08  0.15432524E-01  0.00000000E+00  0.19206018E+00  0.00000000E+00  0.00000000E+00  0.19319757E+09  0.00000000E+00  0.00000000E+00  0.00000000E+00  0.00000000E+00  0.00000000E+00  0.10000000E-01  0.10000000E+01
 0.10800200E-08  0.15432524E-01  0.00000000E+00  0.19399215E+00  0.00000000E+00  0.00000000E+00  0.19319757E+09  0.00000000E+00  0.00000000E+00  0.00000000E+00  0.00000000E+00  0.00000000E+00  0.10000000E-01  0.10000000E+01
 0.10900200E-08  0.15432524E-01  0.00000000E+00  0.19592413E+00  0.00000000E+00  0.00000000E+00  0.19319757E+09  0.00000000E+00  0.00000000E+00  0.00000000E+00  0.00000000E+00  0.00000000E+00  0.10000000E-01  0.10000000E+01
 0.11000200E-08  0.15432524E-01  0.00000000E+00  0.19785610E+00  0.00000000E+00  0.00000000E+00  0.19319757E+09  0.00000000E+00  0.00000000E+00  0.00000000E+00  0.00000000E+00  0.00000000E+00  0.10000000E-01  0.10000000E+01
 0.11100200E-08  0.15432524E-01  0.00000000E+00  0.19978808E+00  0.00000000E+00  0.00000000E+00  0.19319757E+09  0.00000000E+00  0.00000000E+00  0.00000000E+00  0.00000000E+00  0.00000000E+00  0.10000000E-01  0.10000000E+01
 0.11200200E-08  0.15432524E-01  0.00000000E+00  0.20172005E+00  0.00000000E+00  0.00000000E+00  0.19319757E+09  0.00000000E+00  0.00000000E+00  0.00000000E+00  0.00000000E+00  0.00000000E+00  0.10000000E-01  0.10000000E+01
 0.11300200E-08  0.15432524E-01  0.00000000E+00  0.20365203E+00  0.00000000E+00  0.00000000E+00  0.19319757E+09  0.00000000E+00  0.00000000E+00  0.00000000E+00  0.00000000E+00  0.00000000E+00  0.10000000E-01  0.10000000E+01
 0.11400200E-08  0.15432524E-01  0.00000000E+00  0.20558401E+00  0.00000000E+00  0.00000000E+00  0.19319757E+09  0.00000000E+00  0.00000000E+00  0.00000000E+00  0.00000000E+00  0.00000000E+00  0.10000000E-01  0.10000000E+01
 0.11500200E-08  0.15432524E-01  0.00000000E+00  0.20751598E+00  0.00000000E+00  0.00000000E+00  0.19319757E+09  0.00000000E+00  0.00000000E+00  0.00000000E+00  0.00000000E+00  0.00000000E+00  0.10000000E-01  0.10000000E+01
 0.11600200E-08  0.15432524E-01  0.00000000E+00  0.20944796E+00  0.00000000E+00  0.00000000E+00  0.19319757E+09  0.00000000E+00  0.00000000E+00  0.00000000E+00  0.00000000E+00  0.00000000E+00  0.10000000E-01  0.10000000E+01
 0.11700200E-08  0.15432524E-01  0.00000000E+00  0.21137993E+00  0.00000000E+00  0.00000000E+00  0.19319757E+09  0.00000000E+00  0.00000000E+00  0.00000000E+00  0.00000000E+00  0.00000000E+00  0.10000000E-01  0.10000000E+01
 0.11800200E-08  0.15432524E-01  0.00000000E+00  0.21331191E+00  0.00000000E+00  0.00000000E+00  0.19319757E+09  0.00000000E+00  0.00000000E+00  0.00000000E+00  0.00000000E+00  0.00000000E+00  0.10000000E-01  0.10000000E+01
 0.11900200E-08  0.15432524E-01  0.00000000E+00  0.21524388E+00  0.00000000E+00  0.00000000E+00  0.19319757E+09  0.00000000E+00  0.00000000E+00  0.00000000E+00  0.00000000E+00  0.00000000E+00  0.10000000E-01  0.10000000E+01
 0.12000200E-08  0.15432524E-01  0.00000000E+00  0.21717586E+00  0.00000000E+00  0.00000000E+00  0.19319757E+09  0.00000000E+00  0.00000000E+00  0.00000000E+00  0.00000000E+00  0.00000000E+00  0.10000000E-01  0.10000000E+01
 0.12100200E-08  0.15432524E-01  0.00000000E+00  0.21910784E+00  0.00000000E+00  0.00000000E+00  0.19319757E+09  0.00000000E+00  0.00000000E+00  0.00000000E+00  0.00000000E+00  0.00000000E+00  0.10000000E-01  0.10000000E+01
 0.12200200E-08  0.15432524E-01  0.00000000E+00  0.22103981E+00  0.00000000E+00  0.00000000E+00  0.19319757E+09  0.00000000E+00  0.00000000E+00  0.00000000E+00  0.00000000E+00  0.00000000E+00  0.10000000E-01  0.10000000E+01
 0.12300200E-08  0.15432524E-01  0.00000000E+00  0.22297179E+00  0.00000000E+00  0.00000000E+00  0.19319757E+09  0.00000000E+00  0.00000000E+00  0.00000000E+00  0.00000000E+00  0.00000000E+00  0.10000000E-01  0.10000000E+01
 0.12400200E-08  0.15432524E-01  0.00000000E+00  0.22490376E+00  0.00000000E+00  0.00000000E+00  0.19319757E+09  0.00000000E+00  0.00000000E+00  0.00000000E+00  0.00000000E+00  0.00000000E+00  0.10000000E-01  0.10000000E+01
 0.12500200E-08  0.15432524E-01  0.00000000E+00  0.22683574E+00  0.00000000E+00  0.00000000E+00  0.19319757E+09  0.00000000E+00  0.00000000E+00  0.00000000E+00  0.00000000E+00  0.00000000E+00  0.10000000E-01  0.10000000E+01
 0.12600200E-08  0.15432524E-01  0.00000000E+00  0.22876771E+00  0.00000000E+00  0.00000000E+00  0.19319757E+09  0.00000000E+00  0.00000000E+00  0.00000000E+00  0.00000000E+00  0.00000000E+00  0.10000000E-01  0.10000000E+01
 0.12700200E-08  0.15432524E-01  0.00000000E+00  0.23069969E+00  0.00000000E+00  0.00000000E+00  0.19319757E+09  0.00000000E+00  0.00000000E+00  0.00000000E+00  0.00000000E+00  0.00000000E+00  0.10000000E-01  0.10000000E+01
 0.12800200E-08  0.15432524E-01  0.00000000E+00  0.23263167E+00  0.00000000E+00  0.00000000E+00  0.19319757E+09  0.00000000E+00  0.00000000E+00  0.00000000E+00  0.00000000E+00  0.00000000E+00  0.10000000E-01  0.10000000E+01
 0.12900200E-08  0.15432524E-01  0.00000000E+00  0.23456364E+00  0.00000000E+00  0.00000000E+00  0.19319757E+09  0.00000000E+00  0.00000000E+00  0.00000000E+00  0.00000000E+00  0.00000000E+00  0.10000000E-01  0.10000000E+01
 0.13000200E-08  0.15432524E-01  0.00000000E+00  0.23649562E+00  0.00000000E+00  0.00000000E+00  0.19319757E+09  0.00000000E+00  0.00000000E+00  0.00000000E+00  0.00000000E+00  0.00000000E+00  0.10000000E-01  0.10000000E+01
 0.13100200E-08  0.15432524E-01  0.00000000E+00  0.23842759E+00  0.00000000E+00  0.00000000E+00  0.19319757E+09  0.00000000E+00  0.00000000E+00  0.00000000E+00  0.00000000E+00  0.00000000E+00  0.10000000E-01  0.10000000E+01
 0.13200200E-08  0.15432524E-01  0.00000000E+00  0.24035957E+00  0.00000000E+00  0.00000000E+00  0.19319757E+09  0.00000000E+00  0.00000000E+00  0.00000000E+00  0.00000000E+00  0.00000000E+00  0.10000000E-01  0.10000000E+01
 0.13300200E-08  0.15432524E-01  0.00000000E+00  0.24229154E+00  0.00000000E+00  0.00000000E+00  0.19319757E+09  0.00000000E+00  0.00000000E+00  0.00000000E+00  0.00000000E+00  0.00000000E+00  0.10000000E-01  0.10000000E+01
 0.13400200E-08  0.15432524E-01  0.00000000E+00  0.24422352E+00  0.00000000E+00  0.00000000E+00  0.19319757E+09  0.00000000E+00  0.00000000E+00  0.00000000E+00  0.00000000E+00  0.00000000E+00  0.10000000E-01  0.10000000E+01
 0.13500200E-08  0.15432524E-01  0.00000000E+00  0.24615550E+00  0.00000000E+00  0.00000000E+00  0.19319757E+09  0.00000000E+00  0.00000000E+00  0.00000000E+00  0.00000000E+00  0.00000000E+00  0.10000000E-01  0.10000000E+01
 0.13600200E-08  0.15432524E-01  0.00000000E+00  0.24808747E+00  0.00000000E+00  0.00000000E+00  0.19319757E+09  0.00000000E+00  0.00000000E+00  0.00000000E+00  0.00000000E+00  0.00000000E+00  0.10000000E-01  0.10000000E+01
 0.13700200E-08  0.15432524E-01  0.00000000E+00  0.25001945E+00  0.00000000E+00  0.00000000E+00  0.19319757E+09  0.00000000E+00  0.00000000E+00  0.00000000E+00  0.00000000E+00  0.00000000E+00  0.10000000E-01  0.10000000E+01
 0.13800200E-08  0.15432524E-01  0.00000000E+00  0.25195142E+00  0.00000000E+00  0.00000000E+00  0.19319757E+09  0.00000000E+00  0.00000000E+00  0.00000000E+00  0.00000000E+00  0.00000000E+00  0.10000000E-01  0.10000000E+01
 0.13900200E-08  0.15432524E-01  0.00000000E+00  0.25388340E+00  0.00000000E+00  0.00000000E+00  0.19319757E+09  0.00000000E+00  0.00000000E+00  0.00000000E+00  0.00000000E+00  0.00000000E+00  0.10000000E-01  0.10000000E+01
 0.14000200E-08  0.15432524E-01  0.00000000E+00  0.25581537E+00  0.00000000E+00  0.00000000E+00  0.19319757E+09  0.00000000E+00  0.00000000E+00  0.00000000E+00  0.00000000E+00  0.00000000E+00  0.10000000E-01  0.10000000E+01
 0.14100200E-08  0.15432524E-01  0.00000000E+00  0.25774735E+00  0.00000000E+00  0.00000000E+00  0.19319757E+09  0.00000000E+00  0.00000000E+00  0.00000000E+00  0.00000000E+00  0.00000000E+00  0.10000000E-01  0.10000000E+01
 0.14200200E-08  0.15432524E-01  0.00000000E+00  0.25967933E+00  0.00000000E+00  0.00000000E+00  0.19319757E+09  0.00000000E+00  0.00000000E+00  0.00000000E+00  0.00000000E+00  0.00000000E+00  0.10000000E-01  0.10000000E+01
 0.14300200E-08  0.15432524E-01  0.00000000E+00  0.26161130E+00  0.00000000E+00  0.00000000E+00  0.19319757E+09  0.00000000E+00  0.00000000E+00  0.00000000E+00  0.00000000E+00  0.00000000E+00  0.10000000E-01  0.10000000E+01
 0.14400200E-08  0.15432524E-01  0.00000000E+00  0.26354328E+00  0.00000000E+00  0.00000000E+00  0.19319757E+09  0.00000000E+00  0.00000000E+00  0.00000000E+00  0.00000000E+00  0.00000000E+00  0.10000000E-01  0.10000000E+01
 0.14500200E-08  0.15432524E-01  0.00000000E+00  0.26547525E+00  0.00000000E+00  0.00000000E+00  0.19319757E+09  0.00000000E+00  0.00000000E+00  0.00000000E+00  0.00000000E+00  0.00000000E+00  0.10000000E-01  0.10000000E+01
 0.14600200E-08  0.15432524E-01  0.00000000E+00  0.26740723E+00  0.00000000E+00  0.00000000E+00  0.19319757E+09  0.00000000E+00  0.00000000E+00  0.00000000E+00  0.00000000E+00  0.00000000E+00  0.10000000E-01  0.10000000E+01
 0.14700200E-08  0.15432524E-01  0.00000000E+00  0.26933920E+00  0.00000000E+00  0.00000000E+00  0.19319757E+09  0.00000000E+00  0.00000000E+00  0.00000000E+00  0.00000000E+00  0.00000000E+00  0.10000000E-01  0.10000000E+01
 0.14800200E-08  0.15432524E-01  0.00000000E+00  0.27127118E+00  0.00000000E+00  0.00000000E+00  0.19319757E+09  0.00000000E+00  0.00000000E+00  0.00000000E+00  0.00000000E+00  0.00000000E+00  0.10000000E-01  0.10000000E+01
 0.14900200E-08  0.15432524E-01  0.00000000E+00  0.27320316E+00  0.00000000E+00  0.00000000E+00  0.19319757E+09  0.00000000E+00  0.00000000E+00  0.00000000E+00  0.00000000E+00  0.00000000E+00  0.10000000E-01  0.10000000E+01
 0.15000200E-08  0.15432524E-01  0.00000000E+00  0.27513513E+00  0.00000000E+00  0.00000000E+00  0.19319757E+09  0.00000000E+00  0.00000000E+00  0.00000000E+00  0.00000000E+00  0.00000000E+00  0.10000000E-01  0.10000000E+01
 0.15100200E-08  0.15432524E-01  0.00000000E+00  0.27706711E+00  0.00000000E+00  0.00000000E+00  0.19319757E+09  0.00000000E+00  0.00000000E+00  0.00000000E+00  0.00000000E+00  0.00000000E+00  0.10000000E-01  0.10000000E+01
 0.15200200E-08  0.15432524E-01  0.00000000E+00  0.27899908E+00  0.00000000E+00  0.00000000E+00  0.19319757E+09  0.00000000E+00  0.00000000E+00  0.00000000E+00  0.00000000E+00  0.00000000E+00  0.10000000E-01  0.10000000E+01
 0.15300200E-08  0.15432524E-01  0.00000000E+00  0.28093106E+00  0.00000000E+00  0.00000000E+00  0.19319757E+09  0.00000000E+00  0.00000000E+00  0.00000000E+00  0.00000000E+00  0.00000000E+00  0.10000000E-01  0.10000000E+01
 0.15400200E-08  0.15432524E-01  0.00000000E+00  0.28286303E+00  0.00000000E+00  0.00000000E+00  0.19319757E+09  0.00000000E+00  0.00000000E+00  0.00000000E+00  0.00000000E+00  0.00000000E+00  0.10000000E-01  0.10000000E+01
 0.15500200E-08  0.15432524E-01  0.00000000E+00  0.28479501E+00  0.00000000E+00  0.00000000E+00  0.19319757E+09  0.00000000E+00  0.00000000E+00  0.00000000E+00  0.00000000E+00  0.00000000E+00  0.10000000E-01  0.10000000E+01
 0.15600200E-08  0.15432524E-01  0.00000000E+00  0.28672698E+00  0.00000000E+00  0.00000000E+00  0.19319757E+09  0.00000000E+00  0.00000000E+00  0.00000000E+00  0.00000000E+00  0.00000000E+00  0.10000000E-01  0.10000000E+01
 0.15700200E-08  0.15432524E-01  0.00000000E+00  0.28865896E+00  0.00000000E+00  0.00000000E+00  0.19319757E+09  0.00000000E+00  0.00000000E+00  0.00000000E+00  0.00000000E+00  0.00000000E+00  0.10000000E-01  0.10000000E+01
 0.15800200E-08  0.15432524E-01  0.00000000E+00  0.29059094E+00  0.00000000E+00  0.00000000E+00  0.19319757E+09  0.00000000E+00  0.00000000E+00  0.00000000E+00  0.00000000E+00  0.00000000E+00  0.10000000E-01  0.10000000E+01
 0.15900200E-08  0.15432524E-01  0.00000000E+00  0.29252291E+00  0.00000000E+00  0.00000000E+00  0.19319757E+09  0.00000000E+00  0.00000000E+00  0.00000000E+00  0.00000000E+00  0.00000000E+00  0.10000000E-01  0.10000000E+01
 0.16000200E-08  0.15432524E-01  0.00000000E+00  0.29445489E+00  0.00000000E+00  0.00000000E+00  0.19319757E+09  0.00000000E+00  0.00000000E+00  0.00000000E+00  0.00000000E+00  0.00000000E+00  0.10000000E-01  0.10000000E+01
 0.16100200E-08  0.15432524E-01  0.00000000E+00  0.29638686E+00  0.00000000E+00  0.00000000E+00  0.19319757E+09  0.00000000E+00  0.00000000E+00  0.00000000E+00  0.00000000E+00  0.00000000E+00  0.10000000E-01  0.10000000E+01
 0.16200200E-08  0.15432524E-01  0.00000000E+00  0.29831884E+00  0.00000000E+00  0.00000000E+00  0.19319757E+09  0.00000000E+00  0.00000000E+00  0.00000000E+00  0.00000000E+00  0.00000000E+00  0.10000000E-01  0.10000000E+01
 0.16300200E-08  0.15432524E-01  0.00000000E+00  0.30025081E+00  0.00000000E+00  0.00000000E+00  0.19319757E+09  0.00000000E+00  0.00000000E+00  0.00000000E+00  0.00000000E+00  0.00000000E+00  0.10000000E-01  0.10000000E+01
 0.16400200E-08  0.15432524E-01  0.00000000E+00  0.30218279E+00  0.00000000E+00  0.00000000E+00  0.19319757E+09  0.00000000E+00  0.00000000E+00  0.00000000E+00  0.00000000E+00  0.00000000E+00  0.10000000E-01  0.10000000E+01
 0.16500200E-08  0.15432524E-01  0.00000000E+00  0.30411477E+00  0.00000000E+00  0.00000000E+00  0.19319757E+09  0.00000000E+00  0.00000000E+00  0.00000000E+00  0.00000000E+00  0.00000000E+00  0.10000000E-01  0.10000000E+01
 0.16600200E-08  0.15432524E-01  0.00000000E+00  0.30604674E+00  0.00000000E+00  0.00000000E+00  0.19319757E+09  0.00000000E+00  0.00000000E+00  0.00000000E+00  0.00000000E+00  0.00000000E+00  0.10000000E-01  0.10000000E+01
 0.16700200E-08  0.15432524E-01  0.00000000E+00  0.30797872E+00  0.00000000E+00  0.00000000E+00  0.19319757E+09  0.00000000E+00  0.00000000E+00  0.00000000E+00  0.00000000E+00  0.00000000E+00  0.10000000E-01  0.10000000E+01
 0.16800200E-08  0.15432524E-01  0.00000000E+00  0.30991069E+00  0.00000000E+00  0.00000000E+00  0.19319757E+09  0.00000000E+00  0.00000000E+00  0.00000000E+00  0.00000000E+00  0.00000000E+00  0.10000000E-01  0.10000000E+01
 0.16900200E-08  0.15432524E-01  0.00000000E+00  0.31184267E+00  0.00000000E+00  0.00000000E+00  0.19319757E+09  0.00000000E+00  0.00000000E+00  0.00000000E+00  0.00000000E+00  0.00000000E+00  0.10000000E-01  0.10000000E+01
 0.17000200E-08  0.15432524E-01  0.00000000E+00  0.31377464E+00  0.00000000E+00  0.00000000E+00  0.19319757E+09  0.00000000E+00  0.00000000E+00  0.00000000E+00  0.00000000E+00  0.00000000E+00  0.10000000E-01  0.10000000E+01
 0.17100200E-08  0.15432524E-01  0.00000000E+00  0.31570662E+00  0.00000000E+00  0.00000000E+00  0.19319757E+09  0.00000000E+00  0.00000000E+00  0.00000000E+00  0.00000000E+00  0.00000000E+00  0.10000000E-01  0.10000000E+01
 0.17200200E-08  0.15432524E-01  0.00000000E+00  0.31763860E+00  0.00000000E+00  0.00000000E+00  0.19319757E+09  0.00000000E+00  0.00000000E+00  0.00000000E+00  0.00000000E+00  0.00000000E+00  0.10000000E-01  0.10000000E+01
 0.17300200E-08  0.15432524E-01  0.00000000E+00  0.31957057E+00  0.00000000E+00  0.00000000E+00  0.19319757E+09  0.00000000E+00  0.00000000E+00  0.00000000E+00  0.00000000E+00  0.00000000E+00  0.10000000E-01  0.10000000E+01
 0.17400200E-08  0.15432524E-01  0.00000000E+00  0.32150255E+00  0.00000000E+00  0.00000000E+00  0.19319757E+09  0.00000000E+00  0.00000000E+00  0.00000000E+00  0.00000000E+00  0.00000000E+00  0.10000000E-01  0.10000000E+01
 0.17500200E-08  0.15432524E-01  0.00000000E+00  0.32343452E+00  0.00000000E+00  0.00000000E+00  0.19319757E+09  0.00000000E+00  0.00000000E+00  0.00000000E+00  0.00000000E+00  0.00000000E+00  0.10000000E-01  0.10000000E+01
 0.17600200E-08  0.15432524E-01  0.00000000E+00  0.32536650E+00  0.00000000E+00  0.00000000E+00  0.19319757E+09  0.00000000E+00  0.00000000E+00  0.00000000E+00  0.00000000E+00  0.00000000E+00  0.10000000E-01  0.10000000E+01
 0.17700200E-08  0.15432524E-01  0.00000000E+00  0.32729847E+00  0.00000000E+00  0.00000000E+00  0.19319757E+09  0.00000000E+00  0.00000000E+00  0.00000000E+00  0.00000000E+00  0.00000000E+00  0.10000000E-01  0.10000000E+01
 0.17800200E-08  0.15432524E-01  0.00000000E+00  0.32923045E+00  0.00000000E+00  0.00000000E+00  0.19319757E+09  0.00000000E+00  0.00000000E+00  0.00000000E+00  0.00000000E+00  0.00000000E+00  0.10000000E-01  0.10000000E+01
 0.17900200E-08  0.15432524E-01  0.00000000E+00  0.33116243E+00  0.00000000E+00  0.00000000E+00  0.19319757E+09  0.00000000E+00  0.00000000E+00  0.00000000E+00  0.00000000E+00  0.00000000E+00  0.10000000E-01  0.10000000E+01
 0.18000200E-08  0.15432524E-01  0.00000000E+00  0.33309440E+00  0.00000000E+00  0.00000000E+00  0.19319757E+09  0.00000000E+00  0.00000000E+00  0.00000000E+00  0.00000000E+00  0.00000000E+00  0.10000000E-01  0.10000000E+01
 0.18100200E-08  0.15432524E-01  0.00000000E+00  0.33502638E+00  0.00000000E+00  0.00000000E+00  0.19319757E+09  0.00000000E+00  0.00000000E+00  0.00000000E+00  0.00000000E+00  0.00000000E+00  0.10000000E-01  0.10000000E+01
 0.18200200E-08  0.15432524E-01  0.00000000E+00  0.33695835E+00  0.00000000E+00  0.00000000E+00  0.19319757E+09  0.00000000E+00  0.00000000E+00  0.00000000E+00  0.00000000E+00  0.00000000E+00  0.10000000E-01  0.10000000E+01
 0.18300200E-08  0.15432524E-01  0.00000000E+00  0.33889033E+00  0.00000000E+00  0.00000000E+00  0.19319757E+09  0.00000000E+00  0.00000000E+00  0.00000000E+00  0.00000000E+00  0.00000000E+00  0.10000000E-01  0.10000000E+01
 0.18400200E-08  0.15432524E-01  0.00000000E+00  0.34082230E+00  0.00000000E+00  0.00000000E+00  0.19319757E+09  0.00000000E+00  0.00000000E+00  0.00000000E+00  0.00000000E+00  0.00000000E+00  0.10000000E-01  0.10000000E+01
 0.18500200E-08  0.15432524E-01  0.00000000E+00  0.34275428E+00  0.00000000E+00  0.00000000E+00  0.19319757E+09  0.00000000E+00  0.00000000E+00  0.00000000E+00  0.00000000E+00  0.00000000E+00  0.10000000E-01  0.10000000E+01
 0.18600200E-08  0.15432524E-01  0.00000000E+00  0.34468626E+00  0.00000000E+00  0.00000000E+00  0.19319757E+09  0.00000000E+00  0.00000000E+00  0.00000000E+00  0.00000000E+00  0.00000000E+00  0.10000000E-01  0.10000000E+01
 0.18700200E-08  0.15432524E-01  0.00000000E+00  0.34661823E+00  0.00000000E+00  0.00000000E+00  0.19319757E+09  0.00000000E+00  0.00000000E+00  0.00000000E+00  0.00000000E+00  0.00000000E+00  0.10000000E-01  0.10000000E+01
 0.18800200E-08  0.15432524E-01  0.00000000E+00  0.34855021E+00  0.00000000E+00  0.00000000E+00  0.19319757E+09  0.00000000E+00  0.00000000E+00  0.00000000E+00  0.00000000E+00  0.00000000E+00  0.10000000E-01  0.10000000E+01
 0.18900200E-08  0.15432524E-01  0.00000000E+00  0.35048218E+00  0.00000000E+00  0.00000000E+00  0.19319757E+09  0.00000000E+00  0.00000000E+00  0.00000000E+00  0.00000000E+00  0.00000000E+00  0.10000000E-01  0.10000000E+01
 0.19000200E-08  0.15432524E-01  0.00000000E+00  0.35241416E+00  0.00000000E+00  0.00000000E+00  0.19319757E+09  0.00000000E+00  0.00000000E+00  0.00000000E+00  0.00000000E+00  0.00000000E+00  0.10000000E-01  0.10000000E+01
 0.19100200E-08  0.15432524E-01  0.00000000E+00  0.35434613E+00  0.00000000E+00  0.00000000E+00  0.19319757E+09  0.00000000E+00  0.00000000E+00  0.00000000E+00  0.00000000E+00  0.00000000E+00  0.10000000E-01  0.10000000E+01
 0.19200200E-08  0.15432524E-01  0.00000000E+00  0.35627811E+00  0.00000000E+00  0.00000000E+00  0.19319757E+09  0.00000000E+00  0.00000000E+00  0.00000000E+00  0.00000000E+00  0.00000000E+00  0.10000000E-01  0.10000000E+01
 0.19300200E-08  0.15432524E-01  0.00000000E+00  0.35821009E+00  0.00000000E+00  0.00000000E+00  0.19319757E+09  0.00000000E+00  0.00000000E+00  0.00000000E+00  0.00000000E+00  0.00000000E+00  0.10000000E-01  0.10000000E+01
 0.19400200E-08  0.15432524E-01  0.00000000E+00  0.36014206E+00  0.00000000E+00  0.00000000E+00  0.19319757E+09  0.00000000E+00  0.00000000E+00  0.00000000E+00  0.00000000E+00  0.00000000E+00  0.10000000E-01  0.10000000E+01
 0.19500200E-08  0.15432524E-01  0.00000000E+00  0.36207404E+00  0.00000000E+00  0.00000000E+00  0.19319757E+09  0.00000000E+00  0.00000000E+00  0.00000000E+00  0.00000000E+00  0.00000000E+00  0.10000000E-01  0.10000000E+01
 0.19600200E-08  0.15432524E-01  0.00000000E+00  0.36400601E+00  0.00000000E+00  0.00000000E+00  0.19319757E+09  0.00000000E+00  0.00000000E+00  0.00000000E+00  0.00000000E+00  0.00000000E+00  0.10000000E-01  0.10000000E+01
 0.19700200E-08  0.15432524E-01  0.00000000E+00  0.36593799E+00  0.00000000E+00  0.00000000E+00  0.19319757E+09  0.00000000E+00  0.00000000E+00  0.00000000E+00  0.00000000E+00  0.00000000E+00  0.10000000E-01  0.10000000E+01
 0.19800200E-08  0.15432524E-01  0.00000000E+00  0.36786996E+00  0.00000000E+00  0.00000000E+00  0.19319757E+09  0.00000000E+00  0.00000000E+00  0.00000000E+00  0.00000000E+00  0.00000000E+00  0.10000000E-01  0.10000000E+01
 0.19900200E-08  0.15432524E-01  0.00000000E+00  0.36980194E+00  0.00000000E+00  0.00000000E+00  0.19319757E+09  0.00000000E+00  0.00000000E+00  0.00000000E+00  0.00000000E+00  0.00000000E+00  0.10000000E-01  0.10000000E+01
