# ptime xp yp zp vx vy vz ex ey ez bx by bz wt
 0.20000000E-13  0.92536048E-02  0.00000000E+00 -0.25196727E-01  0.00000000E+00  0.00000000E+00  0.18218096E+09  0.00000000E+00  0.00000000E+00  0.00000000E+00  0.00000000E+00  0.00000000E+00  0.10000000E-01  0.10000000E+01
 0.10000000E-10  0.92536048E-02  0.00000000E+00 -0.23378561E-01  0.00000000E+00  0.00000000E+00  0.18218096E+09  0.00000000E+00  0.00000000E+00  0.00000000E+00  0.00000000E+00  0.00000000E+00  0.10000000E-01  0.10000000E+01
 0.20000000E-10  0.92536048E-02  0.00000000E+00 -0.21556751E-01  0.00000000E+00  0.00000000E+00  0.18218096E+09  0.00000000E+00  0.00000000E+00  0.00000000E+00  0.00000000E+00  0.00000000E+00  0.10000000E-01  0.10000000E+01
 0.30000000E-10  0.92536048E-02  0.00000000E+00 -0.19734942E-01  0.00000000E+00  0.00000000E+00  0.18218096E+09  0.00000000E+00  0.00000000E+00  0.00000000E+00  0.00000000E+00  0.00000000E+00  0.10000000E-01  0.10000000E+01
 0.40020000E-10  0.92536048E-02  0.00000000E+00 -0.17909488E-01  0.00000000E+00  0.00000000E+00  0.18218096E+09  0.00000000E+00  0.00000000E+00  0.00000000E+00  0.00000000E+00  0.00000000E+00  0.10000000E-01  0.10000000E+01
 0.50020000E-10  0.92536048E-02  0.00000000E+00 -0.16087679E-01  0.00000000E+00  0.00000000E+00  0.18218096E+09  0.00000000E+00  0.00000000E+00  0.00000000E+00  0.00000000E+00  0.00000000E+00  0.10000000E-01  0.10000000E+01
 0.60020000E-10  0.92536048E-02  0.00000000E+00 -0.14265869E-01  0.00000000E+00  0.00000000E+00  0.18218096E+09  0.00000000E+00  0.00000000E+00  0.00000000E+00  0.00000000E+00  0.00000000E+00  0.10000000E-01  0.10000000E+01
 0.70020000E-10  0.92536048E-02  0.00000000E+00 -0.12444060E-01  0.00000000E+00  0.00000000E+00  0.18218096E+09  0.00000000E+00  0.00000000E+00  0.00000000E+00  0.00000000E+00  0.00000000E+00  0.10000000E-01  0.10000000E+01
 0.80000000E-10  0.92536048E-02  0.00000000E+00 -0.10625893E-01  0.00000000E+00  0.00000000E+00  0.18218096E+09  0.00000000E+00  0.00000000E+00  0.00000000E+00  0.00000000E+00  0.00000000E+00  0.10000000E-01  0.10000000E+01
 0.90000000E-10  0.92536048E-02  0.00000000E+00 -0.88040838E-02  0.00000000E+00  0.00000000E+00  0.18218096E+09  0.00000000E+00  0.00000000E+00  0.00000000E+00  0.00000000E+00  0.00000000E+00  0.10000000E-01  0.10000000E+01
 0.10000000E-09  0.92536048E-02  0.00000000E+00 -0.69822742E-02  0.00000000E+00  0.00000000E+00  0.18218096E+09  0.00000000E+00  0.00000000E+00  0.00000000E+00  0.00000000E+00  0.00000000E+00  0.10000000E-01  0.10000000E+01
 0.11000000E-09  0.92536048E-02  0.00000000E+00 -0.51604645E-02  0.00000000E+00  0.00000000E+00  0.18218096E+09  0.00000000E+00  0.00000000E+00  0.00000000E+00  0.00000000E+00  0.00000000E+00  0.10000000E-01  0.10000000E+01
 0.12000000E-09  0.92536048E-02  0.00000000E+00 -0.33386549E-02  0.00000000E+00  0.00000000E+00  0.18218096E+09  0.00000000E+00  0.00000000E+00  0.00000000E+00  0.00000000E+00  0.00000000E+00  0.10000000E-01  0.10000000E+01
 0.13000000E-09  0.92536048E-02  0.00000000E+00 -0.15168452E-02  0.00000000E+00  0.00000000E+00  0.18218096E+09  0.00000000E+00  0.00000000E+00  0.00000000E+00  0.00000000E+00  0.00000000E+00  0.10000000E-01  0.10000000E+01
 0.14002000E-09  0.92536048E-02  0.00000000E+00  0.30860802E-03  0.00000000E+00  0.00000000E+00  0.18218096E+09  0.00000000E+00  0.00000000E+00  0.00000000E+00  0.00000000E+00  0.00000000E+00  0.10000000E-01  0.10000000E+01
 0.15002000E-09  0.92536048E-02  0.00000000E+00  0.21304177E-02  0.00000000E+00  0.00000000E+00  0.18218096E+09  0.00000000E+00  0.00000000E+00  0.00000000E+00  0.00000000E+00  0.00000000E+00  0.10000000E-01  0.10000000E+01
 0.16002000E-09  0.92536048E-02  0.00000000E+00  0.39522273E-02  0.00000000E+00  0.00000000E+00  0.18218096E+09  0.00000000E+00  0.00000000E+00  0.00000000E+00  0.00000000E+00  0.00000000E+00  0.10000000E-01  0.10000000E+01
 0.17002000E-09  0.92536048E-02  0.00000000E+00  0.57740370E-02  0.00000000E+00  0.00000000E+00  0.18218096E+09  0.00000000E+00  0.00000000E+00  0.00000000E+00  0.00000000E+00  0.00000000E+00  0.10000000E-01  0.10000000E+01
 0.18002000E-09  0.92536048E-02  0.00000000E+00  0.75958466E-02  0.00000000E+00  0.00000000E+00  0.18218096E+09  0.00000000E+00  0.00000000E+00  0.00000000E+00  0.00000000E+00  0.00000000E+00  0.10000000E-01  0.10000000E+01
 0.19002000E-09  0.92536048E-02  0.00000000E+00  0.94176563E-02  0.00000000E+00  0.00000000E+00  0.18218096E+09  0.00000000E+00  0.00000000E+00  0.00000000E+00  0.00000000E+00  0.00000000E+00  0.10000000E-01  0.10000000E+01
 0.20002000E-09  0.92536048E-02  0.00000000E+00  0.11239466E-01  0.00000000E+00  0.00000000E+00  0.18218096E+09  0.00000000E+00  0.00000000E+00  0.00000000E+00  0.00000000E+00  0.00000000E+00  0.10000000E-01  0.10000000E+01
 0.21002000E-09  0.92536048E-02  0.00000000E+00  0.13061276E-01  0.00000000E+00  0.00000000E+00  0.18218096E+09  0.00000000E+00  0.00000000E+00  0.00000000E+00  0.00000000E+00  0.00000000E+00  0.10000000E-01  0.10000000E+01
 0.22002000E-09  0.92536048E-02  0.00000000E+00  0.14883085E-01  0.00000000E+00  0.00000000E+00  0.18218096E+09  0.00000000E+00  0.00000000E+00  0.00000000E+00  0.00000000E+00  0.00000000E+00  0.10000000E-01  0.10000000E+01
 0.23002000E-09  0.92536048E-02  0.00000000E+00  0.16704895E-01  0.00000000E+00  0.00000000E+00  0.18218096E+09  0.00000000E+00  0.00000000E+00  0.00000000E+00  0.00000000E+00  0.00000000E+00  0.10000000E-01  0.10000000E+01
 0.24002000E-09  0.92536048E-02  0.00000000E+00  0.18526705E-01  0.00000000E+00  0.00000000E+00  0.18218096E+09  0.00000000E+00  0.00000000E+00  0.00000000E+00  0.00000000E+00  0.00000000E+00  0.10000000E-01  0.10000000E+01
 0.25002000E-09  0.92536048E-02  0.00000000E+00  0.20348514E-01  0.00000000E+00  0.00000000E+00  0.18218096E+09  0.00000000E+00  0.00000000E+00  0.00000000E+00  0.00000000E+00  0.00000000E+00  0.10000000E-01  0.10000000E+01
 0.26002000E-09  0.92536048E-02  0.00000000E+00  0.22170324E-01  0.00000000E+00  0.00000000E+00  0.18218096E+09  0.00000000E+00  0.00000000E+00  0.00000000E+00  0.00000000E+00  0.00000000E+00  0.10000000E-01  0.10000000E+01
 0.27002000E-09  0.92536048E-02  0.00000000E+00  0.23992133E-01  0.00000000E+00  0.00000000E+00  0.18218096E+09  0.00000000E+00  0.00000000E+00  0.00000000E+00  0.00000000E+00  0.00000000E+00  0.10000000E-01  0.10000000E+01
 0.28002000E-09  0.92536048E-02  0.00000000E+00  0.25813943E-01  0.00000000E+00  0.00000000E+00  0.18218096E+09  0.00000000E+00  0.00000000E+00  0.00000000E+00  0.00000000E+00  0.00000000E+00  0.10000000E-01  0.10000000E+01
 0.29002000E-09  0.92536048E-02  0.00000000E+00  0.27635753E-01  0.00000000E+00  0.00000000E+00  0.18218096E+09  0.00000000E+00  0.00000000E+00  0.00000000E+00  0.00000000E+00  0.00000000E+00  0.10000000E-01  0.10000000E+01
 0.30000000E-09  0.92536048E-02  0.00000000E+00  0.29453919E-01  0.00000000E+00  0.00000000E+00  0.18218096E+09  0.00000000E+00  0.00000000E+00  0.00000000E+00  0.00000000E+00  0.00000000E+00  0.10000000E-01  0.10000000E+01
 0.31000000E-09  0.92536048E-02  0.00000000E+00  0.31275728E-01  0.00000000E+00  0.00000000E+00  0.18218096E+09  0.00000000E+00  0.00000000E+00  0.00000000E+00  0.00000000E+00  0.00000000E+00  0.10000000E-01  0.10000000E+01
 0.32000000E-09  0.92536048E-02  0.00000000E+00  0.33097538E-01  0.00000000E+00  0.00000000E+00  0.18218096E+09  0.00000000E+00  0.00000000E+00  0.00000000E+00  0.00000000E+00  0.00000000E+00  0.10000000E-01  0.10000000E+01
 0.33000000E-09  0.92536048E-02  0.00000000E+00  0.34919348E-01  0.00000000E+00  0.00000000E+00  0.18218096E+09  0.00000000E+00  0.00000000E+00  0.00000000E+00  0.00000000E+00  0.00000000E+00  0.10000000E-01  0.10000000E+01
 0.34000000E-09  0.92536048E-02  0.00000000E+00  0.36741157E-01  0.00000000E+00  0.00000000E+00  0.18218096E+09  0.00000000E+00  0.00000000E+00  0.00000000E+00  0.00000000E+00  0.00000000E+00  0.10000000E-01  0.10000000E+01
 0.35000000E-09  0.92536048E-02  0.00000000E+00  0.38562967E-01  0.00000000E+00  0.00000000E+00  0.18218096E+09  0.00000000E+00  0.00000000E+00  0.00000000E+00  0.00000000E+00  0.00000000E+00  0.10000000E-01  0.10000000E+01
 0.36000000E-09  0.92536048E-02  0.00000000E+00  0.40384777E-01  0.00000000E+00  0.00000000E+00  0.18218096E+09  0.00000000E+00  0.00000000E+00  0.00000000E+00  0.00000000E+00  0.00000000E+00  0.10000000E-01  0.10000000E+01
 0.37000000E-09  0.92536048E-02  0.00000000E+00  0.42206586E-01  0.00000000E+00  0.00000000E+00  0.18218096E+09  0.00000000E+00  0.00000000E+00  0.00000000E+00  0.00000000E+00  0.00000000E+00  0.10000000E-01  0.10000000E+01
 0.38000000E-09  0.92536048E-02  0.00000000E+00  0.44028396E-01  0.00000000E+00  0.00000000E+00  0.18218096E+09  0.00000000E+00  0.00000000E+00  0.00000000E+00  0.00000000E+00  0.00000000E+00  0.10000000E-01  0.10000000E+01
 0.39000000E-09  0.92536048E-02  0.00000000E+00  0.45850206E-01  0.00000000E+00  0.00000000E+00  0.18218096E+09  0.00000000E+00  0.00000000E+00  0.00000000E+00  0.00000000E+00  0.00000000E+00  0.10000000E-01  0.10000000E+01
 0.40000000E-09  0.92536048E-02  0.00000000E+00  0.47672015E-01  0.00000000E+00  0.00000000E+00  0.18218096E+09  0.00000000E+00  0.00000000E+00  0.00000000E+00  0.00000000E+00  0.00000000E+00  0.10000000E-01  0.10000000E+01
 0.41000000E-09  0.92536048E-02  0.00000000E+00  0.49493825E-01  0.00000000E+00  0.00000000E+00  0.18218096E+09  0.00000000E+00  0.00000000E+00  0.00000000E+00  0.00000000E+00  0.00000000E+00  0.10000000E-01  0.10000000E+01
 0.42000000E-09  0.92536048E-02  0.00000000E+00  0.51315635E-01  0.00000000E+00  0.00000000E+00  0.18218096E+09  0.00000000E+00  0.00000000E+00  0.00000000E+00  0.00000000E+00  0.00000000E+00  0.10000000E-01  0.10000000E+01
 0.43000000E-09  0.92536048E-02  0.00000000E+00  0.53137444E-01  0.00000000E+00  0.00000000E+00  0.18218096E+09  0.00000000E+00  0.00000000E+00  0.00000000E+00  0.00000000E+00  0.00000000E+00  0.10000000E-01  0.10000000E+01
 0.44000000E-09  0.92536048E-02  0.00000000E+00  0.54959254E-01  0.00000000E+00  0.00000000E+00  0.18218096E+09  0.00000000E+00  0.00000000E+00  0.00000000E+00  0.00000000E+00  0.00000000E+00  0.10000000E-01  0.10000000E+01
 0.45000000E-09  0.92536048E-02  0.00000000E+00  0.56781064E-01  0.00000000E+00  0.00000000E+00  0.18218096E+09  0.00000000E+00  0.00000000E+00  0.00000000E+00  0.00000000E+00  0.00000000E+00  0.10000000E-01  0.10000000E+01
 0.46000000E-09  0.92536048E-02  0.00000000E+00  0.58602873E-01  0.00000000E+00  0.00000000E+00  0.18218096E+09  0.00000000E+00  0.00000000E+00  0.00000000E+00  0.00000000E+00  0.00000000E+00  0.10000000E-01  0.10000000E+01
 0.47000000E-09  0.92536048E-02  0.00000000E+00  0.60424683E-01  0.00000000E+00  0.00000000E+00  0.18218096E+09  0.00000000E+00  0.00000000E+00  0.00000000E+00  0.00000000E+00  0.00000000E+00  0.10000000E-01  0.10000000E+01
 0.48000000E-09  0.92536048E-02  0.00000000E+00  0.62246492E-01  0.00000000E+00  0.00000000E+00  0.18218096E+09  0.00000000E+00  0.00000000E+00  0.00000000E+00  0.00000000E+00  0.00000000E+00  0.10000000E-01  0.10000000E+01
 0.49000000E-09  0.92536048E-02  0.00000000E+00  0.64068302E-01  0.00000000E+00  0.00000000E+00  0.18218096E+09  0.00000000E+00  0.00000000E+00  0.00000000E+00  0.00000000E+00  0.00000000E+00  0.10000000E-01  0.10000000E+01
 0.50000000E-09  0.92536048E-02  0.00000000E+00  0.65890112E-01  0.00000000E+00  0.00000000E+00  0.18218096E+09  0.00000000E+00  0.00000000E+00  0.00000000E+00  0.00000000E+00  0.00000000E+00  0.10000000E-01  0.10000000E+01
 0.51000000E-09  0.92536048E-02  0.00000000E+00  0.67711921E-01  0.00000000E+00  0.00000000E+00  0.18218096E+09  0.00000000E+00  0.00000000E+00  0.00000000E+00  0.00000000E+00  0.00000000E+00  0.10000000E-01  0.10000000E+01
 0.52000000E-09  0.92536048E-02  0.00000000E+00  0.69533731E-01  0.00000000E+00  0.00000000E+00  0.18218096E+09  0.00000000E+00  0.00000000E+00  0.00000000E+00  0.00000000E+00  0.00000000E+00  0.10000000E-01  0.10000000E+01
 0.53000000E-09  0.92536048E-02  0.00000000E+00  0.71355541E-01  0.00000000E+00  0.00000000E+00  0.18218096E+09  0.00000000E+00  0.00000000E+00  0.00000000E+00  0.00000000E+00  0.00000000E+00  0.10000000E-01  0.10000000E+01
 0.54000000E-09  0.92536048E-02  0.00000000E+00  0.73177350E-01  0.00000000E+00  0.00000000E+00  0.18218096E+09  0.00000000E+00  0.00000000E+00  0.00000000E+00  0.00000000E+00  0.00000000E+00  0.10000000E-01  0.10000000E+01
 0.55002000E-09  0.92536048E-02  0.00000000E+00  0.75002804E-01  0.00000000E+00  0.00000000E+00  0.18218096E+09  0.00000000E+00  0.00000000E+00  0.00000000E+00  0.00000000E+00  0.00000000E+00  0.10000000E-01  0.10000000E+01
 0.56002000E-09  0.92536048E-02  0.00000000E+00  0.76824613E-01  0.00000000E+00  0.00000000E+00  0.18218096E+09  0.00000000E+00  0.00000000E+00  0.00000000E+00  0.00000000E+00  0.00000000E+00  0.10000000E-01  0.10000000E+01
 0.57002000E-09  0.92536048E-02  0.00000000E+00  0.78646423E-01  0.00000000E+00  0.00000000E+00  0.18218096E+09  0.00000000E+00  0.00000000E+00  0.00000000E+00  0.00000000E+00  0.00000000E+00  0.10000000E-01  0.10000000E+01
 0.58002000E-09  0.92536048E-02  0.00000000E+00  0.80468233E-01  0.00000000E+00  0.00000000E+00  0.18218096E+09  0.00000000E+00  0.00000000E+00  0.00000000E+00  0.00000000E+00  0.00000000E+00  0.10000000E-01  0.10000000E+01
 0.59002000E-09  0.92536048E-02  0.00000000E+00  0.82290042E-01  0.00000000E+00  0.00000000E+00  0.18218096E+09  0.00000000E+00  0.00000000E+00  0.00000000E+00  0.00000000E+00  0.00000000E+00  0.10000000E-01  0.10000000E+01
 0.60002000E-09  0.92536048E-02  0.00000000E+00  0.84111852E-01  0.00000000E+00  0.00000000E+00  0.18218096E+09  0.00000000E+00  0.00000000E+00  0.00000000E+00  0.00000000E+00  0.00000000E+00  0.10000000E-01  0.10000000E+01
 0.61002000E-09  0.92536048E-02  0.00000000E+00  0.85933662E-01  0.00000000E+00  0.00000000E+00  0.18218096E+09  0.00000000E+00  0.00000000E+00  0.00000000E+00  0.00000000E+00  0.00000000E+00  0.10000000E-01  0.10000000E+01
 0.62002000E-09  0.92536048E-02  0.00000000E+00  0.87755471E-01  0.00000000E+00  0.00000000E+00  0.18218096E+09  0.00000000E+00  0.00000000E+00  0.00000000E+00  0.00000000E+00  0.00000000E+00  0.10000000E-01  0.10000000E+01
 0.63002000E-09  0.92536048E-02  0.00000000E+00  0.89577281E-01  0.00000000E+00  0.00000000E+00  0.18218096E+09  0.00000000E+00  0.00000000E+00  0.00000000E+00  0.00000000E+00  0.00000000E+00  0.10000000E-01  0.10000000E+01
 0.64002000E-09  0.92536048E-02  0.00000000E+00  0.91399091E-01  0.00000000E+00  0.00000000E+00  0.18218096E+09  0.00000000E+00  0.00000000E+00  0.00000000E+00  0.00000000E+00  0.00000000E+00  0.10000000E-01  0.10000000E+01
 0.65002000E-09  0.92536048E-02  0.00000000E+00  0.93220900E-01  0.00000000E+00  0.00000000E+00  0.18218096E+09  0.00000000E+00  0.00000000E+00  0.00000000E+00  0.00000000E+00  0.00000000E+00  0.10000000E-01  0.10000000E+01
 0.66002000E-09  0.92536048E-02  0.00000000E+00  0.95042710E-01  0.00000000E+00  0.00000000E+00  0.18218096E+09  0.00000000E+00  0.00000000E+00  0.00000000E+00  0.00000000E+00  0.00000000E+00  0.10000000E-01  0.10000000E+01
 0.67002000E-09  0.92536048E-02  0.00000000E+00  0.96864519E-01  0.00000000E+00  0.00000000E+00  0.18218096E+09  0.00000000E+00  0.00000000E+00  0.00000000E+00  0.00000000E+00  0.00000000E+00  0.10000000E-01  0.10000000E+01
 0.68002000E-09  0.92536048E-02  0.00000000E+00  0.98686329E-01  0.00000000E+00  0.00000000E+00  0.18218096E+09  0.00000000E+00  0.00000000E+00  0.00000000E+00  0.00000000E+00  0.00000000E+00  0.10000000E-01  0.10000000E+01
 0.69002000E-09  0.92536048E-02  0.00000000E+00  0.10050814E+00  0.00000000E+00  0.00000000E+00  0.18218096E+09  0.00000000E+00  0.00000000E+00  0.00000000E+00  0.00000000E+00  0.00000000E+00  0.10000000E-01  0.10000000E+01
 0.70002000E-09  0.92536048E-02  0.00000000E+00  0.10232995E+00  0.00000000E+00  0.00000000E+00  0.18218096E+09  0.00000000E+00  0.00000000E+00  0.00000000E+00  0.00000000E+00  0.00000000E+00  0.10000000E-01  0.10000000E+01
 0.71002000E-09  0.92536048E-02  0.00000000E+00  0.10415176E+00  0.00000000E+00  0.00000000E+00  0.18218096E+09  0.00000000E+00  0.00000000E+00  0.00000000E+00  0.00000000E+00  0.00000000E+00  0.10000000E-01  0.10000000E+01
 0.72002000E-09  0.92536048E-02  0.00000000E+00  0.10597357E+00  0.00000000E+00  0.00000000E+00  0.18218096E+09  0.00000000E+00  0.00000000E+00  0.00000000E+00  0.00000000E+00  0.00000000E+00  0.10000000E-01  0.10000000E+01
 0.73002000E-09  0.92536048E-02  0.00000000E+00  0.10779538E+00  0.00000000E+00  0.00000000E+00  0.18218096E+09  0.00000000E+00  0.00000000E+00  0.00000000E+00  0.00000000E+00  0.00000000E+00  0.10000000E-01  0.10000000E+01
 0.74002000E-09  0.92536048E-02  0.00000000E+00  0.10961719E+00  0.00000000E+00  0.00000000E+00  0.18218096E+09  0.00000000E+00  0.00000000E+00  0.00000000E+00  0.00000000E+00  0.00000000E+00  0.10000000E-01  0.10000000E+01
 0.75002000E-09  0.92536048E-02  0.00000000E+00  0.11143900E+00  0.00000000E+00  0.00000000E+00  0.18218096E+09  0.00000000E+00  0.00000000E+00  0.00000000E+00  0.00000000E+00  0.00000000E+00  0.10000000E-01  0.10000000E+01
 0.76002000E-09  0.92536048E-02  0.00000000E+00  0.11326081E+00  0.00000000E+00  0.00000000E+00  0.18218096E+09  0.00000000E+00  0.00000000E+00  0.00000000E+00  0.00000000E+00  0.00000000E+00  0.10000000E-01  0.10000000E+01
 0.77002000E-09  0.92536048E-02  0.00000000E+00  0.11508262E+00  0.00000000E+00  0.00000000E+00  0.18218096E+09  0.00000000E+00  0.00000000E+00  0.00000000E+00  0.00000000E+00  0.00000000E+00  0.10000000E-01  0.10000000E+01
 0.78002000E-09  0.92536048E-02  0.00000000E+00  0.11690443E+00  0.00000000E+00  0.00000000E+00  0.18218096E+09  0.00000000E+00  0.00000000E+00  0.00000000E+00  0.00000000E+00  0.00000000E+00  0.10000000E-01  0.10000000E+01
 0.79002000E-09  0.92536048E-02  0.00000000E+00  0.11872624E+00  0.00000000E+00  0.00000000E+00  0.18218096E+09  0.00000000E+00  0.00000000E+00  0.00000000E+00  0.00000000E+00  0.00000000E+00  0.10000000E-01  0.10000000E+01
 0.80002000E-09  0.92536048E-02  0.00000000E+00  0.12054804E+00  0.00000000E+00  0.00000000E+00  0.18218096E+09  0.00000000E+00  0.00000000E+00  0.00000000E+00  0.00000000E+00  0.00000000E+00  0.10000000E-01  0.10000000E+01
 0.81002000E-09  0.92536048E-02  0.00000000E+00  0.12236985E+00  0.00000000E+00  0.00000000E+00  0.18218096E+09  0.00000000E+00  0.00000000E+00  0.00000000E+00  0.00000000E+00  0.00000000E+00  0.10000000E-01  0.10000000E+01
 0.82002000E-09  0.92536048E-02  0.00000000E+00  0.12419166E+00  0.00000000E+00  0.00000000E+00  0.18218096E+09  0.00000000E+00  0.00000000E+00  0.00000000E+00  0.00000000E+00  0.00000000E+00  0.10000000E-01  0.10000000E+01
 0.83002000E-09  0.92536048E-02  0.00000000E+00  0.12601347E+00  0.00000000E+00  0.00000000E+00  0.18218096E+09  0.00000000E+00  0.00000000E+00  0.00000000E+00  0.00000000E+00  0.00000000E+00  0.10000000E-01  0.10000000E+01
 0.84002000E-09  0.92536048E-02  0.00000000E+00  0.12783528E+00  0.00000000E+00  0.00000000E+00  0.18218096E+09  0.00000000E+00  0.00000000E+00  0.00000000E+00  0.00000000E+00  0.00000000E+00  0.10000000E-01  0.10000000E+01
 0.85002000E-09  0.92536048E-02  0.00000000E+00  0.12965709E+00  0.00000000E+00  0.00000000E+00  0.18218096E+09  0.00000000E+00  0.00000000E+00  0.00000000E+00  0.00000000E+00  0.00000000E+00  0.10000000E-01  0.10000000E+01
 0.86002000E-09  0.92536048E-02  0.00000000E+00  0.13147890E+00  0.00000000E+00  0.00000000E+00  0.18218096E+09  0.00000000E+00  0.00000000E+00  0.00000000E+00  0.00000000E+00  0.00000000E+00  0.10000000E-01  0.10000000E+01
 0.87002000E-09  0.92536048E-02  0.00000000E+00  0.13330071E+00  0.00000000E+00  0.00000000E+00  0.18218096E+09  0.00000000E+00  0.00000000E+00  0.00000000E+00  0.00000000E+00  0.00000000E+00  0.10000000E-01  0.10000000E+01
 0.88002000E-09  0.92536048E-02  0.00000000E+00  0.13512252E+00  0.00000000E+00  0.00000000E+00  0.18218096E+09  0.00000000E+00  0.00000000E+00  0.00000000E+00  0.00000000E+00  0.00000000E+00  0.10000000E-01  0.10000000E+01
 0.89002000E-09  0.92536048E-02  0.00000000E+00  0.13694433E+00  0.00000000E+00  0.00000000E+00  0.18218096E+09  0.00000000E+00  0.00000000E+00  0.00000000E+00  0.00000000E+00  0.00000000E+00  0.10000000E-01  0.10000000E+01
 0.90002000E-09  0.92536048E-02  0.00000000E+00  0.13876614E+00  0.00000000E+00  0.00000000E+00  0.18218096E+09  0.00000000E+00  0.00000000E+00  0.00000000E+00  0.00000000E+00  0.00000000E+00  0.10000000E-01  0.10000000E+01
 0.91002000E-09  0.92536048E-02  0.00000000E+00  0.14058795E+00  0.00000000E+00  0.00000000E+00  0.18218096E+09  0.00000000E+00  0.00000000E+00  0.00000000E+00  0.00000000E+00  0.00000000E+00  0.10000000E-01  0.10000000E+01
 0.92002000E-09  0.92536048E-02  0.00000000E+00  0.14240976E+00  0.00000000E+00  0.00000000E+00  0.18218096E+09  0.00000000E+00  0.00000000E+00  0.00000000E+00  0.00000000E+00  0.00000000E+00  0.10000000E-01  0.10000000E+01
 0.93002000E-09  0.92536048E-02  0.00000000E+00  0.14423157E+00  0.00000000E+00  0.00000000E+00  0.18218096E+09  0.00000000E+00  0.00000000E+00  0.00000000E+00  0.00000000E+00  0.00000000E+00  0.10000000E-01  0.10000000E+01
 0.94002000E-09  0.92536048E-02  0.00000000E+00  0.14605338E+00  0.00000000E+00  0.00000000E+00  0.18218096E+09  0.00000000E+00  0.00000000E+00  0.00000000E+00  0.00000000E+00  0.00000000E+00  0.10000000E-01  0.10000000E+01
 0.95002000E-09  0.92536048E-02  0.00000000E+00  0.14787519E+00  0.00000000E+00  0.00000000E+00  0.18218096E+09  0.00000000E+00  0.00000000E+00  0.00000000E+00  0.00000000E+00  0.00000000E+00  0.10000000E-01  0.10000000E+01
 0.96002000E-09  0.92536048E-02  0.00000000E+00  0.14969700E+00  0.00000000E+00  0.00000000E+00  0.18218096E+09  0.00000000E+00  0.00000000E+00  0.00000000E+00  0.00000000E+00  0.00000000E+00  0.10000000E-01  0.10000000E+01
 0.97002000E-09  0.92536048E-02  0.00000000E+00  0.15151881E+00  0.00000000E+00  0.00000000E+00  0.18218096E+09  0.00000000E+00  0.00000000E+00  0.00000000E+00  0.00000000E+00  0.00000000E+00  0.10000000E-01  0.10000000E+01
 0.98002000E-09  0.92536048E-02  0.00000000E+00  0.15334062E+00  0.00000000E+00  0.00000000E+00  0.18218096E+09  0.00000000E+00  0.00000000E+00  0.00000000E+00  0.00000000E+00  0.00000000E+00  0.10000000E-01  0.10000000E+01
 0.99002000E-09  0.92536048E-02  0.00000000E+00  0.15516243E+00  0.00000000E+00  0.00000000E+00  0.18218096E+09  0.00000000E+00  0.00000000E+00  0.00000000E+00  0.00000000E+00  0.00000000E+00  0.10000000E-01  0.10000000E+01
 0.10000200E-08  0.92536048E-02  0.00000000E+00  0.15698424E+00  0.00000000E+00  0.00000000E+00  0.18218096E+09  0.00000000E+00  0.00000000E+00  0.00000000E+00  0.00000000E+00  0.00000000E+00  0.10000000E-01  0.10000000E+01
 0.10100200E-08  0.92536048E-02  0.00000000E+00  0.15880605E+00  0.00000000E+00  0.00000000E+00  0.18218096E+09  0.00000000E+00  0.00000000E+00  0.00000000E+00  0.00000000E+00  0.00000000E+00  0.10000000E-01  0.10000000E+01
 0.10200200E-08  0.92536048E-02  0.00000000E+00  0.16062786E+00  0.00000000E+00  0.00000000E+00  0.18218096E+09  0.00000000E+00  0.00000000E+00  0.00000000E+00  0.00000000E+00  0.00000000E+00  0.10000000E-01  0.10000000E+01
 0.10300200E-08  0.92536048E-02  0.00000000E+00  0.16244967E+00  0.00000000E+00  0.00000000E+00  0.18218096E+09  0.00000000E+00  0.00000000E+00  0.00000000E+00  0.00000000E+00  0.00000000E+00  0.10000000E-01  0.10000000E+01
 0.10400200E-08  0.92536048E-02  0.00000000E+00  0.16427148E+00  0.00000000E+00  0.00000000E+00  0.18218096E+09  0.00000000E+00  0.00000000E+00  0.00000000E+00  0.00000000E+00  0.00000000E+00  0.10000000E-01  0.10000000E+01
 0.10500200E-08  0.92536048E-02  0.00000000E+00  0.16609329E+00  0.00000000E+00  0.00000000E+00  0.18218096E+09  0.00000000E+00  0.00000000E+00  0.00000000E+00  0.00000000E+00  0.00000000E+00  0.10000000E-01  0.10000000E+01
 0.10600200E-08  0.92536048E-02  0.00000000E+00  0.16791510E+00  0.00000000E+00  0.00000000E+00  0.18218096E+09  0.00000000E+00  0.00000000E+00  0.00000000E+00  0.00000000E+00  0.00000000E+00  0.10000000E-01  0.10000000E+01
 0.10700200E-08  0.92536048E-02  0.00000000E+00  0.16973691E+00  0.00000000E+00  0.00000000E+00  0.18218096E+09  0.00000000E+00  0.00000000E+00  0.00000000E+00  0.00000000E+00  0.00000000E+00  0.10000000E-01  0.10000000E+01
 0.10800200E-08  0.92536048E-02  0.00000000E+00  0.17155872E+00  0.00000000E+00  0.00000000E+00  0.18218096E+09  0.00000000E+00  0.00000000E+00  0.00000000E+00  0.00000000E+00  0.00000000E+00  0.10000000E-01  0.10000000E+01
 0.10900200E-08  0.92536048E-02  0.00000000E+00  0.17338052E+00  0.00000000E+00  0.00000000E+00  0.18218096E+09  0.00000000E+00  0.00000000E+00  0.00000000E+00  0.00000000E+00  0.00000000E+00  0.10000000E-01  0.10000000E+01
 0.11000200E-08  0.92536048E-02  0.00000000E+00  0.17520233E+00  0.00000000E+00  0.00000000E+00  0.18218096E+09  0.00000000E+00  0.00000000E+00  0.00000000E+00  0.00000000E+00  0.00000000E+00  0.10000000E-01  0.10000000E+01
 0.11100200E-08  0.92536048E-02  0.00000000E+00  0.17702414E+00  0.00000000E+00  0.00000000E+00  0.18218096E+09  0.00000000E+00  0.00000000E+00  0.00000000E+00  0.00000000E+00  0.00000000E+00  0.10000000E-01  0.10000000E+01
 0.11200200E-08  0.92536048E-02  0.00000000E+00  0.17884595E+00  0.00000000E+00  0.00000000E+00  0.18218096E+09  0.00000000E+00  0.00000000E+00  0.00000000E+00  0.00000000E+00  0.00000000E+00  0.10000000E-01  0.10000000E+01
 0.11300200E-08  0.92536048E-02  0.00000000E+00  0.18066776E+00  0.00000000E+00  0.00000000E+00  0.18218096E+09  0.00000000E+00  0.00000000E+00  0.00000000E+00  0.00000000E+00  0.00000000E+00  0.10000000E-01  0.10000000E+01
 0.11400200E-08  0.92536048E-02  0.00000000E+00  0.18248957E+00  0.00000000E+00  0.00000000E+00  0.18218096E+09  0.00000000E+00  0.00000000E+00  0.00000000E+00  0.00000000E+00  0.00000000E+00  0.10000000E-01  0.10000000E+01
 0.11500200E-08  0.92536048E-02  0.00000000E+00  0.18431138E+00  0.00000000E+00  0.00000000E+00  0.18218096E+09  0.00000000E+00  0.00000000E+00  0.00000000E+00  0.00000000E+00  0.00000000E+00  0.10000000E-01  0.10000000E+01
 0.11600200E-08  0.92536048E-02  0.00000000E+00  0.18613319E+00  0.00000000E+00  0.00000000E+00  0.18218096E+09  0.00000000E+00  0.00000000E+00  0.00000000E+00  0.00000000E+00  0.00000000E+00  0.10000000E-01  0.10000000E+01
 0.11700200E-08  0.92536048E-02  0.00000000E+00  0.18795500E+00  0.00000000E+00  0.00000000E+00  0.18218096E+09  0.00000000E+00  0.00000000E+00  0.00000000E+00  0.00000000E+00  0.00000000E+00  0.10000000E-01  0.10000000E+01
 0.11800200E-08  0.92536048E-02  0.00000000E+00  0.18977681E+00  0.00000000E+00  0.00000000E+00  0.18218096E+09  0.00000000E+00  0.00000000E+00  0.00000000E+00  0.00000000E+00  0.00000000E+00  0.10000000E-01  0.10000000E+01
 0.11900200E-08  0.92536048E-02  0.00000000E+00  0.19159862E+00  0.00000000E+00  0.00000000E+00  0.18218096E+09  0.00000000E+00  0.00000000E+00  0.00000000E+00  0.00000000E+00  0.00000000E+00  0.10000000E-01  0.10000000E+01
 0.12000200E-08  0.92536048E-02  0.00000000E+00  0.19342043E+00  0.00000000E+00  0.00000000E+00  0.18218096E+09  0.00000000E+00  0.00000000E+00  0.00000000E+00  0.00000000E+00  0.00000000E+00  0.10000000E-01  0.10000000E+01
 0.12100200E-08  0.92536048E-02  0.00000000E+00  0.19524224E+00  0.00000000E+00  0.00000000E+00  0.18218096E+09  0.00000000E+00  0.00000000E+00  0.00000000E+00  0.00000000E+00  0.00000000E+00  0.10000000E-01  0.10000000E+01
 0.12200200E-08  0.92536048E-02  0.00000000E+00  0.19706405E+00  0.00000000E+00  0.00000000E+00  0.18218096E+09  0.00000000E+00  0.00000000E+00  0.00000000E+00  0.00000000E+00  0.00000000E+00  0.10000000E-01  0.10000000E+01
 0.12300200E-08  0.92536048E-02  0.00000000E+00  0.19888586E+00  0.00000000E+00  0.00000000E+00  0.18218096E+09  0.00000000E+00  0.00000000E+00  0.00000000E+00  0.00000000E+00  0.00000000E+00  0.10000000E-01  0.10000000E+01
 0.12400200E-08  0.92536048E-02  0.00000000E+00  0.20070767E+00  0.00000000E+00  0.00000000E+00  0.18218096E+09  0.00000000E+00  0.00000000E+00  0.00000000E+00  0.00000000E+00  0.00000000E+00  0.10000000E-01  0.10000000E+01
 0.12500200E-08  0.92536048E-02  0.00000000E+00  0.20252948E+00  0.00000000E+00  0.00000000E+00  0.18218096E+09  0.00000000E+00  0.00000000E+00  0.00000000E+00  0.00000000E+00  0.00000000E+00  0.10000000E-01  0.10000000E+01
 0.12600200E-08  0.92536048E-02  0.00000000E+00  0.20435129E+00  0.00000000E+00  0.00000000E+00  0.18218096E+09  0.00000000E+00  0.00000000E+00  0.00000000E+00  0.00000000E+00  0.00000000E+00  0.10000000E-01  0.10000000E+01
 0.12700200E-08  0.92536048E-02  0.00000000E+00  0.20617310E+00  0.00000000E+00  0.00000000E+00  0.18218096E+09  0.00000000E+00  0.00000000E+00  0.00000000E+00  0.00000000E+00  0.00000000E+00  0.10000000E-01  0.10000000E+01
 0.12800200E-08  0.92536048E-02  0.00000000E+00  0.20799491E+00  0.00000000E+00  0.00000000E+00  0.18218096E+09  0.00000000E+00  0.00000000E+00  0.00000000E+00  0.00000000E+00  0.00000000E+00  0.10000000E-01  0.10000000E+01
 0.12900200E-08  0.92536048E-02  0.00000000E+00  0.20981672E+00  0.00000000E+00  0.00000000E+00  0.18218096E+09  0.00000000E+00  0.00000000E+00  0.00000000E+00  0.00000000E+00  0.00000000E+00  0.10000000E-01  0.10000000E+01
 0.13000200E-08  0.92536048E-02  0.00000000E+00  0.21163853E+00  0.00000000E+00  0.00000000E+00  0.18218096E+09  0.00000000E+00  0.00000000E+00  0.00000000E+00  0.00000000E+00  0.00000000E+00  0.10000000E-01  0.10000000E+01
 0.13100200E-08  0.92536048E-02  0.00000000E+00  0.21346034E+00  0.00000000E+00  0.00000000E+00  0.18218096E+09  0.00000000E+00  0.00000000E+00  0.00000000E+00  0.00000000E+00  0.00000000E+00  0.10000000E-01  0.10000000E+01
 0.13200200E-08  0.92536048E-02  0.00000000E+00  0.21528215E+00  0.00000000E+00  0.00000000E+00  0.18218096E+09  0.00000000E+00  0.00000000E+00  0.00000000E+00  0.00000000E+00  0.00000000E+00  0.10000000E-01  0.10000000E+01
 0.13300200E-08  0.92536048E-02  0.00000000E+00  0.21710396E+00  0.00000000E+00  0.00000000E+00  0.18218096E+09  0.00000000E+00  0.00000000E+00  0.00000000E+00  0.00000000E+00  0.00000000E+00  0.10000000E-01  0.10000000E+01
 0.13400200E-08  0.92536048E-02  0.00000000E+00  0.21892577E+00  0.00000000E+00  0.00000000E+00  0.18218096E+09  0.00000000E+00  0.00000000E+00  0.00000000E+00  0.00000000E+00  0.00000000E+00  0.10000000E-01  0.10000000E+01
 0.13500200E-08  0.92536048E-02  0.00000000E+00  0.22074758E+00  0.00000000E+00  0.00000000E+00  0.18218096E+09  0.00000000E+00  0.00000000E+00  0.00000000E+00  0.00000000E+00  0.00000000E+00  0.10000000E-01  0.10000000E+01
 0.13600200E-08  0.92536048E-02  0.00000000E+00  0.22256939E+00  0.00000000E+00  0.00000000E+00  0.18218096E+09  0.00000000E+00  0.00000000E+00  0.00000000E+00  0.00000000E+00  0.00000000E+00  0.10000000E-01  0.10000000E+01
 0.13700200E-08  0.92536048E-02  0.00000000E+00  0.22439119E+00  0.00000000E+00  0.00000000E+00  0.18218096E+09  0.00000000E+00  0.00000000E+00  0.00000000E+00  0.00000000E+00  0.00000000E+00  0.10000000E-01  0.10000000E+01
 0.13800200E-08  0.92536048E-02  0.00000000E+00  0.22621300E+00  0.00000000E+00  0.00000000E+00  0.18218096E+09  0.00000000E+00  0.00000000E+00  0.00000000E+00  0.00000000E+00  0.00000000E+00  0.10000000E-01  0.10000000E+01
 0.13900200E-08  0.92536048E-02  0.00000000E+00  0.22803481E+00  0.00000000E+00  0.00000000E+00  0.18218096E+09  0.00000000E+00  0.00000000E+00  0.00000000E+00  0.00000000E+00  0.00000000E+00  0.10000000E-01  0.10000000E+01
 0.14000200E-08  0.92536048E-02  0.00000000E+00  0.22985662E+00  0.00000000E+00  0.00000000E+00  0.18218096E+09  0.00000000E+00  0.00000000E+00  0.00000000E+00  0.00000000E+00  0.00000000E+00  0.10000000E-01  0.10000000E+01
 0.14100200E-08  0.92536048E-02  0.00000000E+00  0.23167843E+00  0.00000000E+00  0.00000000E+00  0.18218096E+09  0.00000000E+00  0.00000000E+00  0.00000000E+00  0.00000000E+00  0.00000000E+00  0.10000000E-01  0.10000000E+01
 0.14200200E-08  0.92536048E-02  0.00000000E+00  0.23350024E+00  0.00000000E+00  0.00000000E+00  0.18218096E+09  0.00000000E+00  0.00000000E+00  0.00000000E+00  0.00000000E+00  0.00000000E+00  0.10000000E-01  0.10000000E+01
 0.14300200E-08  0.92536048E-02  0.00000000E+00  0.23532205E+00  0.00000000E+00  0.00000000E+00  0.18218096E+09  0.00000000E+00  0.00000000E+00  0.00000000E+00  0.00000000E+00  0.00000000E+00  0.10000000E-01  0.10000000E+01
 0.14400200E-08  0.92536048E-02  0.00000000E+00  0.23714386E+00  0.00000000E+00  0.00000000E+00  0.18218096E+09  0.00000000E+00  0.00000000E+00  0.00000000E+00  0.00000000E+00  0.00000000E+00  0.10000000E-01  0.10000000E+01
 0.14500200E-08  0.92536048E-02  0.00000000E+00  0.23896567E+00  0.00000000E+00  0.00000000E+00  0.18218096E+09  0.00000000E+00  0.00000000E+00  0.00000000E+00  0.00000000E+00  0.00000000E+00  0.10000000E-01  0.10000000E+01
 0.14600200E-08  0.92536048E-02  0.00000000E+00  0.24078748E+00  0.00000000E+00  0.00000000E+00  0.18218096E+09  0.00000000E+00  0.00000000E+00  0.00000000E+00  0.00000000E+00  0.00000000E+00  0.10000000E-01  0.10000000E+01
 0.14700200E-08  0.92536048E-02  0.00000000E+00  0.24260929E+00  0.00000000E+00  0.00000000E+00  0.18218096E+09  0.00000000E+00  0.00000000E+00  0.00000000E+00  0.00000000E+00  0.00000000E+00  0.10000000E-01  0.10000000E+01
 0.14800200E-08  0.92536048E-02  0.00000000E+00  0.24443110E+00  0.00000000E+00  0.00000000E+00  0.18218096E+09  0.00000000E+00  0.00000000E+00  0.00000000E+00  0.00000000E+00  0.00000000E+00  0.10000000E-01  0.10000000E+01
 0.14900200E-08  0.92536048E-02  0.00000000E+00  0.24625291E+00  0.00000000E+00  0.00000000E+00  0.18218096E+09  0.00000000E+00  0.00000000E+00  0.00000000E+00  0.00000000E+00  0.00000000E+00  0.10000000E-01  0.10000000E+01
 0.15000200E-08  0.92536048E-02  0.00000000E+00  0.24807472E+00  0.00000000E+00  0.00000000E+00  0.18218096E+09  0.00000000E+00  0.00000000E+00  0.00000000E+00  0.00000000E+00  0.00000000E+00  0.10000000E-01  0.10000000E+01
 0.15100200E-08  0.92536048E-02  0.00000000E+00  0.24989653E+00  0.00000000E+00  0.00000000E+00  0.18218096E+09  0.00000000E+00  0.00000000E+00  0.00000000E+00  0.00000000E+00  0.00000000E+00  0.10000000E-01  0.10000000E+01
 0.15200200E-08  0.92536048E-02  0.00000000E+00  0.25171834E+00  0.00000000E+00  0.00000000E+00  0.18218096E+09  0.00000000E+00  0.00000000E+00  0.00000000E+00  0.00000000E+00  0.00000000E+00  0.10000000E-01  0.10000000E+01
 0.15300200E-08  0.92536048E-02  0.00000000E+00  0.25354015E+00  0.00000000E+00  0.00000000E+00  0.18218096E+09  0.00000000E+00  0.00000000E+00  0.00000000E+00  0.00000000E+00  0.00000000E+00  0.10000000E-01  0.10000000E+01
 0.15400200E-08  0.92536048E-02  0.00000000E+00  0.25536196E+00  0.00000000E+00  0.00000000E+00  0.18218096E+09  0.00000000E+00  0.00000000E+00  0.00000000E+00  0.00000000E+00  0.00000000E+00  0.10000000E-01  0.10000000E+01
 0.15500200E-08  0.92536048E-02  0.00000000E+00  0.25718377E+00  0.00000000E+00  0.00000000E+00  0.18218096E+09  0.00000000E+00  0.00000000E+00  0.00000000E+00  0.00000000E+00  0.00000000E+00  0.10000000E-01  0.10000000E+01
 0.15600200E-08  0.92536048E-02  0.00000000E+00  0.25900558E+00  0.00000000E+00  0.00000000E+00  0.18218096E+09  0.00000000E+00  0.00000000E+00  0.00000000E+00  0.00000000E+00  0.00000000E+00  0.10000000E-01  0.10000000E+01
 0.15700200E-08  0.92536048E-02  0.00000000E+00  0.26082739E+00  0.00000000E+00  0.00000000E+00  0.18218096E+09  0.00000000E+00  0.00000000E+00  0.00000000E+00  0.00000000E+00  0.00000000E+00  0.10000000E-01  0.10000000E+01
 0.15800200E-08  0.92536048E-02  0.00000000E+00  0.26264920E+00  0.00000000E+00  0.00000000E+00  0.18218096E+09  0.00000000E+00  0.00000000E+00  0.00000000E+00  0.00000000E+00  0.00000000E+00  0.10000000E-01  0.10000000E+01
 0.15900200E-08  0.92536048E-02  0.00000000E+00  0.26447101E+00  0.00000000E+00  0.00000000E+00  0.18218096E+09  0.00000000E+00  0.00000000E+00  0.00000000E+00  0.00000000E+00  0.00000000E+00  0.10000000E-01  0.10000000E+01
 0.16000200E-08  0.92536048E-02  0.00000000E+00  0.26629282E+00  0.00000000E+00  0.00000000E+00  0.18218096E+09  0.00000000E+00  0.00000000E+00  0.00000000E+00  0.00000000E+00  0.00000000E+00  0.10000000E-01  0.10000000E+01
 0.16100200E-08  0.92536048E-02  0.00000000E+00  0.26811463E+00  0.00000000E+00  0.00000000E+00  0.18218096E+09  0.00000000E+00  0.00000000E+00  0.00000000E+00  0.00000000E+00  0.00000000E+00  0.10000000E-01  0.10000000E+01
 0.16200200E-08  0.92536048E-02  0.00000000E+00  0.26993644E+00  0.00000000E+00  0.00000000E+00  0.18218096E+09  0.00000000E+00  0.00000000E+00  0.00000000E+00  0.00000000E+00  0.00000000E+00  0.10000000E-01  0.10000000E+01
 0.16300200E-08  0.92536048E-02  0.00000000E+00  0.27175825E+00  0.00000000E+00  0.00000000E+00  0.18218096E+09  0.00000000E+00  0.00000000E+00  0.00000000E+00  0.00000000E+00  0.00000000E+00  0.10000000E-01  0.10000000E+01
 0.16400200E-08  0.92536048E-02  0.00000000E+00  0.27358006E+00  0.00000000E+00  0.00000000E+00  0.18218096E+09  0.00000000E+00  0.00000000E+00  0.00000000E+00  0.00000000E+00  0.00000000E+00  0.10000000E-01  0.10000000E+01
 0.16500200E-08  0.92536048E-02  0.00000000E+00  0.27540187E+00  0.00000000E+00  0.00000000E+00  0.18218096E+09  0.00000000E+00  0.00000000E+00  0.00000000E+00  0.00000000E+00  0.00000000E+00  0.10000000E-01  0.10000000E+01
 0.16600200E-08  0.92536048E-02  0.00000000E+00  0.27722367E+00  0.00000000E+00  0.00000000E+00  0.18218096E+09  0.00000000E+00  0.00000000E+00  0.00000000E+00  0.00000000E+00  0.00000000E+00  0.10000000E-01  0.10000000E+01
 0.16700200E-08  0.92536048E-02  0.00000000E+00  0.27904548E+00  0.00000000E+00  0.00000000E+00  0.18218096E+09  0.00000000E+00  0.00000000E+00  0.00000000E+00  0.00000000E+00  0.00000000E+00  0.10000000E-01  0.10000000E+01
 0.16800200E-08  0.92536048E-02  0.00000000E+00  0.28086729E+00  0.00000000E+00  0.00000000E+00  0.18218096E+09  0.00000000E+00  0.00000000E+00  0.00000000E+00  0.00000000E+00  0.00000000E+00  0.10000000E-01  0.10000000E+01
 0.16900200E-08  0.92536048E-02  0.00000000E+00  0.28268910E+00  0.00000000E+00  0.00000000E+00  0.18218096E+09  0.00000000E+00  0.00000000E+00  0.00000000E+00  0.00000000E+00  0.00000000E+00  0.10000000E-01  0.10000000E+01
 0.17000200E-08  0.92536048E-02  0.00000000E+00  0.28451091E+00  0.00000000E+00  0.00000000E+00  0.18218096E+09  0.00000000E+00  0.00000000E+00  0.00000000E+00  0.00000000E+00  0.00000000E+00  0.10000000E-01  0.10000000E+01
 0.17100200E-08  0.92536048E-02  0.00000000E+00  0.28633272E+00  0.00000000E+00  0.00000000E+00  0.18218096E+09  0.00000000E+00  0.00000000E+00  0.00000000E+00  0.00000000E+00  0.00000000E+00  0.10000000E-01  0.10000000E+01
 0.17200200E-08  0.92536048E-02  0.00000000E+00  0.28815453E+00  0.00000000E+00  0.00000000E+00  0.18218096E+09  0.00000000E+00  0.00000000E+00  0.00000000E+00  0.00000000E+00  0.00000000E+00  0.10000000E-01  0.10000000E+01
 0.17300200E-08  0.92536048E-02  0.00000000E+00  0.28997634E+00  0.00000000E+00  0.00000000E+00  0.18218096E+09  0.00000000E+00  0.00000000E+00  0.00000000E+00  0.00000000E+00  0.00000000E+00  0.10000000E-01  0.10000000E+01
 0.17400200E-08  0.92536048E-02  0.00000000E+00  0.29179815E+00  0.00000000E+00  0.00000000E+00  0.18218096E+09  0.00000000E+00  0.00000000E+00  0.00000000E+00  0.00000000E+00  0.00000000E+00  0.10000000E-01  0.10000000E+01
 0.17500200E-08  0.92536048E-02  0.00000000E+00  0.29361996E+00  0.00000000E+00  0.00000000E+00  0.18218096E+09  0.00000000E+00  0.00000000E+00  0.00000000E+00  0.00000000E+00  0.00000000E+00  0.10000000E-01  0.10000000E+01
 0.17600200E-08  0.92536048E-02  0.00000000E+00  0.29544177E+00  0.00000000E+00  0.00000000E+00  0.18218096E+09  0.00000000E+00  0.00000000E+00  0.00000000E+00  0.00000000E+00  0.00000000E+00  0.10000000E-01  0.10000000E+01
 0.17700200E-08  0.92536048E-02  0.00000000E+00  0.29726358E+00  0.00000000E+00  0.00000000E+00  0.18218096E+09  0.00000000E+00  0.00000000E+00  0.00000000E+00  0.00000000E+00  0.00000000E+00  0.10000000E-01  0.10000000E+01
 0.17800200E-08  0.92536048E-02  0.00000000E+00  0.29908539E+00  0.00000000E+00  0.00000000E+00  0.18218096E+09  0.00000000E+00  0.00000000E+00  0.00000000E+00  0.00000000E+00  0.00000000E+00  0.10000000E-01  0.10000000E+01
 0.17900200E-08  0.92536048E-02  0.00000000E+00  0.30090720E+00  0.00000000E+00  0.00000000E+00  0.18218096E+09  0.00000000E+00  0.00000000E+00  0.00000000E+00  0.00000000E+00  0.00000000E+00  0.10000000E-01  0.10000000E+01
 0.18000200E-08  0.92536048E-02  0.00000000E+00  0.30272901E+00  0.00000000E+00  0.00000000E+00  0.18218096E+09  0.00000000E+00  0.00000000E+00  0.00000000E+00  0.00000000E+00  0.00000000E+00  0.10000000E-01  0.10000000E+01
 0.18100200E-08  0.92536048E-02  0.00000000E+00  0.30455082E+00  0.00000000E+00  0.00000000E+00  0.18218096E+09  0.00000000E+00  0.00000000E+00  0.00000000E+00  0.00000000E+00  0.00000000E+00  0.10000000E-01  0.10000000E+01
 0.18200200E-08  0.92536048E-02  0.00000000E+00  0.30637263E+00  0.00000000E+00  0.00000000E+00  0.18218096E+09  0.00000000E+00  0.00000000E+00  0.00000000E+00  0.00000000E+00  0.00000000E+00  0.10000000E-01  0.10000000E+01
 0.18300200E-08  0.92536048E-02  0.00000000E+00  0.30819444E+00  0.00000000E+00  0.00000000E+00  0.18218096E+09  0.00000000E+00  0.00000000E+00  0.00000000E+00  0.00000000E+00  0.00000000E+00  0.10000000E-01  0.10000000E+01
 0.18400200E-08  0.92536048E-02  0.00000000E+00  0.31001625E+00  0.00000000E+00  0.00000000E+00  0.18218096E+09  0.00000000E+00  0.00000000E+00  0.00000000E+00  0.00000000E+00  0.00000000E+00  0.10000000E-01  0.10000000E+01
 0.18500200E-08  0.92536048E-02  0.00000000E+00  0.31183806E+00  0.00000000E+00  0.00000000E+00  0.18218096E+09  0.00000000E+00  0.00000000E+00  0.00000000E+00  0.00000000E+00  0.00000000E+00  0.10000000E-01  0.10000000E+01
 0.18600200E-08  0.92536048E-02  0.00000000E+00  0.31365987E+00  0.00000000E+00  0.00000000E+00  0.18218096E+09  0.00000000E+00  0.00000000E+00  0.00000000E+00  0.00000000E+00  0.00000000E+00  0.10000000E-01  0.10000000E+01
 0.18700200E-08  0.92536048E-02  0.00000000E+00  0.31548168E+00  0.00000000E+00  0.00000000E+00  0.18218096E+09  0.00000000E+00  0.00000000E+00  0.00000000E+00  0.00000000E+00  0.00000000E+00  0.10000000E-01  0.10000000E+01
 0.18800200E-08  0.92536048E-02  0.00000000E+00  0.31730349E+00  0.00000000E+00  0.00000000E+00  0.18218096E+09  0.00000000E+00  0.00000000E+00  0.00000000E+00  0.00000000E+00  0.00000000E+00  0.10000000E-01  0.10000000E+01
 0.18900200E-08  0.92536048E-02  0.00000000E+00  0.31912530E+00  0.00000000E+00  0.00000000E+00  0.18218096E+09  0.00000000E+00  0.00000000E+00  0.00000000E+00  0.00000000E+00  0.00000000E+00  0.10000000E-01  0.10000000E+01
 0.19000200E-08  0.92536048E-02  0.00000000E+00  0.32094711E+00  0.00000000E+00  0.00000000E+00  0.18218096E+09  0.00000000E+00  0.00000000E+00  0.00000000E+00  0.00000000E+00  0.00000000E+00  0.10000000E-01  0.10000000E+01
 0.19100200E-08  0.92536048E-02  0.00000000E+00  0.32276892E+00  0.00000000E+00  0.00000000E+00  0.18218096E+09  0.00000000E+00  0.00000000E+00  0.00000000E+00  0.00000000E+00  0.00000000E+00  0.10000000E-01  0.10000000E+01
 0.19200200E-08  0.92536048E-02  0.00000000E+00  0.32459073E+00  0.00000000E+00  0.00000000E+00  0.18218096E+09  0.00000000E+00  0.00000000E+00  0.00000000E+00  0.00000000E+00  0.00000000E+00  0.10000000E-01  0.10000000E+01
 0.19300200E-08  0.92536048E-02  0.00000000E+00  0.32641254E+00  0.00000000E+00  0.00000000E+00  0.18218096E+09  0.00000000E+00  0.00000000E+00  0.00000000E+00  0.00000000E+00  0.00000000E+00  0.10000000E-01  0.10000000E+01
 0.19400200E-08  0.92536048E-02  0.00000000E+00  0.32823435E+00  0.00000000E+00  0.00000000E+00  0.18218096E+09  0.00000000E+00  0.00000000E+00  0.00000000E+00  0.00000000E+00  0.00000000E+00  0.10000000E-01  0.10000000E+01
 0.19500200E-08  0.92536048E-02  0.00000000E+00  0.33005615E+00  0.00000000E+00  0.00000000E+00  0.18218096E+09  0.00000000E+00  0.00000000E+00  0.00000000E+00  0.00000000E+00  0.00000000E+00  0.10000000E-01  0.10000000E+01
 0.19600200E-08  0.92536048E-02  0.00000000E+00  0.33187796E+00  0.00000000E+00  0.00000000E+00  0.18218096E+09  0.00000000E+00  0.00000000E+00  0.00000000E+00  0.00000000E+00  0.00000000E+00  0.10000000E-01  0.10000000E+01
 0.19700200E-08  0.92536048E-02  0.00000000E+00  0.33369977E+00  0.00000000E+00  0.00000000E+00  0.18218096E+09  0.00000000E+00  0.00000000E+00  0.00000000E+00  0.00000000E+00  0.00000000E+00  0.10000000E-01  0.10000000E+01
 0.19800200E-08  0.92536048E-02  0.00000000E+00  0.33552158E+00  0.00000000E+00  0.00000000E+00  0.18218096E+09  0.00000000E+00  0.00000000E+00  0.00000000E+00  0.00000000E+00  0.00000000E+00  0.10000000E-01  0.10000000E+01
 0.19900200E-08  0.92536048E-02  0.00000000E+00  0.33734339E+00  0.00000000E+00  0.00000000E+00  0.18218096E+09  0.00000000E+00  0.00000000E+00  0.00000000E+00  0.00000000E+00  0.00000000E+00  0.10000000E-01  0.10000000E+01
