# ptime xp yp zp vx vy vz ex ey ez bx by bz wt
 0.20000000E-13  0.71381759E-02  0.00000000E+00 -0.14293724E-01  0.00000000E+00  0.00000000E+00  0.18060169E+09  0.00000000E+00  0.00000000E+00  0.00000000E+00  0.00000000E+00  0.00000000E+00  0.10000000E-01  0.10000000E+01
 0.10000000E-10  0.71381759E-02  0.00000000E+00 -0.12491319E-01  0.00000000E+00  0.00000000E+00  0.18060169E+09  0.00000000E+00  0.00000000E+00  0.00000000E+00  0.00000000E+00  0.00000000E+00  0.10000000E-01  0.10000000E+01
 0.20000000E-10  0.71381759E-02  0.00000000E+00 -0.10685302E-01  0.00000000E+00  0.00000000E+00  0.18060169E+09  0.00000000E+00  0.00000000E+00  0.00000000E+00  0.00000000E+00  0.00000000E+00  0.10000000E-01  0.10000000E+01
 0.30000000E-10  0.71381759E-02  0.00000000E+00 -0.88792853E-02  0.00000000E+00  0.00000000E+00  0.18060169E+09  0.00000000E+00  0.00000000E+00  0.00000000E+00  0.00000000E+00  0.00000000E+00  0.10000000E-01  0.10000000E+01
 0.40020000E-10  0.71381759E-02  0.00000000E+00 -0.70696564E-02  0.00000000E+00  0.00000000E+00  0.18060169E+09  0.00000000E+00  0.00000000E+00  0.00000000E+00  0.00000000E+00  0.00000000E+00  0.10000000E-01  0.10000000E+01
 0.50020000E-10  0.71381759E-02  0.00000000E+00 -0.52636396E-02  0.00000000E+00  0.00000000E+00  0.18060169E+09  0.00000000E+00  0.00000000E+00  0.00000000E+00  0.00000000E+00  0.00000000E+00  0.10000000E-01  0.10000000E+01
 0.60020000E-10  0.71381759E-02  0.00000000E+00 -0.34576227E-02  0.00000000E+00  0.00000000E+00  0.18060169E+09  0.00000000E+00  0.00000000E+00  0.00000000E+00  0.00000000E+00  0.00000000E+00  0.10000000E-01  0.10000000E+01
 0.70020000E-10  0.71381759E-02  0.00000000E+00 -0.16516058E-02  0.00000000E+00  0.00000000E+00  0.18060169E+09  0.00000000E+00  0.00000000E+00  0.00000000E+00  0.00000000E+00  0.00000000E+00  0.10000000E-01  0.10000000E+01
 0.80000000E-10  0.71381759E-02  0.00000000E+00  0.15079898E-03  0.00000000E+00  0.00000000E+00  0.18060169E+09  0.00000000E+00  0.00000000E+00  0.00000000E+00  0.00000000E+00  0.00000000E+00  0.10000000E-01  0.10000000E+01
 0.90000000E-10  0.71381759E-02  0.00000000E+00  0.19568158E-02  0.00000000E+00  0.00000000E+00  0.18060169E+09  0.00000000E+00  0.00000000E+00  0.00000000E+00  0.00000000E+00  0.00000000E+00  0.10000000E-01  0.10000000E+01
 0.10000000E-09  0.71381759E-02  0.00000000E+00  0.37628327E-02  0.00000000E+00  0.00000000E+00  0.18060169E+09  0.00000000E+00  0.00000000E+00  0.00000000E+00  0.00000000E+00  0.00000000E+00  0.10000000E-01  0.10000000E+01
 0.11000000E-09  0.71381759E-02  0.00000000E+00  0.55688496E-02  0.00000000E+00  0.00000000E+00  0.18060169E+09  0.00000000E+00  0.00000000E+00  0.00000000E+00  0.00000000E+00  0.00000000E+00  0.10000000E-01  0.10000000E+01
 0.12000000E-09  0.71381759E-02  0.00000000E+00  0.73748664E-02  0.00000000E+00  0.00000000E+00  0.18060169E+09  0.00000000E+00  0.00000000E+00  0.00000000E+00  0.00000000E+00  0.00000000E+00  0.10000000E-01  0.10000000E+01
 0.13000000E-09  0.71381759E-02  0.00000000E+00  0.91808833E-02  0.00000000E+00  0.00000000E+00  0.18060169E+09  0.00000000E+00  0.00000000E+00  0.00000000E+00  0.00000000E+00  0.00000000E+00  0.10000000E-01  0.10000000E+01
 0.14002000E-09  0.71381759E-02  0.00000000E+00  0.10990512E-01  0.00000000E+00  0.00000000E+00  0.18060169E+09  0.00000000E+00  0.00000000E+00  0.00000000E+00  0.00000000E+00  0.00000000E+00  0.10000000E-01  0.10000000E+01
 0.15002000E-09  0.71381759E-02  0.00000000E+00  0.12796529E-01  0.00000000E+00  0.00000000E+00  0.18060169E+09  0.00000000E+00  0.00000000E+00  0.00000000E+00  0.00000000E+00  0.00000000E+00  0.10000000E-01  0.10000000E+01
 0.16002000E-09  0.71381759E-02  0.00000000E+00  0.14602546E-01  0.00000000E+00  0.00000000E+00  0.18060169E+09  0.00000000E+00  0.00000000E+00  0.00000000E+00  0.00000000E+00  0.00000000E+00  0.10000000E-01  0.10000000E+01
 0.17002000E-09  0.71381759E-02  0.00000000E+00  0.16408563E-01  0.00000000E+00  0.00000000E+00  0.18060169E+09  0.00000000E+00  0.00000000E+00  0.00000000E+00  0.00000000E+00  0.00000000E+00  0.10000000E-01  0.10000000E+01
 0.18002000E-09  0.71381759E-02  0.00000000E+00  0.18214580E-01  0.00000000E+00  0.00000000E+00  0.18060169E+09  0.00000000E+00  0.00000000E+00  0.00000000E+00  0.00000000E+00  0.00000000E+00  0.10000000E-01  0.10000000E+01
 0.19002000E-09  0.71381759E-02  0.00000000E+00  0.20020596E-01  0.00000000E+00  0.00000000E+00  0.18060169E+09  0.00000000E+00  0.00000000E+00  0.00000000E+00  0.00000000E+00  0.00000000E+00  0.10000000E-01  0.10000000E+01
 0.20002000E-09  0.71381759E-02  0.00000000E+00  0.21826613E-01  0.00000000E+00  0.00000000E+00  0.18060169E+09  0.00000000E+00  0.00000000E+00  0.00000000E+00  0.00000000E+00  0.00000000E+00  0.10000000E-01  0.10000000E+01
 0.21002000E-09  0.71381759E-02  0.00000000E+00  0.23632630E-01  0.00000000E+00  0.00000000E+00  0.18060169E+09  0.00000000E+00  0.00000000E+00  0.00000000E+00  0.00000000E+00  0.00000000E+00  0.10000000E-01  0.10000000E+01
 0.22002000E-09  0.71381759E-02  0.00000000E+00  0.25438647E-01  0.00000000E+00  0.00000000E+00  0.18060169E+09  0.00000000E+00  0.00000000E+00  0.00000000E+00  0.00000000E+00  0.00000000E+00  0.10000000E-01  0.10000000E+01
 0.23002000E-09  0.71381759E-02  0.00000000E+00  0.27244664E-01  0.00000000E+00  0.00000000E+00  0.18060169E+09  0.00000000E+00  0.00000000E+00  0.00000000E+00  0.00000000E+00  0.00000000E+00  0.10000000E-01  0.10000000E+01
 0.24002000E-09  0.71381759E-02  0.00000000E+00  0.29050681E-01  0.00000000E+00  0.00000000E+00  0.18060169E+09  0.00000000E+00  0.00000000E+00  0.00000000E+00  0.00000000E+00  0.00000000E+00  0.10000000E-01  0.10000000E+01
 0.25002000E-09  0.71381759E-02  0.00000000E+00  0.30856698E-01  0.00000000E+00  0.00000000E+00  0.18060169E+09  0.00000000E+00  0.00000000E+00  0.00000000E+00  0.00000000E+00  0.00000000E+00  0.10000000E-01  0.10000000E+01
 0.26002000E-09  0.71381759E-02  0.00000000E+00  0.32662714E-01  0.00000000E+00  0.00000000E+00  0.18060169E+09  0.00000000E+00  0.00000000E+00  0.00000000E+00  0.00000000E+00  0.00000000E+00  0.10000000E-01  0.10000000E+01
 0.27002000E-09  0.71381759E-02  0.00000000E+00  0.34468731E-01  0.00000000E+00  0.00000000E+00  0.18060169E+09  0.00000000E+00  0.00000000E+00  0.00000000E+00  0.00000000E+00  0.00000000E+00  0.10000000E-01  0.10000000E+01
 0.28002000E-09  0.71381759E-02  0.00000000E+00  0.36274748E-01  0.00000000E+00  0.00000000E+00  0.18060169E+09  0.00000000E+00  0.00000000E+00  0.00000000E+00  0.00000000E+00  0.00000000E+00  0.10000000E-01  0.10000000E+01
 0.29002000E-09  0.71381759E-02  0.00000000E+00  0.38080765E-01  0.00000000E+00  0.00000000E+00  0.18060169E+09  0.00000000E+00  0.00000000E+00  0.00000000E+00  0.00000000E+00  0.00000000E+00  0.10000000E-01  0.10000000E+01
 0.30000000E-09  0.71381759E-02  0.00000000E+00  0.39883170E-01  0.00000000E+00  0.00000000E+00  0.18060169E+09  0.00000000E+00  0.00000000E+00  0.00000000E+00  0.00000000E+00  0.00000000E+00  0.10000000E-01  0.10000000E+01
 0.31000000E-09  0.71381759E-02  0.00000000E+00  0.41689187E-01  0.00000000E+00  0.00000000E+00  0.18060169E+09  0.00000000E+00  0.00000000E+00  0.00000000E+00  0.00000000E+00  0.00000000E+00  0.10000000E-01  0.10000000E+01
 0.32000000E-09  0.71381759E-02  0.00000000E+00  0.43495204E-01  0.00000000E+00  0.00000000E+00  0.18060169E+09  0.00000000E+00  0.00000000E+00  0.00000000E+00  0.00000000E+00  0.00000000E+00  0.10000000E-01  0.10000000E+01
 0.33000000E-09  0.71381759E-02  0.00000000E+00  0.45301220E-01  0.00000000E+00  0.00000000E+00  0.18060169E+09  0.00000000E+00  0.00000000E+00  0.00000000E+00  0.00000000E+00  0.00000000E+00  0.10000000E-01  0.10000000E+01
 0.34000000E-09  0.71381759E-02  0.00000000E+00  0.47107237E-01  0.00000000E+00  0.00000000E+00  0.18060169E+09  0.00000000E+00  0.00000000E+00  0.00000000E+00  0.00000000E+00  0.00000000E+00  0.10000000E-01  0.10000000E+01
 0.35000000E-09  0.71381759E-02  0.00000000E+00  0.48913254E-01  0.00000000E+00  0.00000000E+00  0.18060169E+09  0.00000000E+00  0.00000000E+00  0.00000000E+00  0.00000000E+00  0.00000000E+00  0.10000000E-01  0.10000000E+01
 0.36000000E-09  0.71381759E-02  0.00000000E+00  0.50719271E-01  0.00000000E+00  0.00000000E+00  0.18060169E+09  0.00000000E+00  0.00000000E+00  0.00000000E+00  0.00000000E+00  0.00000000E+00  0.10000000E-01  0.10000000E+01
 0.37000000E-09  0.71381759E-02  0.00000000E+00  0.52525288E-01  0.00000000E+00  0.00000000E+00  0.18060169E+09  0.00000000E+00  0.00000000E+00  0.00000000E+00  0.00000000E+00  0.00000000E+00  0.10000000E-01  0.10000000E+01
 0.38000000E-09  0.71381759E-02  0.00000000E+00  0.54331305E-01  0.00000000E+00  0.00000000E+00  0.18060169E+09  0.00000000E+00  0.00000000E+00  0.00000000E+00  0.00000000E+00  0.00000000E+00  0.10000000E-01  0.10000000E+01
 0.39000000E-09  0.71381759E-02  0.00000000E+00  0.56137322E-01  0.00000000E+00  0.00000000E+00  0.18060169E+09  0.00000000E+00  0.00000000E+00  0.00000000E+00  0.00000000E+00  0.00000000E+00  0.10000000E-01  0.10000000E+01
 0.40000000E-09  0.71381759E-02  0.00000000E+00  0.57943338E-01  0.00000000E+00  0.00000000E+00  0.18060169E+09  0.00000000E+00  0.00000000E+00  0.00000000E+00  0.00000000E+00  0.00000000E+00  0.10000000E-01  0.10000000E+01
 0.41000000E-09  0.71381759E-02  0.00000000E+00  0.59749355E-01  0.00000000E+00  0.00000000E+00  0.18060169E+09  0.00000000E+00  0.00000000E+00  0.00000000E+00  0.00000000E+00  0.00000000E+00  0.10000000E-01  0.10000000E+01
 0.42000000E-09  0.71381759E-02  0.00000000E+00  0.61555372E-01  0.00000000E+00  0.00000000E+00  0.18060169E+09  0.00000000E+00  0.00000000E+00  0.00000000E+00  0.00000000E+00  0.00000000E+00  0.10000000E-01  0.10000000E+01
 0.43000000E-09  0.71381759E-02  0.00000000E+00  0.63361389E-01  0.00000000E+00  0.00000000E+00  0.18060169E+09  0.00000000E+00  0.00000000E+00  0.00000000E+00  0.00000000E+00  0.00000000E+00  0.10000000E-01  0.10000000E+01
 0.44000000E-09  0.71381759E-02  0.00000000E+00  0.65167406E-01  0.00000000E+00  0.00000000E+00  0.18060169E+09  0.00000000E+00  0.00000000E+00  0.00000000E+00  0.00000000E+00  0.00000000E+00  0.10000000E-01  0.10000000E+01
 0.45000000E-09  0.71381759E-02  0.00000000E+00  0.66973423E-01  0.00000000E+00  0.00000000E+00  0.18060169E+09  0.00000000E+00  0.00000000E+00  0.00000000E+00  0.00000000E+00  0.00000000E+00  0.10000000E-01  0.10000000E+01
 0.46000000E-09  0.71381759E-02  0.00000000E+00  0.68779440E-01  0.00000000E+00  0.00000000E+00  0.18060169E+09  0.00000000E+00  0.00000000E+00  0.00000000E+00  0.00000000E+00  0.00000000E+00  0.10000000E-01  0.10000000E+01
 0.47000000E-09  0.71381759E-02  0.00000000E+00  0.70585457E-01  0.00000000E+00  0.00000000E+00  0.18060169E+09  0.00000000E+00  0.00000000E+00  0.00000000E+00  0.00000000E+00  0.00000000E+00  0.10000000E-01  0.10000000E+01
 0.48000000E-09  0.71381759E-02  0.00000000E+00  0.72391473E-01  0.00000000E+00  0.00000000E+00  0.18060169E+09  0.00000000E+00  0.00000000E+00  0.00000000E+00  0.00000000E+00  0.00000000E+00  0.10000000E-01  0.10000000E+01
 0.49000000E-09  0.71381759E-02  0.00000000E+00  0.74197490E-01  0.00000000E+00  0.00000000E+00  0.18060169E+09  0.00000000E+00  0.00000000E+00  0.00000000E+00  0.00000000E+00  0.00000000E+00  0.10000000E-01  0.10000000E+01
 0.50000000E-09  0.71381759E-02  0.00000000E+00  0.76003507E-01  0.00000000E+00  0.00000000E+00  0.18060169E+09  0.00000000E+00  0.00000000E+00  0.00000000E+00  0.00000000E+00  0.00000000E+00  0.10000000E-01  0.10000000E+01
 0.51000000E-09  0.71381759E-02  0.00000000E+00  0.77809524E-01  0.00000000E+00  0.00000000E+00  0.18060169E+09  0.00000000E+00  0.00000000E+00  0.00000000E+00  0.00000000E+00  0.00000000E+00  0.10000000E-01  0.10000000E+01
 0.52000000E-09  0.71381759E-02  0.00000000E+00  0.79615541E-01  0.00000000E+00  0.00000000E+00  0.18060169E+09  0.00000000E+00  0.00000000E+00  0.00000000E+00  0.00000000E+00  0.00000000E+00  0.10000000E-01  0.10000000E+01
 0.53000000E-09  0.71381759E-02  0.00000000E+00  0.81421558E-01  0.00000000E+00  0.00000000E+00  0.18060169E+09  0.00000000E+00  0.00000000E+00  0.00000000E+00  0.00000000E+00  0.00000000E+00  0.10000000E-01  0.10000000E+01
 0.54000000E-09  0.71381759E-02  0.00000000E+00  0.83227575E-01  0.00000000E+00  0.00000000E+00  0.18060169E+09  0.00000000E+00  0.00000000E+00  0.00000000E+00  0.00000000E+00  0.00000000E+00  0.10000000E-01  0.10000000E+01
 0.55002000E-09  0.71381759E-02  0.00000000E+00  0.85037203E-01  0.00000000E+00  0.00000000E+00  0.18060169E+09  0.00000000E+00  0.00000000E+00  0.00000000E+00  0.00000000E+00  0.00000000E+00  0.10000000E-01  0.10000000E+01
 0.56002000E-09  0.71381759E-02  0.00000000E+00  0.86843220E-01  0.00000000E+00  0.00000000E+00  0.18060169E+09  0.00000000E+00  0.00000000E+00  0.00000000E+00  0.00000000E+00  0.00000000E+00  0.10000000E-01  0.10000000E+01
 0.57002000E-09  0.71381759E-02  0.00000000E+00  0.88649237E-01  0.00000000E+00  0.00000000E+00  0.18060169E+09  0.00000000E+00  0.00000000E+00  0.00000000E+00  0.00000000E+00  0.00000000E+00  0.10000000E-01  0.10000000E+01
 0.58002000E-09  0.71381759E-02  0.00000000E+00  0.90455254E-01  0.00000000E+00  0.00000000E+00  0.18060169E+09  0.00000000E+00  0.00000000E+00  0.00000000E+00  0.00000000E+00  0.00000000E+00  0.10000000E-01  0.10000000E+01
 0.59002000E-09  0.71381759E-02  0.00000000E+00  0.92261271E-01  0.00000000E+00  0.00000000E+00  0.18060169E+09  0.00000000E+00  0.00000000E+00  0.00000000E+00  0.00000000E+00  0.00000000E+00  0.10000000E-01  0.10000000E+01
 0.60002000E-09  0.71381759E-02  0.00000000E+00  0.94067288E-01  0.00000000E+00  0.00000000E+00  0.18060169E+09  0.00000000E+00  0.00000000E+00  0.00000000E+00  0.00000000E+00  0.00000000E+00  0.10000000E-01  0.10000000E+01
 0.61002000E-09  0.71381759E-02  0.00000000E+00  0.95873305E-01  0.00000000E+00  0.00000000E+00  0.18060169E+09  0.00000000E+00  0.00000000E+00  0.00000000E+00  0.00000000E+00  0.00000000E+00  0.10000000E-01  0.10000000E+01
 0.62002000E-09  0.71381759E-02  0.00000000E+00  0.97679321E-01  0.00000000E+00  0.00000000E+00  0.18060169E+09  0.00000000E+00  0.00000000E+00  0.00000000E+00  0.00000000E+00  0.00000000E+00  0.10000000E-01  0.10000000E+01
 0.63002000E-09  0.71381759E-02  0.00000000E+00  0.99485338E-01  0.00000000E+00  0.00000000E+00  0.18060169E+09  0.00000000E+00  0.00000000E+00  0.00000000E+00  0.00000000E+00  0.00000000E+00  0.10000000E-01  0.10000000E+01
 0.64002000E-09  0.71381759E-02  0.00000000E+00  0.10129136E+00  0.00000000E+00  0.00000000E+00  0.18060169E+09  0.00000000E+00  0.00000000E+00  0.00000000E+00  0.00000000E+00  0.00000000E+00  0.10000000E-01  0.10000000E+01
 0.65002000E-09  0.71381759E-02  0.00000000E+00  0.10309737E+00  0.00000000E+00  0.00000000E+00  0.18060169E+09  0.00000000E+00  0.00000000E+00  0.00000000E+00  0.00000000E+00  0.00000000E+00  0.10000000E-01  0.10000000E+01
 0.66002000E-09  0.71381759E-02  0.00000000E+00  0.10490339E+00  0.00000000E+00  0.00000000E+00  0.18060169E+09  0.00000000E+00  0.00000000E+00  0.00000000E+00  0.00000000E+00  0.00000000E+00  0.10000000E-01  0.10000000E+01
 0.67002000E-09  0.71381759E-02  0.00000000E+00  0.10670941E+00  0.00000000E+00  0.00000000E+00  0.18060169E+09  0.00000000E+00  0.00000000E+00  0.00000000E+00  0.00000000E+00  0.00000000E+00  0.10000000E-01  0.10000000E+01
 0.68002000E-09  0.71381759E-02  0.00000000E+00  0.10851542E+00  0.00000000E+00  0.00000000E+00  0.18060169E+09  0.00000000E+00  0.00000000E+00  0.00000000E+00  0.00000000E+00  0.00000000E+00  0.10000000E-01  0.10000000E+01
 0.69002000E-09  0.71381759E-02  0.00000000E+00  0.11032144E+00  0.00000000E+00  0.00000000E+00  0.18060169E+09  0.00000000E+00  0.00000000E+00  0.00000000E+00  0.00000000E+00  0.00000000E+00  0.10000000E-01  0.10000000E+01
 0.70002000E-09  0.71381759E-02  0.00000000E+00  0.11212746E+00  0.00000000E+00  0.00000000E+00  0.18060169E+09  0.00000000E+00  0.00000000E+00  0.00000000E+00  0.00000000E+00  0.00000000E+00  0.10000000E-01  0.10000000E+01
 0.71002000E-09  0.71381759E-02  0.00000000E+00  0.11393347E+00  0.00000000E+00  0.00000000E+00  0.18060169E+09  0.00000000E+00  0.00000000E+00  0.00000000E+00  0.00000000E+00  0.00000000E+00  0.10000000E-01  0.10000000E+01
 0.72002000E-09  0.71381759E-02  0.00000000E+00  0.11573949E+00  0.00000000E+00  0.00000000E+00  0.18060169E+09  0.00000000E+00  0.00000000E+00  0.00000000E+00  0.00000000E+00  0.00000000E+00  0.10000000E-01  0.10000000E+01
 0.73002000E-09  0.71381759E-02  0.00000000E+00  0.11754551E+00  0.00000000E+00  0.00000000E+00  0.18060169E+09  0.00000000E+00  0.00000000E+00  0.00000000E+00  0.00000000E+00  0.00000000E+00  0.10000000E-01  0.10000000E+01
 0.74002000E-09  0.71381759E-02  0.00000000E+00  0.11935152E+00  0.00000000E+00  0.00000000E+00  0.18060169E+09  0.00000000E+00  0.00000000E+00  0.00000000E+00  0.00000000E+00  0.00000000E+00  0.10000000E-01  0.10000000E+01
 0.75002000E-09  0.71381759E-02  0.00000000E+00  0.12115754E+00  0.00000000E+00  0.00000000E+00  0.18060169E+09  0.00000000E+00  0.00000000E+00  0.00000000E+00  0.00000000E+00  0.00000000E+00  0.10000000E-01  0.10000000E+01
 0.76002000E-09  0.71381759E-02  0.00000000E+00  0.12296356E+00  0.00000000E+00  0.00000000E+00  0.18060169E+09  0.00000000E+00  0.00000000E+00  0.00000000E+00  0.00000000E+00  0.00000000E+00  0.10000000E-01  0.10000000E+01
 0.77002000E-09  0.71381759E-02  0.00000000E+00  0.12476957E+00  0.00000000E+00  0.00000000E+00  0.18060169E+09  0.00000000E+00  0.00000000E+00  0.00000000E+00  0.00000000E+00  0.00000000E+00  0.10000000E-01  0.10000000E+01
 0.78002000E-09  0.71381759E-02  0.00000000E+00  0.12657559E+00  0.00000000E+00  0.00000000E+00  0.18060169E+09  0.00000000E+00  0.00000000E+00  0.00000000E+00  0.00000000E+00  0.00000000E+00  0.10000000E-01  0.10000000E+01
 0.79002000E-09  0.71381759E-02  0.00000000E+00  0.12838161E+00  0.00000000E+00  0.00000000E+00  0.18060169E+09  0.00000000E+00  0.00000000E+00  0.00000000E+00  0.00000000E+00  0.00000000E+00  0.10000000E-01  0.10000000E+01
 0.80002000E-09  0.71381759E-02  0.00000000E+00  0.13018762E+00  0.00000000E+00  0.00000000E+00  0.18060169E+09  0.00000000E+00  0.00000000E+00  0.00000000E+00  0.00000000E+00  0.00000000E+00  0.10000000E-01  0.10000000E+01
 0.81002000E-09  0.71381759E-02  0.00000000E+00  0.13199364E+00  0.00000000E+00  0.00000000E+00  0.18060169E+09  0.00000000E+00  0.00000000E+00  0.00000000E+00  0.00000000E+00  0.00000000E+00  0.10000000E-01  0.10000000E+01
 0.82002000E-09  0.71381759E-02  0.00000000E+00  0.13379966E+00  0.00000000E+00  0.00000000E+00  0.18060169E+09  0.00000000E+00  0.00000000E+00  0.00000000E+00  0.00000000E+00  0.00000000E+00  0.10000000E-01  0.10000000E+01
 0.83002000E-09  0.71381759E-02  0.00000000E+00  0.13560568E+00  0.00000000E+00  0.00000000E+00  0.18060169E+09  0.00000000E+00  0.00000000E+00  0.00000000E+00  0.00000000E+00  0.00000000E+00  0.10000000E-01  0.10000000E+01
 0.84002000E-09  0.71381759E-02  0.00000000E+00  0.13741169E+00  0.00000000E+00  0.00000000E+00  0.18060169E+09  0.00000000E+00  0.00000000E+00  0.00000000E+00  0.00000000E+00  0.00000000E+00  0.10000000E-01  0.10000000E+01
 0.85002000E-09  0.71381759E-02  0.00000000E+00  0.13921771E+00  0.00000000E+00  0.00000000E+00  0.18060169E+09  0.00000000E+00  0.00000000E+00  0.00000000E+00  0.00000000E+00  0.00000000E+00  0.10000000E-01  0.10000000E+01
 0.86002000E-09  0.71381759E-02  0.00000000E+00  0.14102373E+00  0.00000000E+00  0.00000000E+00  0.18060169E+09  0.00000000E+00  0.00000000E+00  0.00000000E+00  0.00000000E+00  0.00000000E+00  0.10000000E-01  0.10000000E+01
 0.87002000E-09  0.71381759E-02  0.00000000E+00  0.14282974E+00  0.00000000E+00  0.00000000E+00  0.18060169E+09  0.00000000E+00  0.00000000E+00  0.00000000E+00  0.00000000E+00  0.00000000E+00  0.10000000E-01  0.10000000E+01
 0.88002000E-09  0.71381759E-02  0.00000000E+00  0.14463576E+00  0.00000000E+00  0.00000000E+00  0.18060169E+09  0.00000000E+00  0.00000000E+00  0.00000000E+00  0.00000000E+00  0.00000000E+00  0.10000000E-01  0.10000000E+01
 0.89002000E-09  0.71381759E-02  0.00000000E+00  0.14644178E+00  0.00000000E+00  0.00000000E+00  0.18060169E+09  0.00000000E+00  0.00000000E+00  0.00000000E+00  0.00000000E+00  0.00000000E+00  0.10000000E-01  0.10000000E+01
 0.90002000E-09  0.71381759E-02  0.00000000E+00  0.14824779E+00  0.00000000E+00  0.00000000E+00  0.18060169E+09  0.00000000E+00  0.00000000E+00  0.00000000E+00  0.00000000E+00  0.00000000E+00  0.10000000E-01  0.10000000E+01
 0.91002000E-09  0.71381759E-02  0.00000000E+00  0.15005381E+00  0.00000000E+00  0.00000000E+00  0.18060169E+09  0.00000000E+00  0.00000000E+00  0.00000000E+00  0.00000000E+00  0.00000000E+00  0.10000000E-01  0.10000000E+01
 0.92002000E-09  0.71381759E-02  0.00000000E+00  0.15185983E+00  0.00000000E+00  0.00000000E+00  0.18060169E+09  0.00000000E+00  0.00000000E+00  0.00000000E+00  0.00000000E+00  0.00000000E+00  0.10000000E-01  0.10000000E+01
 0.93002000E-09  0.71381759E-02  0.00000000E+00  0.15366584E+00  0.00000000E+00  0.00000000E+00  0.18060169E+09  0.00000000E+00  0.00000000E+00  0.00000000E+00  0.00000000E+00  0.00000000E+00  0.10000000E-01  0.10000000E+01
 0.94002000E-09  0.71381759E-02  0.00000000E+00  0.15547186E+00  0.00000000E+00  0.00000000E+00  0.18060169E+09  0.00000000E+00  0.00000000E+00  0.00000000E+00  0.00000000E+00  0.00000000E+00  0.10000000E-01  0.10000000E+01
 0.95002000E-09  0.71381759E-02  0.00000000E+00  0.15727788E+00  0.00000000E+00  0.00000000E+00  0.18060169E+09  0.00000000E+00  0.00000000E+00  0.00000000E+00  0.00000000E+00  0.00000000E+00  0.10000000E-01  0.10000000E+01
 0.96002000E-09  0.71381759E-02  0.00000000E+00  0.15908389E+00  0.00000000E+00  0.00000000E+00  0.18060169E+09  0.00000000E+00  0.00000000E+00  0.00000000E+00  0.00000000E+00  0.00000000E+00  0.10000000E-01  0.10000000E+01
 0.97002000E-09  0.71381759E-02  0.00000000E+00  0.16088991E+00  0.00000000E+00  0.00000000E+00  0.18060169E+09  0.00000000E+00  0.00000000E+00  0.00000000E+00  0.00000000E+00  0.00000000E+00  0.10000000E-01  0.10000000E+01
 0.98002000E-09  0.71381759E-02  0.00000000E+00  0.16269593E+00  0.00000000E+00  0.00000000E+00  0.18060169E+09  0.00000000E+00  0.00000000E+00  0.00000000E+00  0.00000000E+00  0.00000000E+00  0.10000000E-01  0.10000000E+01
 0.99002000E-09  0.71381759E-02  0.00000000E+00  0.16450195E+00  0.00000000E+00  0.00000000E+00  0.18060169E+09  0.00000000E+00  0.00000000E+00  0.00000000E+00  0.00000000E+00  0.00000000E+00  0.10000000E-01  0.10000000E+01
 0.10000200E-08  0.71381759E-02  0.00000000E+00  0.16630796E+00  0.00000000E+00  0.00000000E+00  0.18060169E+09  0.00000000E+00  0.00000000E+00  0.00000000E+00  0.00000000E+00  0.00000000E+00  0.10000000E-01  0.10000000E+01
 0.10100200E-08  0.71381759E-02  0.00000000E+00  0.16811398E+00  0.00000000E+00  0.00000000E+00  0.18060169E+09  0.00000000E+00  0.00000000E+00  0.00000000E+00  0.00000000E+00  0.00000000E+00  0.10000000E-01  0.10000000E+01
 0.10200200E-08  0.71381759E-02  0.00000000E+00  0.16992000E+00  0.00000000E+00  0.00000000E+00  0.18060169E+09  0.00000000E+00  0.00000000E+00  0.00000000E+00  0.00000000E+00  0.00000000E+00  0.10000000E-01  0.10000000E+01
 0.10300200E-08  0.71381759E-02  0.00000000E+00  0.17172601E+00  0.00000000E+00  0.00000000E+00  0.18060169E+09  0.00000000E+00  0.00000000E+00  0.00000000E+00  0.00000000E+00  0.00000000E+00  0.10000000E-01  0.10000000E+01
 0.10400200E-08  0.71381759E-02  0.00000000E+00  0.17353203E+00  0.00000000E+00  0.00000000E+00  0.18060169E+09  0.00000000E+00  0.00000000E+00  0.00000000E+00  0.00000000E+00  0.00000000E+00  0.10000000E-01  0.10000000E+01
 0.10500200E-08  0.71381759E-02  0.00000000E+00  0.17533805E+00  0.00000000E+00  0.00000000E+00  0.18060169E+09  0.00000000E+00  0.00000000E+00  0.00000000E+00  0.00000000E+00  0.00000000E+00  0.10000000E-01  0.10000000E+01
 0.10600200E-08  0.71381759E-02  0.00000000E+00  0.17714406E+00  0.00000000E+00  0.00000000E+00  0.18060169E+09  0.00000000E+00  0.00000000E+00  0.00000000E+00  0.00000000E+00  0.00000000E+00  0.10000000E-01  0.10000000E+01
 0.10700200E-08  0.71381759E-02  0.00000000E+00  0.17895008E+00  0.00000000E+00  0.00000000E+00  0.18060169E+09  0.00000000E+00  0.00000000E+00  0.00000000E+00  0.00000000E+00  0.00000000E+00  0.10000000E-01  0.10000000E+01
 0.10800200E-08  0.71381759E-02  0.00000000E+00  0.18075610E+00  0.00000000E+00  0.00000000E+00  0.18060169E+09  0.00000000E+00  0.00000000E+00  0.00000000E+00  0.00000000E+00  0.00000000E+00  0.10000000E-01  0.10000000E+01
 0.10900200E-08  0.71381759E-02  0.00000000E+00  0.18256211E+00  0.00000000E+00  0.00000000E+00  0.18060169E+09  0.00000000E+00  0.00000000E+00  0.00000000E+00  0.00000000E+00  0.00000000E+00  0.10000000E-01  0.10000000E+01
 0.11000200E-08  0.71381759E-02  0.00000000E+00  0.18436813E+00  0.00000000E+00  0.00000000E+00  0.18060169E+09  0.00000000E+00  0.00000000E+00  0.00000000E+00  0.00000000E+00  0.00000000E+00  0.10000000E-01  0.10000000E+01
 0.11100200E-08  0.71381759E-02  0.00000000E+00  0.18617415E+00  0.00000000E+00  0.00000000E+00  0.18060169E+09  0.00000000E+00  0.00000000E+00  0.00000000E+00  0.00000000E+00  0.00000000E+00  0.10000000E-01  0.10000000E+01
 0.11200200E-08  0.71381759E-02  0.00000000E+00  0.18798016E+00  0.00000000E+00  0.00000000E+00  0.18060169E+09  0.00000000E+00  0.00000000E+00  0.00000000E+00  0.00000000E+00  0.00000000E+00  0.10000000E-01  0.10000000E+01
 0.11300200E-08  0.71381759E-02  0.00000000E+00  0.18978618E+00  0.00000000E+00  0.00000000E+00  0.18060169E+09  0.00000000E+00  0.00000000E+00  0.00000000E+00  0.00000000E+00  0.00000000E+00  0.10000000E-01  0.10000000E+01
 0.11400200E-08  0.71381759E-02  0.00000000E+00  0.19159220E+00  0.00000000E+00  0.00000000E+00  0.18060169E+09  0.00000000E+00  0.00000000E+00  0.00000000E+00  0.00000000E+00  0.00000000E+00  0.10000000E-01  0.10000000E+01
 0.11500200E-08  0.71381759E-02  0.00000000E+00  0.19339822E+00  0.00000000E+00  0.00000000E+00  0.18060169E+09  0.00000000E+00  0.00000000E+00  0.00000000E+00  0.00000000E+00  0.00000000E+00  0.10000000E-01  0.10000000E+01
 0.11600200E-08  0.71381759E-02  0.00000000E+00  0.19520423E+00  0.00000000E+00  0.00000000E+00  0.18060169E+09  0.00000000E+00  0.00000000E+00  0.00000000E+00  0.00000000E+00  0.00000000E+00  0.10000000E-01  0.10000000E+01
 0.11700200E-08  0.71381759E-02  0.00000000E+00  0.19701025E+00  0.00000000E+00  0.00000000E+00  0.18060169E+09  0.00000000E+00  0.00000000E+00  0.00000000E+00  0.00000000E+00  0.00000000E+00  0.10000000E-01  0.10000000E+01
 0.11800200E-08  0.71381759E-02  0.00000000E+00  0.19881627E+00  0.00000000E+00  0.00000000E+00  0.18060169E+09  0.00000000E+00  0.00000000E+00  0.00000000E+00  0.00000000E+00  0.00000000E+00  0.10000000E-01  0.10000000E+01
 0.11900200E-08  0.71381759E-02  0.00000000E+00  0.20062228E+00  0.00000000E+00  0.00000000E+00  0.18060169E+09  0.00000000E+00  0.00000000E+00  0.00000000E+00  0.00000000E+00  0.00000000E+00  0.10000000E-01  0.10000000E+01
 0.12000200E-08  0.71381759E-02  0.00000000E+00  0.20242830E+00  0.00000000E+00  0.00000000E+00  0.18060169E+09  0.00000000E+00  0.00000000E+00  0.00000000E+00  0.00000000E+00  0.00000000E+00  0.10000000E-01  0.10000000E+01
 0.12100200E-08  0.71381759E-02  0.00000000E+00  0.20423432E+00  0.00000000E+00  0.00000000E+00  0.18060169E+09  0.00000000E+00  0.00000000E+00  0.00000000E+00  0.00000000E+00  0.00000000E+00  0.10000000E-01  0.10000000E+01
 0.12200200E-08  0.71381759E-02  0.00000000E+00  0.20604033E+00  0.00000000E+00  0.00000000E+00  0.18060169E+09  0.00000000E+00  0.00000000E+00  0.00000000E+00  0.00000000E+00  0.00000000E+00  0.10000000E-01  0.10000000E+01
 0.12300200E-08  0.71381759E-02  0.00000000E+00  0.20784635E+00  0.00000000E+00  0.00000000E+00  0.18060169E+09  0.00000000E+00  0.00000000E+00  0.00000000E+00  0.00000000E+00  0.00000000E+00  0.10000000E-01  0.10000000E+01
 0.12400200E-08  0.71381759E-02  0.00000000E+00  0.20965237E+00  0.00000000E+00  0.00000000E+00  0.18060169E+09  0.00000000E+00  0.00000000E+00  0.00000000E+00  0.00000000E+00  0.00000000E+00  0.10000000E-01  0.10000000E+01
 0.12500200E-08  0.71381759E-02  0.00000000E+00  0.21145838E+00  0.00000000E+00  0.00000000E+00  0.18060169E+09  0.00000000E+00  0.00000000E+00  0.00000000E+00  0.00000000E+00  0.00000000E+00  0.10000000E-01  0.10000000E+01
 0.12600200E-08  0.71381759E-02  0.00000000E+00  0.21326440E+00  0.00000000E+00  0.00000000E+00  0.18060169E+09  0.00000000E+00  0.00000000E+00  0.00000000E+00  0.00000000E+00  0.00000000E+00  0.10000000E-01  0.10000000E+01
 0.12700200E-08  0.71381759E-02  0.00000000E+00  0.21507042E+00  0.00000000E+00  0.00000000E+00  0.18060169E+09  0.00000000E+00  0.00000000E+00  0.00000000E+00  0.00000000E+00  0.00000000E+00  0.10000000E-01  0.10000000E+01
 0.12800200E-08  0.71381759E-02  0.00000000E+00  0.21687643E+00  0.00000000E+00  0.00000000E+00  0.18060169E+09  0.00000000E+00  0.00000000E+00  0.00000000E+00  0.00000000E+00  0.00000000E+00  0.10000000E-01  0.10000000E+01
 0.12900200E-08  0.71381759E-02  0.00000000E+00  0.21868245E+00  0.00000000E+00  0.00000000E+00  0.18060169E+09  0.00000000E+00  0.00000000E+00  0.00000000E+00  0.00000000E+00  0.00000000E+00  0.10000000E-01  0.10000000E+01
 0.13000200E-08  0.71381759E-02  0.00000000E+00  0.22048847E+00  0.00000000E+00  0.00000000E+00  0.18060169E+09  0.00000000E+00  0.00000000E+00  0.00000000E+00  0.00000000E+00  0.00000000E+00  0.10000000E-01  0.10000000E+01
 0.13100200E-08  0.71381759E-02  0.00000000E+00  0.22229448E+00  0.00000000E+00  0.00000000E+00  0.18060169E+09  0.00000000E+00  0.00000000E+00  0.00000000E+00  0.00000000E+00  0.00000000E+00  0.10000000E-01  0.10000000E+01
 0.13200200E-08  0.71381759E-02  0.00000000E+00  0.22410050E+00  0.00000000E+00  0.00000000E+00  0.18060169E+09  0.00000000E+00  0.00000000E+00  0.00000000E+00  0.00000000E+00  0.00000000E+00  0.10000000E-01  0.10000000E+01
 0.13300200E-08  0.71381759E-02  0.00000000E+00  0.22590652E+00  0.00000000E+00  0.00000000E+00  0.18060169E+09  0.00000000E+00  0.00000000E+00  0.00000000E+00  0.00000000E+00  0.00000000E+00  0.10000000E-01  0.10000000E+01
 0.13400200E-08  0.71381759E-02  0.00000000E+00  0.22771254E+00  0.00000000E+00  0.00000000E+00  0.18060169E+09  0.00000000E+00  0.00000000E+00  0.00000000E+00  0.00000000E+00  0.00000000E+00  0.10000000E-01  0.10000000E+01
 0.13500200E-08  0.71381759E-02  0.00000000E+00  0.22951855E+00  0.00000000E+00  0.00000000E+00  0.18060169E+09  0.00000000E+00  0.00000000E+00  0.00000000E+00  0.00000000E+00  0.00000000E+00  0.10000000E-01  0.10000000E+01
 0.13600200E-08  0.71381759E-02  0.00000000E+00  0.23132457E+00  0.00000000E+00  0.00000000E+00  0.18060169E+09  0.00000000E+00  0.00000000E+00  0.00000000E+00  0.00000000E+00  0.00000000E+00  0.10000000E-01  0.10000000E+01
 0.13700200E-08  0.71381759E-02  0.00000000E+00  0.23313059E+00  0.00000000E+00  0.00000000E+00  0.18060169E+09  0.00000000E+00  0.00000000E+00  0.00000000E+00  0.00000000E+00  0.00000000E+00  0.10000000E-01  0.10000000E+01
 0.13800200E-08  0.71381759E-02  0.00000000E+00  0.23493660E+00  0.00000000E+00  0.00000000E+00  0.18060169E+09  0.00000000E+00  0.00000000E+00  0.00000000E+00  0.00000000E+00  0.00000000E+00  0.10000000E-01  0.10000000E+01
 0.13900200E-08  0.71381759E-02  0.00000000E+00  0.23674262E+00  0.00000000E+00  0.00000000E+00  0.18060169E+09  0.00000000E+00  0.00000000E+00  0.00000000E+00  0.00000000E+00  0.00000000E+00  0.10000000E-01  0.10000000E+01
 0.14000200E-08  0.71381759E-02  0.00000000E+00  0.23854864E+00  0.00000000E+00  0.00000000E+00  0.18060169E+09  0.00000000E+00  0.00000000E+00  0.00000000E+00  0.00000000E+00  0.00000000E+00  0.10000000E-01  0.10000000E+01
 0.14100200E-08  0.71381759E-02  0.00000000E+00  0.24035465E+00  0.00000000E+00  0.00000000E+00  0.18060169E+09  0.00000000E+00  0.00000000E+00  0.00000000E+00  0.00000000E+00  0.00000000E+00  0.10000000E-01  0.10000000E+01
 0.14200200E-08  0.71381759E-02  0.00000000E+00  0.24216067E+00  0.00000000E+00  0.00000000E+00  0.18060169E+09  0.00000000E+00  0.00000000E+00  0.00000000E+00  0.00000000E+00  0.00000000E+00  0.10000000E-01  0.10000000E+01
 0.14300200E-08  0.71381759E-02  0.00000000E+00  0.24396669E+00  0.00000000E+00  0.00000000E+00  0.18060169E+09  0.00000000E+00  0.00000000E+00  0.00000000E+00  0.00000000E+00  0.00000000E+00  0.10000000E-01  0.10000000E+01
 0.14400200E-08  0.71381759E-02  0.00000000E+00  0.24577270E+00  0.00000000E+00  0.00000000E+00  0.18060169E+09  0.00000000E+00  0.00000000E+00  0.00000000E+00  0.00000000E+00  0.00000000E+00  0.10000000E-01  0.10000000E+01
 0.14500200E-08  0.71381759E-02  0.00000000E+00  0.24757872E+00  0.00000000E+00  0.00000000E+00  0.18060169E+09  0.00000000E+00  0.00000000E+00  0.00000000E+00  0.00000000E+00  0.00000000E+00  0.10000000E-01  0.10000000E+01
 0.14600200E-08  0.71381759E-02  0.00000000E+00  0.24938474E+00  0.00000000E+00  0.00000000E+00  0.18060169E+09  0.00000000E+00  0.00000000E+00  0.00000000E+00  0.00000000E+00  0.00000000E+00  0.10000000E-01  0.10000000E+01
 0.14700200E-08  0.71381759E-02  0.00000000E+00  0.25119075E+00  0.00000000E+00  0.00000000E+00  0.18060169E+09  0.00000000E+00  0.00000000E+00  0.00000000E+00  0.00000000E+00  0.00000000E+00  0.10000000E-01  0.10000000E+01
 0.14800200E-08  0.71381759E-02  0.00000000E+00  0.25299677E+00  0.00000000E+00  0.00000000E+00  0.18060169E+09  0.00000000E+00  0.00000000E+00  0.00000000E+00  0.00000000E+00  0.00000000E+00  0.10000000E-01  0.10000000E+01
 0.14900200E-08  0.71381759E-02  0.00000000E+00  0.25480279E+00  0.00000000E+00  0.00000000E+00  0.18060169E+09  0.00000000E+00  0.00000000E+00  0.00000000E+00  0.00000000E+00  0.00000000E+00  0.10000000E-01  0.10000000E+01
 0.15000200E-08  0.71381759E-02  0.00000000E+00  0.25660881E+00  0.00000000E+00  0.00000000E+00  0.18060169E+09  0.00000000E+00  0.00000000E+00  0.00000000E+00  0.00000000E+00  0.00000000E+00  0.10000000E-01  0.10000000E+01
 0.15100200E-08  0.71381759E-02  0.00000000E+00  0.25841482E+00  0.00000000E+00  0.00000000E+00  0.18060169E+09  0.00000000E+00  0.00000000E+00  0.00000000E+00  0.00000000E+00  0.00000000E+00  0.10000000E-01  0.10000000E+01
 0.15200200E-08  0.71381759E-02  0.00000000E+00  0.26022084E+00  0.00000000E+00  0.00000000E+00  0.18060169E+09  0.00000000E+00  0.00000000E+00  0.00000000E+00  0.00000000E+00  0.00000000E+00  0.10000000E-01  0.10000000E+01
 0.15300200E-08  0.71381759E-02  0.00000000E+00  0.26202686E+00  0.00000000E+00  0.00000000E+00  0.18060169E+09  0.00000000E+00  0.00000000E+00  0.00000000E+00  0.00000000E+00  0.00000000E+00  0.10000000E-01  0.10000000E+01
 0.15400200E-08  0.71381759E-02  0.00000000E+00  0.26383287E+00  0.00000000E+00  0.00000000E+00  0.18060169E+09  0.00000000E+00  0.00000000E+00  0.00000000E+00  0.00000000E+00  0.00000000E+00  0.10000000E-01  0.10000000E+01
 0.15500200E-08  0.71381759E-02  0.00000000E+00  0.26563889E+00  0.00000000E+00  0.00000000E+00  0.18060169E+09  0.00000000E+00  0.00000000E+00  0.00000000E+00  0.00000000E+00  0.00000000E+00  0.10000000E-01  0.10000000E+01
 0.15600200E-08  0.71381759E-02  0.00000000E+00  0.26744491E+00  0.00000000E+00  0.00000000E+00  0.18060169E+09  0.00000000E+00  0.00000000E+00  0.00000000E+00  0.00000000E+00  0.00000000E+00  0.10000000E-01  0.10000000E+01
 0.15700200E-08  0.71381759E-02  0.00000000E+00  0.26925092E+00  0.00000000E+00  0.00000000E+00  0.18060169E+09  0.00000000E+00  0.00000000E+00  0.00000000E+00  0.00000000E+00  0.00000000E+00  0.10000000E-01  0.10000000E+01
 0.15800200E-08  0.71381759E-02  0.00000000E+00  0.27105694E+00  0.00000000E+00  0.00000000E+00  0.18060169E+09  0.00000000E+00  0.00000000E+00  0.00000000E+00  0.00000000E+00  0.00000000E+00  0.10000000E-01  0.10000000E+01
 0.15900200E-08  0.71381759E-02  0.00000000E+00  0.27286296E+00  0.00000000E+00  0.00000000E+00  0.18060169E+09  0.00000000E+00  0.00000000E+00  0.00000000E+00  0.00000000E+00  0.00000000E+00  0.10000000E-01  0.10000000E+01
 0.16000200E-08  0.71381759E-02  0.00000000E+00  0.27466897E+00  0.00000000E+00  0.00000000E+00  0.18060169E+09  0.00000000E+00  0.00000000E+00  0.00000000E+00  0.00000000E+00  0.00000000E+00  0.10000000E-01  0.10000000E+01
 0.16100200E-08  0.71381759E-02  0.00000000E+00  0.27647499E+00  0.00000000E+00  0.00000000E+00  0.18060169E+09  0.00000000E+00  0.00000000E+00  0.00000000E+00  0.00000000E+00  0.00000000E+00  0.10000000E-01  0.10000000E+01
 0.16200200E-08  0.71381759E-02  0.00000000E+00  0.27828101E+00  0.00000000E+00  0.00000000E+00  0.18060169E+09  0.00000000E+00  0.00000000E+00  0.00000000E+00  0.00000000E+00  0.00000000E+00  0.10000000E-01  0.10000000E+01
 0.16300200E-08  0.71381759E-02  0.00000000E+00  0.28008702E+00  0.00000000E+00  0.00000000E+00  0.18060169E+09  0.00000000E+00  0.00000000E+00  0.00000000E+00  0.00000000E+00  0.00000000E+00  0.10000000E-01  0.10000000E+01
 0.16400200E-08  0.71381759E-02  0.00000000E+00  0.28189304E+00  0.00000000E+00  0.00000000E+00  0.18060169E+09  0.00000000E+00  0.00000000E+00  0.00000000E+00  0.00000000E+00  0.00000000E+00  0.10000000E-01  0.10000000E+01
 0.16500200E-08  0.71381759E-02  0.00000000E+00  0.28369906E+00  0.00000000E+00  0.00000000E+00  0.18060169E+09  0.00000000E+00  0.00000000E+00  0.00000000E+00  0.00000000E+00  0.00000000E+00  0.10000000E-01  0.10000000E+01
 0.16600200E-08  0.71381759E-02  0.00000000E+00  0.28550507E+00  0.00000000E+00  0.00000000E+00  0.18060169E+09  0.00000000E+00  0.00000000E+00  0.00000000E+00  0.00000000E+00  0.00000000E+00  0.10000000E-01  0.10000000E+01
 0.16700200E-08  0.71381759E-02  0.00000000E+00  0.28731109E+00  0.00000000E+00  0.00000000E+00  0.18060169E+09  0.00000000E+00  0.00000000E+00  0.00000000E+00  0.00000000E+00  0.00000000E+00  0.10000000E-01  0.10000000E+01
 0.16800200E-08  0.71381759E-02  0.00000000E+00  0.28911711E+00  0.00000000E+00  0.00000000E+00  0.18060169E+09  0.00000000E+00  0.00000000E+00  0.00000000E+00  0.00000000E+00  0.00000000E+00  0.10000000E-01  0.10000000E+01
 0.16900200E-08  0.71381759E-02  0.00000000E+00  0.29092313E+00  0.00000000E+00  0.00000000E+00  0.18060169E+09  0.00000000E+00  0.00000000E+00  0.00000000E+00  0.00000000E+00  0.00000000E+00  0.10000000E-01  0.10000000E+01
 0.17000200E-08  0.71381759E-02  0.00000000E+00  0.29272914E+00  0.00000000E+00  0.00000000E+00  0.18060169E+09  0.00000000E+00  0.00000000E+00  0.00000000E+00  0.00000000E+00  0.00000000E+00  0.10000000E-01  0.10000000E+01
 0.17100200E-08  0.71381759E-02  0.00000000E+00  0.29453516E+00  0.00000000E+00  0.00000000E+00  0.18060169E+09  0.00000000E+00  0.00000000E+00  0.00000000E+00  0.00000000E+00  0.00000000E+00  0.10000000E-01  0.10000000E+01
 0.17200200E-08  0.71381759E-02  0.00000000E+00  0.29634118E+00  0.00000000E+00  0.00000000E+00  0.18060169E+09  0.00000000E+00  0.00000000E+00  0.00000000E+00  0.00000000E+00  0.00000000E+00  0.10000000E-01  0.10000000E+01
 0.17300200E-08  0.71381759E-02  0.00000000E+00  0.29814719E+00  0.00000000E+00  0.00000000E+00  0.18060169E+09  0.00000000E+00  0.00000000E+00  0.00000000E+00  0.00000000E+00  0.00000000E+00  0.10000000E-01  0.10000000E+01
 0.17400200E-08  0.71381759E-02  0.00000000E+00  0.29995321E+00  0.00000000E+00  0.00000000E+00  0.18060169E+09  0.00000000E+00  0.00000000E+00  0.00000000E+00  0.00000000E+00  0.00000000E+00  0.10000000E-01  0.10000000E+01
 0.17500200E-08  0.71381759E-02  0.00000000E+00  0.30175923E+00  0.00000000E+00  0.00000000E+00  0.18060169E+09  0.00000000E+00  0.00000000E+00  0.00000000E+00  0.00000000E+00  0.00000000E+00  0.10000000E-01  0.10000000E+01
 0.17600200E-08  0.71381759E-02  0.00000000E+00  0.30356524E+00  0.00000000E+00  0.00000000E+00  0.18060169E+09  0.00000000E+00  0.00000000E+00  0.00000000E+00  0.00000000E+00  0.00000000E+00  0.10000000E-01  0.10000000E+01
 0.17700200E-08  0.71381759E-02  0.00000000E+00  0.30537126E+00  0.00000000E+00  0.00000000E+00  0.18060169E+09  0.00000000E+00  0.00000000E+00  0.00000000E+00  0.00000000E+00  0.00000000E+00  0.10000000E-01  0.10000000E+01
 0.17800200E-08  0.71381759E-02  0.00000000E+00  0.30717728E+00  0.00000000E+00  0.00000000E+00  0.18060169E+09  0.00000000E+00  0.00000000E+00  0.00000000E+00  0.00000000E+00  0.00000000E+00  0.10000000E-01  0.10000000E+01
 0.17900200E-08  0.71381759E-02  0.00000000E+00  0.30898329E+00  0.00000000E+00  0.00000000E+00  0.18060169E+09  0.00000000E+00  0.00000000E+00  0.00000000E+00  0.00000000E+00  0.00000000E+00  0.10000000E-01  0.10000000E+01
 0.18000200E-08  0.71381759E-02  0.00000000E+00  0.31078931E+00  0.00000000E+00  0.00000000E+00  0.18060169E+09  0.00000000E+00  0.00000000E+00  0.00000000E+00  0.00000000E+00  0.00000000E+00  0.10000000E-01  0.10000000E+01
 0.18100200E-08  0.71381759E-02  0.00000000E+00  0.31259533E+00  0.00000000E+00  0.00000000E+00  0.18060169E+09  0.00000000E+00  0.00000000E+00  0.00000000E+00  0.00000000E+00  0.00000000E+00  0.10000000E-01  0.10000000E+01
 0.18200200E-08  0.71381759E-02  0.00000000E+00  0.31440134E+00  0.00000000E+00  0.00000000E+00  0.18060169E+09  0.00000000E+00  0.00000000E+00  0.00000000E+00  0.00000000E+00  0.00000000E+00  0.10000000E-01  0.10000000E+01
 0.18300200E-08  0.71381759E-02  0.00000000E+00  0.31620736E+00  0.00000000E+00  0.00000000E+00  0.18060169E+09  0.00000000E+00  0.00000000E+00  0.00000000E+00  0.00000000E+00  0.00000000E+00  0.10000000E-01  0.10000000E+01
 0.18400200E-08  0.71381759E-02  0.00000000E+00  0.31801338E+00  0.00000000E+00  0.00000000E+00  0.18060169E+09  0.00000000E+00  0.00000000E+00  0.00000000E+00  0.00000000E+00  0.00000000E+00  0.10000000E-01  0.10000000E+01
 0.18500200E-08  0.71381759E-02  0.00000000E+00  0.31981940E+00  0.00000000E+00  0.00000000E+00  0.18060169E+09  0.00000000E+00  0.00000000E+00  0.00000000E+00  0.00000000E+00  0.00000000E+00  0.10000000E-01  0.10000000E+01
 0.18600200E-08  0.71381759E-02  0.00000000E+00  0.32162541E+00  0.00000000E+00  0.00000000E+00  0.18060169E+09  0.00000000E+00  0.00000000E+00  0.00000000E+00  0.00000000E+00  0.00000000E+00  0.10000000E-01  0.10000000E+01
 0.18700200E-08  0.71381759E-02  0.00000000E+00  0.32343143E+00  0.00000000E+00  0.00000000E+00  0.18060169E+09  0.00000000E+00  0.00000000E+00  0.00000000E+00  0.00000000E+00  0.00000000E+00  0.10000000E-01  0.10000000E+01
 0.18800200E-08  0.71381759E-02  0.00000000E+00  0.32523745E+00  0.00000000E+00  0.00000000E+00  0.18060169E+09  0.00000000E+00  0.00000000E+00  0.00000000E+00  0.00000000E+00  0.00000000E+00  0.10000000E-01  0.10000000E+01
 0.18900200E-08  0.71381759E-02  0.00000000E+00  0.32704346E+00  0.00000000E+00  0.00000000E+00  0.18060169E+09  0.00000000E+00  0.00000000E+00  0.00000000E+00  0.00000000E+00  0.00000000E+00  0.10000000E-01  0.10000000E+01
 0.19000200E-08  0.71381759E-02  0.00000000E+00  0.32884948E+00  0.00000000E+00  0.00000000E+00  0.18060169E+09  0.00000000E+00  0.00000000E+00  0.00000000E+00  0.00000000E+00  0.00000000E+00  0.10000000E-01  0.10000000E+01
 0.19100200E-08  0.71381759E-02  0.00000000E+00  0.33065550E+00  0.00000000E+00  0.00000000E+00  0.18060169E+09  0.00000000E+00  0.00000000E+00  0.00000000E+00  0.00000000E+00  0.00000000E+00  0.10000000E-01  0.10000000E+01
 0.19200200E-08  0.71381759E-02  0.00000000E+00  0.33246151E+00  0.00000000E+00  0.00000000E+00  0.18060169E+09  0.00000000E+00  0.00000000E+00  0.00000000E+00  0.00000000E+00  0.00000000E+00  0.10000000E-01  0.10000000E+01
 0.19300200E-08  0.71381759E-02  0.00000000E+00  0.33426753E+00  0.00000000E+00  0.00000000E+00  0.18060169E+09  0.00000000E+00  0.00000000E+00  0.00000000E+00  0.00000000E+00  0.00000000E+00  0.10000000E-01  0.10000000E+01
 0.19400200E-08  0.71381759E-02  0.00000000E+00  0.33607355E+00  0.00000000E+00  0.00000000E+00  0.18060169E+09  0.00000000E+00  0.00000000E+00  0.00000000E+00  0.00000000E+00  0.00000000E+00  0.10000000E-01  0.10000000E+01
 0.19500200E-08  0.71381759E-02  0.00000000E+00  0.33787956E+00  0.00000000E+00  0.00000000E+00  0.18060169E+09  0.00000000E+00  0.00000000E+00  0.00000000E+00  0.00000000E+00  0.00000000E+00  0.10000000E-01  0.10000000E+01
 0.19600200E-08  0.71381759E-02  0.00000000E+00  0.33968558E+00  0.00000000E+00  0.00000000E+00  0.18060169E+09  0.00000000E+00  0.00000000E+00  0.00000000E+00  0.00000000E+00  0.00000000E+00  0.10000000E-01  0.10000000E+01
 0.19700200E-08  0.71381759E-02  0.00000000E+00  0.34149160E+00  0.00000000E+00  0.00000000E+00  0.18060169E+09  0.00000000E+00  0.00000000E+00  0.00000000E+00  0.00000000E+00  0.00000000E+00  0.10000000E-01  0.10000000E+01
 0.19800200E-08  0.71381759E-02  0.00000000E+00  0.34329761E+00  0.00000000E+00  0.00000000E+00  0.18060169E+09  0.00000000E+00  0.00000000E+00  0.00000000E+00  0.00000000E+00  0.00000000E+00  0.10000000E-01  0.10000000E+01
 0.19900200E-08  0.71381759E-02  0.00000000E+00  0.34510363E+00  0.00000000E+00  0.00000000E+00  0.18060169E+09  0.00000000E+00  0.00000000E+00  0.00000000E+00  0.00000000E+00  0.00000000E+00  0.10000000E-01  0.10000000E+01
