# ptime xp yp zp vx vy vz ex ey ez bx by bz wt
 0.20000000E-13  0.97732721E-02  0.00000000E+00 -0.20765435E-01  0.00000000E+00  0.00000000E+00  0.18062732E+09  0.00000000E+00  0.00000000E+00  0.00000000E+00  0.00000000E+00  0.00000000E+00  0.10000000E-01  0.10000000E+01
 0.10000000E-10  0.97732721E-02  0.00000000E+00 -0.18962774E-01  0.00000000E+00  0.00000000E+00  0.18062732E+09  0.00000000E+00  0.00000000E+00  0.00000000E+00  0.00000000E+00  0.00000000E+00  0.10000000E-01  0.10000000E+01
 0.20000000E-10  0.97732721E-02  0.00000000E+00 -0.17156501E-01  0.00000000E+00  0.00000000E+00  0.18062732E+09  0.00000000E+00  0.00000000E+00  0.00000000E+00  0.00000000E+00  0.00000000E+00  0.10000000E-01  0.10000000E+01
 0.30000000E-10  0.97732721E-02  0.00000000E+00 -0.15350228E-01  0.00000000E+00  0.00000000E+00  0.18062732E+09  0.00000000E+00  0.00000000E+00  0.00000000E+00  0.00000000E+00  0.00000000E+00  0.10000000E-01  0.10000000E+01
 0.40020000E-10  0.97732721E-02  0.00000000E+00 -0.13540342E-01  0.00000000E+00  0.00000000E+00  0.18062732E+09  0.00000000E+00  0.00000000E+00  0.00000000E+00  0.00000000E+00  0.00000000E+00  0.10000000E-01  0.10000000E+01
 0.50020000E-10  0.97732721E-02  0.00000000E+00 -0.11734069E-01  0.00000000E+00  0.00000000E+00  0.18062732E+09  0.00000000E+00  0.00000000E+00  0.00000000E+00  0.00000000E+00  0.00000000E+00  0.10000000E-01  0.10000000E+01
 0.60020000E-10  0.97732721E-02  0.00000000E+00 -0.99277954E-02  0.00000000E+00  0.00000000E+00  0.18062732E+09  0.00000000E+00  0.00000000E+00  0.00000000E+00  0.00000000E+00  0.00000000E+00  0.10000000E-01  0.10000000E+01
 0.70020000E-10  0.97732721E-02  0.00000000E+00 -0.81215222E-02  0.00000000E+00  0.00000000E+00  0.18062732E+09  0.00000000E+00  0.00000000E+00  0.00000000E+00  0.00000000E+00  0.00000000E+00  0.10000000E-01  0.10000000E+01
 0.80000000E-10  0.97732721E-02  0.00000000E+00 -0.63188615E-02  0.00000000E+00  0.00000000E+00  0.18062732E+09  0.00000000E+00  0.00000000E+00  0.00000000E+00  0.00000000E+00  0.00000000E+00  0.10000000E-01  0.10000000E+01
 0.90000000E-10  0.97732721E-02  0.00000000E+00 -0.45125882E-02  0.00000000E+00  0.00000000E+00  0.18062732E+09  0.00000000E+00  0.00000000E+00  0.00000000E+00  0.00000000E+00  0.00000000E+00  0.10000000E-01  0.10000000E+01
 0.10000000E-09  0.97732721E-02  0.00000000E+00 -0.27063150E-02  0.00000000E+00  0.00000000E+00  0.18062732E+09  0.00000000E+00  0.00000000E+00  0.00000000E+00  0.00000000E+00  0.00000000E+00  0.10000000E-01  0.10000000E+01
 0.11000000E-09  0.97732721E-02  0.00000000E+00 -0.90004176E-03  0.00000000E+00  0.00000000E+00  0.18062732E+09  0.00000000E+00  0.00000000E+00  0.00000000E+00  0.00000000E+00  0.00000000E+00  0.10000000E-01  0.10000000E+01
 0.12000000E-09  0.97732721E-02  0.00000000E+00  0.90623148E-03  0.00000000E+00  0.00000000E+00  0.18062732E+09  0.00000000E+00  0.00000000E+00  0.00000000E+00  0.00000000E+00  0.00000000E+00  0.10000000E-01  0.10000000E+01
 0.13000000E-09  0.97732721E-02  0.00000000E+00  0.27125047E-02  0.00000000E+00  0.00000000E+00  0.18062732E+09  0.00000000E+00  0.00000000E+00  0.00000000E+00  0.00000000E+00  0.00000000E+00  0.10000000E-01  0.10000000E+01
 0.14002000E-09  0.97732721E-02  0.00000000E+00  0.45223905E-02  0.00000000E+00  0.00000000E+00  0.18062732E+09  0.00000000E+00  0.00000000E+00  0.00000000E+00  0.00000000E+00  0.00000000E+00  0.10000000E-01  0.10000000E+01
 0.15002000E-09  0.97732721E-02  0.00000000E+00  0.63286637E-02  0.00000000E+00  0.00000000E+00  0.18062732E+09  0.00000000E+00  0.00000000E+00  0.00000000E+00  0.00000000E+00  0.00000000E+00  0.10000000E-01  0.10000000E+01
 0.16002000E-09  0.97732721E-02  0.00000000E+00  0.81349370E-02  0.00000000E+00  0.00000000E+00  0.18062732E+09  0.00000000E+00  0.00000000E+00  0.00000000E+00  0.00000000E+00  0.00000000E+00  0.10000000E-01  0.10000000E+01
 0.17002000E-09  0.97732721E-02  0.00000000E+00  0.99412102E-02  0.00000000E+00  0.00000000E+00  0.18062732E+09  0.00000000E+00  0.00000000E+00  0.00000000E+00  0.00000000E+00  0.00000000E+00  0.10000000E-01  0.10000000E+01
 0.18002000E-09  0.97732721E-02  0.00000000E+00  0.11747483E-01  0.00000000E+00  0.00000000E+00  0.18062732E+09  0.00000000E+00  0.00000000E+00  0.00000000E+00  0.00000000E+00  0.00000000E+00  0.10000000E-01  0.10000000E+01
 0.19002000E-09  0.97732721E-02  0.00000000E+00  0.13553757E-01  0.00000000E+00  0.00000000E+00  0.18062732E+09  0.00000000E+00  0.00000000E+00  0.00000000E+00  0.00000000E+00  0.00000000E+00  0.10000000E-01  0.10000000E+01
 0.20002000E-09  0.97732721E-02  0.00000000E+00  0.15360030E-01  0.00000000E+00  0.00000000E+00  0.18062732E+09  0.00000000E+00  0.00000000E+00  0.00000000E+00  0.00000000E+00  0.00000000E+00  0.10000000E-01  0.10000000E+01
 0.21002000E-09  0.97732721E-02  0.00000000E+00  0.17166303E-01  0.00000000E+00  0.00000000E+00  0.18062732E+09  0.00000000E+00  0.00000000E+00  0.00000000E+00  0.00000000E+00  0.00000000E+00  0.10000000E-01  0.10000000E+01
 0.22002000E-09  0.97732721E-02  0.00000000E+00  0.18972576E-01  0.00000000E+00  0.00000000E+00  0.18062732E+09  0.00000000E+00  0.00000000E+00  0.00000000E+00  0.00000000E+00  0.00000000E+00  0.10000000E-01  0.10000000E+01
 0.23002000E-09  0.97732721E-02  0.00000000E+00  0.20778850E-01  0.00000000E+00  0.00000000E+00  0.18062732E+09  0.00000000E+00  0.00000000E+00  0.00000000E+00  0.00000000E+00  0.00000000E+00  0.10000000E-01  0.10000000E+01
 0.24002000E-09  0.97732721E-02  0.00000000E+00  0.22585123E-01  0.00000000E+00  0.00000000E+00  0.18062732E+09  0.00000000E+00  0.00000000E+00  0.00000000E+00  0.00000000E+00  0.00000000E+00  0.10000000E-01  0.10000000E+01
 0.25002000E-09  0.97732721E-02  0.00000000E+00  0.24391396E-01  0.00000000E+00  0.00000000E+00  0.18062732E+09  0.00000000E+00  0.00000000E+00  0.00000000E+00  0.00000000E+00  0.00000000E+00  0.10000000E-01  0.10000000E+01
 0.26002000E-09  0.97732721E-02  0.00000000E+00  0.26197669E-01  0.00000000E+00  0.00000000E+00  0.18062732E+09  0.00000000E+00  0.00000000E+00  0.00000000E+00  0.00000000E+00  0.00000000E+00  0.10000000E-01  0.10000000E+01
 0.27002000E-09  0.97732721E-02  0.00000000E+00  0.28003943E-01  0.00000000E+00  0.00000000E+00  0.18062732E+09  0.00000000E+00  0.00000000E+00  0.00000000E+00  0.00000000E+00  0.00000000E+00  0.10000000E-01  0.10000000E+01
 0.28002000E-09  0.97732721E-02  0.00000000E+00  0.29810216E-01  0.00000000E+00  0.00000000E+00  0.18062732E+09  0.00000000E+00  0.00000000E+00  0.00000000E+00  0.00000000E+00  0.00000000E+00  0.10000000E-01  0.10000000E+01
 0.29002000E-09  0.97732721E-02  0.00000000E+00  0.31616489E-01  0.00000000E+00  0.00000000E+00  0.18062732E+09  0.00000000E+00  0.00000000E+00  0.00000000E+00  0.00000000E+00  0.00000000E+00  0.10000000E-01  0.10000000E+01
 0.30000000E-09  0.97732721E-02  0.00000000E+00  0.33419150E-01  0.00000000E+00  0.00000000E+00  0.18062732E+09  0.00000000E+00  0.00000000E+00  0.00000000E+00  0.00000000E+00  0.00000000E+00  0.10000000E-01  0.10000000E+01
 0.31000000E-09  0.97732721E-02  0.00000000E+00  0.35225423E-01  0.00000000E+00  0.00000000E+00  0.18062732E+09  0.00000000E+00  0.00000000E+00  0.00000000E+00  0.00000000E+00  0.00000000E+00  0.10000000E-01  0.10000000E+01
 0.32000000E-09  0.97732721E-02  0.00000000E+00  0.37031696E-01  0.00000000E+00  0.00000000E+00  0.18062732E+09  0.00000000E+00  0.00000000E+00  0.00000000E+00  0.00000000E+00  0.00000000E+00  0.10000000E-01  0.10000000E+01
 0.33000000E-09  0.97732721E-02  0.00000000E+00  0.38837970E-01  0.00000000E+00  0.00000000E+00  0.18062732E+09  0.00000000E+00  0.00000000E+00  0.00000000E+00  0.00000000E+00  0.00000000E+00  0.10000000E-01  0.10000000E+01
 0.34000000E-09  0.97732721E-02  0.00000000E+00  0.40644243E-01  0.00000000E+00  0.00000000E+00  0.18062732E+09  0.00000000E+00  0.00000000E+00  0.00000000E+00  0.00000000E+00  0.00000000E+00  0.10000000E-01  0.10000000E+01
 0.35000000E-09  0.97732721E-02  0.00000000E+00  0.42450516E-01  0.00000000E+00  0.00000000E+00  0.18062732E+09  0.00000000E+00  0.00000000E+00  0.00000000E+00  0.00000000E+00  0.00000000E+00  0.10000000E-01  0.10000000E+01
 0.36000000E-09  0.97732721E-02  0.00000000E+00  0.44256789E-01  0.00000000E+00  0.00000000E+00  0.18062732E+09  0.00000000E+00  0.00000000E+00  0.00000000E+00  0.00000000E+00  0.00000000E+00  0.10000000E-01  0.10000000E+01
 0.37000000E-09  0.97732721E-02  0.00000000E+00  0.46063062E-01  0.00000000E+00  0.00000000E+00  0.18062732E+09  0.00000000E+00  0.00000000E+00  0.00000000E+00  0.00000000E+00  0.00000000E+00  0.10000000E-01  0.10000000E+01
 0.38000000E-09  0.97732721E-02  0.00000000E+00  0.47869336E-01  0.00000000E+00  0.00000000E+00  0.18062732E+09  0.00000000E+00  0.00000000E+00  0.00000000E+00  0.00000000E+00  0.00000000E+00  0.10000000E-01  0.10000000E+01
 0.39000000E-09  0.97732721E-02  0.00000000E+00  0.49675609E-01  0.00000000E+00  0.00000000E+00  0.18062732E+09  0.00000000E+00  0.00000000E+00  0.00000000E+00  0.00000000E+00  0.00000000E+00  0.10000000E-01  0.10000000E+01
 0.40000000E-09  0.97732721E-02  0.00000000E+00  0.51481882E-01  0.00000000E+00  0.00000000E+00  0.18062732E+09  0.00000000E+00  0.00000000E+00  0.00000000E+00  0.00000000E+00  0.00000000E+00  0.10000000E-01  0.10000000E+01
 0.41000000E-09  0.97732721E-02  0.00000000E+00  0.53288155E-01  0.00000000E+00  0.00000000E+00  0.18062732E+09  0.00000000E+00  0.00000000E+00  0.00000000E+00  0.00000000E+00  0.00000000E+00  0.10000000E-01  0.10000000E+01
 0.42000000E-09  0.97732721E-02  0.00000000E+00  0.55094429E-01  0.00000000E+00  0.00000000E+00  0.18062732E+09  0.00000000E+00  0.00000000E+00  0.00000000E+00  0.00000000E+00  0.00000000E+00  0.10000000E-01  0.10000000E+01
 0.43000000E-09  0.97732721E-02  0.00000000E+00  0.56900702E-01  0.00000000E+00  0.00000000E+00  0.18062732E+09  0.00000000E+00  0.00000000E+00  0.00000000E+00  0.00000000E+00  0.00000000E+00  0.10000000E-01  0.10000000E+01
 0.44000000E-09  0.97732721E-02  0.00000000E+00  0.58706975E-01  0.00000000E+00  0.00000000E+00  0.18062732E+09  0.00000000E+00  0.00000000E+00  0.00000000E+00  0.00000000E+00  0.00000000E+00  0.10000000E-01  0.10000000E+01
 0.45000000E-09  0.97732721E-02  0.00000000E+00  0.60513248E-01  0.00000000E+00  0.00000000E+00  0.18062732E+09  0.00000000E+00  0.00000000E+00  0.00000000E+00  0.00000000E+00  0.00000000E+00  0.10000000E-01  0.10000000E+01
 0.46000000E-09  0.97732721E-02  0.00000000E+00  0.62319522E-01  0.00000000E+00  0.00000000E+00  0.18062732E+09  0.00000000E+00  0.00000000E+00  0.00000000E+00  0.00000000E+00  0.00000000E+00  0.10000000E-01  0.10000000E+01
 0.47000000E-09  0.97732721E-02  0.00000000E+00  0.64125795E-01  0.00000000E+00  0.00000000E+00  0.18062732E+09  0.00000000E+00  0.00000000E+00  0.00000000E+00  0.00000000E+00  0.00000000E+00  0.10000000E-01  0.10000000E+01
 0.48000000E-09  0.97732721E-02  0.00000000E+00  0.65932068E-01  0.00000000E+00  0.00000000E+00  0.18062732E+09  0.00000000E+00  0.00000000E+00  0.00000000E+00  0.00000000E+00  0.00000000E+00  0.10000000E-01  0.10000000E+01
 0.49000000E-09  0.97732721E-02  0.00000000E+00  0.67738341E-01  0.00000000E+00  0.00000000E+00  0.18062732E+09  0.00000000E+00  0.00000000E+00  0.00000000E+00  0.00000000E+00  0.00000000E+00  0.10000000E-01  0.10000000E+01
 0.50000000E-09  0.97732721E-02  0.00000000E+00  0.69544615E-01  0.00000000E+00  0.00000000E+00  0.18062732E+09  0.00000000E+00  0.00000000E+00  0.00000000E+00  0.00000000E+00  0.00000000E+00  0.10000000E-01  0.10000000E+01
 0.51000000E-09  0.97732721E-02  0.00000000E+00  0.71350888E-01  0.00000000E+00  0.00000000E+00  0.18062732E+09  0.00000000E+00  0.00000000E+00  0.00000000E+00  0.00000000E+00  0.00000000E+00  0.10000000E-01  0.10000000E+01
 0.52000000E-09  0.97732721E-02  0.00000000E+00  0.73157161E-01  0.00000000E+00  0.00000000E+00  0.18062732E+09  0.00000000E+00  0.00000000E+00  0.00000000E+00  0.00000000E+00  0.00000000E+00  0.10000000E-01  0.10000000E+01
 0.53000000E-09  0.97732721E-02  0.00000000E+00  0.74963434E-01  0.00000000E+00  0.00000000E+00  0.18062732E+09  0.00000000E+00  0.00000000E+00  0.00000000E+00  0.00000000E+00  0.00000000E+00  0.10000000E-01  0.10000000E+01
 0.54000000E-09  0.97732721E-02  0.00000000E+00  0.76769708E-01  0.00000000E+00  0.00000000E+00  0.18062732E+09  0.00000000E+00  0.00000000E+00  0.00000000E+00  0.00000000E+00  0.00000000E+00  0.10000000E-01  0.10000000E+01
 0.55002000E-09  0.97732721E-02  0.00000000E+00  0.78579593E-01  0.00000000E+00  0.00000000E+00  0.18062732E+09  0.00000000E+00  0.00000000E+00  0.00000000E+00  0.00000000E+00  0.00000000E+00  0.10000000E-01  0.10000000E+01
 0.56002000E-09  0.97732721E-02  0.00000000E+00  0.80385867E-01  0.00000000E+00  0.00000000E+00  0.18062732E+09  0.00000000E+00  0.00000000E+00  0.00000000E+00  0.00000000E+00  0.00000000E+00  0.10000000E-01  0.10000000E+01
 0.57002000E-09  0.97732721E-02  0.00000000E+00  0.82192140E-01  0.00000000E+00  0.00000000E+00  0.18062732E+09  0.00000000E+00  0.00000000E+00  0.00000000E+00  0.00000000E+00  0.00000000E+00  0.10000000E-01  0.10000000E+01
 0.58002000E-09  0.97732721E-02  0.00000000E+00  0.83998413E-01  0.00000000E+00  0.00000000E+00  0.18062732E+09  0.00000000E+00  0.00000000E+00  0.00000000E+00  0.00000000E+00  0.00000000E+00  0.10000000E-01  0.10000000E+01
 0.59002000E-09  0.97732721E-02  0.00000000E+00  0.85804686E-01  0.00000000E+00  0.00000000E+00  0.18062732E+09  0.00000000E+00  0.00000000E+00  0.00000000E+00  0.00000000E+00  0.00000000E+00  0.10000000E-01  0.10000000E+01
 0.60002000E-09  0.97732721E-02  0.00000000E+00  0.87610960E-01  0.00000000E+00  0.00000000E+00  0.18062732E+09  0.00000000E+00  0.00000000E+00  0.00000000E+00  0.00000000E+00  0.00000000E+00  0.10000000E-01  0.10000000E+01
 0.61002000E-09  0.97732721E-02  0.00000000E+00  0.89417233E-01  0.00000000E+00  0.00000000E+00  0.18062732E+09  0.00000000E+00  0.00000000E+00  0.00000000E+00  0.00000000E+00  0.00000000E+00  0.10000000E-01  0.10000000E+01
 0.62002000E-09  0.97732721E-02  0.00000000E+00  0.91223506E-01  0.00000000E+00  0.00000000E+00  0.18062732E+09  0.00000000E+00  0.00000000E+00  0.00000000E+00  0.00000000E+00  0.00000000E+00  0.10000000E-01  0.10000000E+01
 0.63002000E-09  0.97732721E-02  0.00000000E+00  0.93029779E-01  0.00000000E+00  0.00000000E+00  0.18062732E+09  0.00000000E+00  0.00000000E+00  0.00000000E+00  0.00000000E+00  0.00000000E+00  0.10000000E-01  0.10000000E+01
 0.64002000E-09  0.97732721E-02  0.00000000E+00  0.94836053E-01  0.00000000E+00  0.00000000E+00  0.18062732E+09  0.00000000E+00  0.00000000E+00  0.00000000E+00  0.00000000E+00  0.00000000E+00  0.10000000E-01  0.10000000E+01
 0.65002000E-09  0.97732721E-02  0.00000000E+00  0.96642326E-01  0.00000000E+00  0.00000000E+00  0.18062732E+09  0.00000000E+00  0.00000000E+00  0.00000000E+00  0.00000000E+00  0.00000000E+00  0.10000000E-01  0.10000000E+01
 0.66002000E-09  0.97732721E-02  0.00000000E+00  0.98448599E-01  0.00000000E+00  0.00000000E+00  0.18062732E+09  0.00000000E+00  0.00000000E+00  0.00000000E+00  0.00000000E+00  0.00000000E+00  0.10000000E-01  0.10000000E+01
 0.67002000E-09  0.97732721E-02  0.00000000E+00  0.10025487E+00  0.00000000E+00  0.00000000E+00  0.18062732E+09  0.00000000E+00  0.00000000E+00  0.00000000E+00  0.00000000E+00  0.00000000E+00  0.10000000E-01  0.10000000E+01
 0.68002000E-09  0.97732721E-02  0.00000000E+00  0.10206115E+00  0.00000000E+00  0.00000000E+00  0.18062732E+09  0.00000000E+00  0.00000000E+00  0.00000000E+00  0.00000000E+00  0.00000000E+00  0.10000000E-01  0.10000000E+01
 0.69002000E-09  0.97732721E-02  0.00000000E+00  0.10386742E+00  0.00000000E+00  0.00000000E+00  0.18062732E+09  0.00000000E+00  0.00000000E+00  0.00000000E+00  0.00000000E+00  0.00000000E+00  0.10000000E-01  0.10000000E+01
 0.70002000E-09  0.97732721E-02  0.00000000E+00  0.10567369E+00  0.00000000E+00  0.00000000E+00  0.18062732E+09  0.00000000E+00  0.00000000E+00  0.00000000E+00  0.00000000E+00  0.00000000E+00  0.10000000E-01  0.10000000E+01
 0.71002000E-09  0.97732721E-02  0.00000000E+00  0.10747997E+00  0.00000000E+00  0.00000000E+00  0.18062732E+09  0.00000000E+00  0.00000000E+00  0.00000000E+00  0.00000000E+00  0.00000000E+00  0.10000000E-01  0.10000000E+01
 0.72002000E-09  0.97732721E-02  0.00000000E+00  0.10928624E+00  0.00000000E+00  0.00000000E+00  0.18062732E+09  0.00000000E+00  0.00000000E+00  0.00000000E+00  0.00000000E+00  0.00000000E+00  0.10000000E-01  0.10000000E+01
 0.73002000E-09  0.97732721E-02  0.00000000E+00  0.11109251E+00  0.00000000E+00  0.00000000E+00  0.18062732E+09  0.00000000E+00  0.00000000E+00  0.00000000E+00  0.00000000E+00  0.00000000E+00  0.10000000E-01  0.10000000E+01
 0.74002000E-09  0.97732721E-02  0.00000000E+00  0.11289878E+00  0.00000000E+00  0.00000000E+00  0.18062732E+09  0.00000000E+00  0.00000000E+00  0.00000000E+00  0.00000000E+00  0.00000000E+00  0.10000000E-01  0.10000000E+01
 0.75002000E-09  0.97732721E-02  0.00000000E+00  0.11470506E+00  0.00000000E+00  0.00000000E+00  0.18062732E+09  0.00000000E+00  0.00000000E+00  0.00000000E+00  0.00000000E+00  0.00000000E+00  0.10000000E-01  0.10000000E+01
 0.76002000E-09  0.97732721E-02  0.00000000E+00  0.11651133E+00  0.00000000E+00  0.00000000E+00  0.18062732E+09  0.00000000E+00  0.00000000E+00  0.00000000E+00  0.00000000E+00  0.00000000E+00  0.10000000E-01  0.10000000E+01
 0.77002000E-09  0.97732721E-02  0.00000000E+00  0.11831760E+00  0.00000000E+00  0.00000000E+00  0.18062732E+09  0.00000000E+00  0.00000000E+00  0.00000000E+00  0.00000000E+00  0.00000000E+00  0.10000000E-01  0.10000000E+01
 0.78002000E-09  0.97732721E-02  0.00000000E+00  0.12012388E+00  0.00000000E+00  0.00000000E+00  0.18062732E+09  0.00000000E+00  0.00000000E+00  0.00000000E+00  0.00000000E+00  0.00000000E+00  0.10000000E-01  0.10000000E+01
 0.79002000E-09  0.97732721E-02  0.00000000E+00  0.12193015E+00  0.00000000E+00  0.00000000E+00  0.18062732E+09  0.00000000E+00  0.00000000E+00  0.00000000E+00  0.00000000E+00  0.00000000E+00  0.10000000E-01  0.10000000E+01
 0.80002000E-09  0.97732721E-02  0.00000000E+00  0.12373642E+00  0.00000000E+00  0.00000000E+00  0.18062732E+09  0.00000000E+00  0.00000000E+00  0.00000000E+00  0.00000000E+00  0.00000000E+00  0.10000000E-01  0.10000000E+01
 0.81002000E-09  0.97732721E-02  0.00000000E+00  0.12554270E+00  0.00000000E+00  0.00000000E+00  0.18062732E+09  0.00000000E+00  0.00000000E+00  0.00000000E+00  0.00000000E+00  0.00000000E+00  0.10000000E-01  0.10000000E+01
 0.82002000E-09  0.97732721E-02  0.00000000E+00  0.12734897E+00  0.00000000E+00  0.00000000E+00  0.18062732E+09  0.00000000E+00  0.00000000E+00  0.00000000E+00  0.00000000E+00  0.00000000E+00  0.10000000E-01  0.10000000E+01
 0.83002000E-09  0.97732721E-02  0.00000000E+00  0.12915524E+00  0.00000000E+00  0.00000000E+00  0.18062732E+09  0.00000000E+00  0.00000000E+00  0.00000000E+00  0.00000000E+00  0.00000000E+00  0.10000000E-01  0.10000000E+01
 0.84002000E-09  0.97732721E-02  0.00000000E+00  0.13096152E+00  0.00000000E+00  0.00000000E+00  0.18062732E+09  0.00000000E+00  0.00000000E+00  0.00000000E+00  0.00000000E+00  0.00000000E+00  0.10000000E-01  0.10000000E+01
 0.85002000E-09  0.97732721E-02  0.00000000E+00  0.13276779E+00  0.00000000E+00  0.00000000E+00  0.18062732E+09  0.00000000E+00  0.00000000E+00  0.00000000E+00  0.00000000E+00  0.00000000E+00  0.10000000E-01  0.10000000E+01
 0.86002000E-09  0.97732721E-02  0.00000000E+00  0.13457406E+00  0.00000000E+00  0.00000000E+00  0.18062732E+09  0.00000000E+00  0.00000000E+00  0.00000000E+00  0.00000000E+00  0.00000000E+00  0.10000000E-01  0.10000000E+01
 0.87002000E-09  0.97732721E-02  0.00000000E+00  0.13638034E+00  0.00000000E+00  0.00000000E+00  0.18062732E+09  0.00000000E+00  0.00000000E+00  0.00000000E+00  0.00000000E+00  0.00000000E+00  0.10000000E-01  0.10000000E+01
 0.88002000E-09  0.97732721E-02  0.00000000E+00  0.13818661E+00  0.00000000E+00  0.00000000E+00  0.18062732E+09  0.00000000E+00  0.00000000E+00  0.00000000E+00  0.00000000E+00  0.00000000E+00  0.10000000E-01  0.10000000E+01
 0.89002000E-09  0.97732721E-02  0.00000000E+00  0.13999288E+00  0.00000000E+00  0.00000000E+00  0.18062732E+09  0.00000000E+00  0.00000000E+00  0.00000000E+00  0.00000000E+00  0.00000000E+00  0.10000000E-01  0.10000000E+01
 0.90002000E-09  0.97732721E-02  0.00000000E+00  0.14179916E+00  0.00000000E+00  0.00000000E+00  0.18062732E+09  0.00000000E+00  0.00000000E+00  0.00000000E+00  0.00000000E+00  0.00000000E+00  0.10000000E-01  0.10000000E+01
 0.91002000E-09  0.97732721E-02  0.00000000E+00  0.14360543E+00  0.00000000E+00  0.00000000E+00  0.18062732E+09  0.00000000E+00  0.00000000E+00  0.00000000E+00  0.00000000E+00  0.00000000E+00  0.10000000E-01  0.10000000E+01
 0.92002000E-09  0.97732721E-02  0.00000000E+00  0.14541170E+00  0.00000000E+00  0.00000000E+00  0.18062732E+09  0.00000000E+00  0.00000000E+00  0.00000000E+00  0.00000000E+00  0.00000000E+00  0.10000000E-01  0.10000000E+01
 0.93002000E-09  0.97732721E-02  0.00000000E+00  0.14721798E+00  0.00000000E+00  0.00000000E+00  0.18062732E+09  0.00000000E+00  0.00000000E+00  0.00000000E+00  0.00000000E+00  0.00000000E+00  0.10000000E-01  0.10000000E+01
 0.94002000E-09  0.97732721E-02  0.00000000E+00  0.14902425E+00  0.00000000E+00  0.00000000E+00  0.18062732E+09  0.00000000E+00  0.00000000E+00  0.00000000E+00  0.00000000E+00  0.00000000E+00  0.10000000E-01  0.10000000E+01
 0.95002000E-09  0.97732721E-02  0.00000000E+00  0.15083052E+00  0.00000000E+00  0.00000000E+00  0.18062732E+09  0.00000000E+00  0.00000000E+00  0.00000000E+00  0.00000000E+00  0.00000000E+00  0.10000000E-01  0.10000000E+01
 0.96002000E-09  0.97732721E-02  0.00000000E+00  0.15263680E+00  0.00000000E+00  0.00000000E+00  0.18062732E+09  0.00000000E+00  0.00000000E+00  0.00000000E+00  0.00000000E+00  0.00000000E+00  0.10000000E-01  0.10000000E+01
 0.97002000E-09  0.97732721E-02  0.00000000E+00  0.15444307E+00  0.00000000E+00  0.00000000E+00  0.18062732E+09  0.00000000E+00  0.00000000E+00  0.00000000E+00  0.00000000E+00  0.00000000E+00  0.10000000E-01  0.10000000E+01
 0.98002000E-09  0.97732721E-02  0.00000000E+00  0.15624934E+00  0.00000000E+00  0.00000000E+00  0.18062732E+09  0.00000000E+00  0.00000000E+00  0.00000000E+00  0.00000000E+00  0.00000000E+00  0.10000000E-01  0.10000000E+01
 0.99002000E-09  0.97732721E-02  0.00000000E+00  0.15805562E+00  0.00000000E+00  0.00000000E+00  0.18062732E+09  0.00000000E+00  0.00000000E+00  0.00000000E+00  0.00000000E+00  0.00000000E+00  0.10000000E-01  0.10000000E+01
 0.10000200E-08  0.97732721E-02  0.00000000E+00  0.15986189E+00  0.00000000E+00  0.00000000E+00  0.18062732E+09  0.00000000E+00  0.00000000E+00  0.00000000E+00  0.00000000E+00  0.00000000E+00  0.10000000E-01  0.10000000E+01
 0.10100200E-08  0.97732721E-02  0.00000000E+00  0.16166816E+00  0.00000000E+00  0.00000000E+00  0.18062732E+09  0.00000000E+00  0.00000000E+00  0.00000000E+00  0.00000000E+00  0.00000000E+00  0.10000000E-01  0.10000000E+01
 0.10200200E-08  0.97732721E-02  0.00000000E+00  0.16347444E+00  0.00000000E+00  0.00000000E+00  0.18062732E+09  0.00000000E+00  0.00000000E+00  0.00000000E+00  0.00000000E+00  0.00000000E+00  0.10000000E-01  0.10000000E+01
 0.10300200E-08  0.97732721E-02  0.00000000E+00  0.16528071E+00  0.00000000E+00  0.00000000E+00  0.18062732E+09  0.00000000E+00  0.00000000E+00  0.00000000E+00  0.00000000E+00  0.00000000E+00  0.10000000E-01  0.10000000E+01
 0.10400200E-08  0.97732721E-02  0.00000000E+00  0.16708698E+00  0.00000000E+00  0.00000000E+00  0.18062732E+09  0.00000000E+00  0.00000000E+00  0.00000000E+00  0.00000000E+00  0.00000000E+00  0.10000000E-01  0.10000000E+01
 0.10500200E-08  0.97732721E-02  0.00000000E+00  0.16889326E+00  0.00000000E+00  0.00000000E+00  0.18062732E+09  0.00000000E+00  0.00000000E+00  0.00000000E+00  0.00000000E+00  0.00000000E+00  0.10000000E-01  0.10000000E+01
 0.10600200E-08  0.97732721E-02  0.00000000E+00  0.17069953E+00  0.00000000E+00  0.00000000E+00  0.18062732E+09  0.00000000E+00  0.00000000E+00  0.00000000E+00  0.00000000E+00  0.00000000E+00  0.10000000E-01  0.10000000E+01
 0.10700200E-08  0.97732721E-02  0.00000000E+00  0.17250580E+00  0.00000000E+00  0.00000000E+00  0.18062732E+09  0.00000000E+00  0.00000000E+00  0.00000000E+00  0.00000000E+00  0.00000000E+00  0.10000000E-01  0.10000000E+01
 0.10800200E-08  0.97732721E-02  0.00000000E+00  0.17431208E+00  0.00000000E+00  0.00000000E+00  0.18062732E+09  0.00000000E+00  0.00000000E+00  0.00000000E+00  0.00000000E+00  0.00000000E+00  0.10000000E-01  0.10000000E+01
 0.10900200E-08  0.97732721E-02  0.00000000E+00  0.17611835E+00  0.00000000E+00  0.00000000E+00  0.18062732E+09  0.00000000E+00  0.00000000E+00  0.00000000E+00  0.00000000E+00  0.00000000E+00  0.10000000E-01  0.10000000E+01
 0.11000200E-08  0.97732721E-02  0.00000000E+00  0.17792462E+00  0.00000000E+00  0.00000000E+00  0.18062732E+09  0.00000000E+00  0.00000000E+00  0.00000000E+00  0.00000000E+00  0.00000000E+00  0.10000000E-01  0.10000000E+01
 0.11100200E-08  0.97732721E-02  0.00000000E+00  0.17973089E+00  0.00000000E+00  0.00000000E+00  0.18062732E+09  0.00000000E+00  0.00000000E+00  0.00000000E+00  0.00000000E+00  0.00000000E+00  0.10000000E-01  0.10000000E+01
 0.11200200E-08  0.97732721E-02  0.00000000E+00  0.18153717E+00  0.00000000E+00  0.00000000E+00  0.18062732E+09  0.00000000E+00  0.00000000E+00  0.00000000E+00  0.00000000E+00  0.00000000E+00  0.10000000E-01  0.10000000E+01
 0.11300200E-08  0.97732721E-02  0.00000000E+00  0.18334344E+00  0.00000000E+00  0.00000000E+00  0.18062732E+09  0.00000000E+00  0.00000000E+00  0.00000000E+00  0.00000000E+00  0.00000000E+00  0.10000000E-01  0.10000000E+01
 0.11400200E-08  0.97732721E-02  0.00000000E+00  0.18514971E+00  0.00000000E+00  0.00000000E+00  0.18062732E+09  0.00000000E+00  0.00000000E+00  0.00000000E+00  0.00000000E+00  0.00000000E+00  0.10000000E-01  0.10000000E+01
 0.11500200E-08  0.97732721E-02  0.00000000E+00  0.18695599E+00  0.00000000E+00  0.00000000E+00  0.18062732E+09  0.00000000E+00  0.00000000E+00  0.00000000E+00  0.00000000E+00  0.00000000E+00  0.10000000E-01  0.10000000E+01
 0.11600200E-08  0.97732721E-02  0.00000000E+00  0.18876226E+00  0.00000000E+00  0.00000000E+00  0.18062732E+09  0.00000000E+00  0.00000000E+00  0.00000000E+00  0.00000000E+00  0.00000000E+00  0.10000000E-01  0.10000000E+01
 0.11700200E-08  0.97732721E-02  0.00000000E+00  0.19056853E+00  0.00000000E+00  0.00000000E+00  0.18062732E+09  0.00000000E+00  0.00000000E+00  0.00000000E+00  0.00000000E+00  0.00000000E+00  0.10000000E-01  0.10000000E+01
 0.11800200E-08  0.97732721E-02  0.00000000E+00  0.19237481E+00  0.00000000E+00  0.00000000E+00  0.18062732E+09  0.00000000E+00  0.00000000E+00  0.00000000E+00  0.00000000E+00  0.00000000E+00  0.10000000E-01  0.10000000E+01
 0.11900200E-08  0.97732721E-02  0.00000000E+00  0.19418108E+00  0.00000000E+00  0.00000000E+00  0.18062732E+09  0.00000000E+00  0.00000000E+00  0.00000000E+00  0.00000000E+00  0.00000000E+00  0.10000000E-01  0.10000000E+01
 0.12000200E-08  0.97732721E-02  0.00000000E+00  0.19598735E+00  0.00000000E+00  0.00000000E+00  0.18062732E+09  0.00000000E+00  0.00000000E+00  0.00000000E+00  0.00000000E+00  0.00000000E+00  0.10000000E-01  0.10000000E+01
 0.12100200E-08  0.97732721E-02  0.00000000E+00  0.19779363E+00  0.00000000E+00  0.00000000E+00  0.18062732E+09  0.00000000E+00  0.00000000E+00  0.00000000E+00  0.00000000E+00  0.00000000E+00  0.10000000E-01  0.10000000E+01
 0.12200200E-08  0.97732721E-02  0.00000000E+00  0.19959990E+00  0.00000000E+00  0.00000000E+00  0.18062732E+09  0.00000000E+00  0.00000000E+00  0.00000000E+00  0.00000000E+00  0.00000000E+00  0.10000000E-01  0.10000000E+01
 0.12300200E-08  0.97732721E-02  0.00000000E+00  0.20140617E+00  0.00000000E+00  0.00000000E+00  0.18062732E+09  0.00000000E+00  0.00000000E+00  0.00000000E+00  0.00000000E+00  0.00000000E+00  0.10000000E-01  0.10000000E+01
 0.12400200E-08  0.97732721E-02  0.00000000E+00  0.20321245E+00  0.00000000E+00  0.00000000E+00  0.18062732E+09  0.00000000E+00  0.00000000E+00  0.00000000E+00  0.00000000E+00  0.00000000E+00  0.10000000E-01  0.10000000E+01
 0.12500200E-08  0.97732721E-02  0.00000000E+00  0.20501872E+00  0.00000000E+00  0.00000000E+00  0.18062732E+09  0.00000000E+00  0.00000000E+00  0.00000000E+00  0.00000000E+00  0.00000000E+00  0.10000000E-01  0.10000000E+01
 0.12600200E-08  0.97732721E-02  0.00000000E+00  0.20682499E+00  0.00000000E+00  0.00000000E+00  0.18062732E+09  0.00000000E+00  0.00000000E+00  0.00000000E+00  0.00000000E+00  0.00000000E+00  0.10000000E-01  0.10000000E+01
 0.12700200E-08  0.97732721E-02  0.00000000E+00  0.20863127E+00  0.00000000E+00  0.00000000E+00  0.18062732E+09  0.00000000E+00  0.00000000E+00  0.00000000E+00  0.00000000E+00  0.00000000E+00  0.10000000E-01  0.10000000E+01
 0.12800200E-08  0.97732721E-02  0.00000000E+00  0.21043754E+00  0.00000000E+00  0.00000000E+00  0.18062732E+09  0.00000000E+00  0.00000000E+00  0.00000000E+00  0.00000000E+00  0.00000000E+00  0.10000000E-01  0.10000000E+01
 0.12900200E-08  0.97732721E-02  0.00000000E+00  0.21224381E+00  0.00000000E+00  0.00000000E+00  0.18062732E+09  0.00000000E+00  0.00000000E+00  0.00000000E+00  0.00000000E+00  0.00000000E+00  0.10000000E-01  0.10000000E+01
 0.13000200E-08  0.97732721E-02  0.00000000E+00  0.21405009E+00  0.00000000E+00  0.00000000E+00  0.18062732E+09  0.00000000E+00  0.00000000E+00  0.00000000E+00  0.00000000E+00  0.00000000E+00  0.10000000E-01  0.10000000E+01
 0.13100200E-08  0.97732721E-02  0.00000000E+00  0.21585636E+00  0.00000000E+00  0.00000000E+00  0.18062732E+09  0.00000000E+00  0.00000000E+00  0.00000000E+00  0.00000000E+00  0.00000000E+00  0.10000000E-01  0.10000000E+01
 0.13200200E-08  0.97732721E-02  0.00000000E+00  0.21766263E+00  0.00000000E+00  0.00000000E+00  0.18062732E+09  0.00000000E+00  0.00000000E+00  0.00000000E+00  0.00000000E+00  0.00000000E+00  0.10000000E-01  0.10000000E+01
 0.13300200E-08  0.97732721E-02  0.00000000E+00  0.21946891E+00  0.00000000E+00  0.00000000E+00  0.18062732E+09  0.00000000E+00  0.00000000E+00  0.00000000E+00  0.00000000E+00  0.00000000E+00  0.10000000E-01  0.10000000E+01
 0.13400200E-08  0.97732721E-02  0.00000000E+00  0.22127518E+00  0.00000000E+00  0.00000000E+00  0.18062732E+09  0.00000000E+00  0.00000000E+00  0.00000000E+00  0.00000000E+00  0.00000000E+00  0.10000000E-01  0.10000000E+01
 0.13500200E-08  0.97732721E-02  0.00000000E+00  0.22308145E+00  0.00000000E+00  0.00000000E+00  0.18062732E+09  0.00000000E+00  0.00000000E+00  0.00000000E+00  0.00000000E+00  0.00000000E+00  0.10000000E-01  0.10000000E+01
 0.13600200E-08  0.97732721E-02  0.00000000E+00  0.22488773E+00  0.00000000E+00  0.00000000E+00  0.18062732E+09  0.00000000E+00  0.00000000E+00  0.00000000E+00  0.00000000E+00  0.00000000E+00  0.10000000E-01  0.10000000E+01
 0.13700200E-08  0.97732721E-02  0.00000000E+00  0.22669400E+00  0.00000000E+00  0.00000000E+00  0.18062732E+09  0.00000000E+00  0.00000000E+00  0.00000000E+00  0.00000000E+00  0.00000000E+00  0.10000000E-01  0.10000000E+01
 0.13800200E-08  0.97732721E-02  0.00000000E+00  0.22850027E+00  0.00000000E+00  0.00000000E+00  0.18062732E+09  0.00000000E+00  0.00000000E+00  0.00000000E+00  0.00000000E+00  0.00000000E+00  0.10000000E-01  0.10000000E+01
 0.13900200E-08  0.97732721E-02  0.00000000E+00  0.23030655E+00  0.00000000E+00  0.00000000E+00  0.18062732E+09  0.00000000E+00  0.00000000E+00  0.00000000E+00  0.00000000E+00  0.00000000E+00  0.10000000E-01  0.10000000E+01
 0.14000200E-08  0.97732721E-02  0.00000000E+00  0.23211282E+00  0.00000000E+00  0.00000000E+00  0.18062732E+09  0.00000000E+00  0.00000000E+00  0.00000000E+00  0.00000000E+00  0.00000000E+00  0.10000000E-01  0.10000000E+01
 0.14100200E-08  0.97732721E-02  0.00000000E+00  0.23391909E+00  0.00000000E+00  0.00000000E+00  0.18062732E+09  0.00000000E+00  0.00000000E+00  0.00000000E+00  0.00000000E+00  0.00000000E+00  0.10000000E-01  0.10000000E+01
 0.14200200E-08  0.97732721E-02  0.00000000E+00  0.23572537E+00  0.00000000E+00  0.00000000E+00  0.18062732E+09  0.00000000E+00  0.00000000E+00  0.00000000E+00  0.00000000E+00  0.00000000E+00  0.10000000E-01  0.10000000E+01
 0.14300200E-08  0.97732721E-02  0.00000000E+00  0.23753164E+00  0.00000000E+00  0.00000000E+00  0.18062732E+09  0.00000000E+00  0.00000000E+00  0.00000000E+00  0.00000000E+00  0.00000000E+00  0.10000000E-01  0.10000000E+01
 0.14400200E-08  0.97732721E-02  0.00000000E+00  0.23933791E+00  0.00000000E+00  0.00000000E+00  0.18062732E+09  0.00000000E+00  0.00000000E+00  0.00000000E+00  0.00000000E+00  0.00000000E+00  0.10000000E-01  0.10000000E+01
 0.14500200E-08  0.97732721E-02  0.00000000E+00  0.24114418E+00  0.00000000E+00  0.00000000E+00  0.18062732E+09  0.00000000E+00  0.00000000E+00  0.00000000E+00  0.00000000E+00  0.00000000E+00  0.10000000E-01  0.10000000E+01
 0.14600200E-08  0.97732721E-02  0.00000000E+00  0.24295046E+00  0.00000000E+00  0.00000000E+00  0.18062732E+09  0.00000000E+00  0.00000000E+00  0.00000000E+00  0.00000000E+00  0.00000000E+00  0.10000000E-01  0.10000000E+01
 0.14700200E-08  0.97732721E-02  0.00000000E+00  0.24475673E+00  0.00000000E+00  0.00000000E+00  0.18062732E+09  0.00000000E+00  0.00000000E+00  0.00000000E+00  0.00000000E+00  0.00000000E+00  0.10000000E-01  0.10000000E+01
 0.14800200E-08  0.97732721E-02  0.00000000E+00  0.24656300E+00  0.00000000E+00  0.00000000E+00  0.18062732E+09  0.00000000E+00  0.00000000E+00  0.00000000E+00  0.00000000E+00  0.00000000E+00  0.10000000E-01  0.10000000E+01
 0.14900200E-08  0.97732721E-02  0.00000000E+00  0.24836928E+00  0.00000000E+00  0.00000000E+00  0.18062732E+09  0.00000000E+00  0.00000000E+00  0.00000000E+00  0.00000000E+00  0.00000000E+00  0.10000000E-01  0.10000000E+01
 0.15000200E-08  0.97732721E-02  0.00000000E+00  0.25017555E+00  0.00000000E+00  0.00000000E+00  0.18062732E+09  0.00000000E+00  0.00000000E+00  0.00000000E+00  0.00000000E+00  0.00000000E+00  0.10000000E-01  0.10000000E+01
 0.15100200E-08  0.97732721E-02  0.00000000E+00  0.25198182E+00  0.00000000E+00  0.00000000E+00  0.18062732E+09  0.00000000E+00  0.00000000E+00  0.00000000E+00  0.00000000E+00  0.00000000E+00  0.10000000E-01  0.10000000E+01
 0.15200200E-08  0.97732721E-02  0.00000000E+00  0.25378810E+00  0.00000000E+00  0.00000000E+00  0.18062732E+09  0.00000000E+00  0.00000000E+00  0.00000000E+00  0.00000000E+00  0.00000000E+00  0.10000000E-01  0.10000000E+01
 0.15300200E-08  0.97732721E-02  0.00000000E+00  0.25559437E+00  0.00000000E+00  0.00000000E+00  0.18062732E+09  0.00000000E+00  0.00000000E+00  0.00000000E+00  0.00000000E+00  0.00000000E+00  0.10000000E-01  0.10000000E+01
 0.15400200E-08  0.97732721E-02  0.00000000E+00  0.25740064E+00  0.00000000E+00  0.00000000E+00  0.18062732E+09  0.00000000E+00  0.00000000E+00  0.00000000E+00  0.00000000E+00  0.00000000E+00  0.10000000E-01  0.10000000E+01
 0.15500200E-08  0.97732721E-02  0.00000000E+00  0.25920692E+00  0.00000000E+00  0.00000000E+00  0.18062732E+09  0.00000000E+00  0.00000000E+00  0.00000000E+00  0.00000000E+00  0.00000000E+00  0.10000000E-01  0.10000000E+01
 0.15600200E-08  0.97732721E-02  0.00000000E+00  0.26101319E+00  0.00000000E+00  0.00000000E+00  0.18062732E+09  0.00000000E+00  0.00000000E+00  0.00000000E+00  0.00000000E+00  0.00000000E+00  0.10000000E-01  0.10000000E+01
 0.15700200E-08  0.97732721E-02  0.00000000E+00  0.26281946E+00  0.00000000E+00  0.00000000E+00  0.18062732E+09  0.00000000E+00  0.00000000E+00  0.00000000E+00  0.00000000E+00  0.00000000E+00  0.10000000E-01  0.10000000E+01
 0.15800200E-08  0.97732721E-02  0.00000000E+00  0.26462574E+00  0.00000000E+00  0.00000000E+00  0.18062732E+09  0.00000000E+00  0.00000000E+00  0.00000000E+00  0.00000000E+00  0.00000000E+00  0.10000000E-01  0.10000000E+01
 0.15900200E-08  0.97732721E-02  0.00000000E+00  0.26643201E+00  0.00000000E+00  0.00000000E+00  0.18062732E+09  0.00000000E+00  0.00000000E+00  0.00000000E+00  0.00000000E+00  0.00000000E+00  0.10000000E-01  0.10000000E+01
 0.16000200E-08  0.97732721E-02  0.00000000E+00  0.26823828E+00  0.00000000E+00  0.00000000E+00  0.18062732E+09  0.00000000E+00  0.00000000E+00  0.00000000E+00  0.00000000E+00  0.00000000E+00  0.10000000E-01  0.10000000E+01
 0.16100200E-08  0.97732721E-02  0.00000000E+00  0.27004456E+00  0.00000000E+00  0.00000000E+00  0.18062732E+09  0.00000000E+00  0.00000000E+00  0.00000000E+00  0.00000000E+00  0.00000000E+00  0.10000000E-01  0.10000000E+01
 0.16200200E-08  0.97732721E-02  0.00000000E+00  0.27185083E+00  0.00000000E+00  0.00000000E+00  0.18062732E+09  0.00000000E+00  0.00000000E+00  0.00000000E+00  0.00000000E+00  0.00000000E+00  0.10000000E-01  0.10000000E+01
 0.16300200E-08  0.97732721E-02  0.00000000E+00  0.27365710E+00  0.00000000E+00  0.00000000E+00  0.18062732E+09  0.00000000E+00  0.00000000E+00  0.00000000E+00  0.00000000E+00  0.00000000E+00  0.10000000E-01  0.10000000E+01
 0.16400200E-08  0.97732721E-02  0.00000000E+00  0.27546338E+00  0.00000000E+00  0.00000000E+00  0.18062732E+09  0.00000000E+00  0.00000000E+00  0.00000000E+00  0.00000000E+00  0.00000000E+00  0.10000000E-01  0.10000000E+01
 0.16500200E-08  0.97732721E-02  0.00000000E+00  0.27726965E+00  0.00000000E+00  0.00000000E+00  0.18062732E+09  0.00000000E+00  0.00000000E+00  0.00000000E+00  0.00000000E+00  0.00000000E+00  0.10000000E-01  0.10000000E+01
 0.16600200E-08  0.97732721E-02  0.00000000E+00  0.27907592E+00  0.00000000E+00  0.00000000E+00  0.18062732E+09  0.00000000E+00  0.00000000E+00  0.00000000E+00  0.00000000E+00  0.00000000E+00  0.10000000E-01  0.10000000E+01
 0.16700200E-08  0.97732721E-02  0.00000000E+00  0.28088220E+00  0.00000000E+00  0.00000000E+00  0.18062732E+09  0.00000000E+00  0.00000000E+00  0.00000000E+00  0.00000000E+00  0.00000000E+00  0.10000000E-01  0.10000000E+01
 0.16800200E-08  0.97732721E-02  0.00000000E+00  0.28268847E+00  0.00000000E+00  0.00000000E+00  0.18062732E+09  0.00000000E+00  0.00000000E+00  0.00000000E+00  0.00000000E+00  0.00000000E+00  0.10000000E-01  0.10000000E+01
 0.16900200E-08  0.97732721E-02  0.00000000E+00  0.28449474E+00  0.00000000E+00  0.00000000E+00  0.18062732E+09  0.00000000E+00  0.00000000E+00  0.00000000E+00  0.00000000E+00  0.00000000E+00  0.10000000E-01  0.10000000E+01
 0.17000200E-08  0.97732721E-02  0.00000000E+00  0.28630102E+00  0.00000000E+00  0.00000000E+00  0.18062732E+09  0.00000000E+00  0.00000000E+00  0.00000000E+00  0.00000000E+00  0.00000000E+00  0.10000000E-01  0.10000000E+01
 0.17100200E-08  0.97732721E-02  0.00000000E+00  0.28810729E+00  0.00000000E+00  0.00000000E+00  0.18062732E+09  0.00000000E+00  0.00000000E+00  0.00000000E+00  0.00000000E+00  0.00000000E+00  0.10000000E-01  0.10000000E+01
 0.17200200E-08  0.97732721E-02  0.00000000E+00  0.28991356E+00  0.00000000E+00  0.00000000E+00  0.18062732E+09  0.00000000E+00  0.00000000E+00  0.00000000E+00  0.00000000E+00  0.00000000E+00  0.10000000E-01  0.10000000E+01
 0.17300200E-08  0.97732721E-02  0.00000000E+00  0.29171984E+00  0.00000000E+00  0.00000000E+00  0.18062732E+09  0.00000000E+00  0.00000000E+00  0.00000000E+00  0.00000000E+00  0.00000000E+00  0.10000000E-01  0.10000000E+01
 0.17400200E-08  0.97732721E-02  0.00000000E+00  0.29352611E+00  0.00000000E+00  0.00000000E+00  0.18062732E+09  0.00000000E+00  0.00000000E+00  0.00000000E+00  0.00000000E+00  0.00000000E+00  0.10000000E-01  0.10000000E+01
 0.17500200E-08  0.97732721E-02  0.00000000E+00  0.29533238E+00  0.00000000E+00  0.00000000E+00  0.18062732E+09  0.00000000E+00  0.00000000E+00  0.00000000E+00  0.00000000E+00  0.00000000E+00  0.10000000E-01  0.10000000E+01
 0.17600200E-08  0.97732721E-02  0.00000000E+00  0.29713866E+00  0.00000000E+00  0.00000000E+00  0.18062732E+09  0.00000000E+00  0.00000000E+00  0.00000000E+00  0.00000000E+00  0.00000000E+00  0.10000000E-01  0.10000000E+01
 0.17700200E-08  0.97732721E-02  0.00000000E+00  0.29894493E+00  0.00000000E+00  0.00000000E+00  0.18062732E+09  0.00000000E+00  0.00000000E+00  0.00000000E+00  0.00000000E+00  0.00000000E+00  0.10000000E-01  0.10000000E+01
 0.17800200E-08  0.97732721E-02  0.00000000E+00  0.30075120E+00  0.00000000E+00  0.00000000E+00  0.18062732E+09  0.00000000E+00  0.00000000E+00  0.00000000E+00  0.00000000E+00  0.00000000E+00  0.10000000E-01  0.10000000E+01
 0.17900200E-08  0.97732721E-02  0.00000000E+00  0.30255748E+00  0.00000000E+00  0.00000000E+00  0.18062732E+09  0.00000000E+00  0.00000000E+00  0.00000000E+00  0.00000000E+00  0.00000000E+00  0.10000000E-01  0.10000000E+01
 0.18000200E-08  0.97732721E-02  0.00000000E+00  0.30436375E+00  0.00000000E+00  0.00000000E+00  0.18062732E+09  0.00000000E+00  0.00000000E+00  0.00000000E+00  0.00000000E+00  0.00000000E+00  0.10000000E-01  0.10000000E+01
 0.18100200E-08  0.97732721E-02  0.00000000E+00  0.30617002E+00  0.00000000E+00  0.00000000E+00  0.18062732E+09  0.00000000E+00  0.00000000E+00  0.00000000E+00  0.00000000E+00  0.00000000E+00  0.10000000E-01  0.10000000E+01
 0.18200200E-08  0.97732721E-02  0.00000000E+00  0.30797629E+00  0.00000000E+00  0.00000000E+00  0.18062732E+09  0.00000000E+00  0.00000000E+00  0.00000000E+00  0.00000000E+00  0.00000000E+00  0.10000000E-01  0.10000000E+01
 0.18300200E-08  0.97732721E-02  0.00000000E+00  0.30978257E+00  0.00000000E+00  0.00000000E+00  0.18062732E+09  0.00000000E+00  0.00000000E+00  0.00000000E+00  0.00000000E+00  0.00000000E+00  0.10000000E-01  0.10000000E+01
 0.18400200E-08  0.97732721E-02  0.00000000E+00  0.31158884E+00  0.00000000E+00  0.00000000E+00  0.18062732E+09  0.00000000E+00  0.00000000E+00  0.00000000E+00  0.00000000E+00  0.00000000E+00  0.10000000E-01  0.10000000E+01
 0.18500200E-08  0.97732721E-02  0.00000000E+00  0.31339511E+00  0.00000000E+00  0.00000000E+00  0.18062732E+09  0.00000000E+00  0.00000000E+00  0.00000000E+00  0.00000000E+00  0.00000000E+00  0.10000000E-01  0.10000000E+01
 0.18600200E-08  0.97732721E-02  0.00000000E+00  0.31520139E+00  0.00000000E+00  0.00000000E+00  0.18062732E+09  0.00000000E+00  0.00000000E+00  0.00000000E+00  0.00000000E+00  0.00000000E+00  0.10000000E-01  0.10000000E+01
 0.18700200E-08  0.97732721E-02  0.00000000E+00  0.31700766E+00  0.00000000E+00  0.00000000E+00  0.18062732E+09  0.00000000E+00  0.00000000E+00  0.00000000E+00  0.00000000E+00  0.00000000E+00  0.10000000E-01  0.10000000E+01
 0.18800200E-08  0.97732721E-02  0.00000000E+00  0.31881393E+00  0.00000000E+00  0.00000000E+00  0.18062732E+09  0.00000000E+00  0.00000000E+00  0.00000000E+00  0.00000000E+00  0.00000000E+00  0.10000000E-01  0.10000000E+01
 0.18900200E-08  0.97732721E-02  0.00000000E+00  0.32062021E+00  0.00000000E+00  0.00000000E+00  0.18062732E+09  0.00000000E+00  0.00000000E+00  0.00000000E+00  0.00000000E+00  0.00000000E+00  0.10000000E-01  0.10000000E+01
 0.19000200E-08  0.97732721E-02  0.00000000E+00  0.32242648E+00  0.00000000E+00  0.00000000E+00  0.18062732E+09  0.00000000E+00  0.00000000E+00  0.00000000E+00  0.00000000E+00  0.00000000E+00  0.10000000E-01  0.10000000E+01
 0.19100200E-08  0.97732721E-02  0.00000000E+00  0.32423275E+00  0.00000000E+00  0.00000000E+00  0.18062732E+09  0.00000000E+00  0.00000000E+00  0.00000000E+00  0.00000000E+00  0.00000000E+00  0.10000000E-01  0.10000000E+01
 0.19200200E-08  0.97732721E-02  0.00000000E+00  0.32603903E+00  0.00000000E+00  0.00000000E+00  0.18062732E+09  0.00000000E+00  0.00000000E+00  0.00000000E+00  0.00000000E+00  0.00000000E+00  0.10000000E-01  0.10000000E+01
 0.19300200E-08  0.97732721E-02  0.00000000E+00  0.32784530E+00  0.00000000E+00  0.00000000E+00  0.18062732E+09  0.00000000E+00  0.00000000E+00  0.00000000E+00  0.00000000E+00  0.00000000E+00  0.10000000E-01  0.10000000E+01
 0.19400200E-08  0.97732721E-02  0.00000000E+00  0.32965157E+00  0.00000000E+00  0.00000000E+00  0.18062732E+09  0.00000000E+00  0.00000000E+00  0.00000000E+00  0.00000000E+00  0.00000000E+00  0.10000000E-01  0.10000000E+01
 0.19500200E-08  0.97732721E-02  0.00000000E+00  0.33145785E+00  0.00000000E+00  0.00000000E+00  0.18062732E+09  0.00000000E+00  0.00000000E+00  0.00000000E+00  0.00000000E+00  0.00000000E+00  0.10000000E-01  0.10000000E+01
 0.19600200E-08  0.97732721E-02  0.00000000E+00  0.33326412E+00  0.00000000E+00  0.00000000E+00  0.18062732E+09  0.00000000E+00  0.00000000E+00  0.00000000E+00  0.00000000E+00  0.00000000E+00  0.10000000E-01  0.10000000E+01
 0.19700200E-08  0.97732721E-02  0.00000000E+00  0.33507039E+00  0.00000000E+00  0.00000000E+00  0.18062732E+09  0.00000000E+00  0.00000000E+00  0.00000000E+00  0.00000000E+00  0.00000000E+00  0.10000000E-01  0.10000000E+01
 0.19800200E-08  0.97732721E-02  0.00000000E+00  0.33687667E+00  0.00000000E+00  0.00000000E+00  0.18062732E+09  0.00000000E+00  0.00000000E+00  0.00000000E+00  0.00000000E+00  0.00000000E+00  0.10000000E-01  0.10000000E+01
 0.19900200E-08  0.97732721E-02  0.00000000E+00  0.33868294E+00  0.00000000E+00  0.00000000E+00  0.18062732E+09  0.00000000E+00  0.00000000E+00  0.00000000E+00  0.00000000E+00  0.00000000E+00  0.10000000E-01  0.10000000E+01
