# ptime xp yp zp vx vy vz ex ey ez bx by bz wt
 0.20000000E-13  0.24682851E-02  0.00000000E+00  0.79870511E-03  0.00000000E+00  0.00000000E+00  0.19591322E+09  0.00000000E+00  0.00000000E+00  0.00000000E+00  0.00000000E+00  0.00000000E+00  0.10000000E-01  0.10000000E+01
 0.10000000E-10  0.24682851E-02  0.00000000E+00  0.27539190E-02  0.00000000E+00  0.00000000E+00  0.19591322E+09  0.00000000E+00  0.00000000E+00  0.00000000E+00  0.00000000E+00  0.00000000E+00  0.10000000E-01  0.10000000E+01
 0.20000000E-10  0.24682851E-02  0.00000000E+00  0.47130511E-02  0.00000000E+00  0.00000000E+00  0.19591322E+09  0.00000000E+00  0.00000000E+00  0.00000000E+00  0.00000000E+00  0.00000000E+00  0.10000000E-01  0.10000000E+01
 0.30000000E-10  0.24682851E-02  0.00000000E+00  0.66721833E-02  0.00000000E+00  0.00000000E+00  0.19591322E+09  0.00000000E+00  0.00000000E+00  0.00000000E+00  0.00000000E+00  0.00000000E+00  0.10000000E-01  0.10000000E+01
 0.40020000E-10  0.24682851E-02  0.00000000E+00  0.86352337E-02  0.00000000E+00  0.00000000E+00  0.19591322E+09  0.00000000E+00  0.00000000E+00  0.00000000E+00  0.00000000E+00  0.00000000E+00  0.10000000E-01  0.10000000E+01
 0.50020000E-10  0.24682851E-02  0.00000000E+00  0.10594366E-01  0.00000000E+00  0.00000000E+00  0.19591322E+09  0.00000000E+00  0.00000000E+00  0.00000000E+00  0.00000000E+00  0.00000000E+00  0.10000000E-01  0.10000000E+01
 0.60020000E-10  0.24682851E-02  0.00000000E+00  0.12553498E-01  0.00000000E+00  0.00000000E+00  0.19591322E+09  0.00000000E+00  0.00000000E+00  0.00000000E+00  0.00000000E+00  0.00000000E+00  0.10000000E-01  0.10000000E+01
 0.70020000E-10  0.24682851E-02  0.00000000E+00  0.14512630E-01  0.00000000E+00  0.00000000E+00  0.19591322E+09  0.00000000E+00  0.00000000E+00  0.00000000E+00  0.00000000E+00  0.00000000E+00  0.10000000E-01  0.10000000E+01
 0.80000000E-10  0.24682851E-02  0.00000000E+00  0.16467844E-01  0.00000000E+00  0.00000000E+00  0.19591322E+09  0.00000000E+00  0.00000000E+00  0.00000000E+00  0.00000000E+00  0.00000000E+00  0.10000000E-01  0.10000000E+01
 0.90000000E-10  0.24682851E-02  0.00000000E+00  0.18426976E-01  0.00000000E+00  0.00000000E+00  0.19591322E+09  0.00000000E+00  0.00000000E+00  0.00000000E+00  0.00000000E+00  0.00000000E+00  0.10000000E-01  0.10000000E+01
 0.10000000E-09  0.24682851E-02  0.00000000E+00  0.20386108E-01  0.00000000E+00  0.00000000E+00  0.19591322E+09  0.00000000E+00  0.00000000E+00  0.00000000E+00  0.00000000E+00  0.00000000E+00  0.10000000E-01  0.10000000E+01
 0.11000000E-09  0.24682851E-02  0.00000000E+00  0.22345240E-01  0.00000000E+00  0.00000000E+00  0.19591322E+09  0.00000000E+00  0.00000000E+00  0.00000000E+00  0.00000000E+00  0.00000000E+00  0.10000000E-01  0.10000000E+01
 0.12000000E-09  0.24682851E-02  0.00000000E+00  0.24304373E-01  0.00000000E+00  0.00000000E+00  0.19591322E+09  0.00000000E+00  0.00000000E+00  0.00000000E+00  0.00000000E+00  0.00000000E+00  0.10000000E-01  0.10000000E+01
 0.13000000E-09  0.24682851E-02  0.00000000E+00  0.26263505E-01  0.00000000E+00  0.00000000E+00  0.19591322E+09  0.00000000E+00  0.00000000E+00  0.00000000E+00  0.00000000E+00  0.00000000E+00  0.10000000E-01  0.10000000E+01
 0.14002000E-09  0.24682851E-02  0.00000000E+00  0.28226555E-01  0.00000000E+00  0.00000000E+00  0.19591322E+09  0.00000000E+00  0.00000000E+00  0.00000000E+00  0.00000000E+00  0.00000000E+00  0.10000000E-01  0.10000000E+01
 0.15002000E-09  0.24682851E-02  0.00000000E+00  0.30185687E-01  0.00000000E+00  0.00000000E+00  0.19591322E+09  0.00000000E+00  0.00000000E+00  0.00000000E+00  0.00000000E+00  0.00000000E+00  0.10000000E-01  0.10000000E+01
 0.16002000E-09  0.24682851E-02  0.00000000E+00  0.32144820E-01  0.00000000E+00  0.00000000E+00  0.19591322E+09  0.00000000E+00  0.00000000E+00  0.00000000E+00  0.00000000E+00  0.00000000E+00  0.10000000E-01  0.10000000E+01
 0.17002000E-09  0.24682851E-02  0.00000000E+00  0.34103952E-01  0.00000000E+00  0.00000000E+00  0.19591322E+09  0.00000000E+00  0.00000000E+00  0.00000000E+00  0.00000000E+00  0.00000000E+00  0.10000000E-01  0.10000000E+01
 0.18002000E-09  0.24682851E-02  0.00000000E+00  0.36063084E-01  0.00000000E+00  0.00000000E+00  0.19591322E+09  0.00000000E+00  0.00000000E+00  0.00000000E+00  0.00000000E+00  0.00000000E+00  0.10000000E-01  0.10000000E+01
 0.19002000E-09  0.24682851E-02  0.00000000E+00  0.38022216E-01  0.00000000E+00  0.00000000E+00  0.19591322E+09  0.00000000E+00  0.00000000E+00  0.00000000E+00  0.00000000E+00  0.00000000E+00  0.10000000E-01  0.10000000E+01
 0.20002000E-09  0.24682851E-02  0.00000000E+00  0.39981348E-01  0.00000000E+00  0.00000000E+00  0.19591322E+09  0.00000000E+00  0.00000000E+00  0.00000000E+00  0.00000000E+00  0.00000000E+00  0.10000000E-01  0.10000000E+01
 0.21002000E-09  0.24682851E-02  0.00000000E+00  0.41940480E-01  0.00000000E+00  0.00000000E+00  0.19591322E+09  0.00000000E+00  0.00000000E+00  0.00000000E+00  0.00000000E+00  0.00000000E+00  0.10000000E-01  0.10000000E+01
 0.22002000E-09  0.24682851E-02  0.00000000E+00  0.43899612E-01  0.00000000E+00  0.00000000E+00  0.19591322E+09  0.00000000E+00  0.00000000E+00  0.00000000E+00  0.00000000E+00  0.00000000E+00  0.10000000E-01  0.10000000E+01
 0.23002000E-09  0.24682851E-02  0.00000000E+00  0.45858745E-01  0.00000000E+00  0.00000000E+00  0.19591322E+09  0.00000000E+00  0.00000000E+00  0.00000000E+00  0.00000000E+00  0.00000000E+00  0.10000000E-01  0.10000000E+01
 0.24002000E-09  0.24682851E-02  0.00000000E+00  0.47817877E-01  0.00000000E+00  0.00000000E+00  0.19591322E+09  0.00000000E+00  0.00000000E+00  0.00000000E+00  0.00000000E+00  0.00000000E+00  0.10000000E-01  0.10000000E+01
 0.25002000E-09  0.24682851E-02  0.00000000E+00  0.49777009E-01  0.00000000E+00  0.00000000E+00  0.19591322E+09  0.00000000E+00  0.00000000E+00  0.00000000E+00  0.00000000E+00  0.00000000E+00  0.10000000E-01  0.10000000E+01
 0.26002000E-09  0.24682851E-02  0.00000000E+00  0.51736141E-01  0.00000000E+00  0.00000000E+00  0.19591322E+09  0.00000000E+00  0.00000000E+00  0.00000000E+00  0.00000000E+00  0.00000000E+00  0.10000000E-01  0.10000000E+01
 0.27002000E-09  0.24682851E-02  0.00000000E+00  0.53695273E-01  0.00000000E+00  0.00000000E+00  0.19591322E+09  0.00000000E+00  0.00000000E+00  0.00000000E+00  0.00000000E+00  0.00000000E+00  0.10000000E-01  0.10000000E+01
 0.28002000E-09  0.24682851E-02  0.00000000E+00  0.55654405E-01  0.00000000E+00  0.00000000E+00  0.19591322E+09  0.00000000E+00  0.00000000E+00  0.00000000E+00  0.00000000E+00  0.00000000E+00  0.10000000E-01  0.10000000E+01
 0.29002000E-09  0.24682851E-02  0.00000000E+00  0.57613537E-01  0.00000000E+00  0.00000000E+00  0.19591322E+09  0.00000000E+00  0.00000000E+00  0.00000000E+00  0.00000000E+00  0.00000000E+00  0.10000000E-01  0.10000000E+01
 0.30000000E-09  0.24682851E-02  0.00000000E+00  0.59568751E-01  0.00000000E+00  0.00000000E+00  0.19591322E+09  0.00000000E+00  0.00000000E+00  0.00000000E+00  0.00000000E+00  0.00000000E+00  0.10000000E-01  0.10000000E+01
 0.31000000E-09  0.24682851E-02  0.00000000E+00  0.61527883E-01  0.00000000E+00  0.00000000E+00  0.19591322E+09  0.00000000E+00  0.00000000E+00  0.00000000E+00  0.00000000E+00  0.00000000E+00  0.10000000E-01  0.10000000E+01
 0.32000000E-09  0.24682851E-02  0.00000000E+00  0.63487016E-01  0.00000000E+00  0.00000000E+00  0.19591322E+09  0.00000000E+00  0.00000000E+00  0.00000000E+00  0.00000000E+00  0.00000000E+00  0.10000000E-01  0.10000000E+01
 0.33000000E-09  0.24682851E-02  0.00000000E+00  0.65446148E-01  0.00000000E+00  0.00000000E+00  0.19591322E+09  0.00000000E+00  0.00000000E+00  0.00000000E+00  0.00000000E+00  0.00000000E+00  0.10000000E-01  0.10000000E+01
 0.34000000E-09  0.24682851E-02  0.00000000E+00  0.67405280E-01  0.00000000E+00  0.00000000E+00  0.19591322E+09  0.00000000E+00  0.00000000E+00  0.00000000E+00  0.00000000E+00  0.00000000E+00  0.10000000E-01  0.10000000E+01
 0.35000000E-09  0.24682851E-02  0.00000000E+00  0.69364412E-01  0.00000000E+00  0.00000000E+00  0.19591322E+09  0.00000000E+00  0.00000000E+00  0.00000000E+00  0.00000000E+00  0.00000000E+00  0.10000000E-01  0.10000000E+01
 0.36000000E-09  0.24682851E-02  0.00000000E+00  0.71323544E-01  0.00000000E+00  0.00000000E+00  0.19591322E+09  0.00000000E+00  0.00000000E+00  0.00000000E+00  0.00000000E+00  0.00000000E+00  0.10000000E-01  0.10000000E+01
 0.37000000E-09  0.24682851E-02  0.00000000E+00  0.73282676E-01  0.00000000E+00  0.00000000E+00  0.19591322E+09  0.00000000E+00  0.00000000E+00  0.00000000E+00  0.00000000E+00  0.00000000E+00  0.10000000E-01  0.10000000E+01
 0.38000000E-09  0.24682851E-02  0.00000000E+00  0.75241809E-01  0.00000000E+00  0.00000000E+00  0.19591322E+09  0.00000000E+00  0.00000000E+00  0.00000000E+00  0.00000000E+00  0.00000000E+00  0.10000000E-01  0.10000000E+01
 0.39000000E-09  0.24682851E-02  0.00000000E+00  0.77200941E-01  0.00000000E+00  0.00000000E+00  0.19591322E+09  0.00000000E+00  0.00000000E+00  0.00000000E+00  0.00000000E+00  0.00000000E+00  0.10000000E-01  0.10000000E+01
 0.40000000E-09  0.24682851E-02  0.00000000E+00  0.79160073E-01  0.00000000E+00  0.00000000E+00  0.19591322E+09  0.00000000E+00  0.00000000E+00  0.00000000E+00  0.00000000E+00  0.00000000E+00  0.10000000E-01  0.10000000E+01
 0.41000000E-09  0.24682851E-02  0.00000000E+00  0.81119205E-01  0.00000000E+00  0.00000000E+00  0.19591322E+09  0.00000000E+00  0.00000000E+00  0.00000000E+00  0.00000000E+00  0.00000000E+00  0.10000000E-01  0.10000000E+01
 0.42000000E-09  0.24682851E-02  0.00000000E+00  0.83078337E-01  0.00000000E+00  0.00000000E+00  0.19591322E+09  0.00000000E+00  0.00000000E+00  0.00000000E+00  0.00000000E+00  0.00000000E+00  0.10000000E-01  0.10000000E+01
 0.43000000E-09  0.24682851E-02  0.00000000E+00  0.85037469E-01  0.00000000E+00  0.00000000E+00  0.19591322E+09  0.00000000E+00  0.00000000E+00  0.00000000E+00  0.00000000E+00  0.00000000E+00  0.10000000E-01  0.10000000E+01
 0.44000000E-09  0.24682851E-02  0.00000000E+00  0.86996601E-01  0.00000000E+00  0.00000000E+00  0.19591322E+09  0.00000000E+00  0.00000000E+00  0.00000000E+00  0.00000000E+00  0.00000000E+00  0.10000000E-01  0.10000000E+01
 0.45000000E-09  0.24682851E-02  0.00000000E+00  0.88955734E-01  0.00000000E+00  0.00000000E+00  0.19591322E+09  0.00000000E+00  0.00000000E+00  0.00000000E+00  0.00000000E+00  0.00000000E+00  0.10000000E-01  0.10000000E+01
 0.46000000E-09  0.24682851E-02  0.00000000E+00  0.90914866E-01  0.00000000E+00  0.00000000E+00  0.19591322E+09  0.00000000E+00  0.00000000E+00  0.00000000E+00  0.00000000E+00  0.00000000E+00  0.10000000E-01  0.10000000E+01
 0.47000000E-09  0.24682851E-02  0.00000000E+00  0.92873998E-01  0.00000000E+00  0.00000000E+00  0.19591322E+09  0.00000000E+00  0.00000000E+00  0.00000000E+00  0.00000000E+00  0.00000000E+00  0.10000000E-01  0.10000000E+01
 0.48000000E-09  0.24682851E-02  0.00000000E+00  0.94833130E-01  0.00000000E+00  0.00000000E+00  0.19591322E+09  0.00000000E+00  0.00000000E+00  0.00000000E+00  0.00000000E+00  0.00000000E+00  0.10000000E-01  0.10000000E+01
 0.49000000E-09  0.24682851E-02  0.00000000E+00  0.96792262E-01  0.00000000E+00  0.00000000E+00  0.19591322E+09  0.00000000E+00  0.00000000E+00  0.00000000E+00  0.00000000E+00  0.00000000E+00  0.10000000E-01  0.10000000E+01
 0.50000000E-09  0.24682851E-02  0.00000000E+00  0.98751394E-01  0.00000000E+00  0.00000000E+00  0.19591322E+09  0.00000000E+00  0.00000000E+00  0.00000000E+00  0.00000000E+00  0.00000000E+00  0.10000000E-01  0.10000000E+01
 0.51000000E-09  0.24682851E-02  0.00000000E+00  0.10071053E+00  0.00000000E+00  0.00000000E+00  0.19591322E+09  0.00000000E+00  0.00000000E+00  0.00000000E+00  0.00000000E+00  0.00000000E+00  0.10000000E-01  0.10000000E+01
 0.52000000E-09  0.24682851E-02  0.00000000E+00  0.10266966E+00  0.00000000E+00  0.00000000E+00  0.19591322E+09  0.00000000E+00  0.00000000E+00  0.00000000E+00  0.00000000E+00  0.00000000E+00  0.10000000E-01  0.10000000E+01
 0.53000000E-09  0.24682851E-02  0.00000000E+00  0.10462879E+00  0.00000000E+00  0.00000000E+00  0.19591322E+09  0.00000000E+00  0.00000000E+00  0.00000000E+00  0.00000000E+00  0.00000000E+00  0.10000000E-01  0.10000000E+01
 0.54000000E-09  0.24682851E-02  0.00000000E+00  0.10658792E+00  0.00000000E+00  0.00000000E+00  0.19591322E+09  0.00000000E+00  0.00000000E+00  0.00000000E+00  0.00000000E+00  0.00000000E+00  0.10000000E-01  0.10000000E+01
 0.55002000E-09  0.24682851E-02  0.00000000E+00  0.10855097E+00  0.00000000E+00  0.00000000E+00  0.19591322E+09  0.00000000E+00  0.00000000E+00  0.00000000E+00  0.00000000E+00  0.00000000E+00  0.10000000E-01  0.10000000E+01
 0.56002000E-09  0.24682851E-02  0.00000000E+00  0.11051011E+00  0.00000000E+00  0.00000000E+00  0.19591322E+09  0.00000000E+00  0.00000000E+00  0.00000000E+00  0.00000000E+00  0.00000000E+00  0.10000000E-01  0.10000000E+01
 0.57002000E-09  0.24682851E-02  0.00000000E+00  0.11246924E+00  0.00000000E+00  0.00000000E+00  0.19591322E+09  0.00000000E+00  0.00000000E+00  0.00000000E+00  0.00000000E+00  0.00000000E+00  0.10000000E-01  0.10000000E+01
 0.58002000E-09  0.24682851E-02  0.00000000E+00  0.11442837E+00  0.00000000E+00  0.00000000E+00  0.19591322E+09  0.00000000E+00  0.00000000E+00  0.00000000E+00  0.00000000E+00  0.00000000E+00  0.10000000E-01  0.10000000E+01
 0.59002000E-09  0.24682851E-02  0.00000000E+00  0.11638750E+00  0.00000000E+00  0.00000000E+00  0.19591322E+09  0.00000000E+00  0.00000000E+00  0.00000000E+00  0.00000000E+00  0.00000000E+00  0.10000000E-01  0.10000000E+01
 0.60002000E-09  0.24682851E-02  0.00000000E+00  0.11834663E+00  0.00000000E+00  0.00000000E+00  0.19591322E+09  0.00000000E+00  0.00000000E+00  0.00000000E+00  0.00000000E+00  0.00000000E+00  0.10000000E-01  0.10000000E+01
 0.61002000E-09  0.24682851E-02  0.00000000E+00  0.12030577E+00  0.00000000E+00  0.00000000E+00  0.19591322E+09  0.00000000E+00  0.00000000E+00  0.00000000E+00  0.00000000E+00  0.00000000E+00  0.10000000E-01  0.10000000E+01
 0.62002000E-09  0.24682851E-02  0.00000000E+00  0.12226490E+00  0.00000000E+00  0.00000000E+00  0.19591322E+09  0.00000000E+00  0.00000000E+00  0.00000000E+00  0.00000000E+00  0.00000000E+00  0.10000000E-01  0.10000000E+01
 0.63002000E-09  0.24682851E-02  0.00000000E+00  0.12422403E+00  0.00000000E+00  0.00000000E+00  0.19591322E+09  0.00000000E+00  0.00000000E+00  0.00000000E+00  0.00000000E+00  0.00000000E+00  0.10000000E-01  0.10000000E+01
 0.64002000E-09  0.24682851E-02  0.00000000E+00  0.12618316E+00  0.00000000E+00  0.00000000E+00  0.19591322E+09  0.00000000E+00  0.00000000E+00  0.00000000E+00  0.00000000E+00  0.00000000E+00  0.10000000E-01  0.10000000E+01
 0.65002000E-09  0.24682851E-02  0.00000000E+00  0.12814229E+00  0.00000000E+00  0.00000000E+00  0.19591322E+09  0.00000000E+00  0.00000000E+00  0.00000000E+00  0.00000000E+00  0.00000000E+00  0.10000000E-01  0.10000000E+01
 0.66002000E-09  0.24682851E-02  0.00000000E+00  0.13010143E+00  0.00000000E+00  0.00000000E+00  0.19591322E+09  0.00000000E+00  0.00000000E+00  0.00000000E+00  0.00000000E+00  0.00000000E+00  0.10000000E-01  0.10000000E+01
 0.67002000E-09  0.24682851E-02  0.00000000E+00  0.13206056E+00  0.00000000E+00  0.00000000E+00  0.19591322E+09  0.00000000E+00  0.00000000E+00  0.00000000E+00  0.00000000E+00  0.00000000E+00  0.10000000E-01  0.10000000E+01
 0.68002000E-09  0.24682851E-02  0.00000000E+00  0.13401969E+00  0.00000000E+00  0.00000000E+00  0.19591322E+09  0.00000000E+00  0.00000000E+00  0.00000000E+00  0.00000000E+00  0.00000000E+00  0.10000000E-01  0.10000000E+01
 0.69002000E-09  0.24682851E-02  0.00000000E+00  0.13597882E+00  0.00000000E+00  0.00000000E+00  0.19591322E+09  0.00000000E+00  0.00000000E+00  0.00000000E+00  0.00000000E+00  0.00000000E+00  0.10000000E-01  0.10000000E+01
 0.70002000E-09  0.24682851E-02  0.00000000E+00  0.13793796E+00  0.00000000E+00  0.00000000E+00  0.19591322E+09  0.00000000E+00  0.00000000E+00  0.00000000E+00  0.00000000E+00  0.00000000E+00  0.10000000E-01  0.10000000E+01
 0.71002000E-09  0.24682851E-02  0.00000000E+00  0.13989709E+00  0.00000000E+00  0.00000000E+00  0.19591322E+09  0.00000000E+00  0.00000000E+00  0.00000000E+00  0.00000000E+00  0.00000000E+00  0.10000000E-01  0.10000000E+01
 0.72002000E-09  0.24682851E-02  0.00000000E+00  0.14185622E+00  0.00000000E+00  0.00000000E+00  0.19591322E+09  0.00000000E+00  0.00000000E+00  0.00000000E+00  0.00000000E+00  0.00000000E+00  0.10000000E-01  0.10000000E+01
 0.73002000E-09  0.24682851E-02  0.00000000E+00  0.14381535E+00  0.00000000E+00  0.00000000E+00  0.19591322E+09  0.00000000E+00  0.00000000E+00  0.00000000E+00  0.00000000E+00  0.00000000E+00  0.10000000E-01  0.10000000E+01
 0.74002000E-09  0.24682851E-02  0.00000000E+00  0.14577448E+00  0.00000000E+00  0.00000000E+00  0.19591322E+09  0.00000000E+00  0.00000000E+00  0.00000000E+00  0.00000000E+00  0.00000000E+00  0.10000000E-01  0.10000000E+01
 0.75002000E-09  0.24682851E-02  0.00000000E+00  0.14773362E+00  0.00000000E+00  0.00000000E+00  0.19591322E+09  0.00000000E+00  0.00000000E+00  0.00000000E+00  0.00000000E+00  0.00000000E+00  0.10000000E-01  0.10000000E+01
 0.76002000E-09  0.24682851E-02  0.00000000E+00  0.14969275E+00  0.00000000E+00  0.00000000E+00  0.19591322E+09  0.00000000E+00  0.00000000E+00  0.00000000E+00  0.00000000E+00  0.00000000E+00  0.10000000E-01  0.10000000E+01
 0.77002000E-09  0.24682851E-02  0.00000000E+00  0.15165188E+00  0.00000000E+00  0.00000000E+00  0.19591322E+09  0.00000000E+00  0.00000000E+00  0.00000000E+00  0.00000000E+00  0.00000000E+00  0.10000000E-01  0.10000000E+01
 0.78002000E-09  0.24682851E-02  0.00000000E+00  0.15361101E+00  0.00000000E+00  0.00000000E+00  0.19591322E+09  0.00000000E+00  0.00000000E+00  0.00000000E+00  0.00000000E+00  0.00000000E+00  0.10000000E-01  0.10000000E+01
 0.79002000E-09  0.24682851E-02  0.00000000E+00  0.15557014E+00  0.00000000E+00  0.00000000E+00  0.19591322E+09  0.00000000E+00  0.00000000E+00  0.00000000E+00  0.00000000E+00  0.00000000E+00  0.10000000E-01  0.10000000E+01
 0.80002000E-09  0.24682851E-02  0.00000000E+00  0.15752928E+00  0.00000000E+00  0.00000000E+00  0.19591322E+09  0.00000000E+00  0.00000000E+00  0.00000000E+00  0.00000000E+00  0.00000000E+00  0.10000000E-01  0.10000000E+01
 0.81002000E-09  0.24682851E-02  0.00000000E+00  0.15948841E+00  0.00000000E+00  0.00000000E+00  0.19591322E+09  0.00000000E+00  0.00000000E+00  0.00000000E+00  0.00000000E+00  0.00000000E+00  0.10000000E-01  0.10000000E+01
 0.82002000E-09  0.24682851E-02  0.00000000E+00  0.16144754E+00  0.00000000E+00  0.00000000E+00  0.19591322E+09  0.00000000E+00  0.00000000E+00  0.00000000E+00  0.00000000E+00  0.00000000E+00  0.10000000E-01  0.10000000E+01
 0.83002000E-09  0.24682851E-02  0.00000000E+00  0.16340667E+00  0.00000000E+00  0.00000000E+00  0.19591322E+09  0.00000000E+00  0.00000000E+00  0.00000000E+00  0.00000000E+00  0.00000000E+00  0.10000000E-01  0.10000000E+01
 0.84002000E-09  0.24682851E-02  0.00000000E+00  0.16536581E+00  0.00000000E+00  0.00000000E+00  0.19591322E+09  0.00000000E+00  0.00000000E+00  0.00000000E+00  0.00000000E+00  0.00000000E+00  0.10000000E-01  0.10000000E+01
 0.85002000E-09  0.24682851E-02  0.00000000E+00  0.16732494E+00  0.00000000E+00  0.00000000E+00  0.19591322E+09  0.00000000E+00  0.00000000E+00  0.00000000E+00  0.00000000E+00  0.00000000E+00  0.10000000E-01  0.10000000E+01
 0.86002000E-09  0.24682851E-02  0.00000000E+00  0.16928407E+00  0.00000000E+00  0.00000000E+00  0.19591322E+09  0.00000000E+00  0.00000000E+00  0.00000000E+00  0.00000000E+00  0.00000000E+00  0.10000000E-01  0.10000000E+01
 0.87002000E-09  0.24682851E-02  0.00000000E+00  0.17124320E+00  0.00000000E+00  0.00000000E+00  0.19591322E+09  0.00000000E+00  0.00000000E+00  0.00000000E+00  0.00000000E+00  0.00000000E+00  0.10000000E-01  0.10000000E+01
 0.88002000E-09  0.24682851E-02  0.00000000E+00  0.17320233E+00  0.00000000E+00  0.00000000E+00  0.19591322E+09  0.00000000E+00  0.00000000E+00  0.00000000E+00  0.00000000E+00  0.00000000E+00  0.10000000E-01  0.10000000E+01
 0.89002000E-09  0.24682851E-02  0.00000000E+00  0.17516147E+00  0.00000000E+00  0.00000000E+00  0.19591322E+09  0.00000000E+00  0.00000000E+00  0.00000000E+00  0.00000000E+00  0.00000000E+00  0.10000000E-01  0.10000000E+01
 0.90002000E-09  0.24682851E-02  0.00000000E+00  0.17712060E+00  0.00000000E+00  0.00000000E+00  0.19591322E+09  0.00000000E+00  0.00000000E+00  0.00000000E+00  0.00000000E+00  0.00000000E+00  0.10000000E-01  0.10000000E+01
 0.91002000E-09  0.24682851E-02  0.00000000E+00  0.17907973E+00  0.00000000E+00  0.00000000E+00  0.19591322E+09  0.00000000E+00  0.00000000E+00  0.00000000E+00  0.00000000E+00  0.00000000E+00  0.10000000E-01  0.10000000E+01
 0.92002000E-09  0.24682851E-02  0.00000000E+00  0.18103886E+00  0.00000000E+00  0.00000000E+00  0.19591322E+09  0.00000000E+00  0.00000000E+00  0.00000000E+00  0.00000000E+00  0.00000000E+00  0.10000000E-01  0.10000000E+01
 0.93002000E-09  0.24682851E-02  0.00000000E+00  0.18299800E+00  0.00000000E+00  0.00000000E+00  0.19591322E+09  0.00000000E+00  0.00000000E+00  0.00000000E+00  0.00000000E+00  0.00000000E+00  0.10000000E-01  0.10000000E+01
 0.94002000E-09  0.24682851E-02  0.00000000E+00  0.18495713E+00  0.00000000E+00  0.00000000E+00  0.19591322E+09  0.00000000E+00  0.00000000E+00  0.00000000E+00  0.00000000E+00  0.00000000E+00  0.10000000E-01  0.10000000E+01
 0.95002000E-09  0.24682851E-02  0.00000000E+00  0.18691626E+00  0.00000000E+00  0.00000000E+00  0.19591322E+09  0.00000000E+00  0.00000000E+00  0.00000000E+00  0.00000000E+00  0.00000000E+00  0.10000000E-01  0.10000000E+01
 0.96002000E-09  0.24682851E-02  0.00000000E+00  0.18887539E+00  0.00000000E+00  0.00000000E+00  0.19591322E+09  0.00000000E+00  0.00000000E+00  0.00000000E+00  0.00000000E+00  0.00000000E+00  0.10000000E-01  0.10000000E+01
 0.97002000E-09  0.24682851E-02  0.00000000E+00  0.19083452E+00  0.00000000E+00  0.00000000E+00  0.19591322E+09  0.00000000E+00  0.00000000E+00  0.00000000E+00  0.00000000E+00  0.00000000E+00  0.10000000E-01  0.10000000E+01
 0.98002000E-09  0.24682851E-02  0.00000000E+00  0.19279366E+00  0.00000000E+00  0.00000000E+00  0.19591322E+09  0.00000000E+00  0.00000000E+00  0.00000000E+00  0.00000000E+00  0.00000000E+00  0.10000000E-01  0.10000000E+01
 0.99002000E-09  0.24682851E-02  0.00000000E+00  0.19475279E+00  0.00000000E+00  0.00000000E+00  0.19591322E+09  0.00000000E+00  0.00000000E+00  0.00000000E+00  0.00000000E+00  0.00000000E+00  0.10000000E-01  0.10000000E+01
 0.10000200E-08  0.24682851E-02  0.00000000E+00  0.19671192E+00  0.00000000E+00  0.00000000E+00  0.19591322E+09  0.00000000E+00  0.00000000E+00  0.00000000E+00  0.00000000E+00  0.00000000E+00  0.10000000E-01  0.10000000E+01
 0.10100200E-08  0.24682851E-02  0.00000000E+00  0.19867105E+00  0.00000000E+00  0.00000000E+00  0.19591322E+09  0.00000000E+00  0.00000000E+00  0.00000000E+00  0.00000000E+00  0.00000000E+00  0.10000000E-01  0.10000000E+01
 0.10200200E-08  0.24682851E-02  0.00000000E+00  0.20063018E+00  0.00000000E+00  0.00000000E+00  0.19591322E+09  0.00000000E+00  0.00000000E+00  0.00000000E+00  0.00000000E+00  0.00000000E+00  0.10000000E-01  0.10000000E+01
 0.10300200E-08  0.24682851E-02  0.00000000E+00  0.20258932E+00  0.00000000E+00  0.00000000E+00  0.19591322E+09  0.00000000E+00  0.00000000E+00  0.00000000E+00  0.00000000E+00  0.00000000E+00  0.10000000E-01  0.10000000E+01
 0.10400200E-08  0.24682851E-02  0.00000000E+00  0.20454845E+00  0.00000000E+00  0.00000000E+00  0.19591322E+09  0.00000000E+00  0.00000000E+00  0.00000000E+00  0.00000000E+00  0.00000000E+00  0.10000000E-01  0.10000000E+01
 0.10500200E-08  0.24682851E-02  0.00000000E+00  0.20650758E+00  0.00000000E+00  0.00000000E+00  0.19591322E+09  0.00000000E+00  0.00000000E+00  0.00000000E+00  0.00000000E+00  0.00000000E+00  0.10000000E-01  0.10000000E+01
 0.10600200E-08  0.24682851E-02  0.00000000E+00  0.20846671E+00  0.00000000E+00  0.00000000E+00  0.19591322E+09  0.00000000E+00  0.00000000E+00  0.00000000E+00  0.00000000E+00  0.00000000E+00  0.10000000E-01  0.10000000E+01
 0.10700200E-08  0.24682851E-02  0.00000000E+00  0.21042585E+00  0.00000000E+00  0.00000000E+00  0.19591322E+09  0.00000000E+00  0.00000000E+00  0.00000000E+00  0.00000000E+00  0.00000000E+00  0.10000000E-01  0.10000000E+01
 0.10800200E-08  0.24682851E-02  0.00000000E+00  0.21238498E+00  0.00000000E+00  0.00000000E+00  0.19591322E+09  0.00000000E+00  0.00000000E+00  0.00000000E+00  0.00000000E+00  0.00000000E+00  0.10000000E-01  0.10000000E+01
 0.10900200E-08  0.24682851E-02  0.00000000E+00  0.21434411E+00  0.00000000E+00  0.00000000E+00  0.19591322E+09  0.00000000E+00  0.00000000E+00  0.00000000E+00  0.00000000E+00  0.00000000E+00  0.10000000E-01  0.10000000E+01
 0.11000200E-08  0.24682851E-02  0.00000000E+00  0.21630324E+00  0.00000000E+00  0.00000000E+00  0.19591322E+09  0.00000000E+00  0.00000000E+00  0.00000000E+00  0.00000000E+00  0.00000000E+00  0.10000000E-01  0.10000000E+01
 0.11100200E-08  0.24682851E-02  0.00000000E+00  0.21826237E+00  0.00000000E+00  0.00000000E+00  0.19591322E+09  0.00000000E+00  0.00000000E+00  0.00000000E+00  0.00000000E+00  0.00000000E+00  0.10000000E-01  0.10000000E+01
 0.11200200E-08  0.24682851E-02  0.00000000E+00  0.22022151E+00  0.00000000E+00  0.00000000E+00  0.19591322E+09  0.00000000E+00  0.00000000E+00  0.00000000E+00  0.00000000E+00  0.00000000E+00  0.10000000E-01  0.10000000E+01
 0.11300200E-08  0.24682851E-02  0.00000000E+00  0.22218064E+00  0.00000000E+00  0.00000000E+00  0.19591322E+09  0.00000000E+00  0.00000000E+00  0.00000000E+00  0.00000000E+00  0.00000000E+00  0.10000000E-01  0.10000000E+01
 0.11400200E-08  0.24682851E-02  0.00000000E+00  0.22413977E+00  0.00000000E+00  0.00000000E+00  0.19591322E+09  0.00000000E+00  0.00000000E+00  0.00000000E+00  0.00000000E+00  0.00000000E+00  0.10000000E-01  0.10000000E+01
 0.11500200E-08  0.24682851E-02  0.00000000E+00  0.22609890E+00  0.00000000E+00  0.00000000E+00  0.19591322E+09  0.00000000E+00  0.00000000E+00  0.00000000E+00  0.00000000E+00  0.00000000E+00  0.10000000E-01  0.10000000E+01
 0.11600200E-08  0.24682851E-02  0.00000000E+00  0.22805803E+00  0.00000000E+00  0.00000000E+00  0.19591322E+09  0.00000000E+00  0.00000000E+00  0.00000000E+00  0.00000000E+00  0.00000000E+00  0.10000000E-01  0.10000000E+01
 0.11700200E-08  0.24682851E-02  0.00000000E+00  0.23001717E+00  0.00000000E+00  0.00000000E+00  0.19591322E+09  0.00000000E+00  0.00000000E+00  0.00000000E+00  0.00000000E+00  0.00000000E+00  0.10000000E-01  0.10000000E+01
 0.11800200E-08  0.24682851E-02  0.00000000E+00  0.23197630E+00  0.00000000E+00  0.00000000E+00  0.19591322E+09  0.00000000E+00  0.00000000E+00  0.00000000E+00  0.00000000E+00  0.00000000E+00  0.10000000E-01  0.10000000E+01
 0.11900200E-08  0.24682851E-02  0.00000000E+00  0.23393543E+00  0.00000000E+00  0.00000000E+00  0.19591322E+09  0.00000000E+00  0.00000000E+00  0.00000000E+00  0.00000000E+00  0.00000000E+00  0.10000000E-01  0.10000000E+01
 0.12000200E-08  0.24682851E-02  0.00000000E+00  0.23589456E+00  0.00000000E+00  0.00000000E+00  0.19591322E+09  0.00000000E+00  0.00000000E+00  0.00000000E+00  0.00000000E+00  0.00000000E+00  0.10000000E-01  0.10000000E+01
 0.12100200E-08  0.24682851E-02  0.00000000E+00  0.23785370E+00  0.00000000E+00  0.00000000E+00  0.19591322E+09  0.00000000E+00  0.00000000E+00  0.00000000E+00  0.00000000E+00  0.00000000E+00  0.10000000E-01  0.10000000E+01
 0.12200200E-08  0.24682851E-02  0.00000000E+00  0.23981283E+00  0.00000000E+00  0.00000000E+00  0.19591322E+09  0.00000000E+00  0.00000000E+00  0.00000000E+00  0.00000000E+00  0.00000000E+00  0.10000000E-01  0.10000000E+01
 0.12300200E-08  0.24682851E-02  0.00000000E+00  0.24177196E+00  0.00000000E+00  0.00000000E+00  0.19591322E+09  0.00000000E+00  0.00000000E+00  0.00000000E+00  0.00000000E+00  0.00000000E+00  0.10000000E-01  0.10000000E+01
 0.12400200E-08  0.24682851E-02  0.00000000E+00  0.24373109E+00  0.00000000E+00  0.00000000E+00  0.19591322E+09  0.00000000E+00  0.00000000E+00  0.00000000E+00  0.00000000E+00  0.00000000E+00  0.10000000E-01  0.10000000E+01
 0.12500200E-08  0.24682851E-02  0.00000000E+00  0.24569022E+00  0.00000000E+00  0.00000000E+00  0.19591322E+09  0.00000000E+00  0.00000000E+00  0.00000000E+00  0.00000000E+00  0.00000000E+00  0.10000000E-01  0.10000000E+01
 0.12600200E-08  0.24682851E-02  0.00000000E+00  0.24764936E+00  0.00000000E+00  0.00000000E+00  0.19591322E+09  0.00000000E+00  0.00000000E+00  0.00000000E+00  0.00000000E+00  0.00000000E+00  0.10000000E-01  0.10000000E+01
 0.12700200E-08  0.24682851E-02  0.00000000E+00  0.24960849E+00  0.00000000E+00  0.00000000E+00  0.19591322E+09  0.00000000E+00  0.00000000E+00  0.00000000E+00  0.00000000E+00  0.00000000E+00  0.10000000E-01  0.10000000E+01
 0.12800200E-08  0.24682851E-02  0.00000000E+00  0.25156762E+00  0.00000000E+00  0.00000000E+00  0.19591322E+09  0.00000000E+00  0.00000000E+00  0.00000000E+00  0.00000000E+00  0.00000000E+00  0.10000000E-01  0.10000000E+01
 0.12900200E-08  0.24682851E-02  0.00000000E+00  0.25352675E+00  0.00000000E+00  0.00000000E+00  0.19591322E+09  0.00000000E+00  0.00000000E+00  0.00000000E+00  0.00000000E+00  0.00000000E+00  0.10000000E-01  0.10000000E+01
 0.13000200E-08  0.24682851E-02  0.00000000E+00  0.25548588E+00  0.00000000E+00  0.00000000E+00  0.19591322E+09  0.00000000E+00  0.00000000E+00  0.00000000E+00  0.00000000E+00  0.00000000E+00  0.10000000E-01  0.10000000E+01
 0.13100200E-08  0.24682851E-02  0.00000000E+00  0.25744502E+00  0.00000000E+00  0.00000000E+00  0.19591322E+09  0.00000000E+00  0.00000000E+00  0.00000000E+00  0.00000000E+00  0.00000000E+00  0.10000000E-01  0.10000000E+01
 0.13200200E-08  0.24682851E-02  0.00000000E+00  0.25940415E+00  0.00000000E+00  0.00000000E+00  0.19591322E+09  0.00000000E+00  0.00000000E+00  0.00000000E+00  0.00000000E+00  0.00000000E+00  0.10000000E-01  0.10000000E+01
 0.13300200E-08  0.24682851E-02  0.00000000E+00  0.26136328E+00  0.00000000E+00  0.00000000E+00  0.19591322E+09  0.00000000E+00  0.00000000E+00  0.00000000E+00  0.00000000E+00  0.00000000E+00  0.10000000E-01  0.10000000E+01
 0.13400200E-08  0.24682851E-02  0.00000000E+00  0.26332241E+00  0.00000000E+00  0.00000000E+00  0.19591322E+09  0.00000000E+00  0.00000000E+00  0.00000000E+00  0.00000000E+00  0.00000000E+00  0.10000000E-01  0.10000000E+01
 0.13500200E-08  0.24682851E-02  0.00000000E+00  0.26528155E+00  0.00000000E+00  0.00000000E+00  0.19591322E+09  0.00000000E+00  0.00000000E+00  0.00000000E+00  0.00000000E+00  0.00000000E+00  0.10000000E-01  0.10000000E+01
 0.13600200E-08  0.24682851E-02  0.00000000E+00  0.26724068E+00  0.00000000E+00  0.00000000E+00  0.19591322E+09  0.00000000E+00  0.00000000E+00  0.00000000E+00  0.00000000E+00  0.00000000E+00  0.10000000E-01  0.10000000E+01
 0.13700200E-08  0.24682851E-02  0.00000000E+00  0.26919981E+00  0.00000000E+00  0.00000000E+00  0.19591322E+09  0.00000000E+00  0.00000000E+00  0.00000000E+00  0.00000000E+00  0.00000000E+00  0.10000000E-01  0.10000000E+01
 0.13800200E-08  0.24682851E-02  0.00000000E+00  0.27115894E+00  0.00000000E+00  0.00000000E+00  0.19591322E+09  0.00000000E+00  0.00000000E+00  0.00000000E+00  0.00000000E+00  0.00000000E+00  0.10000000E-01  0.10000000E+01
 0.13900200E-08  0.24682851E-02  0.00000000E+00  0.27311807E+00  0.00000000E+00  0.00000000E+00  0.19591322E+09  0.00000000E+00  0.00000000E+00  0.00000000E+00  0.00000000E+00  0.00000000E+00  0.10000000E-01  0.10000000E+01
 0.14000200E-08  0.24682851E-02  0.00000000E+00  0.27507721E+00  0.00000000E+00  0.00000000E+00  0.19591322E+09  0.00000000E+00  0.00000000E+00  0.00000000E+00  0.00000000E+00  0.00000000E+00  0.10000000E-01  0.10000000E+01
 0.14100200E-08  0.24682851E-02  0.00000000E+00  0.27703634E+00  0.00000000E+00  0.00000000E+00  0.19591322E+09  0.00000000E+00  0.00000000E+00  0.00000000E+00  0.00000000E+00  0.00000000E+00  0.10000000E-01  0.10000000E+01
 0.14200200E-08  0.24682851E-02  0.00000000E+00  0.27899547E+00  0.00000000E+00  0.00000000E+00  0.19591322E+09  0.00000000E+00  0.00000000E+00  0.00000000E+00  0.00000000E+00  0.00000000E+00  0.10000000E-01  0.10000000E+01
 0.14300200E-08  0.24682851E-02  0.00000000E+00  0.28095460E+00  0.00000000E+00  0.00000000E+00  0.19591322E+09  0.00000000E+00  0.00000000E+00  0.00000000E+00  0.00000000E+00  0.00000000E+00  0.10000000E-01  0.10000000E+01
 0.14400200E-08  0.24682851E-02  0.00000000E+00  0.28291373E+00  0.00000000E+00  0.00000000E+00  0.19591322E+09  0.00000000E+00  0.00000000E+00  0.00000000E+00  0.00000000E+00  0.00000000E+00  0.10000000E-01  0.10000000E+01
 0.14500200E-08  0.24682851E-02  0.00000000E+00  0.28487287E+00  0.00000000E+00  0.00000000E+00  0.19591322E+09  0.00000000E+00  0.00000000E+00  0.00000000E+00  0.00000000E+00  0.00000000E+00  0.10000000E-01  0.10000000E+01
 0.14600200E-08  0.24682851E-02  0.00000000E+00  0.28683200E+00  0.00000000E+00  0.00000000E+00  0.19591322E+09  0.00000000E+00  0.00000000E+00  0.00000000E+00  0.00000000E+00  0.00000000E+00  0.10000000E-01  0.10000000E+01
 0.14700200E-08  0.24682851E-02  0.00000000E+00  0.28879113E+00  0.00000000E+00  0.00000000E+00  0.19591322E+09  0.00000000E+00  0.00000000E+00  0.00000000E+00  0.00000000E+00  0.00000000E+00  0.10000000E-01  0.10000000E+01
 0.14800200E-08  0.24682851E-02  0.00000000E+00  0.29075026E+00  0.00000000E+00  0.00000000E+00  0.19591322E+09  0.00000000E+00  0.00000000E+00  0.00000000E+00  0.00000000E+00  0.00000000E+00  0.10000000E-01  0.10000000E+01
 0.14900200E-08  0.24682851E-02  0.00000000E+00  0.29270940E+00  0.00000000E+00  0.00000000E+00  0.19591322E+09  0.00000000E+00  0.00000000E+00  0.00000000E+00  0.00000000E+00  0.00000000E+00  0.10000000E-01  0.10000000E+01
 0.15000200E-08  0.24682851E-02  0.00000000E+00  0.29466853E+00  0.00000000E+00  0.00000000E+00  0.19591322E+09  0.00000000E+00  0.00000000E+00  0.00000000E+00  0.00000000E+00  0.00000000E+00  0.10000000E-01  0.10000000E+01
 0.15100200E-08  0.24682851E-02  0.00000000E+00  0.29662766E+00  0.00000000E+00  0.00000000E+00  0.19591322E+09  0.00000000E+00  0.00000000E+00  0.00000000E+00  0.00000000E+00  0.00000000E+00  0.10000000E-01  0.10000000E+01
 0.15200200E-08  0.24682851E-02  0.00000000E+00  0.29858679E+00  0.00000000E+00  0.00000000E+00  0.19591322E+09  0.00000000E+00  0.00000000E+00  0.00000000E+00  0.00000000E+00  0.00000000E+00  0.10000000E-01  0.10000000E+01
 0.15300200E-08  0.24682851E-02  0.00000000E+00  0.30054592E+00  0.00000000E+00  0.00000000E+00  0.19591322E+09  0.00000000E+00  0.00000000E+00  0.00000000E+00  0.00000000E+00  0.00000000E+00  0.10000000E-01  0.10000000E+01
 0.15400200E-08  0.24682851E-02  0.00000000E+00  0.30250506E+00  0.00000000E+00  0.00000000E+00  0.19591322E+09  0.00000000E+00  0.00000000E+00  0.00000000E+00  0.00000000E+00  0.00000000E+00  0.10000000E-01  0.10000000E+01
 0.15500200E-08  0.24682851E-02  0.00000000E+00  0.30446419E+00  0.00000000E+00  0.00000000E+00  0.19591322E+09  0.00000000E+00  0.00000000E+00  0.00000000E+00  0.00000000E+00  0.00000000E+00  0.10000000E-01  0.10000000E+01
 0.15600200E-08  0.24682851E-02  0.00000000E+00  0.30642332E+00  0.00000000E+00  0.00000000E+00  0.19591322E+09  0.00000000E+00  0.00000000E+00  0.00000000E+00  0.00000000E+00  0.00000000E+00  0.10000000E-01  0.10000000E+01
 0.15700200E-08  0.24682851E-02  0.00000000E+00  0.30838245E+00  0.00000000E+00  0.00000000E+00  0.19591322E+09  0.00000000E+00  0.00000000E+00  0.00000000E+00  0.00000000E+00  0.00000000E+00  0.10000000E-01  0.10000000E+01
 0.15800200E-08  0.24682851E-02  0.00000000E+00  0.31034158E+00  0.00000000E+00  0.00000000E+00  0.19591322E+09  0.00000000E+00  0.00000000E+00  0.00000000E+00  0.00000000E+00  0.00000000E+00  0.10000000E-01  0.10000000E+01
 0.15900200E-08  0.24682851E-02  0.00000000E+00  0.31230072E+00  0.00000000E+00  0.00000000E+00  0.19591322E+09  0.00000000E+00  0.00000000E+00  0.00000000E+00  0.00000000E+00  0.00000000E+00  0.10000000E-01  0.10000000E+01
 0.16000200E-08  0.24682851E-02  0.00000000E+00  0.31425985E+00  0.00000000E+00  0.00000000E+00  0.19591322E+09  0.00000000E+00  0.00000000E+00  0.00000000E+00  0.00000000E+00  0.00000000E+00  0.10000000E-01  0.10000000E+01
 0.16100200E-08  0.24682851E-02  0.00000000E+00  0.31621898E+00  0.00000000E+00  0.00000000E+00  0.19591322E+09  0.00000000E+00  0.00000000E+00  0.00000000E+00  0.00000000E+00  0.00000000E+00  0.10000000E-01  0.10000000E+01
 0.16200200E-08  0.24682851E-02  0.00000000E+00  0.31817811E+00  0.00000000E+00  0.00000000E+00  0.19591322E+09  0.00000000E+00  0.00000000E+00  0.00000000E+00  0.00000000E+00  0.00000000E+00  0.10000000E-01  0.10000000E+01
 0.16300200E-08  0.24682851E-02  0.00000000E+00  0.32013725E+00  0.00000000E+00  0.00000000E+00  0.19591322E+09  0.00000000E+00  0.00000000E+00  0.00000000E+00  0.00000000E+00  0.00000000E+00  0.10000000E-01  0.10000000E+01
 0.16400200E-08  0.24682851E-02  0.00000000E+00  0.32209638E+00  0.00000000E+00  0.00000000E+00  0.19591322E+09  0.00000000E+00  0.00000000E+00  0.00000000E+00  0.00000000E+00  0.00000000E+00  0.10000000E-01  0.10000000E+01
 0.16500200E-08  0.24682851E-02  0.00000000E+00  0.32405551E+00  0.00000000E+00  0.00000000E+00  0.19591322E+09  0.00000000E+00  0.00000000E+00  0.00000000E+00  0.00000000E+00  0.00000000E+00  0.10000000E-01  0.10000000E+01
 0.16600200E-08  0.24682851E-02  0.00000000E+00  0.32601464E+00  0.00000000E+00  0.00000000E+00  0.19591322E+09  0.00000000E+00  0.00000000E+00  0.00000000E+00  0.00000000E+00  0.00000000E+00  0.10000000E-01  0.10000000E+01
 0.16700200E-08  0.24682851E-02  0.00000000E+00  0.32797377E+00  0.00000000E+00  0.00000000E+00  0.19591322E+09  0.00000000E+00  0.00000000E+00  0.00000000E+00  0.00000000E+00  0.00000000E+00  0.10000000E-01  0.10000000E+01
 0.16800200E-08  0.24682851E-02  0.00000000E+00  0.32993291E+00  0.00000000E+00  0.00000000E+00  0.19591322E+09  0.00000000E+00  0.00000000E+00  0.00000000E+00  0.00000000E+00  0.00000000E+00  0.10000000E-01  0.10000000E+01
 0.16900200E-08  0.24682851E-02  0.00000000E+00  0.33189204E+00  0.00000000E+00  0.00000000E+00  0.19591322E+09  0.00000000E+00  0.00000000E+00  0.00000000E+00  0.00000000E+00  0.00000000E+00  0.10000000E-01  0.10000000E+01
 0.17000200E-08  0.24682851E-02  0.00000000E+00  0.33385117E+00  0.00000000E+00  0.00000000E+00  0.19591322E+09  0.00000000E+00  0.00000000E+00  0.00000000E+00  0.00000000E+00  0.00000000E+00  0.10000000E-01  0.10000000E+01
 0.17100200E-08  0.24682851E-02  0.00000000E+00  0.33581030E+00  0.00000000E+00  0.00000000E+00  0.19591322E+09  0.00000000E+00  0.00000000E+00  0.00000000E+00  0.00000000E+00  0.00000000E+00  0.10000000E-01  0.10000000E+01
 0.17200200E-08  0.24682851E-02  0.00000000E+00  0.33776943E+00  0.00000000E+00  0.00000000E+00  0.19591322E+09  0.00000000E+00  0.00000000E+00  0.00000000E+00  0.00000000E+00  0.00000000E+00  0.10000000E-01  0.10000000E+01
 0.17300200E-08  0.24682851E-02  0.00000000E+00  0.33972857E+00  0.00000000E+00  0.00000000E+00  0.19591322E+09  0.00000000E+00  0.00000000E+00  0.00000000E+00  0.00000000E+00  0.00000000E+00  0.10000000E-01  0.10000000E+01
 0.17400200E-08  0.24682851E-02  0.00000000E+00  0.34168770E+00  0.00000000E+00  0.00000000E+00  0.19591322E+09  0.00000000E+00  0.00000000E+00  0.00000000E+00  0.00000000E+00  0.00000000E+00  0.10000000E-01  0.10000000E+01
 0.17500200E-08  0.24682851E-02  0.00000000E+00  0.34364683E+00  0.00000000E+00  0.00000000E+00  0.19591322E+09  0.00000000E+00  0.00000000E+00  0.00000000E+00  0.00000000E+00  0.00000000E+00  0.10000000E-01  0.10000000E+01
 0.17600200E-08  0.24682851E-02  0.00000000E+00  0.34560596E+00  0.00000000E+00  0.00000000E+00  0.19591322E+09  0.00000000E+00  0.00000000E+00  0.00000000E+00  0.00000000E+00  0.00000000E+00  0.10000000E-01  0.10000000E+01
 0.17700200E-08  0.24682851E-02  0.00000000E+00  0.34756510E+00  0.00000000E+00  0.00000000E+00  0.19591322E+09  0.00000000E+00  0.00000000E+00  0.00000000E+00  0.00000000E+00  0.00000000E+00  0.10000000E-01  0.10000000E+01
 0.17800200E-08  0.24682851E-02  0.00000000E+00  0.34952423E+00  0.00000000E+00  0.00000000E+00  0.19591322E+09  0.00000000E+00  0.00000000E+00  0.00000000E+00  0.00000000E+00  0.00000000E+00  0.10000000E-01  0.10000000E+01
 0.17900200E-08  0.24682851E-02  0.00000000E+00  0.35148336E+00  0.00000000E+00  0.00000000E+00  0.19591322E+09  0.00000000E+00  0.00000000E+00  0.00000000E+00  0.00000000E+00  0.00000000E+00  0.10000000E-01  0.10000000E+01
 0.18000200E-08  0.24682851E-02  0.00000000E+00  0.35344249E+00  0.00000000E+00  0.00000000E+00  0.19591322E+09  0.00000000E+00  0.00000000E+00  0.00000000E+00  0.00000000E+00  0.00000000E+00  0.10000000E-01  0.10000000E+01
 0.18100200E-08  0.24682851E-02  0.00000000E+00  0.35540162E+00  0.00000000E+00  0.00000000E+00  0.19591322E+09  0.00000000E+00  0.00000000E+00  0.00000000E+00  0.00000000E+00  0.00000000E+00  0.10000000E-01  0.10000000E+01
 0.18200200E-08  0.24682851E-02  0.00000000E+00  0.35736076E+00  0.00000000E+00  0.00000000E+00  0.19591322E+09  0.00000000E+00  0.00000000E+00  0.00000000E+00  0.00000000E+00  0.00000000E+00  0.10000000E-01  0.10000000E+01
 0.18300200E-08  0.24682851E-02  0.00000000E+00  0.35931989E+00  0.00000000E+00  0.00000000E+00  0.19591322E+09  0.00000000E+00  0.00000000E+00  0.00000000E+00  0.00000000E+00  0.00000000E+00  0.10000000E-01  0.10000000E+01
 0.18400200E-08  0.24682851E-02  0.00000000E+00  0.36127902E+00  0.00000000E+00  0.00000000E+00  0.19591322E+09  0.00000000E+00  0.00000000E+00  0.00000000E+00  0.00000000E+00  0.00000000E+00  0.10000000E-01  0.10000000E+01
 0.18500200E-08  0.24682851E-02  0.00000000E+00  0.36323815E+00  0.00000000E+00  0.00000000E+00  0.19591322E+09  0.00000000E+00  0.00000000E+00  0.00000000E+00  0.00000000E+00  0.00000000E+00  0.10000000E-01  0.10000000E+01
 0.18600200E-08  0.24682851E-02  0.00000000E+00  0.36519729E+00  0.00000000E+00  0.00000000E+00  0.19591322E+09  0.00000000E+00  0.00000000E+00  0.00000000E+00  0.00000000E+00  0.00000000E+00  0.10000000E-01  0.10000000E+01
 0.18700200E-08  0.24682851E-02  0.00000000E+00  0.36715642E+00  0.00000000E+00  0.00000000E+00  0.19591322E+09  0.00000000E+00  0.00000000E+00  0.00000000E+00  0.00000000E+00  0.00000000E+00  0.10000000E-01  0.10000000E+01
 0.18800200E-08  0.24682851E-02  0.00000000E+00  0.36911555E+00  0.00000000E+00  0.00000000E+00  0.19591322E+09  0.00000000E+00  0.00000000E+00  0.00000000E+00  0.00000000E+00  0.00000000E+00  0.10000000E-01  0.10000000E+01
 0.18900200E-08  0.24682851E-02  0.00000000E+00  0.37107468E+00  0.00000000E+00  0.00000000E+00  0.19591322E+09  0.00000000E+00  0.00000000E+00  0.00000000E+00  0.00000000E+00  0.00000000E+00  0.10000000E-01  0.10000000E+01
 0.19000200E-08  0.24682851E-02  0.00000000E+00  0.37303381E+00  0.00000000E+00  0.00000000E+00  0.19591322E+09  0.00000000E+00  0.00000000E+00  0.00000000E+00  0.00000000E+00  0.00000000E+00  0.10000000E-01  0.10000000E+01
 0.19100200E-08  0.24682851E-02  0.00000000E+00  0.37499295E+00  0.00000000E+00  0.00000000E+00  0.19591322E+09  0.00000000E+00  0.00000000E+00  0.00000000E+00  0.00000000E+00  0.00000000E+00  0.10000000E-01  0.10000000E+01
 0.19200200E-08  0.24682851E-02  0.00000000E+00  0.37695208E+00  0.00000000E+00  0.00000000E+00  0.19591322E+09  0.00000000E+00  0.00000000E+00  0.00000000E+00  0.00000000E+00  0.00000000E+00  0.10000000E-01  0.10000000E+01
 0.19300200E-08  0.24682851E-02  0.00000000E+00  0.37891121E+00  0.00000000E+00  0.00000000E+00  0.19591322E+09  0.00000000E+00  0.00000000E+00  0.00000000E+00  0.00000000E+00  0.00000000E+00  0.10000000E-01  0.10000000E+01
 0.19400200E-08  0.24682851E-02  0.00000000E+00  0.38087034E+00  0.00000000E+00  0.00000000E+00  0.19591322E+09  0.00000000E+00  0.00000000E+00  0.00000000E+00  0.00000000E+00  0.00000000E+00  0.10000000E-01  0.10000000E+01
 0.19500200E-08  0.24682851E-02  0.00000000E+00  0.38282947E+00  0.00000000E+00  0.00000000E+00  0.19591322E+09  0.00000000E+00  0.00000000E+00  0.00000000E+00  0.00000000E+00  0.00000000E+00  0.10000000E-01  0.10000000E+01
 0.19600200E-08  0.24682851E-02  0.00000000E+00  0.38478861E+00  0.00000000E+00  0.00000000E+00  0.19591322E+09  0.00000000E+00  0.00000000E+00  0.00000000E+00  0.00000000E+00  0.00000000E+00  0.10000000E-01  0.10000000E+01
 0.19700200E-08  0.24682851E-02  0.00000000E+00  0.38674774E+00  0.00000000E+00  0.00000000E+00  0.19591322E+09  0.00000000E+00  0.00000000E+00  0.00000000E+00  0.00000000E+00  0.00000000E+00  0.10000000E-01  0.10000000E+01
 0.19800200E-08  0.24682851E-02  0.00000000E+00  0.38870687E+00  0.00000000E+00  0.00000000E+00  0.19591322E+09  0.00000000E+00  0.00000000E+00  0.00000000E+00  0.00000000E+00  0.00000000E+00  0.10000000E-01  0.10000000E+01
 0.19900200E-08  0.24682851E-02  0.00000000E+00  0.39066600E+00  0.00000000E+00  0.00000000E+00  0.19591322E+09  0.00000000E+00  0.00000000E+00  0.00000000E+00  0.00000000E+00  0.00000000E+00  0.10000000E-01  0.10000000E+01
