# ptime xp yp zp vx vy vz ex ey ez bx by bz wt
 0.20000000E-13  0.84148886E-02  0.00000000E+00 -0.22870218E-01  0.00000000E+00  0.00000000E+00  0.17543935E+09  0.00000000E+00  0.00000000E+00  0.00000000E+00  0.00000000E+00  0.00000000E+00  0.10000000E-01  0.10000000E+01
 0.10000000E-10  0.84148886E-02  0.00000000E+00 -0.21119333E-01  0.00000000E+00  0.00000000E+00  0.17543935E+09  0.00000000E+00  0.00000000E+00  0.00000000E+00  0.00000000E+00  0.00000000E+00  0.10000000E-01  0.10000000E+01
 0.20000000E-10  0.84148886E-02  0.00000000E+00 -0.19364939E-01  0.00000000E+00  0.00000000E+00  0.17543935E+09  0.00000000E+00  0.00000000E+00  0.00000000E+00  0.00000000E+00  0.00000000E+00  0.10000000E-01  0.10000000E+01
 0.30000000E-10  0.84148886E-02  0.00000000E+00 -0.17610546E-01  0.00000000E+00  0.00000000E+00  0.17543935E+09  0.00000000E+00  0.00000000E+00  0.00000000E+00  0.00000000E+00  0.00000000E+00  0.10000000E-01  0.10000000E+01
 0.40020000E-10  0.84148886E-02  0.00000000E+00 -0.15852644E-01  0.00000000E+00  0.00000000E+00  0.17543935E+09  0.00000000E+00  0.00000000E+00  0.00000000E+00  0.00000000E+00  0.00000000E+00  0.10000000E-01  0.10000000E+01
 0.50020000E-10  0.84148886E-02  0.00000000E+00 -0.14098250E-01  0.00000000E+00  0.00000000E+00  0.17543935E+09  0.00000000E+00  0.00000000E+00  0.00000000E+00  0.00000000E+00  0.00000000E+00  0.10000000E-01  0.10000000E+01
 0.60020000E-10  0.84148886E-02  0.00000000E+00 -0.12343856E-01  0.00000000E+00  0.00000000E+00  0.17543935E+09  0.00000000E+00  0.00000000E+00  0.00000000E+00  0.00000000E+00  0.00000000E+00  0.10000000E-01  0.10000000E+01
 0.70020000E-10  0.84148886E-02  0.00000000E+00 -0.10589463E-01  0.00000000E+00  0.00000000E+00  0.17543935E+09  0.00000000E+00  0.00000000E+00  0.00000000E+00  0.00000000E+00  0.00000000E+00  0.10000000E-01  0.10000000E+01
 0.80000000E-10  0.84148886E-02  0.00000000E+00 -0.88385781E-02  0.00000000E+00  0.00000000E+00  0.17543935E+09  0.00000000E+00  0.00000000E+00  0.00000000E+00  0.00000000E+00  0.00000000E+00  0.10000000E-01  0.10000000E+01
 0.90000000E-10  0.84148886E-02  0.00000000E+00 -0.70841846E-02  0.00000000E+00  0.00000000E+00  0.17543935E+09  0.00000000E+00  0.00000000E+00  0.00000000E+00  0.00000000E+00  0.00000000E+00  0.10000000E-01  0.10000000E+01
 0.10000000E-09  0.84148886E-02  0.00000000E+00 -0.53297910E-02  0.00000000E+00  0.00000000E+00  0.17543935E+09  0.00000000E+00  0.00000000E+00  0.00000000E+00  0.00000000E+00  0.00000000E+00  0.10000000E-01  0.10000000E+01
 0.11000000E-09  0.84148886E-02  0.00000000E+00 -0.35753975E-02  0.00000000E+00  0.00000000E+00  0.17543935E+09  0.00000000E+00  0.00000000E+00  0.00000000E+00  0.00000000E+00  0.00000000E+00  0.10000000E-01  0.10000000E+01
 0.12000000E-09  0.84148886E-02  0.00000000E+00 -0.18210039E-02  0.00000000E+00  0.00000000E+00  0.17543935E+09  0.00000000E+00  0.00000000E+00  0.00000000E+00  0.00000000E+00  0.00000000E+00  0.10000000E-01  0.10000000E+01
 0.13000000E-09  0.84148886E-02  0.00000000E+00 -0.66610350E-04  0.00000000E+00  0.00000000E+00  0.17543935E+09  0.00000000E+00  0.00000000E+00  0.00000000E+00  0.00000000E+00  0.00000000E+00  0.10000000E-01  0.10000000E+01
 0.14002000E-09  0.84148886E-02  0.00000000E+00  0.16912920E-02  0.00000000E+00  0.00000000E+00  0.17543935E+09  0.00000000E+00  0.00000000E+00  0.00000000E+00  0.00000000E+00  0.00000000E+00  0.10000000E-01  0.10000000E+01
 0.15002000E-09  0.84148886E-02  0.00000000E+00  0.34456855E-02  0.00000000E+00  0.00000000E+00  0.17543935E+09  0.00000000E+00  0.00000000E+00  0.00000000E+00  0.00000000E+00  0.00000000E+00  0.10000000E-01  0.10000000E+01
 0.16002000E-09  0.84148886E-02  0.00000000E+00  0.52000791E-02  0.00000000E+00  0.00000000E+00  0.17543935E+09  0.00000000E+00  0.00000000E+00  0.00000000E+00  0.00000000E+00  0.00000000E+00  0.10000000E-01  0.10000000E+01
 0.17002000E-09  0.84148886E-02  0.00000000E+00  0.69544726E-02  0.00000000E+00  0.00000000E+00  0.17543935E+09  0.00000000E+00  0.00000000E+00  0.00000000E+00  0.00000000E+00  0.00000000E+00  0.10000000E-01  0.10000000E+01
 0.18002000E-09  0.84148886E-02  0.00000000E+00  0.87088662E-02  0.00000000E+00  0.00000000E+00  0.17543935E+09  0.00000000E+00  0.00000000E+00  0.00000000E+00  0.00000000E+00  0.00000000E+00  0.10000000E-01  0.10000000E+01
 0.19002000E-09  0.84148886E-02  0.00000000E+00  0.10463260E-01  0.00000000E+00  0.00000000E+00  0.17543935E+09  0.00000000E+00  0.00000000E+00  0.00000000E+00  0.00000000E+00  0.00000000E+00  0.10000000E-01  0.10000000E+01
 0.20002000E-09  0.84148886E-02  0.00000000E+00  0.12217653E-01  0.00000000E+00  0.00000000E+00  0.17543935E+09  0.00000000E+00  0.00000000E+00  0.00000000E+00  0.00000000E+00  0.00000000E+00  0.10000000E-01  0.10000000E+01
 0.21002000E-09  0.84148886E-02  0.00000000E+00  0.13972047E-01  0.00000000E+00  0.00000000E+00  0.17543935E+09  0.00000000E+00  0.00000000E+00  0.00000000E+00  0.00000000E+00  0.00000000E+00  0.10000000E-01  0.10000000E+01
 0.22002000E-09  0.84148886E-02  0.00000000E+00  0.15726440E-01  0.00000000E+00  0.00000000E+00  0.17543935E+09  0.00000000E+00  0.00000000E+00  0.00000000E+00  0.00000000E+00  0.00000000E+00  0.10000000E-01  0.10000000E+01
 0.23002000E-09  0.84148886E-02  0.00000000E+00  0.17480834E-01  0.00000000E+00  0.00000000E+00  0.17543935E+09  0.00000000E+00  0.00000000E+00  0.00000000E+00  0.00000000E+00  0.00000000E+00  0.10000000E-01  0.10000000E+01
 0.24002000E-09  0.84148886E-02  0.00000000E+00  0.19235227E-01  0.00000000E+00  0.00000000E+00  0.17543935E+09  0.00000000E+00  0.00000000E+00  0.00000000E+00  0.00000000E+00  0.00000000E+00  0.10000000E-01  0.10000000E+01
 0.25002000E-09  0.84148886E-02  0.00000000E+00  0.20989621E-01  0.00000000E+00  0.00000000E+00  0.17543935E+09  0.00000000E+00  0.00000000E+00  0.00000000E+00  0.00000000E+00  0.00000000E+00  0.10000000E-01  0.10000000E+01
 0.26002000E-09  0.84148886E-02  0.00000000E+00  0.22744015E-01  0.00000000E+00  0.00000000E+00  0.17543935E+09  0.00000000E+00  0.00000000E+00  0.00000000E+00  0.00000000E+00  0.00000000E+00  0.10000000E-01  0.10000000E+01
 0.27002000E-09  0.84148886E-02  0.00000000E+00  0.24498408E-01  0.00000000E+00  0.00000000E+00  0.17543935E+09  0.00000000E+00  0.00000000E+00  0.00000000E+00  0.00000000E+00  0.00000000E+00  0.10000000E-01  0.10000000E+01
 0.28002000E-09  0.84148886E-02  0.00000000E+00  0.26252802E-01  0.00000000E+00  0.00000000E+00  0.17543935E+09  0.00000000E+00  0.00000000E+00  0.00000000E+00  0.00000000E+00  0.00000000E+00  0.10000000E-01  0.10000000E+01
 0.29002000E-09  0.84148886E-02  0.00000000E+00  0.28007195E-01  0.00000000E+00  0.00000000E+00  0.17543935E+09  0.00000000E+00  0.00000000E+00  0.00000000E+00  0.00000000E+00  0.00000000E+00  0.10000000E-01  0.10000000E+01
 0.30000000E-09  0.84148886E-02  0.00000000E+00  0.29758080E-01  0.00000000E+00  0.00000000E+00  0.17543935E+09  0.00000000E+00  0.00000000E+00  0.00000000E+00  0.00000000E+00  0.00000000E+00  0.10000000E-01  0.10000000E+01
 0.31000000E-09  0.84148886E-02  0.00000000E+00  0.31512474E-01  0.00000000E+00  0.00000000E+00  0.17543935E+09  0.00000000E+00  0.00000000E+00  0.00000000E+00  0.00000000E+00  0.00000000E+00  0.10000000E-01  0.10000000E+01
 0.32000000E-09  0.84148886E-02  0.00000000E+00  0.33266867E-01  0.00000000E+00  0.00000000E+00  0.17543935E+09  0.00000000E+00  0.00000000E+00  0.00000000E+00  0.00000000E+00  0.00000000E+00  0.10000000E-01  0.10000000E+01
 0.33000000E-09  0.84148886E-02  0.00000000E+00  0.35021261E-01  0.00000000E+00  0.00000000E+00  0.17543935E+09  0.00000000E+00  0.00000000E+00  0.00000000E+00  0.00000000E+00  0.00000000E+00  0.10000000E-01  0.10000000E+01
 0.34000000E-09  0.84148886E-02  0.00000000E+00  0.36775654E-01  0.00000000E+00  0.00000000E+00  0.17543935E+09  0.00000000E+00  0.00000000E+00  0.00000000E+00  0.00000000E+00  0.00000000E+00  0.10000000E-01  0.10000000E+01
 0.35000000E-09  0.84148886E-02  0.00000000E+00  0.38530048E-01  0.00000000E+00  0.00000000E+00  0.17543935E+09  0.00000000E+00  0.00000000E+00  0.00000000E+00  0.00000000E+00  0.00000000E+00  0.10000000E-01  0.10000000E+01
 0.36000000E-09  0.84148886E-02  0.00000000E+00  0.40284441E-01  0.00000000E+00  0.00000000E+00  0.17543935E+09  0.00000000E+00  0.00000000E+00  0.00000000E+00  0.00000000E+00  0.00000000E+00  0.10000000E-01  0.10000000E+01
 0.37000000E-09  0.84148886E-02  0.00000000E+00  0.42038835E-01  0.00000000E+00  0.00000000E+00  0.17543935E+09  0.00000000E+00  0.00000000E+00  0.00000000E+00  0.00000000E+00  0.00000000E+00  0.10000000E-01  0.10000000E+01
 0.38000000E-09  0.84148886E-02  0.00000000E+00  0.43793228E-01  0.00000000E+00  0.00000000E+00  0.17543935E+09  0.00000000E+00  0.00000000E+00  0.00000000E+00  0.00000000E+00  0.00000000E+00  0.10000000E-01  0.10000000E+01
 0.39000000E-09  0.84148886E-02  0.00000000E+00  0.45547622E-01  0.00000000E+00  0.00000000E+00  0.17543935E+09  0.00000000E+00  0.00000000E+00  0.00000000E+00  0.00000000E+00  0.00000000E+00  0.10000000E-01  0.10000000E+01
 0.40000000E-09  0.84148886E-02  0.00000000E+00  0.47302016E-01  0.00000000E+00  0.00000000E+00  0.17543935E+09  0.00000000E+00  0.00000000E+00  0.00000000E+00  0.00000000E+00  0.00000000E+00  0.10000000E-01  0.10000000E+01
 0.41000000E-09  0.84148886E-02  0.00000000E+00  0.49056409E-01  0.00000000E+00  0.00000000E+00  0.17543935E+09  0.00000000E+00  0.00000000E+00  0.00000000E+00  0.00000000E+00  0.00000000E+00  0.10000000E-01  0.10000000E+01
 0.42000000E-09  0.84148886E-02  0.00000000E+00  0.50810803E-01  0.00000000E+00  0.00000000E+00  0.17543935E+09  0.00000000E+00  0.00000000E+00  0.00000000E+00  0.00000000E+00  0.00000000E+00  0.10000000E-01  0.10000000E+01
 0.43000000E-09  0.84148886E-02  0.00000000E+00  0.52565196E-01  0.00000000E+00  0.00000000E+00  0.17543935E+09  0.00000000E+00  0.00000000E+00  0.00000000E+00  0.00000000E+00  0.00000000E+00  0.10000000E-01  0.10000000E+01
 0.44000000E-09  0.84148886E-02  0.00000000E+00  0.54319590E-01  0.00000000E+00  0.00000000E+00  0.17543935E+09  0.00000000E+00  0.00000000E+00  0.00000000E+00  0.00000000E+00  0.00000000E+00  0.10000000E-01  0.10000000E+01
 0.45000000E-09  0.84148886E-02  0.00000000E+00  0.56073983E-01  0.00000000E+00  0.00000000E+00  0.17543935E+09  0.00000000E+00  0.00000000E+00  0.00000000E+00  0.00000000E+00  0.00000000E+00  0.10000000E-01  0.10000000E+01
 0.46000000E-09  0.84148886E-02  0.00000000E+00  0.57828377E-01  0.00000000E+00  0.00000000E+00  0.17543935E+09  0.00000000E+00  0.00000000E+00  0.00000000E+00  0.00000000E+00  0.00000000E+00  0.10000000E-01  0.10000000E+01
 0.47000000E-09  0.84148886E-02  0.00000000E+00  0.59582770E-01  0.00000000E+00  0.00000000E+00  0.17543935E+09  0.00000000E+00  0.00000000E+00  0.00000000E+00  0.00000000E+00  0.00000000E+00  0.10000000E-01  0.10000000E+01
 0.48000000E-09  0.84148886E-02  0.00000000E+00  0.61337164E-01  0.00000000E+00  0.00000000E+00  0.17543935E+09  0.00000000E+00  0.00000000E+00  0.00000000E+00  0.00000000E+00  0.00000000E+00  0.10000000E-01  0.10000000E+01
 0.49000000E-09  0.84148886E-02  0.00000000E+00  0.63091557E-01  0.00000000E+00  0.00000000E+00  0.17543935E+09  0.00000000E+00  0.00000000E+00  0.00000000E+00  0.00000000E+00  0.00000000E+00  0.10000000E-01  0.10000000E+01
 0.50000000E-09  0.84148886E-02  0.00000000E+00  0.64845951E-01  0.00000000E+00  0.00000000E+00  0.17543935E+09  0.00000000E+00  0.00000000E+00  0.00000000E+00  0.00000000E+00  0.00000000E+00  0.10000000E-01  0.10000000E+01
 0.51000000E-09  0.84148886E-02  0.00000000E+00  0.66600345E-01  0.00000000E+00  0.00000000E+00  0.17543935E+09  0.00000000E+00  0.00000000E+00  0.00000000E+00  0.00000000E+00  0.00000000E+00  0.10000000E-01  0.10000000E+01
 0.52000000E-09  0.84148886E-02  0.00000000E+00  0.68354738E-01  0.00000000E+00  0.00000000E+00  0.17543935E+09  0.00000000E+00  0.00000000E+00  0.00000000E+00  0.00000000E+00  0.00000000E+00  0.10000000E-01  0.10000000E+01
 0.53000000E-09  0.84148886E-02  0.00000000E+00  0.70109132E-01  0.00000000E+00  0.00000000E+00  0.17543935E+09  0.00000000E+00  0.00000000E+00  0.00000000E+00  0.00000000E+00  0.00000000E+00  0.10000000E-01  0.10000000E+01
 0.54000000E-09  0.84148886E-02  0.00000000E+00  0.71863525E-01  0.00000000E+00  0.00000000E+00  0.17543935E+09  0.00000000E+00  0.00000000E+00  0.00000000E+00  0.00000000E+00  0.00000000E+00  0.10000000E-01  0.10000000E+01
 0.55002000E-09  0.84148886E-02  0.00000000E+00  0.73621428E-01  0.00000000E+00  0.00000000E+00  0.17543935E+09  0.00000000E+00  0.00000000E+00  0.00000000E+00  0.00000000E+00  0.00000000E+00  0.10000000E-01  0.10000000E+01
 0.56002000E-09  0.84148886E-02  0.00000000E+00  0.75375821E-01  0.00000000E+00  0.00000000E+00  0.17543935E+09  0.00000000E+00  0.00000000E+00  0.00000000E+00  0.00000000E+00  0.00000000E+00  0.10000000E-01  0.10000000E+01
 0.57002000E-09  0.84148886E-02  0.00000000E+00  0.77130215E-01  0.00000000E+00  0.00000000E+00  0.17543935E+09  0.00000000E+00  0.00000000E+00  0.00000000E+00  0.00000000E+00  0.00000000E+00  0.10000000E-01  0.10000000E+01
 0.58002000E-09  0.84148886E-02  0.00000000E+00  0.78884608E-01  0.00000000E+00  0.00000000E+00  0.17543935E+09  0.00000000E+00  0.00000000E+00  0.00000000E+00  0.00000000E+00  0.00000000E+00  0.10000000E-01  0.10000000E+01
 0.59002000E-09  0.84148886E-02  0.00000000E+00  0.80639002E-01  0.00000000E+00  0.00000000E+00  0.17543935E+09  0.00000000E+00  0.00000000E+00  0.00000000E+00  0.00000000E+00  0.00000000E+00  0.10000000E-01  0.10000000E+01
 0.60002000E-09  0.84148886E-02  0.00000000E+00  0.82393395E-01  0.00000000E+00  0.00000000E+00  0.17543935E+09  0.00000000E+00  0.00000000E+00  0.00000000E+00  0.00000000E+00  0.00000000E+00  0.10000000E-01  0.10000000E+01
 0.61002000E-09  0.84148886E-02  0.00000000E+00  0.84147789E-01  0.00000000E+00  0.00000000E+00  0.17543935E+09  0.00000000E+00  0.00000000E+00  0.00000000E+00  0.00000000E+00  0.00000000E+00  0.10000000E-01  0.10000000E+01
 0.62002000E-09  0.84148886E-02  0.00000000E+00  0.85902182E-01  0.00000000E+00  0.00000000E+00  0.17543935E+09  0.00000000E+00  0.00000000E+00  0.00000000E+00  0.00000000E+00  0.00000000E+00  0.10000000E-01  0.10000000E+01
 0.63002000E-09  0.84148886E-02  0.00000000E+00  0.87656576E-01  0.00000000E+00  0.00000000E+00  0.17543935E+09  0.00000000E+00  0.00000000E+00  0.00000000E+00  0.00000000E+00  0.00000000E+00  0.10000000E-01  0.10000000E+01
 0.64002000E-09  0.84148886E-02  0.00000000E+00  0.89410969E-01  0.00000000E+00  0.00000000E+00  0.17543935E+09  0.00000000E+00  0.00000000E+00  0.00000000E+00  0.00000000E+00  0.00000000E+00  0.10000000E-01  0.10000000E+01
 0.65002000E-09  0.84148886E-02  0.00000000E+00  0.91165363E-01  0.00000000E+00  0.00000000E+00  0.17543935E+09  0.00000000E+00  0.00000000E+00  0.00000000E+00  0.00000000E+00  0.00000000E+00  0.10000000E-01  0.10000000E+01
 0.66002000E-09  0.84148886E-02  0.00000000E+00  0.92919757E-01  0.00000000E+00  0.00000000E+00  0.17543935E+09  0.00000000E+00  0.00000000E+00  0.00000000E+00  0.00000000E+00  0.00000000E+00  0.10000000E-01  0.10000000E+01
 0.67002000E-09  0.84148886E-02  0.00000000E+00  0.94674150E-01  0.00000000E+00  0.00000000E+00  0.17543935E+09  0.00000000E+00  0.00000000E+00  0.00000000E+00  0.00000000E+00  0.00000000E+00  0.10000000E-01  0.10000000E+01
 0.68002000E-09  0.84148886E-02  0.00000000E+00  0.96428544E-01  0.00000000E+00  0.00000000E+00  0.17543935E+09  0.00000000E+00  0.00000000E+00  0.00000000E+00  0.00000000E+00  0.00000000E+00  0.10000000E-01  0.10000000E+01
 0.69002000E-09  0.84148886E-02  0.00000000E+00  0.98182937E-01  0.00000000E+00  0.00000000E+00  0.17543935E+09  0.00000000E+00  0.00000000E+00  0.00000000E+00  0.00000000E+00  0.00000000E+00  0.10000000E-01  0.10000000E+01
 0.70002000E-09  0.84148886E-02  0.00000000E+00  0.99937331E-01  0.00000000E+00  0.00000000E+00  0.17543935E+09  0.00000000E+00  0.00000000E+00  0.00000000E+00  0.00000000E+00  0.00000000E+00  0.10000000E-01  0.10000000E+01
 0.71002000E-09  0.84148886E-02  0.00000000E+00  0.10169172E+00  0.00000000E+00  0.00000000E+00  0.17543935E+09  0.00000000E+00  0.00000000E+00  0.00000000E+00  0.00000000E+00  0.00000000E+00  0.10000000E-01  0.10000000E+01
 0.72002000E-09  0.84148886E-02  0.00000000E+00  0.10344612E+00  0.00000000E+00  0.00000000E+00  0.17543935E+09  0.00000000E+00  0.00000000E+00  0.00000000E+00  0.00000000E+00  0.00000000E+00  0.10000000E-01  0.10000000E+01
 0.73002000E-09  0.84148886E-02  0.00000000E+00  0.10520051E+00  0.00000000E+00  0.00000000E+00  0.17543935E+09  0.00000000E+00  0.00000000E+00  0.00000000E+00  0.00000000E+00  0.00000000E+00  0.10000000E-01  0.10000000E+01
 0.74002000E-09  0.84148886E-02  0.00000000E+00  0.10695490E+00  0.00000000E+00  0.00000000E+00  0.17543935E+09  0.00000000E+00  0.00000000E+00  0.00000000E+00  0.00000000E+00  0.00000000E+00  0.10000000E-01  0.10000000E+01
 0.75002000E-09  0.84148886E-02  0.00000000E+00  0.10870930E+00  0.00000000E+00  0.00000000E+00  0.17543935E+09  0.00000000E+00  0.00000000E+00  0.00000000E+00  0.00000000E+00  0.00000000E+00  0.10000000E-01  0.10000000E+01
 0.76002000E-09  0.84148886E-02  0.00000000E+00  0.11046369E+00  0.00000000E+00  0.00000000E+00  0.17543935E+09  0.00000000E+00  0.00000000E+00  0.00000000E+00  0.00000000E+00  0.00000000E+00  0.10000000E-01  0.10000000E+01
 0.77002000E-09  0.84148886E-02  0.00000000E+00  0.11221809E+00  0.00000000E+00  0.00000000E+00  0.17543935E+09  0.00000000E+00  0.00000000E+00  0.00000000E+00  0.00000000E+00  0.00000000E+00  0.10000000E-01  0.10000000E+01
 0.78002000E-09  0.84148886E-02  0.00000000E+00  0.11397248E+00  0.00000000E+00  0.00000000E+00  0.17543935E+09  0.00000000E+00  0.00000000E+00  0.00000000E+00  0.00000000E+00  0.00000000E+00  0.10000000E-01  0.10000000E+01
 0.79002000E-09  0.84148886E-02  0.00000000E+00  0.11572687E+00  0.00000000E+00  0.00000000E+00  0.17543935E+09  0.00000000E+00  0.00000000E+00  0.00000000E+00  0.00000000E+00  0.00000000E+00  0.10000000E-01  0.10000000E+01
 0.80002000E-09  0.84148886E-02  0.00000000E+00  0.11748127E+00  0.00000000E+00  0.00000000E+00  0.17543935E+09  0.00000000E+00  0.00000000E+00  0.00000000E+00  0.00000000E+00  0.00000000E+00  0.10000000E-01  0.10000000E+01
 0.81002000E-09  0.84148886E-02  0.00000000E+00  0.11923566E+00  0.00000000E+00  0.00000000E+00  0.17543935E+09  0.00000000E+00  0.00000000E+00  0.00000000E+00  0.00000000E+00  0.00000000E+00  0.10000000E-01  0.10000000E+01
 0.82002000E-09  0.84148886E-02  0.00000000E+00  0.12099005E+00  0.00000000E+00  0.00000000E+00  0.17543935E+09  0.00000000E+00  0.00000000E+00  0.00000000E+00  0.00000000E+00  0.00000000E+00  0.10000000E-01  0.10000000E+01
 0.83002000E-09  0.84148886E-02  0.00000000E+00  0.12274445E+00  0.00000000E+00  0.00000000E+00  0.17543935E+09  0.00000000E+00  0.00000000E+00  0.00000000E+00  0.00000000E+00  0.00000000E+00  0.10000000E-01  0.10000000E+01
 0.84002000E-09  0.84148886E-02  0.00000000E+00  0.12449884E+00  0.00000000E+00  0.00000000E+00  0.17543935E+09  0.00000000E+00  0.00000000E+00  0.00000000E+00  0.00000000E+00  0.00000000E+00  0.10000000E-01  0.10000000E+01
 0.85002000E-09  0.84148886E-02  0.00000000E+00  0.12625323E+00  0.00000000E+00  0.00000000E+00  0.17543935E+09  0.00000000E+00  0.00000000E+00  0.00000000E+00  0.00000000E+00  0.00000000E+00  0.10000000E-01  0.10000000E+01
 0.86002000E-09  0.84148886E-02  0.00000000E+00  0.12800763E+00  0.00000000E+00  0.00000000E+00  0.17543935E+09  0.00000000E+00  0.00000000E+00  0.00000000E+00  0.00000000E+00  0.00000000E+00  0.10000000E-01  0.10000000E+01
 0.87002000E-09  0.84148886E-02  0.00000000E+00  0.12976202E+00  0.00000000E+00  0.00000000E+00  0.17543935E+09  0.00000000E+00  0.00000000E+00  0.00000000E+00  0.00000000E+00  0.00000000E+00  0.10000000E-01  0.10000000E+01
 0.88002000E-09  0.84148886E-02  0.00000000E+00  0.13151641E+00  0.00000000E+00  0.00000000E+00  0.17543935E+09  0.00000000E+00  0.00000000E+00  0.00000000E+00  0.00000000E+00  0.00000000E+00  0.10000000E-01  0.10000000E+01
 0.89002000E-09  0.84148886E-02  0.00000000E+00  0.13327081E+00  0.00000000E+00  0.00000000E+00  0.17543935E+09  0.00000000E+00  0.00000000E+00  0.00000000E+00  0.00000000E+00  0.00000000E+00  0.10000000E-01  0.10000000E+01
 0.90002000E-09  0.84148886E-02  0.00000000E+00  0.13502520E+00  0.00000000E+00  0.00000000E+00  0.17543935E+09  0.00000000E+00  0.00000000E+00  0.00000000E+00  0.00000000E+00  0.00000000E+00  0.10000000E-01  0.10000000E+01
 0.91002000E-09  0.84148886E-02  0.00000000E+00  0.13677960E+00  0.00000000E+00  0.00000000E+00  0.17543935E+09  0.00000000E+00  0.00000000E+00  0.00000000E+00  0.00000000E+00  0.00000000E+00  0.10000000E-01  0.10000000E+01
 0.92002000E-09  0.84148886E-02  0.00000000E+00  0.13853399E+00  0.00000000E+00  0.00000000E+00  0.17543935E+09  0.00000000E+00  0.00000000E+00  0.00000000E+00  0.00000000E+00  0.00000000E+00  0.10000000E-01  0.10000000E+01
 0.93002000E-09  0.84148886E-02  0.00000000E+00  0.14028838E+00  0.00000000E+00  0.00000000E+00  0.17543935E+09  0.00000000E+00  0.00000000E+00  0.00000000E+00  0.00000000E+00  0.00000000E+00  0.10000000E-01  0.10000000E+01
 0.94002000E-09  0.84148886E-02  0.00000000E+00  0.14204278E+00  0.00000000E+00  0.00000000E+00  0.17543935E+09  0.00000000E+00  0.00000000E+00  0.00000000E+00  0.00000000E+00  0.00000000E+00  0.10000000E-01  0.10000000E+01
 0.95002000E-09  0.84148886E-02  0.00000000E+00  0.14379717E+00  0.00000000E+00  0.00000000E+00  0.17543935E+09  0.00000000E+00  0.00000000E+00  0.00000000E+00  0.00000000E+00  0.00000000E+00  0.10000000E-01  0.10000000E+01
 0.96002000E-09  0.84148886E-02  0.00000000E+00  0.14555156E+00  0.00000000E+00  0.00000000E+00  0.17543935E+09  0.00000000E+00  0.00000000E+00  0.00000000E+00  0.00000000E+00  0.00000000E+00  0.10000000E-01  0.10000000E+01
 0.97002000E-09  0.84148886E-02  0.00000000E+00  0.14730596E+00  0.00000000E+00  0.00000000E+00  0.17543935E+09  0.00000000E+00  0.00000000E+00  0.00000000E+00  0.00000000E+00  0.00000000E+00  0.10000000E-01  0.10000000E+01
 0.98002000E-09  0.84148886E-02  0.00000000E+00  0.14906035E+00  0.00000000E+00  0.00000000E+00  0.17543935E+09  0.00000000E+00  0.00000000E+00  0.00000000E+00  0.00000000E+00  0.00000000E+00  0.10000000E-01  0.10000000E+01
 0.99002000E-09  0.84148886E-02  0.00000000E+00  0.15081474E+00  0.00000000E+00  0.00000000E+00  0.17543935E+09  0.00000000E+00  0.00000000E+00  0.00000000E+00  0.00000000E+00  0.00000000E+00  0.10000000E-01  0.10000000E+01
 0.10000200E-08  0.84148886E-02  0.00000000E+00  0.15256914E+00  0.00000000E+00  0.00000000E+00  0.17543935E+09  0.00000000E+00  0.00000000E+00  0.00000000E+00  0.00000000E+00  0.00000000E+00  0.10000000E-01  0.10000000E+01
 0.10100200E-08  0.84148886E-02  0.00000000E+00  0.15432353E+00  0.00000000E+00  0.00000000E+00  0.17543935E+09  0.00000000E+00  0.00000000E+00  0.00000000E+00  0.00000000E+00  0.00000000E+00  0.10000000E-01  0.10000000E+01
 0.10200200E-08  0.84148886E-02  0.00000000E+00  0.15607792E+00  0.00000000E+00  0.00000000E+00  0.17543935E+09  0.00000000E+00  0.00000000E+00  0.00000000E+00  0.00000000E+00  0.00000000E+00  0.10000000E-01  0.10000000E+01
 0.10300200E-08  0.84148886E-02  0.00000000E+00  0.15783232E+00  0.00000000E+00  0.00000000E+00  0.17543935E+09  0.00000000E+00  0.00000000E+00  0.00000000E+00  0.00000000E+00  0.00000000E+00  0.10000000E-01  0.10000000E+01
 0.10400200E-08  0.84148886E-02  0.00000000E+00  0.15958671E+00  0.00000000E+00  0.00000000E+00  0.17543935E+09  0.00000000E+00  0.00000000E+00  0.00000000E+00  0.00000000E+00  0.00000000E+00  0.10000000E-01  0.10000000E+01
 0.10500200E-08  0.84148886E-02  0.00000000E+00  0.16134111E+00  0.00000000E+00  0.00000000E+00  0.17543935E+09  0.00000000E+00  0.00000000E+00  0.00000000E+00  0.00000000E+00  0.00000000E+00  0.10000000E-01  0.10000000E+01
 0.10600200E-08  0.84148886E-02  0.00000000E+00  0.16309550E+00  0.00000000E+00  0.00000000E+00  0.17543935E+09  0.00000000E+00  0.00000000E+00  0.00000000E+00  0.00000000E+00  0.00000000E+00  0.10000000E-01  0.10000000E+01
 0.10700200E-08  0.84148886E-02  0.00000000E+00  0.16484989E+00  0.00000000E+00  0.00000000E+00  0.17543935E+09  0.00000000E+00  0.00000000E+00  0.00000000E+00  0.00000000E+00  0.00000000E+00  0.10000000E-01  0.10000000E+01
 0.10800200E-08  0.84148886E-02  0.00000000E+00  0.16660429E+00  0.00000000E+00  0.00000000E+00  0.17543935E+09  0.00000000E+00  0.00000000E+00  0.00000000E+00  0.00000000E+00  0.00000000E+00  0.10000000E-01  0.10000000E+01
 0.10900200E-08  0.84148886E-02  0.00000000E+00  0.16835868E+00  0.00000000E+00  0.00000000E+00  0.17543935E+09  0.00000000E+00  0.00000000E+00  0.00000000E+00  0.00000000E+00  0.00000000E+00  0.10000000E-01  0.10000000E+01
 0.11000200E-08  0.84148886E-02  0.00000000E+00  0.17011307E+00  0.00000000E+00  0.00000000E+00  0.17543935E+09  0.00000000E+00  0.00000000E+00  0.00000000E+00  0.00000000E+00  0.00000000E+00  0.10000000E-01  0.10000000E+01
 0.11100200E-08  0.84148886E-02  0.00000000E+00  0.17186747E+00  0.00000000E+00  0.00000000E+00  0.17543935E+09  0.00000000E+00  0.00000000E+00  0.00000000E+00  0.00000000E+00  0.00000000E+00  0.10000000E-01  0.10000000E+01
 0.11200200E-08  0.84148886E-02  0.00000000E+00  0.17362186E+00  0.00000000E+00  0.00000000E+00  0.17543935E+09  0.00000000E+00  0.00000000E+00  0.00000000E+00  0.00000000E+00  0.00000000E+00  0.10000000E-01  0.10000000E+01
 0.11300200E-08  0.84148886E-02  0.00000000E+00  0.17537625E+00  0.00000000E+00  0.00000000E+00  0.17543935E+09  0.00000000E+00  0.00000000E+00  0.00000000E+00  0.00000000E+00  0.00000000E+00  0.10000000E-01  0.10000000E+01
 0.11400200E-08  0.84148886E-02  0.00000000E+00  0.17713065E+00  0.00000000E+00  0.00000000E+00  0.17543935E+09  0.00000000E+00  0.00000000E+00  0.00000000E+00  0.00000000E+00  0.00000000E+00  0.10000000E-01  0.10000000E+01
 0.11500200E-08  0.84148886E-02  0.00000000E+00  0.17888504E+00  0.00000000E+00  0.00000000E+00  0.17543935E+09  0.00000000E+00  0.00000000E+00  0.00000000E+00  0.00000000E+00  0.00000000E+00  0.10000000E-01  0.10000000E+01
 0.11600200E-08  0.84148886E-02  0.00000000E+00  0.18063943E+00  0.00000000E+00  0.00000000E+00  0.17543935E+09  0.00000000E+00  0.00000000E+00  0.00000000E+00  0.00000000E+00  0.00000000E+00  0.10000000E-01  0.10000000E+01
 0.11700200E-08  0.84148886E-02  0.00000000E+00  0.18239383E+00  0.00000000E+00  0.00000000E+00  0.17543935E+09  0.00000000E+00  0.00000000E+00  0.00000000E+00  0.00000000E+00  0.00000000E+00  0.10000000E-01  0.10000000E+01
 0.11800200E-08  0.84148886E-02  0.00000000E+00  0.18414822E+00  0.00000000E+00  0.00000000E+00  0.17543935E+09  0.00000000E+00  0.00000000E+00  0.00000000E+00  0.00000000E+00  0.00000000E+00  0.10000000E-01  0.10000000E+01
 0.11900200E-08  0.84148886E-02  0.00000000E+00  0.18590261E+00  0.00000000E+00  0.00000000E+00  0.17543935E+09  0.00000000E+00  0.00000000E+00  0.00000000E+00  0.00000000E+00  0.00000000E+00  0.10000000E-01  0.10000000E+01
 0.12000200E-08  0.84148886E-02  0.00000000E+00  0.18765701E+00  0.00000000E+00  0.00000000E+00  0.17543935E+09  0.00000000E+00  0.00000000E+00  0.00000000E+00  0.00000000E+00  0.00000000E+00  0.10000000E-01  0.10000000E+01
 0.12100200E-08  0.84148886E-02  0.00000000E+00  0.18941140E+00  0.00000000E+00  0.00000000E+00  0.17543935E+09  0.00000000E+00  0.00000000E+00  0.00000000E+00  0.00000000E+00  0.00000000E+00  0.10000000E-01  0.10000000E+01
 0.12200200E-08  0.84148886E-02  0.00000000E+00  0.19116580E+00  0.00000000E+00  0.00000000E+00  0.17543935E+09  0.00000000E+00  0.00000000E+00  0.00000000E+00  0.00000000E+00  0.00000000E+00  0.10000000E-01  0.10000000E+01
 0.12300200E-08  0.84148886E-02  0.00000000E+00  0.19292019E+00  0.00000000E+00  0.00000000E+00  0.17543935E+09  0.00000000E+00  0.00000000E+00  0.00000000E+00  0.00000000E+00  0.00000000E+00  0.10000000E-01  0.10000000E+01
 0.12400200E-08  0.84148886E-02  0.00000000E+00  0.19467458E+00  0.00000000E+00  0.00000000E+00  0.17543935E+09  0.00000000E+00  0.00000000E+00  0.00000000E+00  0.00000000E+00  0.00000000E+00  0.10000000E-01  0.10000000E+01
 0.12500200E-08  0.84148886E-02  0.00000000E+00  0.19642898E+00  0.00000000E+00  0.00000000E+00  0.17543935E+09  0.00000000E+00  0.00000000E+00  0.00000000E+00  0.00000000E+00  0.00000000E+00  0.10000000E-01  0.10000000E+01
 0.12600200E-08  0.84148886E-02  0.00000000E+00  0.19818337E+00  0.00000000E+00  0.00000000E+00  0.17543935E+09  0.00000000E+00  0.00000000E+00  0.00000000E+00  0.00000000E+00  0.00000000E+00  0.10000000E-01  0.10000000E+01
 0.12700200E-08  0.84148886E-02  0.00000000E+00  0.19993776E+00  0.00000000E+00  0.00000000E+00  0.17543935E+09  0.00000000E+00  0.00000000E+00  0.00000000E+00  0.00000000E+00  0.00000000E+00  0.10000000E-01  0.10000000E+01
 0.12800200E-08  0.84148886E-02  0.00000000E+00  0.20169216E+00  0.00000000E+00  0.00000000E+00  0.17543935E+09  0.00000000E+00  0.00000000E+00  0.00000000E+00  0.00000000E+00  0.00000000E+00  0.10000000E-01  0.10000000E+01
 0.12900200E-08  0.84148886E-02  0.00000000E+00  0.20344655E+00  0.00000000E+00  0.00000000E+00  0.17543935E+09  0.00000000E+00  0.00000000E+00  0.00000000E+00  0.00000000E+00  0.00000000E+00  0.10000000E-01  0.10000000E+01
 0.13000200E-08  0.84148886E-02  0.00000000E+00  0.20520094E+00  0.00000000E+00  0.00000000E+00  0.17543935E+09  0.00000000E+00  0.00000000E+00  0.00000000E+00  0.00000000E+00  0.00000000E+00  0.10000000E-01  0.10000000E+01
 0.13100200E-08  0.84148886E-02  0.00000000E+00  0.20695534E+00  0.00000000E+00  0.00000000E+00  0.17543935E+09  0.00000000E+00  0.00000000E+00  0.00000000E+00  0.00000000E+00  0.00000000E+00  0.10000000E-01  0.10000000E+01
 0.13200200E-08  0.84148886E-02  0.00000000E+00  0.20870973E+00  0.00000000E+00  0.00000000E+00  0.17543935E+09  0.00000000E+00  0.00000000E+00  0.00000000E+00  0.00000000E+00  0.00000000E+00  0.10000000E-01  0.10000000E+01
 0.13300200E-08  0.84148886E-02  0.00000000E+00  0.21046412E+00  0.00000000E+00  0.00000000E+00  0.17543935E+09  0.00000000E+00  0.00000000E+00  0.00000000E+00  0.00000000E+00  0.00000000E+00  0.10000000E-01  0.10000000E+01
 0.13400200E-08  0.84148886E-02  0.00000000E+00  0.21221852E+00  0.00000000E+00  0.00000000E+00  0.17543935E+09  0.00000000E+00  0.00000000E+00  0.00000000E+00  0.00000000E+00  0.00000000E+00  0.10000000E-01  0.10000000E+01
 0.13500200E-08  0.84148886E-02  0.00000000E+00  0.21397291E+00  0.00000000E+00  0.00000000E+00  0.17543935E+09  0.00000000E+00  0.00000000E+00  0.00000000E+00  0.00000000E+00  0.00000000E+00  0.10000000E-01  0.10000000E+01
 0.13600200E-08  0.84148886E-02  0.00000000E+00  0.21572731E+00  0.00000000E+00  0.00000000E+00  0.17543935E+09  0.00000000E+00  0.00000000E+00  0.00000000E+00  0.00000000E+00  0.00000000E+00  0.10000000E-01  0.10000000E+01
 0.13700200E-08  0.84148886E-02  0.00000000E+00  0.21748170E+00  0.00000000E+00  0.00000000E+00  0.17543935E+09  0.00000000E+00  0.00000000E+00  0.00000000E+00  0.00000000E+00  0.00000000E+00  0.10000000E-01  0.10000000E+01
 0.13800200E-08  0.84148886E-02  0.00000000E+00  0.21923609E+00  0.00000000E+00  0.00000000E+00  0.17543935E+09  0.00000000E+00  0.00000000E+00  0.00000000E+00  0.00000000E+00  0.00000000E+00  0.10000000E-01  0.10000000E+01
 0.13900200E-08  0.84148886E-02  0.00000000E+00  0.22099049E+00  0.00000000E+00  0.00000000E+00  0.17543935E+09  0.00000000E+00  0.00000000E+00  0.00000000E+00  0.00000000E+00  0.00000000E+00  0.10000000E-01  0.10000000E+01
 0.14000200E-08  0.84148886E-02  0.00000000E+00  0.22274488E+00  0.00000000E+00  0.00000000E+00  0.17543935E+09  0.00000000E+00  0.00000000E+00  0.00000000E+00  0.00000000E+00  0.00000000E+00  0.10000000E-01  0.10000000E+01
 0.14100200E-08  0.84148886E-02  0.00000000E+00  0.22449927E+00  0.00000000E+00  0.00000000E+00  0.17543935E+09  0.00000000E+00  0.00000000E+00  0.00000000E+00  0.00000000E+00  0.00000000E+00  0.10000000E-01  0.10000000E+01
 0.14200200E-08  0.84148886E-02  0.00000000E+00  0.22625367E+00  0.00000000E+00  0.00000000E+00  0.17543935E+09  0.00000000E+00  0.00000000E+00  0.00000000E+00  0.00000000E+00  0.00000000E+00  0.10000000E-01  0.10000000E+01
 0.14300200E-08  0.84148886E-02  0.00000000E+00  0.22800806E+00  0.00000000E+00  0.00000000E+00  0.17543935E+09  0.00000000E+00  0.00000000E+00  0.00000000E+00  0.00000000E+00  0.00000000E+00  0.10000000E-01  0.10000000E+01
 0.14400200E-08  0.84148886E-02  0.00000000E+00  0.22976245E+00  0.00000000E+00  0.00000000E+00  0.17543935E+09  0.00000000E+00  0.00000000E+00  0.00000000E+00  0.00000000E+00  0.00000000E+00  0.10000000E-01  0.10000000E+01
 0.14500200E-08  0.84148886E-02  0.00000000E+00  0.23151685E+00  0.00000000E+00  0.00000000E+00  0.17543935E+09  0.00000000E+00  0.00000000E+00  0.00000000E+00  0.00000000E+00  0.00000000E+00  0.10000000E-01  0.10000000E+01
 0.14600200E-08  0.84148886E-02  0.00000000E+00  0.23327124E+00  0.00000000E+00  0.00000000E+00  0.17543935E+09  0.00000000E+00  0.00000000E+00  0.00000000E+00  0.00000000E+00  0.00000000E+00  0.10000000E-01  0.10000000E+01
 0.14700200E-08  0.84148886E-02  0.00000000E+00  0.23502563E+00  0.00000000E+00  0.00000000E+00  0.17543935E+09  0.00000000E+00  0.00000000E+00  0.00000000E+00  0.00000000E+00  0.00000000E+00  0.10000000E-01  0.10000000E+01
 0.14800200E-08  0.84148886E-02  0.00000000E+00  0.23678003E+00  0.00000000E+00  0.00000000E+00  0.17543935E+09  0.00000000E+00  0.00000000E+00  0.00000000E+00  0.00000000E+00  0.00000000E+00  0.10000000E-01  0.10000000E+01
 0.14900200E-08  0.84148886E-02  0.00000000E+00  0.23853442E+00  0.00000000E+00  0.00000000E+00  0.17543935E+09  0.00000000E+00  0.00000000E+00  0.00000000E+00  0.00000000E+00  0.00000000E+00  0.10000000E-01  0.10000000E+01
 0.15000200E-08  0.84148886E-02  0.00000000E+00  0.24028881E+00  0.00000000E+00  0.00000000E+00  0.17543935E+09  0.00000000E+00  0.00000000E+00  0.00000000E+00  0.00000000E+00  0.00000000E+00  0.10000000E-01  0.10000000E+01
 0.15100200E-08  0.84148886E-02  0.00000000E+00  0.24204321E+00  0.00000000E+00  0.00000000E+00  0.17543935E+09  0.00000000E+00  0.00000000E+00  0.00000000E+00  0.00000000E+00  0.00000000E+00  0.10000000E-01  0.10000000E+01
 0.15200200E-08  0.84148886E-02  0.00000000E+00  0.24379760E+00  0.00000000E+00  0.00000000E+00  0.17543935E+09  0.00000000E+00  0.00000000E+00  0.00000000E+00  0.00000000E+00  0.00000000E+00  0.10000000E-01  0.10000000E+01
 0.15300200E-08  0.84148886E-02  0.00000000E+00  0.24555200E+00  0.00000000E+00  0.00000000E+00  0.17543935E+09  0.00000000E+00  0.00000000E+00  0.00000000E+00  0.00000000E+00  0.00000000E+00  0.10000000E-01  0.10000000E+01
 0.15400200E-08  0.84148886E-02  0.00000000E+00  0.24730639E+00  0.00000000E+00  0.00000000E+00  0.17543935E+09  0.00000000E+00  0.00000000E+00  0.00000000E+00  0.00000000E+00  0.00000000E+00  0.10000000E-01  0.10000000E+01
 0.15500200E-08  0.84148886E-02  0.00000000E+00  0.24906078E+00  0.00000000E+00  0.00000000E+00  0.17543935E+09  0.00000000E+00  0.00000000E+00  0.00000000E+00  0.00000000E+00  0.00000000E+00  0.10000000E-01  0.10000000E+01
 0.15600200E-08  0.84148886E-02  0.00000000E+00  0.25081518E+00  0.00000000E+00  0.00000000E+00  0.17543935E+09  0.00000000E+00  0.00000000E+00  0.00000000E+00  0.00000000E+00  0.00000000E+00  0.10000000E-01  0.10000000E+01
 0.15700200E-08  0.84148886E-02  0.00000000E+00  0.25256957E+00  0.00000000E+00  0.00000000E+00  0.17543935E+09  0.00000000E+00  0.00000000E+00  0.00000000E+00  0.00000000E+00  0.00000000E+00  0.10000000E-01  0.10000000E+01
 0.15800200E-08  0.84148886E-02  0.00000000E+00  0.25432396E+00  0.00000000E+00  0.00000000E+00  0.17543935E+09  0.00000000E+00  0.00000000E+00  0.00000000E+00  0.00000000E+00  0.00000000E+00  0.10000000E-01  0.10000000E+01
 0.15900200E-08  0.84148886E-02  0.00000000E+00  0.25607836E+00  0.00000000E+00  0.00000000E+00  0.17543935E+09  0.00000000E+00  0.00000000E+00  0.00000000E+00  0.00000000E+00  0.00000000E+00  0.10000000E-01  0.10000000E+01
 0.16000200E-08  0.84148886E-02  0.00000000E+00  0.25783275E+00  0.00000000E+00  0.00000000E+00  0.17543935E+09  0.00000000E+00  0.00000000E+00  0.00000000E+00  0.00000000E+00  0.00000000E+00  0.10000000E-01  0.10000000E+01
 0.16100200E-08  0.84148886E-02  0.00000000E+00  0.25958714E+00  0.00000000E+00  0.00000000E+00  0.17543935E+09  0.00000000E+00  0.00000000E+00  0.00000000E+00  0.00000000E+00  0.00000000E+00  0.10000000E-01  0.10000000E+01
 0.16200200E-08  0.84148886E-02  0.00000000E+00  0.26134154E+00  0.00000000E+00  0.00000000E+00  0.17543935E+09  0.00000000E+00  0.00000000E+00  0.00000000E+00  0.00000000E+00  0.00000000E+00  0.10000000E-01  0.10000000E+01
 0.16300200E-08  0.84148886E-02  0.00000000E+00  0.26309593E+00  0.00000000E+00  0.00000000E+00  0.17543935E+09  0.00000000E+00  0.00000000E+00  0.00000000E+00  0.00000000E+00  0.00000000E+00  0.10000000E-01  0.10000000E+01
 0.16400200E-08  0.84148886E-02  0.00000000E+00  0.26485032E+00  0.00000000E+00  0.00000000E+00  0.17543935E+09  0.00000000E+00  0.00000000E+00  0.00000000E+00  0.00000000E+00  0.00000000E+00  0.10000000E-01  0.10000000E+01
 0.16500200E-08  0.84148886E-02  0.00000000E+00  0.26660472E+00  0.00000000E+00  0.00000000E+00  0.17543935E+09  0.00000000E+00  0.00000000E+00  0.00000000E+00  0.00000000E+00  0.00000000E+00  0.10000000E-01  0.10000000E+01
 0.16600200E-08  0.84148886E-02  0.00000000E+00  0.26835911E+00  0.00000000E+00  0.00000000E+00  0.17543935E+09  0.00000000E+00  0.00000000E+00  0.00000000E+00  0.00000000E+00  0.00000000E+00  0.10000000E-01  0.10000000E+01
 0.16700200E-08  0.84148886E-02  0.00000000E+00  0.27011351E+00  0.00000000E+00  0.00000000E+00  0.17543935E+09  0.00000000E+00  0.00000000E+00  0.00000000E+00  0.00000000E+00  0.00000000E+00  0.10000000E-01  0.10000000E+01
 0.16800200E-08  0.84148886E-02  0.00000000E+00  0.27186790E+00  0.00000000E+00  0.00000000E+00  0.17543935E+09  0.00000000E+00  0.00000000E+00  0.00000000E+00  0.00000000E+00  0.00000000E+00  0.10000000E-01  0.10000000E+01
 0.16900200E-08  0.84148886E-02  0.00000000E+00  0.27362229E+00  0.00000000E+00  0.00000000E+00  0.17543935E+09  0.00000000E+00  0.00000000E+00  0.00000000E+00  0.00000000E+00  0.00000000E+00  0.10000000E-01  0.10000000E+01
 0.17000200E-08  0.84148886E-02  0.00000000E+00  0.27537669E+00  0.00000000E+00  0.00000000E+00  0.17543935E+09  0.00000000E+00  0.00000000E+00  0.00000000E+00  0.00000000E+00  0.00000000E+00  0.10000000E-01  0.10000000E+01
 0.17100200E-08  0.84148886E-02  0.00000000E+00  0.27713108E+00  0.00000000E+00  0.00000000E+00  0.17543935E+09  0.00000000E+00  0.00000000E+00  0.00000000E+00  0.00000000E+00  0.00000000E+00  0.10000000E-01  0.10000000E+01
 0.17200200E-08  0.84148886E-02  0.00000000E+00  0.27888547E+00  0.00000000E+00  0.00000000E+00  0.17543935E+09  0.00000000E+00  0.00000000E+00  0.00000000E+00  0.00000000E+00  0.00000000E+00  0.10000000E-01  0.10000000E+01
 0.17300200E-08  0.84148886E-02  0.00000000E+00  0.28063987E+00  0.00000000E+00  0.00000000E+00  0.17543935E+09  0.00000000E+00  0.00000000E+00  0.00000000E+00  0.00000000E+00  0.00000000E+00  0.10000000E-01  0.10000000E+01
 0.17400200E-08  0.84148886E-02  0.00000000E+00  0.28239426E+00  0.00000000E+00  0.00000000E+00  0.17543935E+09  0.00000000E+00  0.00000000E+00  0.00000000E+00  0.00000000E+00  0.00000000E+00  0.10000000E-01  0.10000000E+01
 0.17500200E-08  0.84148886E-02  0.00000000E+00  0.28414865E+00  0.00000000E+00  0.00000000E+00  0.17543935E+09  0.00000000E+00  0.00000000E+00  0.00000000E+00  0.00000000E+00  0.00000000E+00  0.10000000E-01  0.10000000E+01
 0.17600200E-08  0.84148886E-02  0.00000000E+00  0.28590305E+00  0.00000000E+00  0.00000000E+00  0.17543935E+09  0.00000000E+00  0.00000000E+00  0.00000000E+00  0.00000000E+00  0.00000000E+00  0.10000000E-01  0.10000000E+01
 0.17700200E-08  0.84148886E-02  0.00000000E+00  0.28765744E+00  0.00000000E+00  0.00000000E+00  0.17543935E+09  0.00000000E+00  0.00000000E+00  0.00000000E+00  0.00000000E+00  0.00000000E+00  0.10000000E-01  0.10000000E+01
 0.17800200E-08  0.84148886E-02  0.00000000E+00  0.28941183E+00  0.00000000E+00  0.00000000E+00  0.17543935E+09  0.00000000E+00  0.00000000E+00  0.00000000E+00  0.00000000E+00  0.00000000E+00  0.10000000E-01  0.10000000E+01
 0.17900200E-08  0.84148886E-02  0.00000000E+00  0.29116623E+00  0.00000000E+00  0.00000000E+00  0.17543935E+09  0.00000000E+00  0.00000000E+00  0.00000000E+00  0.00000000E+00  0.00000000E+00  0.10000000E-01  0.10000000E+01
 0.18000200E-08  0.84148886E-02  0.00000000E+00  0.29292062E+00  0.00000000E+00  0.00000000E+00  0.17543935E+09  0.00000000E+00  0.00000000E+00  0.00000000E+00  0.00000000E+00  0.00000000E+00  0.10000000E-01  0.10000000E+01
 0.18100200E-08  0.84148886E-02  0.00000000E+00  0.29467501E+00  0.00000000E+00  0.00000000E+00  0.17543935E+09  0.00000000E+00  0.00000000E+00  0.00000000E+00  0.00000000E+00  0.00000000E+00  0.10000000E-01  0.10000000E+01
 0.18200200E-08  0.84148886E-02  0.00000000E+00  0.29642941E+00  0.00000000E+00  0.00000000E+00  0.17543935E+09  0.00000000E+00  0.00000000E+00  0.00000000E+00  0.00000000E+00  0.00000000E+00  0.10000000E-01  0.10000000E+01
 0.18300200E-08  0.84148886E-02  0.00000000E+00  0.29818380E+00  0.00000000E+00  0.00000000E+00  0.17543935E+09  0.00000000E+00  0.00000000E+00  0.00000000E+00  0.00000000E+00  0.00000000E+00  0.10000000E-01  0.10000000E+01
 0.18400200E-08  0.84148886E-02  0.00000000E+00  0.29993820E+00  0.00000000E+00  0.00000000E+00  0.17543935E+09  0.00000000E+00  0.00000000E+00  0.00000000E+00  0.00000000E+00  0.00000000E+00  0.10000000E-01  0.10000000E+01
 0.18500200E-08  0.84148886E-02  0.00000000E+00  0.30169259E+00  0.00000000E+00  0.00000000E+00  0.17543935E+09  0.00000000E+00  0.00000000E+00  0.00000000E+00  0.00000000E+00  0.00000000E+00  0.10000000E-01  0.10000000E+01
 0.18600200E-08  0.84148886E-02  0.00000000E+00  0.30344698E+00  0.00000000E+00  0.00000000E+00  0.17543935E+09  0.00000000E+00  0.00000000E+00  0.00000000E+00  0.00000000E+00  0.00000000E+00  0.10000000E-01  0.10000000E+01
 0.18700200E-08  0.84148886E-02  0.00000000E+00  0.30520138E+00  0.00000000E+00  0.00000000E+00  0.17543935E+09  0.00000000E+00  0.00000000E+00  0.00000000E+00  0.00000000E+00  0.00000000E+00  0.10000000E-01  0.10000000E+01
 0.18800200E-08  0.84148886E-02  0.00000000E+00  0.30695577E+00  0.00000000E+00  0.00000000E+00  0.17543935E+09  0.00000000E+00  0.00000000E+00  0.00000000E+00  0.00000000E+00  0.00000000E+00  0.10000000E-01  0.10000000E+01
 0.18900200E-08  0.84148886E-02  0.00000000E+00  0.30871016E+00  0.00000000E+00  0.00000000E+00  0.17543935E+09  0.00000000E+00  0.00000000E+00  0.00000000E+00  0.00000000E+00  0.00000000E+00  0.10000000E-01  0.10000000E+01
 0.19000200E-08  0.84148886E-02  0.00000000E+00  0.31046456E+00  0.00000000E+00  0.00000000E+00  0.17543935E+09  0.00000000E+00  0.00000000E+00  0.00000000E+00  0.00000000E+00  0.00000000E+00  0.10000000E-01  0.10000000E+01
 0.19100200E-08  0.84148886E-02  0.00000000E+00  0.31221895E+00  0.00000000E+00  0.00000000E+00  0.17543935E+09  0.00000000E+00  0.00000000E+00  0.00000000E+00  0.00000000E+00  0.00000000E+00  0.10000000E-01  0.10000000E+01
 0.19200200E-08  0.84148886E-02  0.00000000E+00  0.31397334E+00  0.00000000E+00  0.00000000E+00  0.17543935E+09  0.00000000E+00  0.00000000E+00  0.00000000E+00  0.00000000E+00  0.00000000E+00  0.10000000E-01  0.10000000E+01
 0.19300200E-08  0.84148886E-02  0.00000000E+00  0.31572774E+00  0.00000000E+00  0.00000000E+00  0.17543935E+09  0.00000000E+00  0.00000000E+00  0.00000000E+00  0.00000000E+00  0.00000000E+00  0.10000000E-01  0.10000000E+01
 0.19400200E-08  0.84148886E-02  0.00000000E+00  0.31748213E+00  0.00000000E+00  0.00000000E+00  0.17543935E+09  0.00000000E+00  0.00000000E+00  0.00000000E+00  0.00000000E+00  0.00000000E+00  0.10000000E-01  0.10000000E+01
 0.19500200E-08  0.84148886E-02  0.00000000E+00  0.31923652E+00  0.00000000E+00  0.00000000E+00  0.17543935E+09  0.00000000E+00  0.00000000E+00  0.00000000E+00  0.00000000E+00  0.00000000E+00  0.10000000E-01  0.10000000E+01
 0.19600200E-08  0.84148886E-02  0.00000000E+00  0.32099092E+00  0.00000000E+00  0.00000000E+00  0.17543935E+09  0.00000000E+00  0.00000000E+00  0.00000000E+00  0.00000000E+00  0.00000000E+00  0.10000000E-01  0.10000000E+01
 0.19700200E-08  0.84148886E-02  0.00000000E+00  0.32274531E+00  0.00000000E+00  0.00000000E+00  0.17543935E+09  0.00000000E+00  0.00000000E+00  0.00000000E+00  0.00000000E+00  0.00000000E+00  0.10000000E-01  0.10000000E+01
 0.19800200E-08  0.84148886E-02  0.00000000E+00  0.32449971E+00  0.00000000E+00  0.00000000E+00  0.17543935E+09  0.00000000E+00  0.00000000E+00  0.00000000E+00  0.00000000E+00  0.00000000E+00  0.10000000E-01  0.10000000E+01
 0.19900200E-08  0.84148886E-02  0.00000000E+00  0.32625410E+00  0.00000000E+00  0.00000000E+00  0.17543935E+09  0.00000000E+00  0.00000000E+00  0.00000000E+00  0.00000000E+00  0.00000000E+00  0.10000000E-01  0.10000000E+01
