# ptime xp yp zp vx vy vz ex ey ez bx by bz wt
 0.20000000E-13  0.77248789E-02  0.00000000E+00 -0.13036500E-01  0.00000000E+00  0.00000000E+00  0.18729507E+09  0.00000000E+00  0.00000000E+00  0.00000000E+00  0.00000000E+00  0.00000000E+00  0.10000000E-01  0.10000000E+01
 0.10000000E-10  0.77248789E-02  0.00000000E+00 -0.11167295E-01  0.00000000E+00  0.00000000E+00  0.18729507E+09  0.00000000E+00  0.00000000E+00  0.00000000E+00  0.00000000E+00  0.00000000E+00  0.10000000E-01  0.10000000E+01
 0.20000000E-10  0.77248789E-02  0.00000000E+00 -0.92943446E-02  0.00000000E+00  0.00000000E+00  0.18729507E+09  0.00000000E+00  0.00000000E+00  0.00000000E+00  0.00000000E+00  0.00000000E+00  0.10000000E-01  0.10000000E+01
 0.30000000E-10  0.77248789E-02  0.00000000E+00 -0.74213940E-02  0.00000000E+00  0.00000000E+00  0.18729507E+09  0.00000000E+00  0.00000000E+00  0.00000000E+00  0.00000000E+00  0.00000000E+00  0.10000000E-01  0.10000000E+01
 0.40020000E-10  0.77248789E-02  0.00000000E+00 -0.55446974E-02  0.00000000E+00  0.00000000E+00  0.18729507E+09  0.00000000E+00  0.00000000E+00  0.00000000E+00  0.00000000E+00  0.00000000E+00  0.10000000E-01  0.10000000E+01
 0.50020000E-10  0.77248789E-02  0.00000000E+00 -0.36717467E-02  0.00000000E+00  0.00000000E+00  0.18729507E+09  0.00000000E+00  0.00000000E+00  0.00000000E+00  0.00000000E+00  0.00000000E+00  0.10000000E-01  0.10000000E+01
 0.60020000E-10  0.77248789E-02  0.00000000E+00 -0.17987960E-02  0.00000000E+00  0.00000000E+00  0.18729507E+09  0.00000000E+00  0.00000000E+00  0.00000000E+00  0.00000000E+00  0.00000000E+00  0.10000000E-01  0.10000000E+01
 0.70020000E-10  0.77248789E-02  0.00000000E+00  0.74154661E-04  0.00000000E+00  0.00000000E+00  0.18729507E+09  0.00000000E+00  0.00000000E+00  0.00000000E+00  0.00000000E+00  0.00000000E+00  0.10000000E-01  0.10000000E+01
 0.80000000E-10  0.77248789E-02  0.00000000E+00  0.19433594E-02  0.00000000E+00  0.00000000E+00  0.18729507E+09  0.00000000E+00  0.00000000E+00  0.00000000E+00  0.00000000E+00  0.00000000E+00  0.10000000E-01  0.10000000E+01
 0.90000000E-10  0.77248789E-02  0.00000000E+00  0.38163101E-02  0.00000000E+00  0.00000000E+00  0.18729507E+09  0.00000000E+00  0.00000000E+00  0.00000000E+00  0.00000000E+00  0.00000000E+00  0.10000000E-01  0.10000000E+01
 0.10000000E-09  0.77248789E-02  0.00000000E+00  0.56892608E-02  0.00000000E+00  0.00000000E+00  0.18729507E+09  0.00000000E+00  0.00000000E+00  0.00000000E+00  0.00000000E+00  0.00000000E+00  0.10000000E-01  0.10000000E+01
 0.11000000E-09  0.77248789E-02  0.00000000E+00  0.75622115E-02  0.00000000E+00  0.00000000E+00  0.18729507E+09  0.00000000E+00  0.00000000E+00  0.00000000E+00  0.00000000E+00  0.00000000E+00  0.10000000E-01  0.10000000E+01
 0.12000000E-09  0.77248789E-02  0.00000000E+00  0.94351622E-02  0.00000000E+00  0.00000000E+00  0.18729507E+09  0.00000000E+00  0.00000000E+00  0.00000000E+00  0.00000000E+00  0.00000000E+00  0.10000000E-01  0.10000000E+01
 0.13000000E-09  0.77248789E-02  0.00000000E+00  0.11308113E-01  0.00000000E+00  0.00000000E+00  0.18729507E+09  0.00000000E+00  0.00000000E+00  0.00000000E+00  0.00000000E+00  0.00000000E+00  0.10000000E-01  0.10000000E+01
 0.14002000E-09  0.77248789E-02  0.00000000E+00  0.13184809E-01  0.00000000E+00  0.00000000E+00  0.18729507E+09  0.00000000E+00  0.00000000E+00  0.00000000E+00  0.00000000E+00  0.00000000E+00  0.10000000E-01  0.10000000E+01
 0.15002000E-09  0.77248789E-02  0.00000000E+00  0.15057760E-01  0.00000000E+00  0.00000000E+00  0.18729507E+09  0.00000000E+00  0.00000000E+00  0.00000000E+00  0.00000000E+00  0.00000000E+00  0.10000000E-01  0.10000000E+01
 0.16002000E-09  0.77248789E-02  0.00000000E+00  0.16930711E-01  0.00000000E+00  0.00000000E+00  0.18729507E+09  0.00000000E+00  0.00000000E+00  0.00000000E+00  0.00000000E+00  0.00000000E+00  0.10000000E-01  0.10000000E+01
 0.17002000E-09  0.77248789E-02  0.00000000E+00  0.18803661E-01  0.00000000E+00  0.00000000E+00  0.18729507E+09  0.00000000E+00  0.00000000E+00  0.00000000E+00  0.00000000E+00  0.00000000E+00  0.10000000E-01  0.10000000E+01
 0.18002000E-09  0.77248789E-02  0.00000000E+00  0.20676612E-01  0.00000000E+00  0.00000000E+00  0.18729507E+09  0.00000000E+00  0.00000000E+00  0.00000000E+00  0.00000000E+00  0.00000000E+00  0.10000000E-01  0.10000000E+01
 0.19002000E-09  0.77248789E-02  0.00000000E+00  0.22549563E-01  0.00000000E+00  0.00000000E+00  0.18729507E+09  0.00000000E+00  0.00000000E+00  0.00000000E+00  0.00000000E+00  0.00000000E+00  0.10000000E-01  0.10000000E+01
 0.20002000E-09  0.77248789E-02  0.00000000E+00  0.24422514E-01  0.00000000E+00  0.00000000E+00  0.18729507E+09  0.00000000E+00  0.00000000E+00  0.00000000E+00  0.00000000E+00  0.00000000E+00  0.10000000E-01  0.10000000E+01
 0.21002000E-09  0.77248789E-02  0.00000000E+00  0.26295464E-01  0.00000000E+00  0.00000000E+00  0.18729507E+09  0.00000000E+00  0.00000000E+00  0.00000000E+00  0.00000000E+00  0.00000000E+00  0.10000000E-01  0.10000000E+01
 0.22002000E-09  0.77248789E-02  0.00000000E+00  0.28168415E-01  0.00000000E+00  0.00000000E+00  0.18729507E+09  0.00000000E+00  0.00000000E+00  0.00000000E+00  0.00000000E+00  0.00000000E+00  0.10000000E-01  0.10000000E+01
 0.23002000E-09  0.77248789E-02  0.00000000E+00  0.30041366E-01  0.00000000E+00  0.00000000E+00  0.18729507E+09  0.00000000E+00  0.00000000E+00  0.00000000E+00  0.00000000E+00  0.00000000E+00  0.10000000E-01  0.10000000E+01
 0.24002000E-09  0.77248789E-02  0.00000000E+00  0.31914316E-01  0.00000000E+00  0.00000000E+00  0.18729507E+09  0.00000000E+00  0.00000000E+00  0.00000000E+00  0.00000000E+00  0.00000000E+00  0.10000000E-01  0.10000000E+01
 0.25002000E-09  0.77248789E-02  0.00000000E+00  0.33787267E-01  0.00000000E+00  0.00000000E+00  0.18729507E+09  0.00000000E+00  0.00000000E+00  0.00000000E+00  0.00000000E+00  0.00000000E+00  0.10000000E-01  0.10000000E+01
 0.26002000E-09  0.77248789E-02  0.00000000E+00  0.35660218E-01  0.00000000E+00  0.00000000E+00  0.18729507E+09  0.00000000E+00  0.00000000E+00  0.00000000E+00  0.00000000E+00  0.00000000E+00  0.10000000E-01  0.10000000E+01
 0.27002000E-09  0.77248789E-02  0.00000000E+00  0.37533168E-01  0.00000000E+00  0.00000000E+00  0.18729507E+09  0.00000000E+00  0.00000000E+00  0.00000000E+00  0.00000000E+00  0.00000000E+00  0.10000000E-01  0.10000000E+01
 0.28002000E-09  0.77248789E-02  0.00000000E+00  0.39406119E-01  0.00000000E+00  0.00000000E+00  0.18729507E+09  0.00000000E+00  0.00000000E+00  0.00000000E+00  0.00000000E+00  0.00000000E+00  0.10000000E-01  0.10000000E+01
 0.29002000E-09  0.77248789E-02  0.00000000E+00  0.41279070E-01  0.00000000E+00  0.00000000E+00  0.18729507E+09  0.00000000E+00  0.00000000E+00  0.00000000E+00  0.00000000E+00  0.00000000E+00  0.10000000E-01  0.10000000E+01
 0.30000000E-09  0.77248789E-02  0.00000000E+00  0.43148274E-01  0.00000000E+00  0.00000000E+00  0.18729507E+09  0.00000000E+00  0.00000000E+00  0.00000000E+00  0.00000000E+00  0.00000000E+00  0.10000000E-01  0.10000000E+01
 0.31000000E-09  0.77248789E-02  0.00000000E+00  0.45021225E-01  0.00000000E+00  0.00000000E+00  0.18729507E+09  0.00000000E+00  0.00000000E+00  0.00000000E+00  0.00000000E+00  0.00000000E+00  0.10000000E-01  0.10000000E+01
 0.32000000E-09  0.77248789E-02  0.00000000E+00  0.46894176E-01  0.00000000E+00  0.00000000E+00  0.18729507E+09  0.00000000E+00  0.00000000E+00  0.00000000E+00  0.00000000E+00  0.00000000E+00  0.10000000E-01  0.10000000E+01
 0.33000000E-09  0.77248789E-02  0.00000000E+00  0.48767126E-01  0.00000000E+00  0.00000000E+00  0.18729507E+09  0.00000000E+00  0.00000000E+00  0.00000000E+00  0.00000000E+00  0.00000000E+00  0.10000000E-01  0.10000000E+01
 0.34000000E-09  0.77248789E-02  0.00000000E+00  0.50640077E-01  0.00000000E+00  0.00000000E+00  0.18729507E+09  0.00000000E+00  0.00000000E+00  0.00000000E+00  0.00000000E+00  0.00000000E+00  0.10000000E-01  0.10000000E+01
 0.35000000E-09  0.77248789E-02  0.00000000E+00  0.52513028E-01  0.00000000E+00  0.00000000E+00  0.18729507E+09  0.00000000E+00  0.00000000E+00  0.00000000E+00  0.00000000E+00  0.00000000E+00  0.10000000E-01  0.10000000E+01
 0.36000000E-09  0.77248789E-02  0.00000000E+00  0.54385978E-01  0.00000000E+00  0.00000000E+00  0.18729507E+09  0.00000000E+00  0.00000000E+00  0.00000000E+00  0.00000000E+00  0.00000000E+00  0.10000000E-01  0.10000000E+01
 0.37000000E-09  0.77248789E-02  0.00000000E+00  0.56258929E-01  0.00000000E+00  0.00000000E+00  0.18729507E+09  0.00000000E+00  0.00000000E+00  0.00000000E+00  0.00000000E+00  0.00000000E+00  0.10000000E-01  0.10000000E+01
 0.38000000E-09  0.77248789E-02  0.00000000E+00  0.58131880E-01  0.00000000E+00  0.00000000E+00  0.18729507E+09  0.00000000E+00  0.00000000E+00  0.00000000E+00  0.00000000E+00  0.00000000E+00  0.10000000E-01  0.10000000E+01
 0.39000000E-09  0.77248789E-02  0.00000000E+00  0.60004831E-01  0.00000000E+00  0.00000000E+00  0.18729507E+09  0.00000000E+00  0.00000000E+00  0.00000000E+00  0.00000000E+00  0.00000000E+00  0.10000000E-01  0.10000000E+01
 0.40000000E-09  0.77248789E-02  0.00000000E+00  0.61877781E-01  0.00000000E+00  0.00000000E+00  0.18729507E+09  0.00000000E+00  0.00000000E+00  0.00000000E+00  0.00000000E+00  0.00000000E+00  0.10000000E-01  0.10000000E+01
 0.41000000E-09  0.77248789E-02  0.00000000E+00  0.63750732E-01  0.00000000E+00  0.00000000E+00  0.18729507E+09  0.00000000E+00  0.00000000E+00  0.00000000E+00  0.00000000E+00  0.00000000E+00  0.10000000E-01  0.10000000E+01
 0.42000000E-09  0.77248789E-02  0.00000000E+00  0.65623683E-01  0.00000000E+00  0.00000000E+00  0.18729507E+09  0.00000000E+00  0.00000000E+00  0.00000000E+00  0.00000000E+00  0.00000000E+00  0.10000000E-01  0.10000000E+01
 0.43000000E-09  0.77248789E-02  0.00000000E+00  0.67496633E-01  0.00000000E+00  0.00000000E+00  0.18729507E+09  0.00000000E+00  0.00000000E+00  0.00000000E+00  0.00000000E+00  0.00000000E+00  0.10000000E-01  0.10000000E+01
 0.44000000E-09  0.77248789E-02  0.00000000E+00  0.69369584E-01  0.00000000E+00  0.00000000E+00  0.18729507E+09  0.00000000E+00  0.00000000E+00  0.00000000E+00  0.00000000E+00  0.00000000E+00  0.10000000E-01  0.10000000E+01
 0.45000000E-09  0.77248789E-02  0.00000000E+00  0.71242535E-01  0.00000000E+00  0.00000000E+00  0.18729507E+09  0.00000000E+00  0.00000000E+00  0.00000000E+00  0.00000000E+00  0.00000000E+00  0.10000000E-01  0.10000000E+01
 0.46000000E-09  0.77248789E-02  0.00000000E+00  0.73115485E-01  0.00000000E+00  0.00000000E+00  0.18729507E+09  0.00000000E+00  0.00000000E+00  0.00000000E+00  0.00000000E+00  0.00000000E+00  0.10000000E-01  0.10000000E+01
 0.47000000E-09  0.77248789E-02  0.00000000E+00  0.74988436E-01  0.00000000E+00  0.00000000E+00  0.18729507E+09  0.00000000E+00  0.00000000E+00  0.00000000E+00  0.00000000E+00  0.00000000E+00  0.10000000E-01  0.10000000E+01
 0.48000000E-09  0.77248789E-02  0.00000000E+00  0.76861387E-01  0.00000000E+00  0.00000000E+00  0.18729507E+09  0.00000000E+00  0.00000000E+00  0.00000000E+00  0.00000000E+00  0.00000000E+00  0.10000000E-01  0.10000000E+01
 0.49000000E-09  0.77248789E-02  0.00000000E+00  0.78734337E-01  0.00000000E+00  0.00000000E+00  0.18729507E+09  0.00000000E+00  0.00000000E+00  0.00000000E+00  0.00000000E+00  0.00000000E+00  0.10000000E-01  0.10000000E+01
 0.50000000E-09  0.77248789E-02  0.00000000E+00  0.80607288E-01  0.00000000E+00  0.00000000E+00  0.18729507E+09  0.00000000E+00  0.00000000E+00  0.00000000E+00  0.00000000E+00  0.00000000E+00  0.10000000E-01  0.10000000E+01
 0.51000000E-09  0.77248789E-02  0.00000000E+00  0.82480239E-01  0.00000000E+00  0.00000000E+00  0.18729507E+09  0.00000000E+00  0.00000000E+00  0.00000000E+00  0.00000000E+00  0.00000000E+00  0.10000000E-01  0.10000000E+01
 0.52000000E-09  0.77248789E-02  0.00000000E+00  0.84353189E-01  0.00000000E+00  0.00000000E+00  0.18729507E+09  0.00000000E+00  0.00000000E+00  0.00000000E+00  0.00000000E+00  0.00000000E+00  0.10000000E-01  0.10000000E+01
 0.53000000E-09  0.77248789E-02  0.00000000E+00  0.86226140E-01  0.00000000E+00  0.00000000E+00  0.18729507E+09  0.00000000E+00  0.00000000E+00  0.00000000E+00  0.00000000E+00  0.00000000E+00  0.10000000E-01  0.10000000E+01
 0.54000000E-09  0.77248789E-02  0.00000000E+00  0.88099091E-01  0.00000000E+00  0.00000000E+00  0.18729507E+09  0.00000000E+00  0.00000000E+00  0.00000000E+00  0.00000000E+00  0.00000000E+00  0.10000000E-01  0.10000000E+01
 0.55002000E-09  0.77248789E-02  0.00000000E+00  0.89975787E-01  0.00000000E+00  0.00000000E+00  0.18729507E+09  0.00000000E+00  0.00000000E+00  0.00000000E+00  0.00000000E+00  0.00000000E+00  0.10000000E-01  0.10000000E+01
 0.56002000E-09  0.77248789E-02  0.00000000E+00  0.91848738E-01  0.00000000E+00  0.00000000E+00  0.18729507E+09  0.00000000E+00  0.00000000E+00  0.00000000E+00  0.00000000E+00  0.00000000E+00  0.10000000E-01  0.10000000E+01
 0.57002000E-09  0.77248789E-02  0.00000000E+00  0.93721689E-01  0.00000000E+00  0.00000000E+00  0.18729507E+09  0.00000000E+00  0.00000000E+00  0.00000000E+00  0.00000000E+00  0.00000000E+00  0.10000000E-01  0.10000000E+01
 0.58002000E-09  0.77248789E-02  0.00000000E+00  0.95594639E-01  0.00000000E+00  0.00000000E+00  0.18729507E+09  0.00000000E+00  0.00000000E+00  0.00000000E+00  0.00000000E+00  0.00000000E+00  0.10000000E-01  0.10000000E+01
 0.59002000E-09  0.77248789E-02  0.00000000E+00  0.97467590E-01  0.00000000E+00  0.00000000E+00  0.18729507E+09  0.00000000E+00  0.00000000E+00  0.00000000E+00  0.00000000E+00  0.00000000E+00  0.10000000E-01  0.10000000E+01
 0.60002000E-09  0.77248789E-02  0.00000000E+00  0.99340541E-01  0.00000000E+00  0.00000000E+00  0.18729507E+09  0.00000000E+00  0.00000000E+00  0.00000000E+00  0.00000000E+00  0.00000000E+00  0.10000000E-01  0.10000000E+01
 0.61002000E-09  0.77248789E-02  0.00000000E+00  0.10121349E+00  0.00000000E+00  0.00000000E+00  0.18729507E+09  0.00000000E+00  0.00000000E+00  0.00000000E+00  0.00000000E+00  0.00000000E+00  0.10000000E-01  0.10000000E+01
 0.62002000E-09  0.77248789E-02  0.00000000E+00  0.10308644E+00  0.00000000E+00  0.00000000E+00  0.18729507E+09  0.00000000E+00  0.00000000E+00  0.00000000E+00  0.00000000E+00  0.00000000E+00  0.10000000E-01  0.10000000E+01
 0.63002000E-09  0.77248789E-02  0.00000000E+00  0.10495939E+00  0.00000000E+00  0.00000000E+00  0.18729507E+09  0.00000000E+00  0.00000000E+00  0.00000000E+00  0.00000000E+00  0.00000000E+00  0.10000000E-01  0.10000000E+01
 0.64002000E-09  0.77248789E-02  0.00000000E+00  0.10683234E+00  0.00000000E+00  0.00000000E+00  0.18729507E+09  0.00000000E+00  0.00000000E+00  0.00000000E+00  0.00000000E+00  0.00000000E+00  0.10000000E-01  0.10000000E+01
 0.65002000E-09  0.77248789E-02  0.00000000E+00  0.10870529E+00  0.00000000E+00  0.00000000E+00  0.18729507E+09  0.00000000E+00  0.00000000E+00  0.00000000E+00  0.00000000E+00  0.00000000E+00  0.10000000E-01  0.10000000E+01
 0.66002000E-09  0.77248789E-02  0.00000000E+00  0.11057824E+00  0.00000000E+00  0.00000000E+00  0.18729507E+09  0.00000000E+00  0.00000000E+00  0.00000000E+00  0.00000000E+00  0.00000000E+00  0.10000000E-01  0.10000000E+01
 0.67002000E-09  0.77248789E-02  0.00000000E+00  0.11245120E+00  0.00000000E+00  0.00000000E+00  0.18729507E+09  0.00000000E+00  0.00000000E+00  0.00000000E+00  0.00000000E+00  0.00000000E+00  0.10000000E-01  0.10000000E+01
 0.68002000E-09  0.77248789E-02  0.00000000E+00  0.11432415E+00  0.00000000E+00  0.00000000E+00  0.18729507E+09  0.00000000E+00  0.00000000E+00  0.00000000E+00  0.00000000E+00  0.00000000E+00  0.10000000E-01  0.10000000E+01
 0.69002000E-09  0.77248789E-02  0.00000000E+00  0.11619710E+00  0.00000000E+00  0.00000000E+00  0.18729507E+09  0.00000000E+00  0.00000000E+00  0.00000000E+00  0.00000000E+00  0.00000000E+00  0.10000000E-01  0.10000000E+01
 0.70002000E-09  0.77248789E-02  0.00000000E+00  0.11807005E+00  0.00000000E+00  0.00000000E+00  0.18729507E+09  0.00000000E+00  0.00000000E+00  0.00000000E+00  0.00000000E+00  0.00000000E+00  0.10000000E-01  0.10000000E+01
 0.71002000E-09  0.77248789E-02  0.00000000E+00  0.11994300E+00  0.00000000E+00  0.00000000E+00  0.18729507E+09  0.00000000E+00  0.00000000E+00  0.00000000E+00  0.00000000E+00  0.00000000E+00  0.10000000E-01  0.10000000E+01
 0.72002000E-09  0.77248789E-02  0.00000000E+00  0.12181595E+00  0.00000000E+00  0.00000000E+00  0.18729507E+09  0.00000000E+00  0.00000000E+00  0.00000000E+00  0.00000000E+00  0.00000000E+00  0.10000000E-01  0.10000000E+01
 0.73002000E-09  0.77248789E-02  0.00000000E+00  0.12368890E+00  0.00000000E+00  0.00000000E+00  0.18729507E+09  0.00000000E+00  0.00000000E+00  0.00000000E+00  0.00000000E+00  0.00000000E+00  0.10000000E-01  0.10000000E+01
 0.74002000E-09  0.77248789E-02  0.00000000E+00  0.12556185E+00  0.00000000E+00  0.00000000E+00  0.18729507E+09  0.00000000E+00  0.00000000E+00  0.00000000E+00  0.00000000E+00  0.00000000E+00  0.10000000E-01  0.10000000E+01
 0.75002000E-09  0.77248789E-02  0.00000000E+00  0.12743480E+00  0.00000000E+00  0.00000000E+00  0.18729507E+09  0.00000000E+00  0.00000000E+00  0.00000000E+00  0.00000000E+00  0.00000000E+00  0.10000000E-01  0.10000000E+01
 0.76002000E-09  0.77248789E-02  0.00000000E+00  0.12930775E+00  0.00000000E+00  0.00000000E+00  0.18729507E+09  0.00000000E+00  0.00000000E+00  0.00000000E+00  0.00000000E+00  0.00000000E+00  0.10000000E-01  0.10000000E+01
 0.77002000E-09  0.77248789E-02  0.00000000E+00  0.13118070E+00  0.00000000E+00  0.00000000E+00  0.18729507E+09  0.00000000E+00  0.00000000E+00  0.00000000E+00  0.00000000E+00  0.00000000E+00  0.10000000E-01  0.10000000E+01
 0.78002000E-09  0.77248789E-02  0.00000000E+00  0.13305365E+00  0.00000000E+00  0.00000000E+00  0.18729507E+09  0.00000000E+00  0.00000000E+00  0.00000000E+00  0.00000000E+00  0.00000000E+00  0.10000000E-01  0.10000000E+01
 0.79002000E-09  0.77248789E-02  0.00000000E+00  0.13492660E+00  0.00000000E+00  0.00000000E+00  0.18729507E+09  0.00000000E+00  0.00000000E+00  0.00000000E+00  0.00000000E+00  0.00000000E+00  0.10000000E-01  0.10000000E+01
 0.80002000E-09  0.77248789E-02  0.00000000E+00  0.13679955E+00  0.00000000E+00  0.00000000E+00  0.18729507E+09  0.00000000E+00  0.00000000E+00  0.00000000E+00  0.00000000E+00  0.00000000E+00  0.10000000E-01  0.10000000E+01
 0.81002000E-09  0.77248789E-02  0.00000000E+00  0.13867250E+00  0.00000000E+00  0.00000000E+00  0.18729507E+09  0.00000000E+00  0.00000000E+00  0.00000000E+00  0.00000000E+00  0.00000000E+00  0.10000000E-01  0.10000000E+01
 0.82002000E-09  0.77248789E-02  0.00000000E+00  0.14054546E+00  0.00000000E+00  0.00000000E+00  0.18729507E+09  0.00000000E+00  0.00000000E+00  0.00000000E+00  0.00000000E+00  0.00000000E+00  0.10000000E-01  0.10000000E+01
 0.83002000E-09  0.77248789E-02  0.00000000E+00  0.14241841E+00  0.00000000E+00  0.00000000E+00  0.18729507E+09  0.00000000E+00  0.00000000E+00  0.00000000E+00  0.00000000E+00  0.00000000E+00  0.10000000E-01  0.10000000E+01
 0.84002000E-09  0.77248789E-02  0.00000000E+00  0.14429136E+00  0.00000000E+00  0.00000000E+00  0.18729507E+09  0.00000000E+00  0.00000000E+00  0.00000000E+00  0.00000000E+00  0.00000000E+00  0.10000000E-01  0.10000000E+01
 0.85002000E-09  0.77248789E-02  0.00000000E+00  0.14616431E+00  0.00000000E+00  0.00000000E+00  0.18729507E+09  0.00000000E+00  0.00000000E+00  0.00000000E+00  0.00000000E+00  0.00000000E+00  0.10000000E-01  0.10000000E+01
 0.86002000E-09  0.77248789E-02  0.00000000E+00  0.14803726E+00  0.00000000E+00  0.00000000E+00  0.18729507E+09  0.00000000E+00  0.00000000E+00  0.00000000E+00  0.00000000E+00  0.00000000E+00  0.10000000E-01  0.10000000E+01
 0.87002000E-09  0.77248789E-02  0.00000000E+00  0.14991021E+00  0.00000000E+00  0.00000000E+00  0.18729507E+09  0.00000000E+00  0.00000000E+00  0.00000000E+00  0.00000000E+00  0.00000000E+00  0.10000000E-01  0.10000000E+01
 0.88002000E-09  0.77248789E-02  0.00000000E+00  0.15178316E+00  0.00000000E+00  0.00000000E+00  0.18729507E+09  0.00000000E+00  0.00000000E+00  0.00000000E+00  0.00000000E+00  0.00000000E+00  0.10000000E-01  0.10000000E+01
 0.89002000E-09  0.77248789E-02  0.00000000E+00  0.15365611E+00  0.00000000E+00  0.00000000E+00  0.18729507E+09  0.00000000E+00  0.00000000E+00  0.00000000E+00  0.00000000E+00  0.00000000E+00  0.10000000E-01  0.10000000E+01
 0.90002000E-09  0.77248789E-02  0.00000000E+00  0.15552906E+00  0.00000000E+00  0.00000000E+00  0.18729507E+09  0.00000000E+00  0.00000000E+00  0.00000000E+00  0.00000000E+00  0.00000000E+00  0.10000000E-01  0.10000000E+01
 0.91002000E-09  0.77248789E-02  0.00000000E+00  0.15740201E+00  0.00000000E+00  0.00000000E+00  0.18729507E+09  0.00000000E+00  0.00000000E+00  0.00000000E+00  0.00000000E+00  0.00000000E+00  0.10000000E-01  0.10000000E+01
 0.92002000E-09  0.77248789E-02  0.00000000E+00  0.15927496E+00  0.00000000E+00  0.00000000E+00  0.18729507E+09  0.00000000E+00  0.00000000E+00  0.00000000E+00  0.00000000E+00  0.00000000E+00  0.10000000E-01  0.10000000E+01
 0.93002000E-09  0.77248789E-02  0.00000000E+00  0.16114791E+00  0.00000000E+00  0.00000000E+00  0.18729507E+09  0.00000000E+00  0.00000000E+00  0.00000000E+00  0.00000000E+00  0.00000000E+00  0.10000000E-01  0.10000000E+01
 0.94002000E-09  0.77248789E-02  0.00000000E+00  0.16302086E+00  0.00000000E+00  0.00000000E+00  0.18729507E+09  0.00000000E+00  0.00000000E+00  0.00000000E+00  0.00000000E+00  0.00000000E+00  0.10000000E-01  0.10000000E+01
 0.95002000E-09  0.77248789E-02  0.00000000E+00  0.16489381E+00  0.00000000E+00  0.00000000E+00  0.18729507E+09  0.00000000E+00  0.00000000E+00  0.00000000E+00  0.00000000E+00  0.00000000E+00  0.10000000E-01  0.10000000E+01
 0.96002000E-09  0.77248789E-02  0.00000000E+00  0.16676677E+00  0.00000000E+00  0.00000000E+00  0.18729507E+09  0.00000000E+00  0.00000000E+00  0.00000000E+00  0.00000000E+00  0.00000000E+00  0.10000000E-01  0.10000000E+01
 0.97002000E-09  0.77248789E-02  0.00000000E+00  0.16863972E+00  0.00000000E+00  0.00000000E+00  0.18729507E+09  0.00000000E+00  0.00000000E+00  0.00000000E+00  0.00000000E+00  0.00000000E+00  0.10000000E-01  0.10000000E+01
 0.98002000E-09  0.77248789E-02  0.00000000E+00  0.17051267E+00  0.00000000E+00  0.00000000E+00  0.18729507E+09  0.00000000E+00  0.00000000E+00  0.00000000E+00  0.00000000E+00  0.00000000E+00  0.10000000E-01  0.10000000E+01
 0.99002000E-09  0.77248789E-02  0.00000000E+00  0.17238562E+00  0.00000000E+00  0.00000000E+00  0.18729507E+09  0.00000000E+00  0.00000000E+00  0.00000000E+00  0.00000000E+00  0.00000000E+00  0.10000000E-01  0.10000000E+01
 0.10000200E-08  0.77248789E-02  0.00000000E+00  0.17425857E+00  0.00000000E+00  0.00000000E+00  0.18729507E+09  0.00000000E+00  0.00000000E+00  0.00000000E+00  0.00000000E+00  0.00000000E+00  0.10000000E-01  0.10000000E+01
 0.10100200E-08  0.77248789E-02  0.00000000E+00  0.17613152E+00  0.00000000E+00  0.00000000E+00  0.18729507E+09  0.00000000E+00  0.00000000E+00  0.00000000E+00  0.00000000E+00  0.00000000E+00  0.10000000E-01  0.10000000E+01
 0.10200200E-08  0.77248789E-02  0.00000000E+00  0.17800447E+00  0.00000000E+00  0.00000000E+00  0.18729507E+09  0.00000000E+00  0.00000000E+00  0.00000000E+00  0.00000000E+00  0.00000000E+00  0.10000000E-01  0.10000000E+01
 0.10300200E-08  0.77248789E-02  0.00000000E+00  0.17987742E+00  0.00000000E+00  0.00000000E+00  0.18729507E+09  0.00000000E+00  0.00000000E+00  0.00000000E+00  0.00000000E+00  0.00000000E+00  0.10000000E-01  0.10000000E+01
 0.10400200E-08  0.77248789E-02  0.00000000E+00  0.18175037E+00  0.00000000E+00  0.00000000E+00  0.18729507E+09  0.00000000E+00  0.00000000E+00  0.00000000E+00  0.00000000E+00  0.00000000E+00  0.10000000E-01  0.10000000E+01
 0.10500200E-08  0.77248789E-02  0.00000000E+00  0.18362332E+00  0.00000000E+00  0.00000000E+00  0.18729507E+09  0.00000000E+00  0.00000000E+00  0.00000000E+00  0.00000000E+00  0.00000000E+00  0.10000000E-01  0.10000000E+01
 0.10600200E-08  0.77248789E-02  0.00000000E+00  0.18549627E+00  0.00000000E+00  0.00000000E+00  0.18729507E+09  0.00000000E+00  0.00000000E+00  0.00000000E+00  0.00000000E+00  0.00000000E+00  0.10000000E-01  0.10000000E+01
 0.10700200E-08  0.77248789E-02  0.00000000E+00  0.18736922E+00  0.00000000E+00  0.00000000E+00  0.18729507E+09  0.00000000E+00  0.00000000E+00  0.00000000E+00  0.00000000E+00  0.00000000E+00  0.10000000E-01  0.10000000E+01
 0.10800200E-08  0.77248789E-02  0.00000000E+00  0.18924217E+00  0.00000000E+00  0.00000000E+00  0.18729507E+09  0.00000000E+00  0.00000000E+00  0.00000000E+00  0.00000000E+00  0.00000000E+00  0.10000000E-01  0.10000000E+01
 0.10900200E-08  0.77248789E-02  0.00000000E+00  0.19111512E+00  0.00000000E+00  0.00000000E+00  0.18729507E+09  0.00000000E+00  0.00000000E+00  0.00000000E+00  0.00000000E+00  0.00000000E+00  0.10000000E-01  0.10000000E+01
 0.11000200E-08  0.77248789E-02  0.00000000E+00  0.19298807E+00  0.00000000E+00  0.00000000E+00  0.18729507E+09  0.00000000E+00  0.00000000E+00  0.00000000E+00  0.00000000E+00  0.00000000E+00  0.10000000E-01  0.10000000E+01
 0.11100200E-08  0.77248789E-02  0.00000000E+00  0.19486103E+00  0.00000000E+00  0.00000000E+00  0.18729507E+09  0.00000000E+00  0.00000000E+00  0.00000000E+00  0.00000000E+00  0.00000000E+00  0.10000000E-01  0.10000000E+01
 0.11200200E-08  0.77248789E-02  0.00000000E+00  0.19673398E+00  0.00000000E+00  0.00000000E+00  0.18729507E+09  0.00000000E+00  0.00000000E+00  0.00000000E+00  0.00000000E+00  0.00000000E+00  0.10000000E-01  0.10000000E+01
 0.11300200E-08  0.77248789E-02  0.00000000E+00  0.19860693E+00  0.00000000E+00  0.00000000E+00  0.18729507E+09  0.00000000E+00  0.00000000E+00  0.00000000E+00  0.00000000E+00  0.00000000E+00  0.10000000E-01  0.10000000E+01
 0.11400200E-08  0.77248789E-02  0.00000000E+00  0.20047988E+00  0.00000000E+00  0.00000000E+00  0.18729507E+09  0.00000000E+00  0.00000000E+00  0.00000000E+00  0.00000000E+00  0.00000000E+00  0.10000000E-01  0.10000000E+01
 0.11500200E-08  0.77248789E-02  0.00000000E+00  0.20235283E+00  0.00000000E+00  0.00000000E+00  0.18729507E+09  0.00000000E+00  0.00000000E+00  0.00000000E+00  0.00000000E+00  0.00000000E+00  0.10000000E-01  0.10000000E+01
 0.11600200E-08  0.77248789E-02  0.00000000E+00  0.20422578E+00  0.00000000E+00  0.00000000E+00  0.18729507E+09  0.00000000E+00  0.00000000E+00  0.00000000E+00  0.00000000E+00  0.00000000E+00  0.10000000E-01  0.10000000E+01
 0.11700200E-08  0.77248789E-02  0.00000000E+00  0.20609873E+00  0.00000000E+00  0.00000000E+00  0.18729507E+09  0.00000000E+00  0.00000000E+00  0.00000000E+00  0.00000000E+00  0.00000000E+00  0.10000000E-01  0.10000000E+01
 0.11800200E-08  0.77248789E-02  0.00000000E+00  0.20797168E+00  0.00000000E+00  0.00000000E+00  0.18729507E+09  0.00000000E+00  0.00000000E+00  0.00000000E+00  0.00000000E+00  0.00000000E+00  0.10000000E-01  0.10000000E+01
 0.11900200E-08  0.77248789E-02  0.00000000E+00  0.20984463E+00  0.00000000E+00  0.00000000E+00  0.18729507E+09  0.00000000E+00  0.00000000E+00  0.00000000E+00  0.00000000E+00  0.00000000E+00  0.10000000E-01  0.10000000E+01
 0.12000200E-08  0.77248789E-02  0.00000000E+00  0.21171758E+00  0.00000000E+00  0.00000000E+00  0.18729507E+09  0.00000000E+00  0.00000000E+00  0.00000000E+00  0.00000000E+00  0.00000000E+00  0.10000000E-01  0.10000000E+01
 0.12100200E-08  0.77248789E-02  0.00000000E+00  0.21359053E+00  0.00000000E+00  0.00000000E+00  0.18729507E+09  0.00000000E+00  0.00000000E+00  0.00000000E+00  0.00000000E+00  0.00000000E+00  0.10000000E-01  0.10000000E+01
 0.12200200E-08  0.77248789E-02  0.00000000E+00  0.21546348E+00  0.00000000E+00  0.00000000E+00  0.18729507E+09  0.00000000E+00  0.00000000E+00  0.00000000E+00  0.00000000E+00  0.00000000E+00  0.10000000E-01  0.10000000E+01
 0.12300200E-08  0.77248789E-02  0.00000000E+00  0.21733643E+00  0.00000000E+00  0.00000000E+00  0.18729507E+09  0.00000000E+00  0.00000000E+00  0.00000000E+00  0.00000000E+00  0.00000000E+00  0.10000000E-01  0.10000000E+01
 0.12400200E-08  0.77248789E-02  0.00000000E+00  0.21920938E+00  0.00000000E+00  0.00000000E+00  0.18729507E+09  0.00000000E+00  0.00000000E+00  0.00000000E+00  0.00000000E+00  0.00000000E+00  0.10000000E-01  0.10000000E+01
 0.12500200E-08  0.77248789E-02  0.00000000E+00  0.22108233E+00  0.00000000E+00  0.00000000E+00  0.18729507E+09  0.00000000E+00  0.00000000E+00  0.00000000E+00  0.00000000E+00  0.00000000E+00  0.10000000E-01  0.10000000E+01
 0.12600200E-08  0.77248789E-02  0.00000000E+00  0.22295529E+00  0.00000000E+00  0.00000000E+00  0.18729507E+09  0.00000000E+00  0.00000000E+00  0.00000000E+00  0.00000000E+00  0.00000000E+00  0.10000000E-01  0.10000000E+01
 0.12700200E-08  0.77248789E-02  0.00000000E+00  0.22482824E+00  0.00000000E+00  0.00000000E+00  0.18729507E+09  0.00000000E+00  0.00000000E+00  0.00000000E+00  0.00000000E+00  0.00000000E+00  0.10000000E-01  0.10000000E+01
 0.12800200E-08  0.77248789E-02  0.00000000E+00  0.22670119E+00  0.00000000E+00  0.00000000E+00  0.18729507E+09  0.00000000E+00  0.00000000E+00  0.00000000E+00  0.00000000E+00  0.00000000E+00  0.10000000E-01  0.10000000E+01
 0.12900200E-08  0.77248789E-02  0.00000000E+00  0.22857414E+00  0.00000000E+00  0.00000000E+00  0.18729507E+09  0.00000000E+00  0.00000000E+00  0.00000000E+00  0.00000000E+00  0.00000000E+00  0.10000000E-01  0.10000000E+01
 0.13000200E-08  0.77248789E-02  0.00000000E+00  0.23044709E+00  0.00000000E+00  0.00000000E+00  0.18729507E+09  0.00000000E+00  0.00000000E+00  0.00000000E+00  0.00000000E+00  0.00000000E+00  0.10000000E-01  0.10000000E+01
 0.13100200E-08  0.77248789E-02  0.00000000E+00  0.23232004E+00  0.00000000E+00  0.00000000E+00  0.18729507E+09  0.00000000E+00  0.00000000E+00  0.00000000E+00  0.00000000E+00  0.00000000E+00  0.10000000E-01  0.10000000E+01
 0.13200200E-08  0.77248789E-02  0.00000000E+00  0.23419299E+00  0.00000000E+00  0.00000000E+00  0.18729507E+09  0.00000000E+00  0.00000000E+00  0.00000000E+00  0.00000000E+00  0.00000000E+00  0.10000000E-01  0.10000000E+01
 0.13300200E-08  0.77248789E-02  0.00000000E+00  0.23606594E+00  0.00000000E+00  0.00000000E+00  0.18729507E+09  0.00000000E+00  0.00000000E+00  0.00000000E+00  0.00000000E+00  0.00000000E+00  0.10000000E-01  0.10000000E+01
 0.13400200E-08  0.77248789E-02  0.00000000E+00  0.23793889E+00  0.00000000E+00  0.00000000E+00  0.18729507E+09  0.00000000E+00  0.00000000E+00  0.00000000E+00  0.00000000E+00  0.00000000E+00  0.10000000E-01  0.10000000E+01
 0.13500200E-08  0.77248789E-02  0.00000000E+00  0.23981184E+00  0.00000000E+00  0.00000000E+00  0.18729507E+09  0.00000000E+00  0.00000000E+00  0.00000000E+00  0.00000000E+00  0.00000000E+00  0.10000000E-01  0.10000000E+01
 0.13600200E-08  0.77248789E-02  0.00000000E+00  0.24168479E+00  0.00000000E+00  0.00000000E+00  0.18729507E+09  0.00000000E+00  0.00000000E+00  0.00000000E+00  0.00000000E+00  0.00000000E+00  0.10000000E-01  0.10000000E+01
 0.13700200E-08  0.77248789E-02  0.00000000E+00  0.24355774E+00  0.00000000E+00  0.00000000E+00  0.18729507E+09  0.00000000E+00  0.00000000E+00  0.00000000E+00  0.00000000E+00  0.00000000E+00  0.10000000E-01  0.10000000E+01
 0.13800200E-08  0.77248789E-02  0.00000000E+00  0.24543069E+00  0.00000000E+00  0.00000000E+00  0.18729507E+09  0.00000000E+00  0.00000000E+00  0.00000000E+00  0.00000000E+00  0.00000000E+00  0.10000000E-01  0.10000000E+01
 0.13900200E-08  0.77248789E-02  0.00000000E+00  0.24730364E+00  0.00000000E+00  0.00000000E+00  0.18729507E+09  0.00000000E+00  0.00000000E+00  0.00000000E+00  0.00000000E+00  0.00000000E+00  0.10000000E-01  0.10000000E+01
 0.14000200E-08  0.77248789E-02  0.00000000E+00  0.24917660E+00  0.00000000E+00  0.00000000E+00  0.18729507E+09  0.00000000E+00  0.00000000E+00  0.00000000E+00  0.00000000E+00  0.00000000E+00  0.10000000E-01  0.10000000E+01
 0.14100200E-08  0.77248789E-02  0.00000000E+00  0.25104955E+00  0.00000000E+00  0.00000000E+00  0.18729507E+09  0.00000000E+00  0.00000000E+00  0.00000000E+00  0.00000000E+00  0.00000000E+00  0.10000000E-01  0.10000000E+01
 0.14200200E-08  0.77248789E-02  0.00000000E+00  0.25292250E+00  0.00000000E+00  0.00000000E+00  0.18729507E+09  0.00000000E+00  0.00000000E+00  0.00000000E+00  0.00000000E+00  0.00000000E+00  0.10000000E-01  0.10000000E+01
 0.14300200E-08  0.77248789E-02  0.00000000E+00  0.25479545E+00  0.00000000E+00  0.00000000E+00  0.18729507E+09  0.00000000E+00  0.00000000E+00  0.00000000E+00  0.00000000E+00  0.00000000E+00  0.10000000E-01  0.10000000E+01
 0.14400200E-08  0.77248789E-02  0.00000000E+00  0.25666840E+00  0.00000000E+00  0.00000000E+00  0.18729507E+09  0.00000000E+00  0.00000000E+00  0.00000000E+00  0.00000000E+00  0.00000000E+00  0.10000000E-01  0.10000000E+01
 0.14500200E-08  0.77248789E-02  0.00000000E+00  0.25854135E+00  0.00000000E+00  0.00000000E+00  0.18729507E+09  0.00000000E+00  0.00000000E+00  0.00000000E+00  0.00000000E+00  0.00000000E+00  0.10000000E-01  0.10000000E+01
 0.14600200E-08  0.77248789E-02  0.00000000E+00  0.26041430E+00  0.00000000E+00  0.00000000E+00  0.18729507E+09  0.00000000E+00  0.00000000E+00  0.00000000E+00  0.00000000E+00  0.00000000E+00  0.10000000E-01  0.10000000E+01
 0.14700200E-08  0.77248789E-02  0.00000000E+00  0.26228725E+00  0.00000000E+00  0.00000000E+00  0.18729507E+09  0.00000000E+00  0.00000000E+00  0.00000000E+00  0.00000000E+00  0.00000000E+00  0.10000000E-01  0.10000000E+01
 0.14800200E-08  0.77248789E-02  0.00000000E+00  0.26416020E+00  0.00000000E+00  0.00000000E+00  0.18729507E+09  0.00000000E+00  0.00000000E+00  0.00000000E+00  0.00000000E+00  0.00000000E+00  0.10000000E-01  0.10000000E+01
 0.14900200E-08  0.77248789E-02  0.00000000E+00  0.26603315E+00  0.00000000E+00  0.00000000E+00  0.18729507E+09  0.00000000E+00  0.00000000E+00  0.00000000E+00  0.00000000E+00  0.00000000E+00  0.10000000E-01  0.10000000E+01
 0.15000200E-08  0.77248789E-02  0.00000000E+00  0.26790610E+00  0.00000000E+00  0.00000000E+00  0.18729507E+09  0.00000000E+00  0.00000000E+00  0.00000000E+00  0.00000000E+00  0.00000000E+00  0.10000000E-01  0.10000000E+01
 0.15100200E-08  0.77248789E-02  0.00000000E+00  0.26977905E+00  0.00000000E+00  0.00000000E+00  0.18729507E+09  0.00000000E+00  0.00000000E+00  0.00000000E+00  0.00000000E+00  0.00000000E+00  0.10000000E-01  0.10000000E+01
 0.15200200E-08  0.77248789E-02  0.00000000E+00  0.27165200E+00  0.00000000E+00  0.00000000E+00  0.18729507E+09  0.00000000E+00  0.00000000E+00  0.00000000E+00  0.00000000E+00  0.00000000E+00  0.10000000E-01  0.10000000E+01
 0.15300200E-08  0.77248789E-02  0.00000000E+00  0.27352495E+00  0.00000000E+00  0.00000000E+00  0.18729507E+09  0.00000000E+00  0.00000000E+00  0.00000000E+00  0.00000000E+00  0.00000000E+00  0.10000000E-01  0.10000000E+01
 0.15400200E-08  0.77248789E-02  0.00000000E+00  0.27539790E+00  0.00000000E+00  0.00000000E+00  0.18729507E+09  0.00000000E+00  0.00000000E+00  0.00000000E+00  0.00000000E+00  0.00000000E+00  0.10000000E-01  0.10000000E+01
 0.15500200E-08  0.77248789E-02  0.00000000E+00  0.27727086E+00  0.00000000E+00  0.00000000E+00  0.18729507E+09  0.00000000E+00  0.00000000E+00  0.00000000E+00  0.00000000E+00  0.00000000E+00  0.10000000E-01  0.10000000E+01
 0.15600200E-08  0.77248789E-02  0.00000000E+00  0.27914381E+00  0.00000000E+00  0.00000000E+00  0.18729507E+09  0.00000000E+00  0.00000000E+00  0.00000000E+00  0.00000000E+00  0.00000000E+00  0.10000000E-01  0.10000000E+01
 0.15700200E-08  0.77248789E-02  0.00000000E+00  0.28101676E+00  0.00000000E+00  0.00000000E+00  0.18729507E+09  0.00000000E+00  0.00000000E+00  0.00000000E+00  0.00000000E+00  0.00000000E+00  0.10000000E-01  0.10000000E+01
 0.15800200E-08  0.77248789E-02  0.00000000E+00  0.28288971E+00  0.00000000E+00  0.00000000E+00  0.18729507E+09  0.00000000E+00  0.00000000E+00  0.00000000E+00  0.00000000E+00  0.00000000E+00  0.10000000E-01  0.10000000E+01
 0.15900200E-08  0.77248789E-02  0.00000000E+00  0.28476266E+00  0.00000000E+00  0.00000000E+00  0.18729507E+09  0.00000000E+00  0.00000000E+00  0.00000000E+00  0.00000000E+00  0.00000000E+00  0.10000000E-01  0.10000000E+01
 0.16000200E-08  0.77248789E-02  0.00000000E+00  0.28663561E+00  0.00000000E+00  0.00000000E+00  0.18729507E+09  0.00000000E+00  0.00000000E+00  0.00000000E+00  0.00000000E+00  0.00000000E+00  0.10000000E-01  0.10000000E+01
 0.16100200E-08  0.77248789E-02  0.00000000E+00  0.28850856E+00  0.00000000E+00  0.00000000E+00  0.18729507E+09  0.00000000E+00  0.00000000E+00  0.00000000E+00  0.00000000E+00  0.00000000E+00  0.10000000E-01  0.10000000E+01
 0.16200200E-08  0.77248789E-02  0.00000000E+00  0.29038151E+00  0.00000000E+00  0.00000000E+00  0.18729507E+09  0.00000000E+00  0.00000000E+00  0.00000000E+00  0.00000000E+00  0.00000000E+00  0.10000000E-01  0.10000000E+01
 0.16300200E-08  0.77248789E-02  0.00000000E+00  0.29225446E+00  0.00000000E+00  0.00000000E+00  0.18729507E+09  0.00000000E+00  0.00000000E+00  0.00000000E+00  0.00000000E+00  0.00000000E+00  0.10000000E-01  0.10000000E+01
 0.16400200E-08  0.77248789E-02  0.00000000E+00  0.29412741E+00  0.00000000E+00  0.00000000E+00  0.18729507E+09  0.00000000E+00  0.00000000E+00  0.00000000E+00  0.00000000E+00  0.00000000E+00  0.10000000E-01  0.10000000E+01
 0.16500200E-08  0.77248789E-02  0.00000000E+00  0.29600036E+00  0.00000000E+00  0.00000000E+00  0.18729507E+09  0.00000000E+00  0.00000000E+00  0.00000000E+00  0.00000000E+00  0.00000000E+00  0.10000000E-01  0.10000000E+01
 0.16600200E-08  0.77248789E-02  0.00000000E+00  0.29787331E+00  0.00000000E+00  0.00000000E+00  0.18729507E+09  0.00000000E+00  0.00000000E+00  0.00000000E+00  0.00000000E+00  0.00000000E+00  0.10000000E-01  0.10000000E+01
 0.16700200E-08  0.77248789E-02  0.00000000E+00  0.29974626E+00  0.00000000E+00  0.00000000E+00  0.18729507E+09  0.00000000E+00  0.00000000E+00  0.00000000E+00  0.00000000E+00  0.00000000E+00  0.10000000E-01  0.10000000E+01
 0.16800200E-08  0.77248789E-02  0.00000000E+00  0.30161921E+00  0.00000000E+00  0.00000000E+00  0.18729507E+09  0.00000000E+00  0.00000000E+00  0.00000000E+00  0.00000000E+00  0.00000000E+00  0.10000000E-01  0.10000000E+01
 0.16900200E-08  0.77248789E-02  0.00000000E+00  0.30349216E+00  0.00000000E+00  0.00000000E+00  0.18729507E+09  0.00000000E+00  0.00000000E+00  0.00000000E+00  0.00000000E+00  0.00000000E+00  0.10000000E-01  0.10000000E+01
 0.17000200E-08  0.77248789E-02  0.00000000E+00  0.30536512E+00  0.00000000E+00  0.00000000E+00  0.18729507E+09  0.00000000E+00  0.00000000E+00  0.00000000E+00  0.00000000E+00  0.00000000E+00  0.10000000E-01  0.10000000E+01
 0.17100200E-08  0.77248789E-02  0.00000000E+00  0.30723807E+00  0.00000000E+00  0.00000000E+00  0.18729507E+09  0.00000000E+00  0.00000000E+00  0.00000000E+00  0.00000000E+00  0.00000000E+00  0.10000000E-01  0.10000000E+01
 0.17200200E-08  0.77248789E-02  0.00000000E+00  0.30911102E+00  0.00000000E+00  0.00000000E+00  0.18729507E+09  0.00000000E+00  0.00000000E+00  0.00000000E+00  0.00000000E+00  0.00000000E+00  0.10000000E-01  0.10000000E+01
 0.17300200E-08  0.77248789E-02  0.00000000E+00  0.31098397E+00  0.00000000E+00  0.00000000E+00  0.18729507E+09  0.00000000E+00  0.00000000E+00  0.00000000E+00  0.00000000E+00  0.00000000E+00  0.10000000E-01  0.10000000E+01
 0.17400200E-08  0.77248789E-02  0.00000000E+00  0.31285692E+00  0.00000000E+00  0.00000000E+00  0.18729507E+09  0.00000000E+00  0.00000000E+00  0.00000000E+00  0.00000000E+00  0.00000000E+00  0.10000000E-01  0.10000000E+01
 0.17500200E-08  0.77248789E-02  0.00000000E+00  0.31472987E+00  0.00000000E+00  0.00000000E+00  0.18729507E+09  0.00000000E+00  0.00000000E+00  0.00000000E+00  0.00000000E+00  0.00000000E+00  0.10000000E-01  0.10000000E+01
 0.17600200E-08  0.77248789E-02  0.00000000E+00  0.31660282E+00  0.00000000E+00  0.00000000E+00  0.18729507E+09  0.00000000E+00  0.00000000E+00  0.00000000E+00  0.00000000E+00  0.00000000E+00  0.10000000E-01  0.10000000E+01
 0.17700200E-08  0.77248789E-02  0.00000000E+00  0.31847577E+00  0.00000000E+00  0.00000000E+00  0.18729507E+09  0.00000000E+00  0.00000000E+00  0.00000000E+00  0.00000000E+00  0.00000000E+00  0.10000000E-01  0.10000000E+01
 0.17800200E-08  0.77248789E-02  0.00000000E+00  0.32034872E+00  0.00000000E+00  0.00000000E+00  0.18729507E+09  0.00000000E+00  0.00000000E+00  0.00000000E+00  0.00000000E+00  0.00000000E+00  0.10000000E-01  0.10000000E+01
 0.17900200E-08  0.77248789E-02  0.00000000E+00  0.32222167E+00  0.00000000E+00  0.00000000E+00  0.18729507E+09  0.00000000E+00  0.00000000E+00  0.00000000E+00  0.00000000E+00  0.00000000E+00  0.10000000E-01  0.10000000E+01
 0.18000200E-08  0.77248789E-02  0.00000000E+00  0.32409462E+00  0.00000000E+00  0.00000000E+00  0.18729507E+09  0.00000000E+00  0.00000000E+00  0.00000000E+00  0.00000000E+00  0.00000000E+00  0.10000000E-01  0.10000000E+01
 0.18100200E-08  0.77248789E-02  0.00000000E+00  0.32596757E+00  0.00000000E+00  0.00000000E+00  0.18729507E+09  0.00000000E+00  0.00000000E+00  0.00000000E+00  0.00000000E+00  0.00000000E+00  0.10000000E-01  0.10000000E+01
 0.18200200E-08  0.77248789E-02  0.00000000E+00  0.32784052E+00  0.00000000E+00  0.00000000E+00  0.18729507E+09  0.00000000E+00  0.00000000E+00  0.00000000E+00  0.00000000E+00  0.00000000E+00  0.10000000E-01  0.10000000E+01
 0.18300200E-08  0.77248789E-02  0.00000000E+00  0.32971347E+00  0.00000000E+00  0.00000000E+00  0.18729507E+09  0.00000000E+00  0.00000000E+00  0.00000000E+00  0.00000000E+00  0.00000000E+00  0.10000000E-01  0.10000000E+01
 0.18400200E-08  0.77248789E-02  0.00000000E+00  0.33158643E+00  0.00000000E+00  0.00000000E+00  0.18729507E+09  0.00000000E+00  0.00000000E+00  0.00000000E+00  0.00000000E+00  0.00000000E+00  0.10000000E-01  0.10000000E+01
 0.18500200E-08  0.77248789E-02  0.00000000E+00  0.33345938E+00  0.00000000E+00  0.00000000E+00  0.18729507E+09  0.00000000E+00  0.00000000E+00  0.00000000E+00  0.00000000E+00  0.00000000E+00  0.10000000E-01  0.10000000E+01
 0.18600200E-08  0.77248789E-02  0.00000000E+00  0.33533233E+00  0.00000000E+00  0.00000000E+00  0.18729507E+09  0.00000000E+00  0.00000000E+00  0.00000000E+00  0.00000000E+00  0.00000000E+00  0.10000000E-01  0.10000000E+01
 0.18700200E-08  0.77248789E-02  0.00000000E+00  0.33720528E+00  0.00000000E+00  0.00000000E+00  0.18729507E+09  0.00000000E+00  0.00000000E+00  0.00000000E+00  0.00000000E+00  0.00000000E+00  0.10000000E-01  0.10000000E+01
 0.18800200E-08  0.77248789E-02  0.00000000E+00  0.33907823E+00  0.00000000E+00  0.00000000E+00  0.18729507E+09  0.00000000E+00  0.00000000E+00  0.00000000E+00  0.00000000E+00  0.00000000E+00  0.10000000E-01  0.10000000E+01
 0.18900200E-08  0.77248789E-02  0.00000000E+00  0.34095118E+00  0.00000000E+00  0.00000000E+00  0.18729507E+09  0.00000000E+00  0.00000000E+00  0.00000000E+00  0.00000000E+00  0.00000000E+00  0.10000000E-01  0.10000000E+01
 0.19000200E-08  0.77248789E-02  0.00000000E+00  0.34282413E+00  0.00000000E+00  0.00000000E+00  0.18729507E+09  0.00000000E+00  0.00000000E+00  0.00000000E+00  0.00000000E+00  0.00000000E+00  0.10000000E-01  0.10000000E+01
 0.19100200E-08  0.77248789E-02  0.00000000E+00  0.34469708E+00  0.00000000E+00  0.00000000E+00  0.18729507E+09  0.00000000E+00  0.00000000E+00  0.00000000E+00  0.00000000E+00  0.00000000E+00  0.10000000E-01  0.10000000E+01
 0.19200200E-08  0.77248789E-02  0.00000000E+00  0.34657003E+00  0.00000000E+00  0.00000000E+00  0.18729507E+09  0.00000000E+00  0.00000000E+00  0.00000000E+00  0.00000000E+00  0.00000000E+00  0.10000000E-01  0.10000000E+01
 0.19300200E-08  0.77248789E-02  0.00000000E+00  0.34844298E+00  0.00000000E+00  0.00000000E+00  0.18729507E+09  0.00000000E+00  0.00000000E+00  0.00000000E+00  0.00000000E+00  0.00000000E+00  0.10000000E-01  0.10000000E+01
 0.19400200E-08  0.77248789E-02  0.00000000E+00  0.35031593E+00  0.00000000E+00  0.00000000E+00  0.18729507E+09  0.00000000E+00  0.00000000E+00  0.00000000E+00  0.00000000E+00  0.00000000E+00  0.10000000E-01  0.10000000E+01
 0.19500200E-08  0.77248789E-02  0.00000000E+00  0.35218888E+00  0.00000000E+00  0.00000000E+00  0.18729507E+09  0.00000000E+00  0.00000000E+00  0.00000000E+00  0.00000000E+00  0.00000000E+00  0.10000000E-01  0.10000000E+01
 0.19600200E-08  0.77248789E-02  0.00000000E+00  0.35406183E+00  0.00000000E+00  0.00000000E+00  0.18729507E+09  0.00000000E+00  0.00000000E+00  0.00000000E+00  0.00000000E+00  0.00000000E+00  0.10000000E-01  0.10000000E+01
 0.19700200E-08  0.77248789E-02  0.00000000E+00  0.35593478E+00  0.00000000E+00  0.00000000E+00  0.18729507E+09  0.00000000E+00  0.00000000E+00  0.00000000E+00  0.00000000E+00  0.00000000E+00  0.10000000E-01  0.10000000E+01
 0.19800200E-08  0.77248789E-02  0.00000000E+00  0.35780773E+00  0.00000000E+00  0.00000000E+00  0.18729507E+09  0.00000000E+00  0.00000000E+00  0.00000000E+00  0.00000000E+00  0.00000000E+00  0.10000000E-01  0.10000000E+01
 0.19900200E-08  0.77248789E-02  0.00000000E+00  0.35968069E+00  0.00000000E+00  0.00000000E+00  0.18729507E+09  0.00000000E+00  0.00000000E+00  0.00000000E+00  0.00000000E+00  0.00000000E+00  0.10000000E-01  0.10000000E+01
