# ptime xp yp zp vx vy vz ex ey ez bx by bz wt
 0.20000000E-13  0.96820652E-02  0.00000000E+00 -0.15195931E-01  0.00000000E+00  0.00000000E+00  0.19373212E+09  0.00000000E+00  0.00000000E+00  0.00000000E+00  0.00000000E+00  0.00000000E+00  0.10000000E-01  0.10000000E+01
 0.10000000E-10  0.96820652E-02  0.00000000E+00 -0.13262484E-01  0.00000000E+00  0.00000000E+00  0.19373212E+09  0.00000000E+00  0.00000000E+00  0.00000000E+00  0.00000000E+00  0.00000000E+00  0.10000000E-01  0.10000000E+01
 0.20000000E-10  0.96820652E-02  0.00000000E+00 -0.11325163E-01  0.00000000E+00  0.00000000E+00  0.19373212E+09  0.00000000E+00  0.00000000E+00  0.00000000E+00  0.00000000E+00  0.00000000E+00  0.10000000E-01  0.10000000E+01
 0.30000000E-10  0.96820652E-02  0.00000000E+00 -0.93878421E-02  0.00000000E+00  0.00000000E+00  0.19373212E+09  0.00000000E+00  0.00000000E+00  0.00000000E+00  0.00000000E+00  0.00000000E+00  0.10000000E-01  0.10000000E+01
 0.40020000E-10  0.96820652E-02  0.00000000E+00 -0.74466463E-02  0.00000000E+00  0.00000000E+00  0.19373212E+09  0.00000000E+00  0.00000000E+00  0.00000000E+00  0.00000000E+00  0.00000000E+00  0.10000000E-01  0.10000000E+01
 0.50020000E-10  0.96820652E-02  0.00000000E+00 -0.55093252E-02  0.00000000E+00  0.00000000E+00  0.19373212E+09  0.00000000E+00  0.00000000E+00  0.00000000E+00  0.00000000E+00  0.00000000E+00  0.10000000E-01  0.10000000E+01
 0.60020000E-10  0.96820652E-02  0.00000000E+00 -0.35720040E-02  0.00000000E+00  0.00000000E+00  0.19373212E+09  0.00000000E+00  0.00000000E+00  0.00000000E+00  0.00000000E+00  0.00000000E+00  0.10000000E-01  0.10000000E+01
 0.70020000E-10  0.96820652E-02  0.00000000E+00 -0.16346828E-02  0.00000000E+00  0.00000000E+00  0.19373212E+09  0.00000000E+00  0.00000000E+00  0.00000000E+00  0.00000000E+00  0.00000000E+00  0.10000000E-01  0.10000000E+01
 0.80000000E-10  0.96820652E-02  0.00000000E+00  0.29876368E-03  0.00000000E+00  0.00000000E+00  0.19373212E+09  0.00000000E+00  0.00000000E+00  0.00000000E+00  0.00000000E+00  0.00000000E+00  0.10000000E-01  0.10000000E+01
 0.90000000E-10  0.96820652E-02  0.00000000E+00  0.22360848E-02  0.00000000E+00  0.00000000E+00  0.19373212E+09  0.00000000E+00  0.00000000E+00  0.00000000E+00  0.00000000E+00  0.00000000E+00  0.10000000E-01  0.10000000E+01
 0.10000000E-09  0.96820652E-02  0.00000000E+00  0.41734060E-02  0.00000000E+00  0.00000000E+00  0.19373212E+09  0.00000000E+00  0.00000000E+00  0.00000000E+00  0.00000000E+00  0.00000000E+00  0.10000000E-01  0.10000000E+01
 0.11000000E-09  0.96820652E-02  0.00000000E+00  0.61107272E-02  0.00000000E+00  0.00000000E+00  0.19373212E+09  0.00000000E+00  0.00000000E+00  0.00000000E+00  0.00000000E+00  0.00000000E+00  0.10000000E-01  0.10000000E+01
 0.12000000E-09  0.96820652E-02  0.00000000E+00  0.80480483E-02  0.00000000E+00  0.00000000E+00  0.19373212E+09  0.00000000E+00  0.00000000E+00  0.00000000E+00  0.00000000E+00  0.00000000E+00  0.10000000E-01  0.10000000E+01
 0.13000000E-09  0.96820652E-02  0.00000000E+00  0.99853695E-02  0.00000000E+00  0.00000000E+00  0.19373212E+09  0.00000000E+00  0.00000000E+00  0.00000000E+00  0.00000000E+00  0.00000000E+00  0.10000000E-01  0.10000000E+01
 0.14002000E-09  0.96820652E-02  0.00000000E+00  0.11926565E-01  0.00000000E+00  0.00000000E+00  0.19373212E+09  0.00000000E+00  0.00000000E+00  0.00000000E+00  0.00000000E+00  0.00000000E+00  0.10000000E-01  0.10000000E+01
 0.15002000E-09  0.96820652E-02  0.00000000E+00  0.13863886E-01  0.00000000E+00  0.00000000E+00  0.19373212E+09  0.00000000E+00  0.00000000E+00  0.00000000E+00  0.00000000E+00  0.00000000E+00  0.10000000E-01  0.10000000E+01
 0.16002000E-09  0.96820652E-02  0.00000000E+00  0.15801208E-01  0.00000000E+00  0.00000000E+00  0.19373212E+09  0.00000000E+00  0.00000000E+00  0.00000000E+00  0.00000000E+00  0.00000000E+00  0.10000000E-01  0.10000000E+01
 0.17002000E-09  0.96820652E-02  0.00000000E+00  0.17738529E-01  0.00000000E+00  0.00000000E+00  0.19373212E+09  0.00000000E+00  0.00000000E+00  0.00000000E+00  0.00000000E+00  0.00000000E+00  0.10000000E-01  0.10000000E+01
 0.18002000E-09  0.96820652E-02  0.00000000E+00  0.19675850E-01  0.00000000E+00  0.00000000E+00  0.19373212E+09  0.00000000E+00  0.00000000E+00  0.00000000E+00  0.00000000E+00  0.00000000E+00  0.10000000E-01  0.10000000E+01
 0.19002000E-09  0.96820652E-02  0.00000000E+00  0.21613171E-01  0.00000000E+00  0.00000000E+00  0.19373212E+09  0.00000000E+00  0.00000000E+00  0.00000000E+00  0.00000000E+00  0.00000000E+00  0.10000000E-01  0.10000000E+01
 0.20002000E-09  0.96820652E-02  0.00000000E+00  0.23550492E-01  0.00000000E+00  0.00000000E+00  0.19373212E+09  0.00000000E+00  0.00000000E+00  0.00000000E+00  0.00000000E+00  0.00000000E+00  0.10000000E-01  0.10000000E+01
 0.21002000E-09  0.96820652E-02  0.00000000E+00  0.25487813E-01  0.00000000E+00  0.00000000E+00  0.19373212E+09  0.00000000E+00  0.00000000E+00  0.00000000E+00  0.00000000E+00  0.00000000E+00  0.10000000E-01  0.10000000E+01
 0.22002000E-09  0.96820652E-02  0.00000000E+00  0.27425135E-01  0.00000000E+00  0.00000000E+00  0.19373212E+09  0.00000000E+00  0.00000000E+00  0.00000000E+00  0.00000000E+00  0.00000000E+00  0.10000000E-01  0.10000000E+01
 0.23002000E-09  0.96820652E-02  0.00000000E+00  0.29362456E-01  0.00000000E+00  0.00000000E+00  0.19373212E+09  0.00000000E+00  0.00000000E+00  0.00000000E+00  0.00000000E+00  0.00000000E+00  0.10000000E-01  0.10000000E+01
 0.24002000E-09  0.96820652E-02  0.00000000E+00  0.31299777E-01  0.00000000E+00  0.00000000E+00  0.19373212E+09  0.00000000E+00  0.00000000E+00  0.00000000E+00  0.00000000E+00  0.00000000E+00  0.10000000E-01  0.10000000E+01
 0.25002000E-09  0.96820652E-02  0.00000000E+00  0.33237098E-01  0.00000000E+00  0.00000000E+00  0.19373212E+09  0.00000000E+00  0.00000000E+00  0.00000000E+00  0.00000000E+00  0.00000000E+00  0.10000000E-01  0.10000000E+01
 0.26002000E-09  0.96820652E-02  0.00000000E+00  0.35174419E-01  0.00000000E+00  0.00000000E+00  0.19373212E+09  0.00000000E+00  0.00000000E+00  0.00000000E+00  0.00000000E+00  0.00000000E+00  0.10000000E-01  0.10000000E+01
 0.27002000E-09  0.96820652E-02  0.00000000E+00  0.37111740E-01  0.00000000E+00  0.00000000E+00  0.19373212E+09  0.00000000E+00  0.00000000E+00  0.00000000E+00  0.00000000E+00  0.00000000E+00  0.10000000E-01  0.10000000E+01
 0.28002000E-09  0.96820652E-02  0.00000000E+00  0.39049062E-01  0.00000000E+00  0.00000000E+00  0.19373212E+09  0.00000000E+00  0.00000000E+00  0.00000000E+00  0.00000000E+00  0.00000000E+00  0.10000000E-01  0.10000000E+01
 0.29002000E-09  0.96820652E-02  0.00000000E+00  0.40986383E-01  0.00000000E+00  0.00000000E+00  0.19373212E+09  0.00000000E+00  0.00000000E+00  0.00000000E+00  0.00000000E+00  0.00000000E+00  0.10000000E-01  0.10000000E+01
 0.30000000E-09  0.96820652E-02  0.00000000E+00  0.42919829E-01  0.00000000E+00  0.00000000E+00  0.19373212E+09  0.00000000E+00  0.00000000E+00  0.00000000E+00  0.00000000E+00  0.00000000E+00  0.10000000E-01  0.10000000E+01
 0.31000000E-09  0.96820652E-02  0.00000000E+00  0.44857150E-01  0.00000000E+00  0.00000000E+00  0.19373212E+09  0.00000000E+00  0.00000000E+00  0.00000000E+00  0.00000000E+00  0.00000000E+00  0.10000000E-01  0.10000000E+01
 0.32000000E-09  0.96820652E-02  0.00000000E+00  0.46794472E-01  0.00000000E+00  0.00000000E+00  0.19373212E+09  0.00000000E+00  0.00000000E+00  0.00000000E+00  0.00000000E+00  0.00000000E+00  0.10000000E-01  0.10000000E+01
 0.33000000E-09  0.96820652E-02  0.00000000E+00  0.48731793E-01  0.00000000E+00  0.00000000E+00  0.19373212E+09  0.00000000E+00  0.00000000E+00  0.00000000E+00  0.00000000E+00  0.00000000E+00  0.10000000E-01  0.10000000E+01
 0.34000000E-09  0.96820652E-02  0.00000000E+00  0.50669114E-01  0.00000000E+00  0.00000000E+00  0.19373212E+09  0.00000000E+00  0.00000000E+00  0.00000000E+00  0.00000000E+00  0.00000000E+00  0.10000000E-01  0.10000000E+01
 0.35000000E-09  0.96820652E-02  0.00000000E+00  0.52606435E-01  0.00000000E+00  0.00000000E+00  0.19373212E+09  0.00000000E+00  0.00000000E+00  0.00000000E+00  0.00000000E+00  0.00000000E+00  0.10000000E-01  0.10000000E+01
 0.36000000E-09  0.96820652E-02  0.00000000E+00  0.54543756E-01  0.00000000E+00  0.00000000E+00  0.19373212E+09  0.00000000E+00  0.00000000E+00  0.00000000E+00  0.00000000E+00  0.00000000E+00  0.10000000E-01  0.10000000E+01
 0.37000000E-09  0.96820652E-02  0.00000000E+00  0.56481077E-01  0.00000000E+00  0.00000000E+00  0.19373212E+09  0.00000000E+00  0.00000000E+00  0.00000000E+00  0.00000000E+00  0.00000000E+00  0.10000000E-01  0.10000000E+01
 0.38000000E-09  0.96820652E-02  0.00000000E+00  0.58418398E-01  0.00000000E+00  0.00000000E+00  0.19373212E+09  0.00000000E+00  0.00000000E+00  0.00000000E+00  0.00000000E+00  0.00000000E+00  0.10000000E-01  0.10000000E+01
 0.39000000E-09  0.96820652E-02  0.00000000E+00  0.60355720E-01  0.00000000E+00  0.00000000E+00  0.19373212E+09  0.00000000E+00  0.00000000E+00  0.00000000E+00  0.00000000E+00  0.00000000E+00  0.10000000E-01  0.10000000E+01
 0.40000000E-09  0.96820652E-02  0.00000000E+00  0.62293041E-01  0.00000000E+00  0.00000000E+00  0.19373212E+09  0.00000000E+00  0.00000000E+00  0.00000000E+00  0.00000000E+00  0.00000000E+00  0.10000000E-01  0.10000000E+01
 0.41000000E-09  0.96820652E-02  0.00000000E+00  0.64230362E-01  0.00000000E+00  0.00000000E+00  0.19373212E+09  0.00000000E+00  0.00000000E+00  0.00000000E+00  0.00000000E+00  0.00000000E+00  0.10000000E-01  0.10000000E+01
 0.42000000E-09  0.96820652E-02  0.00000000E+00  0.66167683E-01  0.00000000E+00  0.00000000E+00  0.19373212E+09  0.00000000E+00  0.00000000E+00  0.00000000E+00  0.00000000E+00  0.00000000E+00  0.10000000E-01  0.10000000E+01
 0.43000000E-09  0.96820652E-02  0.00000000E+00  0.68105004E-01  0.00000000E+00  0.00000000E+00  0.19373212E+09  0.00000000E+00  0.00000000E+00  0.00000000E+00  0.00000000E+00  0.00000000E+00  0.10000000E-01  0.10000000E+01
 0.44000000E-09  0.96820652E-02  0.00000000E+00  0.70042325E-01  0.00000000E+00  0.00000000E+00  0.19373212E+09  0.00000000E+00  0.00000000E+00  0.00000000E+00  0.00000000E+00  0.00000000E+00  0.10000000E-01  0.10000000E+01
 0.45000000E-09  0.96820652E-02  0.00000000E+00  0.71979647E-01  0.00000000E+00  0.00000000E+00  0.19373212E+09  0.00000000E+00  0.00000000E+00  0.00000000E+00  0.00000000E+00  0.00000000E+00  0.10000000E-01  0.10000000E+01
 0.46000000E-09  0.96820652E-02  0.00000000E+00  0.73916968E-01  0.00000000E+00  0.00000000E+00  0.19373212E+09  0.00000000E+00  0.00000000E+00  0.00000000E+00  0.00000000E+00  0.00000000E+00  0.10000000E-01  0.10000000E+01
 0.47000000E-09  0.96820652E-02  0.00000000E+00  0.75854289E-01  0.00000000E+00  0.00000000E+00  0.19373212E+09  0.00000000E+00  0.00000000E+00  0.00000000E+00  0.00000000E+00  0.00000000E+00  0.10000000E-01  0.10000000E+01
 0.48000000E-09  0.96820652E-02  0.00000000E+00  0.77791610E-01  0.00000000E+00  0.00000000E+00  0.19373212E+09  0.00000000E+00  0.00000000E+00  0.00000000E+00  0.00000000E+00  0.00000000E+00  0.10000000E-01  0.10000000E+01
 0.49000000E-09  0.96820652E-02  0.00000000E+00  0.79728931E-01  0.00000000E+00  0.00000000E+00  0.19373212E+09  0.00000000E+00  0.00000000E+00  0.00000000E+00  0.00000000E+00  0.00000000E+00  0.10000000E-01  0.10000000E+01
 0.50000000E-09  0.96820652E-02  0.00000000E+00  0.81666252E-01  0.00000000E+00  0.00000000E+00  0.19373212E+09  0.00000000E+00  0.00000000E+00  0.00000000E+00  0.00000000E+00  0.00000000E+00  0.10000000E-01  0.10000000E+01
 0.51000000E-09  0.96820652E-02  0.00000000E+00  0.83603574E-01  0.00000000E+00  0.00000000E+00  0.19373212E+09  0.00000000E+00  0.00000000E+00  0.00000000E+00  0.00000000E+00  0.00000000E+00  0.10000000E-01  0.10000000E+01
 0.52000000E-09  0.96820652E-02  0.00000000E+00  0.85540895E-01  0.00000000E+00  0.00000000E+00  0.19373212E+09  0.00000000E+00  0.00000000E+00  0.00000000E+00  0.00000000E+00  0.00000000E+00  0.10000000E-01  0.10000000E+01
 0.53000000E-09  0.96820652E-02  0.00000000E+00  0.87478216E-01  0.00000000E+00  0.00000000E+00  0.19373212E+09  0.00000000E+00  0.00000000E+00  0.00000000E+00  0.00000000E+00  0.00000000E+00  0.10000000E-01  0.10000000E+01
 0.54000000E-09  0.96820652E-02  0.00000000E+00  0.89415537E-01  0.00000000E+00  0.00000000E+00  0.19373212E+09  0.00000000E+00  0.00000000E+00  0.00000000E+00  0.00000000E+00  0.00000000E+00  0.10000000E-01  0.10000000E+01
 0.55002000E-09  0.96820652E-02  0.00000000E+00  0.91356733E-01  0.00000000E+00  0.00000000E+00  0.19373212E+09  0.00000000E+00  0.00000000E+00  0.00000000E+00  0.00000000E+00  0.00000000E+00  0.10000000E-01  0.10000000E+01
 0.56002000E-09  0.96820652E-02  0.00000000E+00  0.93294054E-01  0.00000000E+00  0.00000000E+00  0.19373212E+09  0.00000000E+00  0.00000000E+00  0.00000000E+00  0.00000000E+00  0.00000000E+00  0.10000000E-01  0.10000000E+01
 0.57002000E-09  0.96820652E-02  0.00000000E+00  0.95231375E-01  0.00000000E+00  0.00000000E+00  0.19373212E+09  0.00000000E+00  0.00000000E+00  0.00000000E+00  0.00000000E+00  0.00000000E+00  0.10000000E-01  0.10000000E+01
 0.58002000E-09  0.96820652E-02  0.00000000E+00  0.97168696E-01  0.00000000E+00  0.00000000E+00  0.19373212E+09  0.00000000E+00  0.00000000E+00  0.00000000E+00  0.00000000E+00  0.00000000E+00  0.10000000E-01  0.10000000E+01
 0.59002000E-09  0.96820652E-02  0.00000000E+00  0.99106017E-01  0.00000000E+00  0.00000000E+00  0.19373212E+09  0.00000000E+00  0.00000000E+00  0.00000000E+00  0.00000000E+00  0.00000000E+00  0.10000000E-01  0.10000000E+01
 0.60002000E-09  0.96820652E-02  0.00000000E+00  0.10104334E+00  0.00000000E+00  0.00000000E+00  0.19373212E+09  0.00000000E+00  0.00000000E+00  0.00000000E+00  0.00000000E+00  0.00000000E+00  0.10000000E-01  0.10000000E+01
 0.61002000E-09  0.96820652E-02  0.00000000E+00  0.10298066E+00  0.00000000E+00  0.00000000E+00  0.19373212E+09  0.00000000E+00  0.00000000E+00  0.00000000E+00  0.00000000E+00  0.00000000E+00  0.10000000E-01  0.10000000E+01
 0.62002000E-09  0.96820652E-02  0.00000000E+00  0.10491798E+00  0.00000000E+00  0.00000000E+00  0.19373212E+09  0.00000000E+00  0.00000000E+00  0.00000000E+00  0.00000000E+00  0.00000000E+00  0.10000000E-01  0.10000000E+01
 0.63002000E-09  0.96820652E-02  0.00000000E+00  0.10685530E+00  0.00000000E+00  0.00000000E+00  0.19373212E+09  0.00000000E+00  0.00000000E+00  0.00000000E+00  0.00000000E+00  0.00000000E+00  0.10000000E-01  0.10000000E+01
 0.64002000E-09  0.96820652E-02  0.00000000E+00  0.10879262E+00  0.00000000E+00  0.00000000E+00  0.19373212E+09  0.00000000E+00  0.00000000E+00  0.00000000E+00  0.00000000E+00  0.00000000E+00  0.10000000E-01  0.10000000E+01
 0.65002000E-09  0.96820652E-02  0.00000000E+00  0.11072994E+00  0.00000000E+00  0.00000000E+00  0.19373212E+09  0.00000000E+00  0.00000000E+00  0.00000000E+00  0.00000000E+00  0.00000000E+00  0.10000000E-01  0.10000000E+01
 0.66002000E-09  0.96820652E-02  0.00000000E+00  0.11266727E+00  0.00000000E+00  0.00000000E+00  0.19373212E+09  0.00000000E+00  0.00000000E+00  0.00000000E+00  0.00000000E+00  0.00000000E+00  0.10000000E-01  0.10000000E+01
 0.67002000E-09  0.96820652E-02  0.00000000E+00  0.11460459E+00  0.00000000E+00  0.00000000E+00  0.19373212E+09  0.00000000E+00  0.00000000E+00  0.00000000E+00  0.00000000E+00  0.00000000E+00  0.10000000E-01  0.10000000E+01
 0.68002000E-09  0.96820652E-02  0.00000000E+00  0.11654191E+00  0.00000000E+00  0.00000000E+00  0.19373212E+09  0.00000000E+00  0.00000000E+00  0.00000000E+00  0.00000000E+00  0.00000000E+00  0.10000000E-01  0.10000000E+01
 0.69002000E-09  0.96820652E-02  0.00000000E+00  0.11847923E+00  0.00000000E+00  0.00000000E+00  0.19373212E+09  0.00000000E+00  0.00000000E+00  0.00000000E+00  0.00000000E+00  0.00000000E+00  0.10000000E-01  0.10000000E+01
 0.70002000E-09  0.96820652E-02  0.00000000E+00  0.12041655E+00  0.00000000E+00  0.00000000E+00  0.19373212E+09  0.00000000E+00  0.00000000E+00  0.00000000E+00  0.00000000E+00  0.00000000E+00  0.10000000E-01  0.10000000E+01
 0.71002000E-09  0.96820652E-02  0.00000000E+00  0.12235387E+00  0.00000000E+00  0.00000000E+00  0.19373212E+09  0.00000000E+00  0.00000000E+00  0.00000000E+00  0.00000000E+00  0.00000000E+00  0.10000000E-01  0.10000000E+01
 0.72002000E-09  0.96820652E-02  0.00000000E+00  0.12429119E+00  0.00000000E+00  0.00000000E+00  0.19373212E+09  0.00000000E+00  0.00000000E+00  0.00000000E+00  0.00000000E+00  0.00000000E+00  0.10000000E-01  0.10000000E+01
 0.73002000E-09  0.96820652E-02  0.00000000E+00  0.12622851E+00  0.00000000E+00  0.00000000E+00  0.19373212E+09  0.00000000E+00  0.00000000E+00  0.00000000E+00  0.00000000E+00  0.00000000E+00  0.10000000E-01  0.10000000E+01
 0.74002000E-09  0.96820652E-02  0.00000000E+00  0.12816583E+00  0.00000000E+00  0.00000000E+00  0.19373212E+09  0.00000000E+00  0.00000000E+00  0.00000000E+00  0.00000000E+00  0.00000000E+00  0.10000000E-01  0.10000000E+01
 0.75002000E-09  0.96820652E-02  0.00000000E+00  0.13010316E+00  0.00000000E+00  0.00000000E+00  0.19373212E+09  0.00000000E+00  0.00000000E+00  0.00000000E+00  0.00000000E+00  0.00000000E+00  0.10000000E-01  0.10000000E+01
 0.76002000E-09  0.96820652E-02  0.00000000E+00  0.13204048E+00  0.00000000E+00  0.00000000E+00  0.19373212E+09  0.00000000E+00  0.00000000E+00  0.00000000E+00  0.00000000E+00  0.00000000E+00  0.10000000E-01  0.10000000E+01
 0.77002000E-09  0.96820652E-02  0.00000000E+00  0.13397780E+00  0.00000000E+00  0.00000000E+00  0.19373212E+09  0.00000000E+00  0.00000000E+00  0.00000000E+00  0.00000000E+00  0.00000000E+00  0.10000000E-01  0.10000000E+01
 0.78002000E-09  0.96820652E-02  0.00000000E+00  0.13591512E+00  0.00000000E+00  0.00000000E+00  0.19373212E+09  0.00000000E+00  0.00000000E+00  0.00000000E+00  0.00000000E+00  0.00000000E+00  0.10000000E-01  0.10000000E+01
 0.79002000E-09  0.96820652E-02  0.00000000E+00  0.13785244E+00  0.00000000E+00  0.00000000E+00  0.19373212E+09  0.00000000E+00  0.00000000E+00  0.00000000E+00  0.00000000E+00  0.00000000E+00  0.10000000E-01  0.10000000E+01
 0.80002000E-09  0.96820652E-02  0.00000000E+00  0.13978976E+00  0.00000000E+00  0.00000000E+00  0.19373212E+09  0.00000000E+00  0.00000000E+00  0.00000000E+00  0.00000000E+00  0.00000000E+00  0.10000000E-01  0.10000000E+01
 0.81002000E-09  0.96820652E-02  0.00000000E+00  0.14172708E+00  0.00000000E+00  0.00000000E+00  0.19373212E+09  0.00000000E+00  0.00000000E+00  0.00000000E+00  0.00000000E+00  0.00000000E+00  0.10000000E-01  0.10000000E+01
 0.82002000E-09  0.96820652E-02  0.00000000E+00  0.14366440E+00  0.00000000E+00  0.00000000E+00  0.19373212E+09  0.00000000E+00  0.00000000E+00  0.00000000E+00  0.00000000E+00  0.00000000E+00  0.10000000E-01  0.10000000E+01
 0.83002000E-09  0.96820652E-02  0.00000000E+00  0.14560173E+00  0.00000000E+00  0.00000000E+00  0.19373212E+09  0.00000000E+00  0.00000000E+00  0.00000000E+00  0.00000000E+00  0.00000000E+00  0.10000000E-01  0.10000000E+01
 0.84002000E-09  0.96820652E-02  0.00000000E+00  0.14753905E+00  0.00000000E+00  0.00000000E+00  0.19373212E+09  0.00000000E+00  0.00000000E+00  0.00000000E+00  0.00000000E+00  0.00000000E+00  0.10000000E-01  0.10000000E+01
 0.85002000E-09  0.96820652E-02  0.00000000E+00  0.14947637E+00  0.00000000E+00  0.00000000E+00  0.19373212E+09  0.00000000E+00  0.00000000E+00  0.00000000E+00  0.00000000E+00  0.00000000E+00  0.10000000E-01  0.10000000E+01
 0.86002000E-09  0.96820652E-02  0.00000000E+00  0.15141369E+00  0.00000000E+00  0.00000000E+00  0.19373212E+09  0.00000000E+00  0.00000000E+00  0.00000000E+00  0.00000000E+00  0.00000000E+00  0.10000000E-01  0.10000000E+01
 0.87002000E-09  0.96820652E-02  0.00000000E+00  0.15335101E+00  0.00000000E+00  0.00000000E+00  0.19373212E+09  0.00000000E+00  0.00000000E+00  0.00000000E+00  0.00000000E+00  0.00000000E+00  0.10000000E-01  0.10000000E+01
 0.88002000E-09  0.96820652E-02  0.00000000E+00  0.15528833E+00  0.00000000E+00  0.00000000E+00  0.19373212E+09  0.00000000E+00  0.00000000E+00  0.00000000E+00  0.00000000E+00  0.00000000E+00  0.10000000E-01  0.10000000E+01
 0.89002000E-09  0.96820652E-02  0.00000000E+00  0.15722565E+00  0.00000000E+00  0.00000000E+00  0.19373212E+09  0.00000000E+00  0.00000000E+00  0.00000000E+00  0.00000000E+00  0.00000000E+00  0.10000000E-01  0.10000000E+01
 0.90002000E-09  0.96820652E-02  0.00000000E+00  0.15916297E+00  0.00000000E+00  0.00000000E+00  0.19373212E+09  0.00000000E+00  0.00000000E+00  0.00000000E+00  0.00000000E+00  0.00000000E+00  0.10000000E-01  0.10000000E+01
 0.91002000E-09  0.96820652E-02  0.00000000E+00  0.16110029E+00  0.00000000E+00  0.00000000E+00  0.19373212E+09  0.00000000E+00  0.00000000E+00  0.00000000E+00  0.00000000E+00  0.00000000E+00  0.10000000E-01  0.10000000E+01
 0.92002000E-09  0.96820652E-02  0.00000000E+00  0.16303762E+00  0.00000000E+00  0.00000000E+00  0.19373212E+09  0.00000000E+00  0.00000000E+00  0.00000000E+00  0.00000000E+00  0.00000000E+00  0.10000000E-01  0.10000000E+01
 0.93002000E-09  0.96820652E-02  0.00000000E+00  0.16497494E+00  0.00000000E+00  0.00000000E+00  0.19373212E+09  0.00000000E+00  0.00000000E+00  0.00000000E+00  0.00000000E+00  0.00000000E+00  0.10000000E-01  0.10000000E+01
 0.94002000E-09  0.96820652E-02  0.00000000E+00  0.16691226E+00  0.00000000E+00  0.00000000E+00  0.19373212E+09  0.00000000E+00  0.00000000E+00  0.00000000E+00  0.00000000E+00  0.00000000E+00  0.10000000E-01  0.10000000E+01
 0.95002000E-09  0.96820652E-02  0.00000000E+00  0.16884958E+00  0.00000000E+00  0.00000000E+00  0.19373212E+09  0.00000000E+00  0.00000000E+00  0.00000000E+00  0.00000000E+00  0.00000000E+00  0.10000000E-01  0.10000000E+01
 0.96002000E-09  0.96820652E-02  0.00000000E+00  0.17078690E+00  0.00000000E+00  0.00000000E+00  0.19373212E+09  0.00000000E+00  0.00000000E+00  0.00000000E+00  0.00000000E+00  0.00000000E+00  0.10000000E-01  0.10000000E+01
 0.97002000E-09  0.96820652E-02  0.00000000E+00  0.17272422E+00  0.00000000E+00  0.00000000E+00  0.19373212E+09  0.00000000E+00  0.00000000E+00  0.00000000E+00  0.00000000E+00  0.00000000E+00  0.10000000E-01  0.10000000E+01
 0.98002000E-09  0.96820652E-02  0.00000000E+00  0.17466154E+00  0.00000000E+00  0.00000000E+00  0.19373212E+09  0.00000000E+00  0.00000000E+00  0.00000000E+00  0.00000000E+00  0.00000000E+00  0.10000000E-01  0.10000000E+01
 0.99002000E-09  0.96820652E-02  0.00000000E+00  0.17659886E+00  0.00000000E+00  0.00000000E+00  0.19373212E+09  0.00000000E+00  0.00000000E+00  0.00000000E+00  0.00000000E+00  0.00000000E+00  0.10000000E-01  0.10000000E+01
 0.10000200E-08  0.96820652E-02  0.00000000E+00  0.17853619E+00  0.00000000E+00  0.00000000E+00  0.19373212E+09  0.00000000E+00  0.00000000E+00  0.00000000E+00  0.00000000E+00  0.00000000E+00  0.10000000E-01  0.10000000E+01
 0.10100200E-08  0.96820652E-02  0.00000000E+00  0.18047351E+00  0.00000000E+00  0.00000000E+00  0.19373212E+09  0.00000000E+00  0.00000000E+00  0.00000000E+00  0.00000000E+00  0.00000000E+00  0.10000000E-01  0.10000000E+01
 0.10200200E-08  0.96820652E-02  0.00000000E+00  0.18241083E+00  0.00000000E+00  0.00000000E+00  0.19373212E+09  0.00000000E+00  0.00000000E+00  0.00000000E+00  0.00000000E+00  0.00000000E+00  0.10000000E-01  0.10000000E+01
 0.10300200E-08  0.96820652E-02  0.00000000E+00  0.18434815E+00  0.00000000E+00  0.00000000E+00  0.19373212E+09  0.00000000E+00  0.00000000E+00  0.00000000E+00  0.00000000E+00  0.00000000E+00  0.10000000E-01  0.10000000E+01
 0.10400200E-08  0.96820652E-02  0.00000000E+00  0.18628547E+00  0.00000000E+00  0.00000000E+00  0.19373212E+09  0.00000000E+00  0.00000000E+00  0.00000000E+00  0.00000000E+00  0.00000000E+00  0.10000000E-01  0.10000000E+01
 0.10500200E-08  0.96820652E-02  0.00000000E+00  0.18822279E+00  0.00000000E+00  0.00000000E+00  0.19373212E+09  0.00000000E+00  0.00000000E+00  0.00000000E+00  0.00000000E+00  0.00000000E+00  0.10000000E-01  0.10000000E+01
 0.10600200E-08  0.96820652E-02  0.00000000E+00  0.19016011E+00  0.00000000E+00  0.00000000E+00  0.19373212E+09  0.00000000E+00  0.00000000E+00  0.00000000E+00  0.00000000E+00  0.00000000E+00  0.10000000E-01  0.10000000E+01
 0.10700200E-08  0.96820652E-02  0.00000000E+00  0.19209743E+00  0.00000000E+00  0.00000000E+00  0.19373212E+09  0.00000000E+00  0.00000000E+00  0.00000000E+00  0.00000000E+00  0.00000000E+00  0.10000000E-01  0.10000000E+01
 0.10800200E-08  0.96820652E-02  0.00000000E+00  0.19403475E+00  0.00000000E+00  0.00000000E+00  0.19373212E+09  0.00000000E+00  0.00000000E+00  0.00000000E+00  0.00000000E+00  0.00000000E+00  0.10000000E-01  0.10000000E+01
 0.10900200E-08  0.96820652E-02  0.00000000E+00  0.19597208E+00  0.00000000E+00  0.00000000E+00  0.19373212E+09  0.00000000E+00  0.00000000E+00  0.00000000E+00  0.00000000E+00  0.00000000E+00  0.10000000E-01  0.10000000E+01
 0.11000200E-08  0.96820652E-02  0.00000000E+00  0.19790940E+00  0.00000000E+00  0.00000000E+00  0.19373212E+09  0.00000000E+00  0.00000000E+00  0.00000000E+00  0.00000000E+00  0.00000000E+00  0.10000000E-01  0.10000000E+01
 0.11100200E-08  0.96820652E-02  0.00000000E+00  0.19984672E+00  0.00000000E+00  0.00000000E+00  0.19373212E+09  0.00000000E+00  0.00000000E+00  0.00000000E+00  0.00000000E+00  0.00000000E+00  0.10000000E-01  0.10000000E+01
 0.11200200E-08  0.96820652E-02  0.00000000E+00  0.20178404E+00  0.00000000E+00  0.00000000E+00  0.19373212E+09  0.00000000E+00  0.00000000E+00  0.00000000E+00  0.00000000E+00  0.00000000E+00  0.10000000E-01  0.10000000E+01
 0.11300200E-08  0.96820652E-02  0.00000000E+00  0.20372136E+00  0.00000000E+00  0.00000000E+00  0.19373212E+09  0.00000000E+00  0.00000000E+00  0.00000000E+00  0.00000000E+00  0.00000000E+00  0.10000000E-01  0.10000000E+01
 0.11400200E-08  0.96820652E-02  0.00000000E+00  0.20565868E+00  0.00000000E+00  0.00000000E+00  0.19373212E+09  0.00000000E+00  0.00000000E+00  0.00000000E+00  0.00000000E+00  0.00000000E+00  0.10000000E-01  0.10000000E+01
 0.11500200E-08  0.96820652E-02  0.00000000E+00  0.20759600E+00  0.00000000E+00  0.00000000E+00  0.19373212E+09  0.00000000E+00  0.00000000E+00  0.00000000E+00  0.00000000E+00  0.00000000E+00  0.10000000E-01  0.10000000E+01
 0.11600200E-08  0.96820652E-02  0.00000000E+00  0.20953332E+00  0.00000000E+00  0.00000000E+00  0.19373212E+09  0.00000000E+00  0.00000000E+00  0.00000000E+00  0.00000000E+00  0.00000000E+00  0.10000000E-01  0.10000000E+01
 0.11700200E-08  0.96820652E-02  0.00000000E+00  0.21147064E+00  0.00000000E+00  0.00000000E+00  0.19373212E+09  0.00000000E+00  0.00000000E+00  0.00000000E+00  0.00000000E+00  0.00000000E+00  0.10000000E-01  0.10000000E+01
 0.11800200E-08  0.96820652E-02  0.00000000E+00  0.21340797E+00  0.00000000E+00  0.00000000E+00  0.19373212E+09  0.00000000E+00  0.00000000E+00  0.00000000E+00  0.00000000E+00  0.00000000E+00  0.10000000E-01  0.10000000E+01
 0.11900200E-08  0.96820652E-02  0.00000000E+00  0.21534529E+00  0.00000000E+00  0.00000000E+00  0.19373212E+09  0.00000000E+00  0.00000000E+00  0.00000000E+00  0.00000000E+00  0.00000000E+00  0.10000000E-01  0.10000000E+01
 0.12000200E-08  0.96820652E-02  0.00000000E+00  0.21728261E+00  0.00000000E+00  0.00000000E+00  0.19373212E+09  0.00000000E+00  0.00000000E+00  0.00000000E+00  0.00000000E+00  0.00000000E+00  0.10000000E-01  0.10000000E+01
 0.12100200E-08  0.96820652E-02  0.00000000E+00  0.21921993E+00  0.00000000E+00  0.00000000E+00  0.19373212E+09  0.00000000E+00  0.00000000E+00  0.00000000E+00  0.00000000E+00  0.00000000E+00  0.10000000E-01  0.10000000E+01
 0.12200200E-08  0.96820652E-02  0.00000000E+00  0.22115725E+00  0.00000000E+00  0.00000000E+00  0.19373212E+09  0.00000000E+00  0.00000000E+00  0.00000000E+00  0.00000000E+00  0.00000000E+00  0.10000000E-01  0.10000000E+01
 0.12300200E-08  0.96820652E-02  0.00000000E+00  0.22309457E+00  0.00000000E+00  0.00000000E+00  0.19373212E+09  0.00000000E+00  0.00000000E+00  0.00000000E+00  0.00000000E+00  0.00000000E+00  0.10000000E-01  0.10000000E+01
 0.12400200E-08  0.96820652E-02  0.00000000E+00  0.22503189E+00  0.00000000E+00  0.00000000E+00  0.19373212E+09  0.00000000E+00  0.00000000E+00  0.00000000E+00  0.00000000E+00  0.00000000E+00  0.10000000E-01  0.10000000E+01
 0.12500200E-08  0.96820652E-02  0.00000000E+00  0.22696921E+00  0.00000000E+00  0.00000000E+00  0.19373212E+09  0.00000000E+00  0.00000000E+00  0.00000000E+00  0.00000000E+00  0.00000000E+00  0.10000000E-01  0.10000000E+01
 0.12600200E-08  0.96820652E-02  0.00000000E+00  0.22890654E+00  0.00000000E+00  0.00000000E+00  0.19373212E+09  0.00000000E+00  0.00000000E+00  0.00000000E+00  0.00000000E+00  0.00000000E+00  0.10000000E-01  0.10000000E+01
 0.12700200E-08  0.96820652E-02  0.00000000E+00  0.23084386E+00  0.00000000E+00  0.00000000E+00  0.19373212E+09  0.00000000E+00  0.00000000E+00  0.00000000E+00  0.00000000E+00  0.00000000E+00  0.10000000E-01  0.10000000E+01
 0.12800200E-08  0.96820652E-02  0.00000000E+00  0.23278118E+00  0.00000000E+00  0.00000000E+00  0.19373212E+09  0.00000000E+00  0.00000000E+00  0.00000000E+00  0.00000000E+00  0.00000000E+00  0.10000000E-01  0.10000000E+01
 0.12900200E-08  0.96820652E-02  0.00000000E+00  0.23471850E+00  0.00000000E+00  0.00000000E+00  0.19373212E+09  0.00000000E+00  0.00000000E+00  0.00000000E+00  0.00000000E+00  0.00000000E+00  0.10000000E-01  0.10000000E+01
 0.13000200E-08  0.96820652E-02  0.00000000E+00  0.23665582E+00  0.00000000E+00  0.00000000E+00  0.19373212E+09  0.00000000E+00  0.00000000E+00  0.00000000E+00  0.00000000E+00  0.00000000E+00  0.10000000E-01  0.10000000E+01
 0.13100200E-08  0.96820652E-02  0.00000000E+00  0.23859314E+00  0.00000000E+00  0.00000000E+00  0.19373212E+09  0.00000000E+00  0.00000000E+00  0.00000000E+00  0.00000000E+00  0.00000000E+00  0.10000000E-01  0.10000000E+01
 0.13200200E-08  0.96820652E-02  0.00000000E+00  0.24053046E+00  0.00000000E+00  0.00000000E+00  0.19373212E+09  0.00000000E+00  0.00000000E+00  0.00000000E+00  0.00000000E+00  0.00000000E+00  0.10000000E-01  0.10000000E+01
 0.13300200E-08  0.96820652E-02  0.00000000E+00  0.24246778E+00  0.00000000E+00  0.00000000E+00  0.19373212E+09  0.00000000E+00  0.00000000E+00  0.00000000E+00  0.00000000E+00  0.00000000E+00  0.10000000E-01  0.10000000E+01
 0.13400200E-08  0.96820652E-02  0.00000000E+00  0.24440510E+00  0.00000000E+00  0.00000000E+00  0.19373212E+09  0.00000000E+00  0.00000000E+00  0.00000000E+00  0.00000000E+00  0.00000000E+00  0.10000000E-01  0.10000000E+01
 0.13500200E-08  0.96820652E-02  0.00000000E+00  0.24634243E+00  0.00000000E+00  0.00000000E+00  0.19373212E+09  0.00000000E+00  0.00000000E+00  0.00000000E+00  0.00000000E+00  0.00000000E+00  0.10000000E-01  0.10000000E+01
 0.13600200E-08  0.96820652E-02  0.00000000E+00  0.24827975E+00  0.00000000E+00  0.00000000E+00  0.19373212E+09  0.00000000E+00  0.00000000E+00  0.00000000E+00  0.00000000E+00  0.00000000E+00  0.10000000E-01  0.10000000E+01
 0.13700200E-08  0.96820652E-02  0.00000000E+00  0.25021707E+00  0.00000000E+00  0.00000000E+00  0.19373212E+09  0.00000000E+00  0.00000000E+00  0.00000000E+00  0.00000000E+00  0.00000000E+00  0.10000000E-01  0.10000000E+01
 0.13800200E-08  0.96820652E-02  0.00000000E+00  0.25215439E+00  0.00000000E+00  0.00000000E+00  0.19373212E+09  0.00000000E+00  0.00000000E+00  0.00000000E+00  0.00000000E+00  0.00000000E+00  0.10000000E-01  0.10000000E+01
 0.13900200E-08  0.96820652E-02  0.00000000E+00  0.25409171E+00  0.00000000E+00  0.00000000E+00  0.19373212E+09  0.00000000E+00  0.00000000E+00  0.00000000E+00  0.00000000E+00  0.00000000E+00  0.10000000E-01  0.10000000E+01
 0.14000200E-08  0.96820652E-02  0.00000000E+00  0.25602903E+00  0.00000000E+00  0.00000000E+00  0.19373212E+09  0.00000000E+00  0.00000000E+00  0.00000000E+00  0.00000000E+00  0.00000000E+00  0.10000000E-01  0.10000000E+01
 0.14100200E-08  0.96820652E-02  0.00000000E+00  0.25796635E+00  0.00000000E+00  0.00000000E+00  0.19373212E+09  0.00000000E+00  0.00000000E+00  0.00000000E+00  0.00000000E+00  0.00000000E+00  0.10000000E-01  0.10000000E+01
 0.14200200E-08  0.96820652E-02  0.00000000E+00  0.25990367E+00  0.00000000E+00  0.00000000E+00  0.19373212E+09  0.00000000E+00  0.00000000E+00  0.00000000E+00  0.00000000E+00  0.00000000E+00  0.10000000E-01  0.10000000E+01
 0.14300200E-08  0.96820652E-02  0.00000000E+00  0.26184099E+00  0.00000000E+00  0.00000000E+00  0.19373212E+09  0.00000000E+00  0.00000000E+00  0.00000000E+00  0.00000000E+00  0.00000000E+00  0.10000000E-01  0.10000000E+01
 0.14400200E-08  0.96820652E-02  0.00000000E+00  0.26377832E+00  0.00000000E+00  0.00000000E+00  0.19373212E+09  0.00000000E+00  0.00000000E+00  0.00000000E+00  0.00000000E+00  0.00000000E+00  0.10000000E-01  0.10000000E+01
 0.14500200E-08  0.96820652E-02  0.00000000E+00  0.26571564E+00  0.00000000E+00  0.00000000E+00  0.19373212E+09  0.00000000E+00  0.00000000E+00  0.00000000E+00  0.00000000E+00  0.00000000E+00  0.10000000E-01  0.10000000E+01
 0.14600200E-08  0.96820652E-02  0.00000000E+00  0.26765296E+00  0.00000000E+00  0.00000000E+00  0.19373212E+09  0.00000000E+00  0.00000000E+00  0.00000000E+00  0.00000000E+00  0.00000000E+00  0.10000000E-01  0.10000000E+01
 0.14700200E-08  0.96820652E-02  0.00000000E+00  0.26959028E+00  0.00000000E+00  0.00000000E+00  0.19373212E+09  0.00000000E+00  0.00000000E+00  0.00000000E+00  0.00000000E+00  0.00000000E+00  0.10000000E-01  0.10000000E+01
 0.14800200E-08  0.96820652E-02  0.00000000E+00  0.27152760E+00  0.00000000E+00  0.00000000E+00  0.19373212E+09  0.00000000E+00  0.00000000E+00  0.00000000E+00  0.00000000E+00  0.00000000E+00  0.10000000E-01  0.10000000E+01
 0.14900200E-08  0.96820652E-02  0.00000000E+00  0.27346492E+00  0.00000000E+00  0.00000000E+00  0.19373212E+09  0.00000000E+00  0.00000000E+00  0.00000000E+00  0.00000000E+00  0.00000000E+00  0.10000000E-01  0.10000000E+01
 0.15000200E-08  0.96820652E-02  0.00000000E+00  0.27540224E+00  0.00000000E+00  0.00000000E+00  0.19373212E+09  0.00000000E+00  0.00000000E+00  0.00000000E+00  0.00000000E+00  0.00000000E+00  0.10000000E-01  0.10000000E+01
 0.15100200E-08  0.96820652E-02  0.00000000E+00  0.27733956E+00  0.00000000E+00  0.00000000E+00  0.19373212E+09  0.00000000E+00  0.00000000E+00  0.00000000E+00  0.00000000E+00  0.00000000E+00  0.10000000E-01  0.10000000E+01
 0.15200200E-08  0.96820652E-02  0.00000000E+00  0.27927689E+00  0.00000000E+00  0.00000000E+00  0.19373212E+09  0.00000000E+00  0.00000000E+00  0.00000000E+00  0.00000000E+00  0.00000000E+00  0.10000000E-01  0.10000000E+01
 0.15300200E-08  0.96820652E-02  0.00000000E+00  0.28121421E+00  0.00000000E+00  0.00000000E+00  0.19373212E+09  0.00000000E+00  0.00000000E+00  0.00000000E+00  0.00000000E+00  0.00000000E+00  0.10000000E-01  0.10000000E+01
 0.15400200E-08  0.96820652E-02  0.00000000E+00  0.28315153E+00  0.00000000E+00  0.00000000E+00  0.19373212E+09  0.00000000E+00  0.00000000E+00  0.00000000E+00  0.00000000E+00  0.00000000E+00  0.10000000E-01  0.10000000E+01
 0.15500200E-08  0.96820652E-02  0.00000000E+00  0.28508885E+00  0.00000000E+00  0.00000000E+00  0.19373212E+09  0.00000000E+00  0.00000000E+00  0.00000000E+00  0.00000000E+00  0.00000000E+00  0.10000000E-01  0.10000000E+01
 0.15600200E-08  0.96820652E-02  0.00000000E+00  0.28702617E+00  0.00000000E+00  0.00000000E+00  0.19373212E+09  0.00000000E+00  0.00000000E+00  0.00000000E+00  0.00000000E+00  0.00000000E+00  0.10000000E-01  0.10000000E+01
 0.15700200E-08  0.96820652E-02  0.00000000E+00  0.28896349E+00  0.00000000E+00  0.00000000E+00  0.19373212E+09  0.00000000E+00  0.00000000E+00  0.00000000E+00  0.00000000E+00  0.00000000E+00  0.10000000E-01  0.10000000E+01
 0.15800200E-08  0.96820652E-02  0.00000000E+00  0.29090081E+00  0.00000000E+00  0.00000000E+00  0.19373212E+09  0.00000000E+00  0.00000000E+00  0.00000000E+00  0.00000000E+00  0.00000000E+00  0.10000000E-01  0.10000000E+01
 0.15900200E-08  0.96820652E-02  0.00000000E+00  0.29283813E+00  0.00000000E+00  0.00000000E+00  0.19373212E+09  0.00000000E+00  0.00000000E+00  0.00000000E+00  0.00000000E+00  0.00000000E+00  0.10000000E-01  0.10000000E+01
 0.16000200E-08  0.96820652E-02  0.00000000E+00  0.29477545E+00  0.00000000E+00  0.00000000E+00  0.19373212E+09  0.00000000E+00  0.00000000E+00  0.00000000E+00  0.00000000E+00  0.00000000E+00  0.10000000E-01  0.10000000E+01
 0.16100200E-08  0.96820652E-02  0.00000000E+00  0.29671278E+00  0.00000000E+00  0.00000000E+00  0.19373212E+09  0.00000000E+00  0.00000000E+00  0.00000000E+00  0.00000000E+00  0.00000000E+00  0.10000000E-01  0.10000000E+01
 0.16200200E-08  0.96820652E-02  0.00000000E+00  0.29865010E+00  0.00000000E+00  0.00000000E+00  0.19373212E+09  0.00000000E+00  0.00000000E+00  0.00000000E+00  0.00000000E+00  0.00000000E+00  0.10000000E-01  0.10000000E+01
 0.16300200E-08  0.96820652E-02  0.00000000E+00  0.30058742E+00  0.00000000E+00  0.00000000E+00  0.19373212E+09  0.00000000E+00  0.00000000E+00  0.00000000E+00  0.00000000E+00  0.00000000E+00  0.10000000E-01  0.10000000E+01
 0.16400200E-08  0.96820652E-02  0.00000000E+00  0.30252474E+00  0.00000000E+00  0.00000000E+00  0.19373212E+09  0.00000000E+00  0.00000000E+00  0.00000000E+00  0.00000000E+00  0.00000000E+00  0.10000000E-01  0.10000000E+01
 0.16500200E-08  0.96820652E-02  0.00000000E+00  0.30446206E+00  0.00000000E+00  0.00000000E+00  0.19373212E+09  0.00000000E+00  0.00000000E+00  0.00000000E+00  0.00000000E+00  0.00000000E+00  0.10000000E-01  0.10000000E+01
 0.16600200E-08  0.96820652E-02  0.00000000E+00  0.30639938E+00  0.00000000E+00  0.00000000E+00  0.19373212E+09  0.00000000E+00  0.00000000E+00  0.00000000E+00  0.00000000E+00  0.00000000E+00  0.10000000E-01  0.10000000E+01
 0.16700200E-08  0.96820652E-02  0.00000000E+00  0.30833670E+00  0.00000000E+00  0.00000000E+00  0.19373212E+09  0.00000000E+00  0.00000000E+00  0.00000000E+00  0.00000000E+00  0.00000000E+00  0.10000000E-01  0.10000000E+01
 0.16800200E-08  0.96820652E-02  0.00000000E+00  0.31027402E+00  0.00000000E+00  0.00000000E+00  0.19373212E+09  0.00000000E+00  0.00000000E+00  0.00000000E+00  0.00000000E+00  0.00000000E+00  0.10000000E-01  0.10000000E+01
 0.16900200E-08  0.96820652E-02  0.00000000E+00  0.31221135E+00  0.00000000E+00  0.00000000E+00  0.19373212E+09  0.00000000E+00  0.00000000E+00  0.00000000E+00  0.00000000E+00  0.00000000E+00  0.10000000E-01  0.10000000E+01
 0.17000200E-08  0.96820652E-02  0.00000000E+00  0.31414867E+00  0.00000000E+00  0.00000000E+00  0.19373212E+09  0.00000000E+00  0.00000000E+00  0.00000000E+00  0.00000000E+00  0.00000000E+00  0.10000000E-01  0.10000000E+01
 0.17100200E-08  0.96820652E-02  0.00000000E+00  0.31608599E+00  0.00000000E+00  0.00000000E+00  0.19373212E+09  0.00000000E+00  0.00000000E+00  0.00000000E+00  0.00000000E+00  0.00000000E+00  0.10000000E-01  0.10000000E+01
 0.17200200E-08  0.96820652E-02  0.00000000E+00  0.31802331E+00  0.00000000E+00  0.00000000E+00  0.19373212E+09  0.00000000E+00  0.00000000E+00  0.00000000E+00  0.00000000E+00  0.00000000E+00  0.10000000E-01  0.10000000E+01
 0.17300200E-08  0.96820652E-02  0.00000000E+00  0.31996063E+00  0.00000000E+00  0.00000000E+00  0.19373212E+09  0.00000000E+00  0.00000000E+00  0.00000000E+00  0.00000000E+00  0.00000000E+00  0.10000000E-01  0.10000000E+01
 0.17400200E-08  0.96820652E-02  0.00000000E+00  0.32189795E+00  0.00000000E+00  0.00000000E+00  0.19373212E+09  0.00000000E+00  0.00000000E+00  0.00000000E+00  0.00000000E+00  0.00000000E+00  0.10000000E-01  0.10000000E+01
 0.17500200E-08  0.96820652E-02  0.00000000E+00  0.32383527E+00  0.00000000E+00  0.00000000E+00  0.19373212E+09  0.00000000E+00  0.00000000E+00  0.00000000E+00  0.00000000E+00  0.00000000E+00  0.10000000E-01  0.10000000E+01
 0.17600200E-08  0.96820652E-02  0.00000000E+00  0.32577259E+00  0.00000000E+00  0.00000000E+00  0.19373212E+09  0.00000000E+00  0.00000000E+00  0.00000000E+00  0.00000000E+00  0.00000000E+00  0.10000000E-01  0.10000000E+01
 0.17700200E-08  0.96820652E-02  0.00000000E+00  0.32770991E+00  0.00000000E+00  0.00000000E+00  0.19373212E+09  0.00000000E+00  0.00000000E+00  0.00000000E+00  0.00000000E+00  0.00000000E+00  0.10000000E-01  0.10000000E+01
 0.17800200E-08  0.96820652E-02  0.00000000E+00  0.32964724E+00  0.00000000E+00  0.00000000E+00  0.19373212E+09  0.00000000E+00  0.00000000E+00  0.00000000E+00  0.00000000E+00  0.00000000E+00  0.10000000E-01  0.10000000E+01
 0.17900200E-08  0.96820652E-02  0.00000000E+00  0.33158456E+00  0.00000000E+00  0.00000000E+00  0.19373212E+09  0.00000000E+00  0.00000000E+00  0.00000000E+00  0.00000000E+00  0.00000000E+00  0.10000000E-01  0.10000000E+01
 0.18000200E-08  0.96820652E-02  0.00000000E+00  0.33352188E+00  0.00000000E+00  0.00000000E+00  0.19373212E+09  0.00000000E+00  0.00000000E+00  0.00000000E+00  0.00000000E+00  0.00000000E+00  0.10000000E-01  0.10000000E+01
 0.18100200E-08  0.96820652E-02  0.00000000E+00  0.33545920E+00  0.00000000E+00  0.00000000E+00  0.19373212E+09  0.00000000E+00  0.00000000E+00  0.00000000E+00  0.00000000E+00  0.00000000E+00  0.10000000E-01  0.10000000E+01
 0.18200200E-08  0.96820652E-02  0.00000000E+00  0.33739652E+00  0.00000000E+00  0.00000000E+00  0.19373212E+09  0.00000000E+00  0.00000000E+00  0.00000000E+00  0.00000000E+00  0.00000000E+00  0.10000000E-01  0.10000000E+01
 0.18300200E-08  0.96820652E-02  0.00000000E+00  0.33933384E+00  0.00000000E+00  0.00000000E+00  0.19373212E+09  0.00000000E+00  0.00000000E+00  0.00000000E+00  0.00000000E+00  0.00000000E+00  0.10000000E-01  0.10000000E+01
 0.18400200E-08  0.96820652E-02  0.00000000E+00  0.34127116E+00  0.00000000E+00  0.00000000E+00  0.19373212E+09  0.00000000E+00  0.00000000E+00  0.00000000E+00  0.00000000E+00  0.00000000E+00  0.10000000E-01  0.10000000E+01
 0.18500200E-08  0.96820652E-02  0.00000000E+00  0.34320848E+00  0.00000000E+00  0.00000000E+00  0.19373212E+09  0.00000000E+00  0.00000000E+00  0.00000000E+00  0.00000000E+00  0.00000000E+00  0.10000000E-01  0.10000000E+01
 0.18600200E-08  0.96820652E-02  0.00000000E+00  0.34514580E+00  0.00000000E+00  0.00000000E+00  0.19373212E+09  0.00000000E+00  0.00000000E+00  0.00000000E+00  0.00000000E+00  0.00000000E+00  0.10000000E-01  0.10000000E+01
 0.18700200E-08  0.96820652E-02  0.00000000E+00  0.34708313E+00  0.00000000E+00  0.00000000E+00  0.19373212E+09  0.00000000E+00  0.00000000E+00  0.00000000E+00  0.00000000E+00  0.00000000E+00  0.10000000E-01  0.10000000E+01
 0.18800200E-08  0.96820652E-02  0.00000000E+00  0.34902045E+00  0.00000000E+00  0.00000000E+00  0.19373212E+09  0.00000000E+00  0.00000000E+00  0.00000000E+00  0.00000000E+00  0.00000000E+00  0.10000000E-01  0.10000000E+01
 0.18900200E-08  0.96820652E-02  0.00000000E+00  0.35095777E+00  0.00000000E+00  0.00000000E+00  0.19373212E+09  0.00000000E+00  0.00000000E+00  0.00000000E+00  0.00000000E+00  0.00000000E+00  0.10000000E-01  0.10000000E+01
 0.19000200E-08  0.96820652E-02  0.00000000E+00  0.35289509E+00  0.00000000E+00  0.00000000E+00  0.19373212E+09  0.00000000E+00  0.00000000E+00  0.00000000E+00  0.00000000E+00  0.00000000E+00  0.10000000E-01  0.10000000E+01
 0.19100200E-08  0.96820652E-02  0.00000000E+00  0.35483241E+00  0.00000000E+00  0.00000000E+00  0.19373212E+09  0.00000000E+00  0.00000000E+00  0.00000000E+00  0.00000000E+00  0.00000000E+00  0.10000000E-01  0.10000000E+01
 0.19200200E-08  0.96820652E-02  0.00000000E+00  0.35676973E+00  0.00000000E+00  0.00000000E+00  0.19373212E+09  0.00000000E+00  0.00000000E+00  0.00000000E+00  0.00000000E+00  0.00000000E+00  0.10000000E-01  0.10000000E+01
 0.19300200E-08  0.96820652E-02  0.00000000E+00  0.35870705E+00  0.00000000E+00  0.00000000E+00  0.19373212E+09  0.00000000E+00  0.00000000E+00  0.00000000E+00  0.00000000E+00  0.00000000E+00  0.10000000E-01  0.10000000E+01
 0.19400200E-08  0.96820652E-02  0.00000000E+00  0.36064437E+00  0.00000000E+00  0.00000000E+00  0.19373212E+09  0.00000000E+00  0.00000000E+00  0.00000000E+00  0.00000000E+00  0.00000000E+00  0.10000000E-01  0.10000000E+01
 0.19500200E-08  0.96820652E-02  0.00000000E+00  0.36258170E+00  0.00000000E+00  0.00000000E+00  0.19373212E+09  0.00000000E+00  0.00000000E+00  0.00000000E+00  0.00000000E+00  0.00000000E+00  0.10000000E-01  0.10000000E+01
 0.19600200E-08  0.96820652E-02  0.00000000E+00  0.36451902E+00  0.00000000E+00  0.00000000E+00  0.19373212E+09  0.00000000E+00  0.00000000E+00  0.00000000E+00  0.00000000E+00  0.00000000E+00  0.10000000E-01  0.10000000E+01
 0.19700200E-08  0.96820652E-02  0.00000000E+00  0.36645634E+00  0.00000000E+00  0.00000000E+00  0.19373212E+09  0.00000000E+00  0.00000000E+00  0.00000000E+00  0.00000000E+00  0.00000000E+00  0.10000000E-01  0.10000000E+01
 0.19800200E-08  0.96820652E-02  0.00000000E+00  0.36839366E+00  0.00000000E+00  0.00000000E+00  0.19373212E+09  0.00000000E+00  0.00000000E+00  0.00000000E+00  0.00000000E+00  0.00000000E+00  0.10000000E-01  0.10000000E+01
 0.19900200E-08  0.96820652E-02  0.00000000E+00  0.37033098E+00  0.00000000E+00  0.00000000E+00  0.19373212E+09  0.00000000E+00  0.00000000E+00  0.00000000E+00  0.00000000E+00  0.00000000E+00  0.10000000E-01  0.10000000E+01
