# ptime xp yp zp vx vy vz ex ey ez bx by bz wt
 0.20000000E-13  0.37801829E-02  0.00000000E+00 -0.27119714E-01  0.00000000E+00  0.00000000E+00  0.18739048E+09  0.00000000E+00  0.00000000E+00  0.00000000E+00  0.00000000E+00  0.00000000E+00  0.10000000E-01  0.10000000E+01
 0.10000000E-10  0.37801829E-02  0.00000000E+00 -0.25249557E-01  0.00000000E+00  0.00000000E+00  0.18739048E+09  0.00000000E+00  0.00000000E+00  0.00000000E+00  0.00000000E+00  0.00000000E+00  0.10000000E-01  0.10000000E+01
 0.20000000E-10  0.37801829E-02  0.00000000E+00 -0.23375652E-01  0.00000000E+00  0.00000000E+00  0.18739048E+09  0.00000000E+00  0.00000000E+00  0.00000000E+00  0.00000000E+00  0.00000000E+00  0.10000000E-01  0.10000000E+01
 0.30000000E-10  0.37801829E-02  0.00000000E+00 -0.21501747E-01  0.00000000E+00  0.00000000E+00  0.18739048E+09  0.00000000E+00  0.00000000E+00  0.00000000E+00  0.00000000E+00  0.00000000E+00  0.10000000E-01  0.10000000E+01
 0.40020000E-10  0.37801829E-02  0.00000000E+00 -0.19624094E-01  0.00000000E+00  0.00000000E+00  0.18739048E+09  0.00000000E+00  0.00000000E+00  0.00000000E+00  0.00000000E+00  0.00000000E+00  0.10000000E-01  0.10000000E+01
 0.50020000E-10  0.37801829E-02  0.00000000E+00 -0.17750189E-01  0.00000000E+00  0.00000000E+00  0.18739048E+09  0.00000000E+00  0.00000000E+00  0.00000000E+00  0.00000000E+00  0.00000000E+00  0.10000000E-01  0.10000000E+01
 0.60020000E-10  0.37801829E-02  0.00000000E+00 -0.15876285E-01  0.00000000E+00  0.00000000E+00  0.18739048E+09  0.00000000E+00  0.00000000E+00  0.00000000E+00  0.00000000E+00  0.00000000E+00  0.10000000E-01  0.10000000E+01
 0.70020000E-10  0.37801829E-02  0.00000000E+00 -0.14002380E-01  0.00000000E+00  0.00000000E+00  0.18739048E+09  0.00000000E+00  0.00000000E+00  0.00000000E+00  0.00000000E+00  0.00000000E+00  0.10000000E-01  0.10000000E+01
 0.80000000E-10  0.37801829E-02  0.00000000E+00 -0.12132223E-01  0.00000000E+00  0.00000000E+00  0.18739048E+09  0.00000000E+00  0.00000000E+00  0.00000000E+00  0.00000000E+00  0.00000000E+00  0.10000000E-01  0.10000000E+01
 0.90000000E-10  0.37801829E-02  0.00000000E+00 -0.10258318E-01  0.00000000E+00  0.00000000E+00  0.18739048E+09  0.00000000E+00  0.00000000E+00  0.00000000E+00  0.00000000E+00  0.00000000E+00  0.10000000E-01  0.10000000E+01
 0.10000000E-09  0.37801829E-02  0.00000000E+00 -0.83844132E-02  0.00000000E+00  0.00000000E+00  0.18739048E+09  0.00000000E+00  0.00000000E+00  0.00000000E+00  0.00000000E+00  0.00000000E+00  0.10000000E-01  0.10000000E+01
 0.11000000E-09  0.37801829E-02  0.00000000E+00 -0.65105084E-02  0.00000000E+00  0.00000000E+00  0.18739048E+09  0.00000000E+00  0.00000000E+00  0.00000000E+00  0.00000000E+00  0.00000000E+00  0.10000000E-01  0.10000000E+01
 0.12000000E-09  0.37801829E-02  0.00000000E+00 -0.46366036E-02  0.00000000E+00  0.00000000E+00  0.18739048E+09  0.00000000E+00  0.00000000E+00  0.00000000E+00  0.00000000E+00  0.00000000E+00  0.10000000E-01  0.10000000E+01
 0.13000000E-09  0.37801829E-02  0.00000000E+00 -0.27626987E-02  0.00000000E+00  0.00000000E+00  0.18739048E+09  0.00000000E+00  0.00000000E+00  0.00000000E+00  0.00000000E+00  0.00000000E+00  0.10000000E-01  0.10000000E+01
 0.14002000E-09  0.37801829E-02  0.00000000E+00 -0.88504611E-03  0.00000000E+00  0.00000000E+00  0.18739048E+09  0.00000000E+00  0.00000000E+00  0.00000000E+00  0.00000000E+00  0.00000000E+00  0.10000000E-01  0.10000000E+01
 0.15002000E-09  0.37801829E-02  0.00000000E+00  0.98885871E-03  0.00000000E+00  0.00000000E+00  0.18739048E+09  0.00000000E+00  0.00000000E+00  0.00000000E+00  0.00000000E+00  0.00000000E+00  0.10000000E-01  0.10000000E+01
 0.16002000E-09  0.37801829E-02  0.00000000E+00  0.28627635E-02  0.00000000E+00  0.00000000E+00  0.18739048E+09  0.00000000E+00  0.00000000E+00  0.00000000E+00  0.00000000E+00  0.00000000E+00  0.10000000E-01  0.10000000E+01
 0.17002000E-09  0.37801829E-02  0.00000000E+00  0.47366683E-02  0.00000000E+00  0.00000000E+00  0.18739048E+09  0.00000000E+00  0.00000000E+00  0.00000000E+00  0.00000000E+00  0.00000000E+00  0.10000000E-01  0.10000000E+01
 0.18002000E-09  0.37801829E-02  0.00000000E+00  0.66105732E-02  0.00000000E+00  0.00000000E+00  0.18739048E+09  0.00000000E+00  0.00000000E+00  0.00000000E+00  0.00000000E+00  0.00000000E+00  0.10000000E-01  0.10000000E+01
 0.19002000E-09  0.37801829E-02  0.00000000E+00  0.84844780E-02  0.00000000E+00  0.00000000E+00  0.18739048E+09  0.00000000E+00  0.00000000E+00  0.00000000E+00  0.00000000E+00  0.00000000E+00  0.10000000E-01  0.10000000E+01
 0.20002000E-09  0.37801829E-02  0.00000000E+00  0.10358383E-01  0.00000000E+00  0.00000000E+00  0.18739048E+09  0.00000000E+00  0.00000000E+00  0.00000000E+00  0.00000000E+00  0.00000000E+00  0.10000000E-01  0.10000000E+01
 0.21002000E-09  0.37801829E-02  0.00000000E+00  0.12232288E-01  0.00000000E+00  0.00000000E+00  0.18739048E+09  0.00000000E+00  0.00000000E+00  0.00000000E+00  0.00000000E+00  0.00000000E+00  0.10000000E-01  0.10000000E+01
 0.22002000E-09  0.37801829E-02  0.00000000E+00  0.14106192E-01  0.00000000E+00  0.00000000E+00  0.18739048E+09  0.00000000E+00  0.00000000E+00  0.00000000E+00  0.00000000E+00  0.00000000E+00  0.10000000E-01  0.10000000E+01
 0.23002000E-09  0.37801829E-02  0.00000000E+00  0.15980097E-01  0.00000000E+00  0.00000000E+00  0.18739048E+09  0.00000000E+00  0.00000000E+00  0.00000000E+00  0.00000000E+00  0.00000000E+00  0.10000000E-01  0.10000000E+01
 0.24002000E-09  0.37801829E-02  0.00000000E+00  0.17854002E-01  0.00000000E+00  0.00000000E+00  0.18739048E+09  0.00000000E+00  0.00000000E+00  0.00000000E+00  0.00000000E+00  0.00000000E+00  0.10000000E-01  0.10000000E+01
 0.25002000E-09  0.37801829E-02  0.00000000E+00  0.19727907E-01  0.00000000E+00  0.00000000E+00  0.18739048E+09  0.00000000E+00  0.00000000E+00  0.00000000E+00  0.00000000E+00  0.00000000E+00  0.10000000E-01  0.10000000E+01
 0.26002000E-09  0.37801829E-02  0.00000000E+00  0.21601812E-01  0.00000000E+00  0.00000000E+00  0.18739048E+09  0.00000000E+00  0.00000000E+00  0.00000000E+00  0.00000000E+00  0.00000000E+00  0.10000000E-01  0.10000000E+01
 0.27002000E-09  0.37801829E-02  0.00000000E+00  0.23475717E-01  0.00000000E+00  0.00000000E+00  0.18739048E+09  0.00000000E+00  0.00000000E+00  0.00000000E+00  0.00000000E+00  0.00000000E+00  0.10000000E-01  0.10000000E+01
 0.28002000E-09  0.37801829E-02  0.00000000E+00  0.25349621E-01  0.00000000E+00  0.00000000E+00  0.18739048E+09  0.00000000E+00  0.00000000E+00  0.00000000E+00  0.00000000E+00  0.00000000E+00  0.10000000E-01  0.10000000E+01
 0.29002000E-09  0.37801829E-02  0.00000000E+00  0.27223526E-01  0.00000000E+00  0.00000000E+00  0.18739048E+09  0.00000000E+00  0.00000000E+00  0.00000000E+00  0.00000000E+00  0.00000000E+00  0.10000000E-01  0.10000000E+01
 0.30000000E-09  0.37801829E-02  0.00000000E+00  0.29093683E-01  0.00000000E+00  0.00000000E+00  0.18739048E+09  0.00000000E+00  0.00000000E+00  0.00000000E+00  0.00000000E+00  0.00000000E+00  0.10000000E-01  0.10000000E+01
 0.31000000E-09  0.37801829E-02  0.00000000E+00  0.30967588E-01  0.00000000E+00  0.00000000E+00  0.18739048E+09  0.00000000E+00  0.00000000E+00  0.00000000E+00  0.00000000E+00  0.00000000E+00  0.10000000E-01  0.10000000E+01
 0.32000000E-09  0.37801829E-02  0.00000000E+00  0.32841493E-01  0.00000000E+00  0.00000000E+00  0.18739048E+09  0.00000000E+00  0.00000000E+00  0.00000000E+00  0.00000000E+00  0.00000000E+00  0.10000000E-01  0.10000000E+01
 0.33000000E-09  0.37801829E-02  0.00000000E+00  0.34715398E-01  0.00000000E+00  0.00000000E+00  0.18739048E+09  0.00000000E+00  0.00000000E+00  0.00000000E+00  0.00000000E+00  0.00000000E+00  0.10000000E-01  0.10000000E+01
 0.34000000E-09  0.37801829E-02  0.00000000E+00  0.36589302E-01  0.00000000E+00  0.00000000E+00  0.18739048E+09  0.00000000E+00  0.00000000E+00  0.00000000E+00  0.00000000E+00  0.00000000E+00  0.10000000E-01  0.10000000E+01
 0.35000000E-09  0.37801829E-02  0.00000000E+00  0.38463207E-01  0.00000000E+00  0.00000000E+00  0.18739048E+09  0.00000000E+00  0.00000000E+00  0.00000000E+00  0.00000000E+00  0.00000000E+00  0.10000000E-01  0.10000000E+01
 0.36000000E-09  0.37801829E-02  0.00000000E+00  0.40337112E-01  0.00000000E+00  0.00000000E+00  0.18739048E+09  0.00000000E+00  0.00000000E+00  0.00000000E+00  0.00000000E+00  0.00000000E+00  0.10000000E-01  0.10000000E+01
 0.37000000E-09  0.37801829E-02  0.00000000E+00  0.42211017E-01  0.00000000E+00  0.00000000E+00  0.18739048E+09  0.00000000E+00  0.00000000E+00  0.00000000E+00  0.00000000E+00  0.00000000E+00  0.10000000E-01  0.10000000E+01
 0.38000000E-09  0.37801829E-02  0.00000000E+00  0.44084922E-01  0.00000000E+00  0.00000000E+00  0.18739048E+09  0.00000000E+00  0.00000000E+00  0.00000000E+00  0.00000000E+00  0.00000000E+00  0.10000000E-01  0.10000000E+01
 0.39000000E-09  0.37801829E-02  0.00000000E+00  0.45958827E-01  0.00000000E+00  0.00000000E+00  0.18739048E+09  0.00000000E+00  0.00000000E+00  0.00000000E+00  0.00000000E+00  0.00000000E+00  0.10000000E-01  0.10000000E+01
 0.40000000E-09  0.37801829E-02  0.00000000E+00  0.47832731E-01  0.00000000E+00  0.00000000E+00  0.18739048E+09  0.00000000E+00  0.00000000E+00  0.00000000E+00  0.00000000E+00  0.00000000E+00  0.10000000E-01  0.10000000E+01
 0.41000000E-09  0.37801829E-02  0.00000000E+00  0.49706636E-01  0.00000000E+00  0.00000000E+00  0.18739048E+09  0.00000000E+00  0.00000000E+00  0.00000000E+00  0.00000000E+00  0.00000000E+00  0.10000000E-01  0.10000000E+01
 0.42000000E-09  0.37801829E-02  0.00000000E+00  0.51580541E-01  0.00000000E+00  0.00000000E+00  0.18739048E+09  0.00000000E+00  0.00000000E+00  0.00000000E+00  0.00000000E+00  0.00000000E+00  0.10000000E-01  0.10000000E+01
 0.43000000E-09  0.37801829E-02  0.00000000E+00  0.53454446E-01  0.00000000E+00  0.00000000E+00  0.18739048E+09  0.00000000E+00  0.00000000E+00  0.00000000E+00  0.00000000E+00  0.00000000E+00  0.10000000E-01  0.10000000E+01
 0.44000000E-09  0.37801829E-02  0.00000000E+00  0.55328351E-01  0.00000000E+00  0.00000000E+00  0.18739048E+09  0.00000000E+00  0.00000000E+00  0.00000000E+00  0.00000000E+00  0.00000000E+00  0.10000000E-01  0.10000000E+01
 0.45000000E-09  0.37801829E-02  0.00000000E+00  0.57202255E-01  0.00000000E+00  0.00000000E+00  0.18739048E+09  0.00000000E+00  0.00000000E+00  0.00000000E+00  0.00000000E+00  0.00000000E+00  0.10000000E-01  0.10000000E+01
 0.46000000E-09  0.37801829E-02  0.00000000E+00  0.59076160E-01  0.00000000E+00  0.00000000E+00  0.18739048E+09  0.00000000E+00  0.00000000E+00  0.00000000E+00  0.00000000E+00  0.00000000E+00  0.10000000E-01  0.10000000E+01
 0.47000000E-09  0.37801829E-02  0.00000000E+00  0.60950065E-01  0.00000000E+00  0.00000000E+00  0.18739048E+09  0.00000000E+00  0.00000000E+00  0.00000000E+00  0.00000000E+00  0.00000000E+00  0.10000000E-01  0.10000000E+01
 0.48000000E-09  0.37801829E-02  0.00000000E+00  0.62823970E-01  0.00000000E+00  0.00000000E+00  0.18739048E+09  0.00000000E+00  0.00000000E+00  0.00000000E+00  0.00000000E+00  0.00000000E+00  0.10000000E-01  0.10000000E+01
 0.49000000E-09  0.37801829E-02  0.00000000E+00  0.64697875E-01  0.00000000E+00  0.00000000E+00  0.18739048E+09  0.00000000E+00  0.00000000E+00  0.00000000E+00  0.00000000E+00  0.00000000E+00  0.10000000E-01  0.10000000E+01
 0.50000000E-09  0.37801829E-02  0.00000000E+00  0.66571780E-01  0.00000000E+00  0.00000000E+00  0.18739048E+09  0.00000000E+00  0.00000000E+00  0.00000000E+00  0.00000000E+00  0.00000000E+00  0.10000000E-01  0.10000000E+01
 0.51000000E-09  0.37801829E-02  0.00000000E+00  0.68445684E-01  0.00000000E+00  0.00000000E+00  0.18739048E+09  0.00000000E+00  0.00000000E+00  0.00000000E+00  0.00000000E+00  0.00000000E+00  0.10000000E-01  0.10000000E+01
 0.52000000E-09  0.37801829E-02  0.00000000E+00  0.70319589E-01  0.00000000E+00  0.00000000E+00  0.18739048E+09  0.00000000E+00  0.00000000E+00  0.00000000E+00  0.00000000E+00  0.00000000E+00  0.10000000E-01  0.10000000E+01
 0.53000000E-09  0.37801829E-02  0.00000000E+00  0.72193494E-01  0.00000000E+00  0.00000000E+00  0.18739048E+09  0.00000000E+00  0.00000000E+00  0.00000000E+00  0.00000000E+00  0.00000000E+00  0.10000000E-01  0.10000000E+01
 0.54000000E-09  0.37801829E-02  0.00000000E+00  0.74067399E-01  0.00000000E+00  0.00000000E+00  0.18739048E+09  0.00000000E+00  0.00000000E+00  0.00000000E+00  0.00000000E+00  0.00000000E+00  0.10000000E-01  0.10000000E+01
 0.55002000E-09  0.37801829E-02  0.00000000E+00  0.75945052E-01  0.00000000E+00  0.00000000E+00  0.18739048E+09  0.00000000E+00  0.00000000E+00  0.00000000E+00  0.00000000E+00  0.00000000E+00  0.10000000E-01  0.10000000E+01
 0.56002000E-09  0.37801829E-02  0.00000000E+00  0.77818956E-01  0.00000000E+00  0.00000000E+00  0.18739048E+09  0.00000000E+00  0.00000000E+00  0.00000000E+00  0.00000000E+00  0.00000000E+00  0.10000000E-01  0.10000000E+01
 0.57002000E-09  0.37801829E-02  0.00000000E+00  0.79692861E-01  0.00000000E+00  0.00000000E+00  0.18739048E+09  0.00000000E+00  0.00000000E+00  0.00000000E+00  0.00000000E+00  0.00000000E+00  0.10000000E-01  0.10000000E+01
 0.58002000E-09  0.37801829E-02  0.00000000E+00  0.81566766E-01  0.00000000E+00  0.00000000E+00  0.18739048E+09  0.00000000E+00  0.00000000E+00  0.00000000E+00  0.00000000E+00  0.00000000E+00  0.10000000E-01  0.10000000E+01
 0.59002000E-09  0.37801829E-02  0.00000000E+00  0.83440671E-01  0.00000000E+00  0.00000000E+00  0.18739048E+09  0.00000000E+00  0.00000000E+00  0.00000000E+00  0.00000000E+00  0.00000000E+00  0.10000000E-01  0.10000000E+01
 0.60002000E-09  0.37801829E-02  0.00000000E+00  0.85314576E-01  0.00000000E+00  0.00000000E+00  0.18739048E+09  0.00000000E+00  0.00000000E+00  0.00000000E+00  0.00000000E+00  0.00000000E+00  0.10000000E-01  0.10000000E+01
 0.61002000E-09  0.37801829E-02  0.00000000E+00  0.87188480E-01  0.00000000E+00  0.00000000E+00  0.18739048E+09  0.00000000E+00  0.00000000E+00  0.00000000E+00  0.00000000E+00  0.00000000E+00  0.10000000E-01  0.10000000E+01
 0.62002000E-09  0.37801829E-02  0.00000000E+00  0.89062385E-01  0.00000000E+00  0.00000000E+00  0.18739048E+09  0.00000000E+00  0.00000000E+00  0.00000000E+00  0.00000000E+00  0.00000000E+00  0.10000000E-01  0.10000000E+01
 0.63002000E-09  0.37801829E-02  0.00000000E+00  0.90936290E-01  0.00000000E+00  0.00000000E+00  0.18739048E+09  0.00000000E+00  0.00000000E+00  0.00000000E+00  0.00000000E+00  0.00000000E+00  0.10000000E-01  0.10000000E+01
 0.64002000E-09  0.37801829E-02  0.00000000E+00  0.92810195E-01  0.00000000E+00  0.00000000E+00  0.18739048E+09  0.00000000E+00  0.00000000E+00  0.00000000E+00  0.00000000E+00  0.00000000E+00  0.10000000E-01  0.10000000E+01
 0.65002000E-09  0.37801829E-02  0.00000000E+00  0.94684100E-01  0.00000000E+00  0.00000000E+00  0.18739048E+09  0.00000000E+00  0.00000000E+00  0.00000000E+00  0.00000000E+00  0.00000000E+00  0.10000000E-01  0.10000000E+01
 0.66002000E-09  0.37801829E-02  0.00000000E+00  0.96558005E-01  0.00000000E+00  0.00000000E+00  0.18739048E+09  0.00000000E+00  0.00000000E+00  0.00000000E+00  0.00000000E+00  0.00000000E+00  0.10000000E-01  0.10000000E+01
 0.67002000E-09  0.37801829E-02  0.00000000E+00  0.98431909E-01  0.00000000E+00  0.00000000E+00  0.18739048E+09  0.00000000E+00  0.00000000E+00  0.00000000E+00  0.00000000E+00  0.00000000E+00  0.10000000E-01  0.10000000E+01
 0.68002000E-09  0.37801829E-02  0.00000000E+00  0.10030581E+00  0.00000000E+00  0.00000000E+00  0.18739048E+09  0.00000000E+00  0.00000000E+00  0.00000000E+00  0.00000000E+00  0.00000000E+00  0.10000000E-01  0.10000000E+01
 0.69002000E-09  0.37801829E-02  0.00000000E+00  0.10217972E+00  0.00000000E+00  0.00000000E+00  0.18739048E+09  0.00000000E+00  0.00000000E+00  0.00000000E+00  0.00000000E+00  0.00000000E+00  0.10000000E-01  0.10000000E+01
 0.70002000E-09  0.37801829E-02  0.00000000E+00  0.10405362E+00  0.00000000E+00  0.00000000E+00  0.18739048E+09  0.00000000E+00  0.00000000E+00  0.00000000E+00  0.00000000E+00  0.00000000E+00  0.10000000E-01  0.10000000E+01
 0.71002000E-09  0.37801829E-02  0.00000000E+00  0.10592753E+00  0.00000000E+00  0.00000000E+00  0.18739048E+09  0.00000000E+00  0.00000000E+00  0.00000000E+00  0.00000000E+00  0.00000000E+00  0.10000000E-01  0.10000000E+01
 0.72002000E-09  0.37801829E-02  0.00000000E+00  0.10780143E+00  0.00000000E+00  0.00000000E+00  0.18739048E+09  0.00000000E+00  0.00000000E+00  0.00000000E+00  0.00000000E+00  0.00000000E+00  0.10000000E-01  0.10000000E+01
 0.73002000E-09  0.37801829E-02  0.00000000E+00  0.10967534E+00  0.00000000E+00  0.00000000E+00  0.18739048E+09  0.00000000E+00  0.00000000E+00  0.00000000E+00  0.00000000E+00  0.00000000E+00  0.10000000E-01  0.10000000E+01
 0.74002000E-09  0.37801829E-02  0.00000000E+00  0.11154924E+00  0.00000000E+00  0.00000000E+00  0.18739048E+09  0.00000000E+00  0.00000000E+00  0.00000000E+00  0.00000000E+00  0.00000000E+00  0.10000000E-01  0.10000000E+01
 0.75002000E-09  0.37801829E-02  0.00000000E+00  0.11342315E+00  0.00000000E+00  0.00000000E+00  0.18739048E+09  0.00000000E+00  0.00000000E+00  0.00000000E+00  0.00000000E+00  0.00000000E+00  0.10000000E-01  0.10000000E+01
 0.76002000E-09  0.37801829E-02  0.00000000E+00  0.11529705E+00  0.00000000E+00  0.00000000E+00  0.18739048E+09  0.00000000E+00  0.00000000E+00  0.00000000E+00  0.00000000E+00  0.00000000E+00  0.10000000E-01  0.10000000E+01
 0.77002000E-09  0.37801829E-02  0.00000000E+00  0.11717096E+00  0.00000000E+00  0.00000000E+00  0.18739048E+09  0.00000000E+00  0.00000000E+00  0.00000000E+00  0.00000000E+00  0.00000000E+00  0.10000000E-01  0.10000000E+01
 0.78002000E-09  0.37801829E-02  0.00000000E+00  0.11904486E+00  0.00000000E+00  0.00000000E+00  0.18739048E+09  0.00000000E+00  0.00000000E+00  0.00000000E+00  0.00000000E+00  0.00000000E+00  0.10000000E-01  0.10000000E+01
 0.79002000E-09  0.37801829E-02  0.00000000E+00  0.12091877E+00  0.00000000E+00  0.00000000E+00  0.18739048E+09  0.00000000E+00  0.00000000E+00  0.00000000E+00  0.00000000E+00  0.00000000E+00  0.10000000E-01  0.10000000E+01
 0.80002000E-09  0.37801829E-02  0.00000000E+00  0.12279267E+00  0.00000000E+00  0.00000000E+00  0.18739048E+09  0.00000000E+00  0.00000000E+00  0.00000000E+00  0.00000000E+00  0.00000000E+00  0.10000000E-01  0.10000000E+01
 0.81002000E-09  0.37801829E-02  0.00000000E+00  0.12466658E+00  0.00000000E+00  0.00000000E+00  0.18739048E+09  0.00000000E+00  0.00000000E+00  0.00000000E+00  0.00000000E+00  0.00000000E+00  0.10000000E-01  0.10000000E+01
 0.82002000E-09  0.37801829E-02  0.00000000E+00  0.12654048E+00  0.00000000E+00  0.00000000E+00  0.18739048E+09  0.00000000E+00  0.00000000E+00  0.00000000E+00  0.00000000E+00  0.00000000E+00  0.10000000E-01  0.10000000E+01
 0.83002000E-09  0.37801829E-02  0.00000000E+00  0.12841439E+00  0.00000000E+00  0.00000000E+00  0.18739048E+09  0.00000000E+00  0.00000000E+00  0.00000000E+00  0.00000000E+00  0.00000000E+00  0.10000000E-01  0.10000000E+01
 0.84002000E-09  0.37801829E-02  0.00000000E+00  0.13028829E+00  0.00000000E+00  0.00000000E+00  0.18739048E+09  0.00000000E+00  0.00000000E+00  0.00000000E+00  0.00000000E+00  0.00000000E+00  0.10000000E-01  0.10000000E+01
 0.85002000E-09  0.37801829E-02  0.00000000E+00  0.13216220E+00  0.00000000E+00  0.00000000E+00  0.18739048E+09  0.00000000E+00  0.00000000E+00  0.00000000E+00  0.00000000E+00  0.00000000E+00  0.10000000E-01  0.10000000E+01
 0.86002000E-09  0.37801829E-02  0.00000000E+00  0.13403610E+00  0.00000000E+00  0.00000000E+00  0.18739048E+09  0.00000000E+00  0.00000000E+00  0.00000000E+00  0.00000000E+00  0.00000000E+00  0.10000000E-01  0.10000000E+01
 0.87002000E-09  0.37801829E-02  0.00000000E+00  0.13591001E+00  0.00000000E+00  0.00000000E+00  0.18739048E+09  0.00000000E+00  0.00000000E+00  0.00000000E+00  0.00000000E+00  0.00000000E+00  0.10000000E-01  0.10000000E+01
 0.88002000E-09  0.37801829E-02  0.00000000E+00  0.13778391E+00  0.00000000E+00  0.00000000E+00  0.18739048E+09  0.00000000E+00  0.00000000E+00  0.00000000E+00  0.00000000E+00  0.00000000E+00  0.10000000E-01  0.10000000E+01
 0.89002000E-09  0.37801829E-02  0.00000000E+00  0.13965782E+00  0.00000000E+00  0.00000000E+00  0.18739048E+09  0.00000000E+00  0.00000000E+00  0.00000000E+00  0.00000000E+00  0.00000000E+00  0.10000000E-01  0.10000000E+01
 0.90002000E-09  0.37801829E-02  0.00000000E+00  0.14153172E+00  0.00000000E+00  0.00000000E+00  0.18739048E+09  0.00000000E+00  0.00000000E+00  0.00000000E+00  0.00000000E+00  0.00000000E+00  0.10000000E-01  0.10000000E+01
 0.91002000E-09  0.37801829E-02  0.00000000E+00  0.14340563E+00  0.00000000E+00  0.00000000E+00  0.18739048E+09  0.00000000E+00  0.00000000E+00  0.00000000E+00  0.00000000E+00  0.00000000E+00  0.10000000E-01  0.10000000E+01
 0.92002000E-09  0.37801829E-02  0.00000000E+00  0.14527953E+00  0.00000000E+00  0.00000000E+00  0.18739048E+09  0.00000000E+00  0.00000000E+00  0.00000000E+00  0.00000000E+00  0.00000000E+00  0.10000000E-01  0.10000000E+01
 0.93002000E-09  0.37801829E-02  0.00000000E+00  0.14715343E+00  0.00000000E+00  0.00000000E+00  0.18739048E+09  0.00000000E+00  0.00000000E+00  0.00000000E+00  0.00000000E+00  0.00000000E+00  0.10000000E-01  0.10000000E+01
 0.94002000E-09  0.37801829E-02  0.00000000E+00  0.14902734E+00  0.00000000E+00  0.00000000E+00  0.18739048E+09  0.00000000E+00  0.00000000E+00  0.00000000E+00  0.00000000E+00  0.00000000E+00  0.10000000E-01  0.10000000E+01
 0.95002000E-09  0.37801829E-02  0.00000000E+00  0.15090124E+00  0.00000000E+00  0.00000000E+00  0.18739048E+09  0.00000000E+00  0.00000000E+00  0.00000000E+00  0.00000000E+00  0.00000000E+00  0.10000000E-01  0.10000000E+01
 0.96002000E-09  0.37801829E-02  0.00000000E+00  0.15277515E+00  0.00000000E+00  0.00000000E+00  0.18739048E+09  0.00000000E+00  0.00000000E+00  0.00000000E+00  0.00000000E+00  0.00000000E+00  0.10000000E-01  0.10000000E+01
 0.97002000E-09  0.37801829E-02  0.00000000E+00  0.15464905E+00  0.00000000E+00  0.00000000E+00  0.18739048E+09  0.00000000E+00  0.00000000E+00  0.00000000E+00  0.00000000E+00  0.00000000E+00  0.10000000E-01  0.10000000E+01
 0.98002000E-09  0.37801829E-02  0.00000000E+00  0.15652296E+00  0.00000000E+00  0.00000000E+00  0.18739048E+09  0.00000000E+00  0.00000000E+00  0.00000000E+00  0.00000000E+00  0.00000000E+00  0.10000000E-01  0.10000000E+01
 0.99002000E-09  0.37801829E-02  0.00000000E+00  0.15839686E+00  0.00000000E+00  0.00000000E+00  0.18739048E+09  0.00000000E+00  0.00000000E+00  0.00000000E+00  0.00000000E+00  0.00000000E+00  0.10000000E-01  0.10000000E+01
 0.10000200E-08  0.37801829E-02  0.00000000E+00  0.16027077E+00  0.00000000E+00  0.00000000E+00  0.18739048E+09  0.00000000E+00  0.00000000E+00  0.00000000E+00  0.00000000E+00  0.00000000E+00  0.10000000E-01  0.10000000E+01
 0.10100200E-08  0.37801829E-02  0.00000000E+00  0.16214467E+00  0.00000000E+00  0.00000000E+00  0.18739048E+09  0.00000000E+00  0.00000000E+00  0.00000000E+00  0.00000000E+00  0.00000000E+00  0.10000000E-01  0.10000000E+01
 0.10200200E-08  0.37801829E-02  0.00000000E+00  0.16401858E+00  0.00000000E+00  0.00000000E+00  0.18739048E+09  0.00000000E+00  0.00000000E+00  0.00000000E+00  0.00000000E+00  0.00000000E+00  0.10000000E-01  0.10000000E+01
 0.10300200E-08  0.37801829E-02  0.00000000E+00  0.16589248E+00  0.00000000E+00  0.00000000E+00  0.18739048E+09  0.00000000E+00  0.00000000E+00  0.00000000E+00  0.00000000E+00  0.00000000E+00  0.10000000E-01  0.10000000E+01
 0.10400200E-08  0.37801829E-02  0.00000000E+00  0.16776639E+00  0.00000000E+00  0.00000000E+00  0.18739048E+09  0.00000000E+00  0.00000000E+00  0.00000000E+00  0.00000000E+00  0.00000000E+00  0.10000000E-01  0.10000000E+01
 0.10500200E-08  0.37801829E-02  0.00000000E+00  0.16964029E+00  0.00000000E+00  0.00000000E+00  0.18739048E+09  0.00000000E+00  0.00000000E+00  0.00000000E+00  0.00000000E+00  0.00000000E+00  0.10000000E-01  0.10000000E+01
 0.10600200E-08  0.37801829E-02  0.00000000E+00  0.17151420E+00  0.00000000E+00  0.00000000E+00  0.18739048E+09  0.00000000E+00  0.00000000E+00  0.00000000E+00  0.00000000E+00  0.00000000E+00  0.10000000E-01  0.10000000E+01
 0.10700200E-08  0.37801829E-02  0.00000000E+00  0.17338810E+00  0.00000000E+00  0.00000000E+00  0.18739048E+09  0.00000000E+00  0.00000000E+00  0.00000000E+00  0.00000000E+00  0.00000000E+00  0.10000000E-01  0.10000000E+01
 0.10800200E-08  0.37801829E-02  0.00000000E+00  0.17526201E+00  0.00000000E+00  0.00000000E+00  0.18739048E+09  0.00000000E+00  0.00000000E+00  0.00000000E+00  0.00000000E+00  0.00000000E+00  0.10000000E-01  0.10000000E+01
 0.10900200E-08  0.37801829E-02  0.00000000E+00  0.17713591E+00  0.00000000E+00  0.00000000E+00  0.18739048E+09  0.00000000E+00  0.00000000E+00  0.00000000E+00  0.00000000E+00  0.00000000E+00  0.10000000E-01  0.10000000E+01
 0.11000200E-08  0.37801829E-02  0.00000000E+00  0.17900982E+00  0.00000000E+00  0.00000000E+00  0.18739048E+09  0.00000000E+00  0.00000000E+00  0.00000000E+00  0.00000000E+00  0.00000000E+00  0.10000000E-01  0.10000000E+01
 0.11100200E-08  0.37801829E-02  0.00000000E+00  0.18088372E+00  0.00000000E+00  0.00000000E+00  0.18739048E+09  0.00000000E+00  0.00000000E+00  0.00000000E+00  0.00000000E+00  0.00000000E+00  0.10000000E-01  0.10000000E+01
 0.11200200E-08  0.37801829E-02  0.00000000E+00  0.18275763E+00  0.00000000E+00  0.00000000E+00  0.18739048E+09  0.00000000E+00  0.00000000E+00  0.00000000E+00  0.00000000E+00  0.00000000E+00  0.10000000E-01  0.10000000E+01
 0.11300200E-08  0.37801829E-02  0.00000000E+00  0.18463153E+00  0.00000000E+00  0.00000000E+00  0.18739048E+09  0.00000000E+00  0.00000000E+00  0.00000000E+00  0.00000000E+00  0.00000000E+00  0.10000000E-01  0.10000000E+01
 0.11400200E-08  0.37801829E-02  0.00000000E+00  0.18650544E+00  0.00000000E+00  0.00000000E+00  0.18739048E+09  0.00000000E+00  0.00000000E+00  0.00000000E+00  0.00000000E+00  0.00000000E+00  0.10000000E-01  0.10000000E+01
 0.11500200E-08  0.37801829E-02  0.00000000E+00  0.18837934E+00  0.00000000E+00  0.00000000E+00  0.18739048E+09  0.00000000E+00  0.00000000E+00  0.00000000E+00  0.00000000E+00  0.00000000E+00  0.10000000E-01  0.10000000E+01
 0.11600200E-08  0.37801829E-02  0.00000000E+00  0.19025325E+00  0.00000000E+00  0.00000000E+00  0.18739048E+09  0.00000000E+00  0.00000000E+00  0.00000000E+00  0.00000000E+00  0.00000000E+00  0.10000000E-01  0.10000000E+01
 0.11700200E-08  0.37801829E-02  0.00000000E+00  0.19212715E+00  0.00000000E+00  0.00000000E+00  0.18739048E+09  0.00000000E+00  0.00000000E+00  0.00000000E+00  0.00000000E+00  0.00000000E+00  0.10000000E-01  0.10000000E+01
 0.11800200E-08  0.37801829E-02  0.00000000E+00  0.19400106E+00  0.00000000E+00  0.00000000E+00  0.18739048E+09  0.00000000E+00  0.00000000E+00  0.00000000E+00  0.00000000E+00  0.00000000E+00  0.10000000E-01  0.10000000E+01
 0.11900200E-08  0.37801829E-02  0.00000000E+00  0.19587496E+00  0.00000000E+00  0.00000000E+00  0.18739048E+09  0.00000000E+00  0.00000000E+00  0.00000000E+00  0.00000000E+00  0.00000000E+00  0.10000000E-01  0.10000000E+01
 0.12000200E-08  0.37801829E-02  0.00000000E+00  0.19774886E+00  0.00000000E+00  0.00000000E+00  0.18739048E+09  0.00000000E+00  0.00000000E+00  0.00000000E+00  0.00000000E+00  0.00000000E+00  0.10000000E-01  0.10000000E+01
 0.12100200E-08  0.37801829E-02  0.00000000E+00  0.19962277E+00  0.00000000E+00  0.00000000E+00  0.18739048E+09  0.00000000E+00  0.00000000E+00  0.00000000E+00  0.00000000E+00  0.00000000E+00  0.10000000E-01  0.10000000E+01
 0.12200200E-08  0.37801829E-02  0.00000000E+00  0.20149667E+00  0.00000000E+00  0.00000000E+00  0.18739048E+09  0.00000000E+00  0.00000000E+00  0.00000000E+00  0.00000000E+00  0.00000000E+00  0.10000000E-01  0.10000000E+01
 0.12300200E-08  0.37801829E-02  0.00000000E+00  0.20337058E+00  0.00000000E+00  0.00000000E+00  0.18739048E+09  0.00000000E+00  0.00000000E+00  0.00000000E+00  0.00000000E+00  0.00000000E+00  0.10000000E-01  0.10000000E+01
 0.12400200E-08  0.37801829E-02  0.00000000E+00  0.20524448E+00  0.00000000E+00  0.00000000E+00  0.18739048E+09  0.00000000E+00  0.00000000E+00  0.00000000E+00  0.00000000E+00  0.00000000E+00  0.10000000E-01  0.10000000E+01
 0.12500200E-08  0.37801829E-02  0.00000000E+00  0.20711839E+00  0.00000000E+00  0.00000000E+00  0.18739048E+09  0.00000000E+00  0.00000000E+00  0.00000000E+00  0.00000000E+00  0.00000000E+00  0.10000000E-01  0.10000000E+01
 0.12600200E-08  0.37801829E-02  0.00000000E+00  0.20899229E+00  0.00000000E+00  0.00000000E+00  0.18739048E+09  0.00000000E+00  0.00000000E+00  0.00000000E+00  0.00000000E+00  0.00000000E+00  0.10000000E-01  0.10000000E+01
 0.12700200E-08  0.37801829E-02  0.00000000E+00  0.21086620E+00  0.00000000E+00  0.00000000E+00  0.18739048E+09  0.00000000E+00  0.00000000E+00  0.00000000E+00  0.00000000E+00  0.00000000E+00  0.10000000E-01  0.10000000E+01
 0.12800200E-08  0.37801829E-02  0.00000000E+00  0.21274010E+00  0.00000000E+00  0.00000000E+00  0.18739048E+09  0.00000000E+00  0.00000000E+00  0.00000000E+00  0.00000000E+00  0.00000000E+00  0.10000000E-01  0.10000000E+01
 0.12900200E-08  0.37801829E-02  0.00000000E+00  0.21461401E+00  0.00000000E+00  0.00000000E+00  0.18739048E+09  0.00000000E+00  0.00000000E+00  0.00000000E+00  0.00000000E+00  0.00000000E+00  0.10000000E-01  0.10000000E+01
 0.13000200E-08  0.37801829E-02  0.00000000E+00  0.21648791E+00  0.00000000E+00  0.00000000E+00  0.18739048E+09  0.00000000E+00  0.00000000E+00  0.00000000E+00  0.00000000E+00  0.00000000E+00  0.10000000E-01  0.10000000E+01
 0.13100200E-08  0.37801829E-02  0.00000000E+00  0.21836182E+00  0.00000000E+00  0.00000000E+00  0.18739048E+09  0.00000000E+00  0.00000000E+00  0.00000000E+00  0.00000000E+00  0.00000000E+00  0.10000000E-01  0.10000000E+01
 0.13200200E-08  0.37801829E-02  0.00000000E+00  0.22023572E+00  0.00000000E+00  0.00000000E+00  0.18739048E+09  0.00000000E+00  0.00000000E+00  0.00000000E+00  0.00000000E+00  0.00000000E+00  0.10000000E-01  0.10000000E+01
 0.13300200E-08  0.37801829E-02  0.00000000E+00  0.22210963E+00  0.00000000E+00  0.00000000E+00  0.18739048E+09  0.00000000E+00  0.00000000E+00  0.00000000E+00  0.00000000E+00  0.00000000E+00  0.10000000E-01  0.10000000E+01
 0.13400200E-08  0.37801829E-02  0.00000000E+00  0.22398353E+00  0.00000000E+00  0.00000000E+00  0.18739048E+09  0.00000000E+00  0.00000000E+00  0.00000000E+00  0.00000000E+00  0.00000000E+00  0.10000000E-01  0.10000000E+01
 0.13500200E-08  0.37801829E-02  0.00000000E+00  0.22585744E+00  0.00000000E+00  0.00000000E+00  0.18739048E+09  0.00000000E+00  0.00000000E+00  0.00000000E+00  0.00000000E+00  0.00000000E+00  0.10000000E-01  0.10000000E+01
 0.13600200E-08  0.37801829E-02  0.00000000E+00  0.22773134E+00  0.00000000E+00  0.00000000E+00  0.18739048E+09  0.00000000E+00  0.00000000E+00  0.00000000E+00  0.00000000E+00  0.00000000E+00  0.10000000E-01  0.10000000E+01
 0.13700200E-08  0.37801829E-02  0.00000000E+00  0.22960525E+00  0.00000000E+00  0.00000000E+00  0.18739048E+09  0.00000000E+00  0.00000000E+00  0.00000000E+00  0.00000000E+00  0.00000000E+00  0.10000000E-01  0.10000000E+01
 0.13800200E-08  0.37801829E-02  0.00000000E+00  0.23147915E+00  0.00000000E+00  0.00000000E+00  0.18739048E+09  0.00000000E+00  0.00000000E+00  0.00000000E+00  0.00000000E+00  0.00000000E+00  0.10000000E-01  0.10000000E+01
 0.13900200E-08  0.37801829E-02  0.00000000E+00  0.23335306E+00  0.00000000E+00  0.00000000E+00  0.18739048E+09  0.00000000E+00  0.00000000E+00  0.00000000E+00  0.00000000E+00  0.00000000E+00  0.10000000E-01  0.10000000E+01
 0.14000200E-08  0.37801829E-02  0.00000000E+00  0.23522696E+00  0.00000000E+00  0.00000000E+00  0.18739048E+09  0.00000000E+00  0.00000000E+00  0.00000000E+00  0.00000000E+00  0.00000000E+00  0.10000000E-01  0.10000000E+01
 0.14100200E-08  0.37801829E-02  0.00000000E+00  0.23710087E+00  0.00000000E+00  0.00000000E+00  0.18739048E+09  0.00000000E+00  0.00000000E+00  0.00000000E+00  0.00000000E+00  0.00000000E+00  0.10000000E-01  0.10000000E+01
 0.14200200E-08  0.37801829E-02  0.00000000E+00  0.23897477E+00  0.00000000E+00  0.00000000E+00  0.18739048E+09  0.00000000E+00  0.00000000E+00  0.00000000E+00  0.00000000E+00  0.00000000E+00  0.10000000E-01  0.10000000E+01
 0.14300200E-08  0.37801829E-02  0.00000000E+00  0.24084868E+00  0.00000000E+00  0.00000000E+00  0.18739048E+09  0.00000000E+00  0.00000000E+00  0.00000000E+00  0.00000000E+00  0.00000000E+00  0.10000000E-01  0.10000000E+01
 0.14400200E-08  0.37801829E-02  0.00000000E+00  0.24272258E+00  0.00000000E+00  0.00000000E+00  0.18739048E+09  0.00000000E+00  0.00000000E+00  0.00000000E+00  0.00000000E+00  0.00000000E+00  0.10000000E-01  0.10000000E+01
 0.14500200E-08  0.37801829E-02  0.00000000E+00  0.24459649E+00  0.00000000E+00  0.00000000E+00  0.18739048E+09  0.00000000E+00  0.00000000E+00  0.00000000E+00  0.00000000E+00  0.00000000E+00  0.10000000E-01  0.10000000E+01
 0.14600200E-08  0.37801829E-02  0.00000000E+00  0.24647039E+00  0.00000000E+00  0.00000000E+00  0.18739048E+09  0.00000000E+00  0.00000000E+00  0.00000000E+00  0.00000000E+00  0.00000000E+00  0.10000000E-01  0.10000000E+01
 0.14700200E-08  0.37801829E-02  0.00000000E+00  0.24834429E+00  0.00000000E+00  0.00000000E+00  0.18739048E+09  0.00000000E+00  0.00000000E+00  0.00000000E+00  0.00000000E+00  0.00000000E+00  0.10000000E-01  0.10000000E+01
 0.14800200E-08  0.37801829E-02  0.00000000E+00  0.25021820E+00  0.00000000E+00  0.00000000E+00  0.18739048E+09  0.00000000E+00  0.00000000E+00  0.00000000E+00  0.00000000E+00  0.00000000E+00  0.10000000E-01  0.10000000E+01
 0.14900200E-08  0.37801829E-02  0.00000000E+00  0.25209210E+00  0.00000000E+00  0.00000000E+00  0.18739048E+09  0.00000000E+00  0.00000000E+00  0.00000000E+00  0.00000000E+00  0.00000000E+00  0.10000000E-01  0.10000000E+01
 0.15000200E-08  0.37801829E-02  0.00000000E+00  0.25396601E+00  0.00000000E+00  0.00000000E+00  0.18739048E+09  0.00000000E+00  0.00000000E+00  0.00000000E+00  0.00000000E+00  0.00000000E+00  0.10000000E-01  0.10000000E+01
 0.15100200E-08  0.37801829E-02  0.00000000E+00  0.25583991E+00  0.00000000E+00  0.00000000E+00  0.18739048E+09  0.00000000E+00  0.00000000E+00  0.00000000E+00  0.00000000E+00  0.00000000E+00  0.10000000E-01  0.10000000E+01
 0.15200200E-08  0.37801829E-02  0.00000000E+00  0.25771382E+00  0.00000000E+00  0.00000000E+00  0.18739048E+09  0.00000000E+00  0.00000000E+00  0.00000000E+00  0.00000000E+00  0.00000000E+00  0.10000000E-01  0.10000000E+01
 0.15300200E-08  0.37801829E-02  0.00000000E+00  0.25958772E+00  0.00000000E+00  0.00000000E+00  0.18739048E+09  0.00000000E+00  0.00000000E+00  0.00000000E+00  0.00000000E+00  0.00000000E+00  0.10000000E-01  0.10000000E+01
 0.15400200E-08  0.37801829E-02  0.00000000E+00  0.26146163E+00  0.00000000E+00  0.00000000E+00  0.18739048E+09  0.00000000E+00  0.00000000E+00  0.00000000E+00  0.00000000E+00  0.00000000E+00  0.10000000E-01  0.10000000E+01
 0.15500200E-08  0.37801829E-02  0.00000000E+00  0.26333553E+00  0.00000000E+00  0.00000000E+00  0.18739048E+09  0.00000000E+00  0.00000000E+00  0.00000000E+00  0.00000000E+00  0.00000000E+00  0.10000000E-01  0.10000000E+01
 0.15600200E-08  0.37801829E-02  0.00000000E+00  0.26520944E+00  0.00000000E+00  0.00000000E+00  0.18739048E+09  0.00000000E+00  0.00000000E+00  0.00000000E+00  0.00000000E+00  0.00000000E+00  0.10000000E-01  0.10000000E+01
 0.15700200E-08  0.37801829E-02  0.00000000E+00  0.26708334E+00  0.00000000E+00  0.00000000E+00  0.18739048E+09  0.00000000E+00  0.00000000E+00  0.00000000E+00  0.00000000E+00  0.00000000E+00  0.10000000E-01  0.10000000E+01
 0.15800200E-08  0.37801829E-02  0.00000000E+00  0.26895725E+00  0.00000000E+00  0.00000000E+00  0.18739048E+09  0.00000000E+00  0.00000000E+00  0.00000000E+00  0.00000000E+00  0.00000000E+00  0.10000000E-01  0.10000000E+01
 0.15900200E-08  0.37801829E-02  0.00000000E+00  0.27083115E+00  0.00000000E+00  0.00000000E+00  0.18739048E+09  0.00000000E+00  0.00000000E+00  0.00000000E+00  0.00000000E+00  0.00000000E+00  0.10000000E-01  0.10000000E+01
 0.16000200E-08  0.37801829E-02  0.00000000E+00  0.27270506E+00  0.00000000E+00  0.00000000E+00  0.18739048E+09  0.00000000E+00  0.00000000E+00  0.00000000E+00  0.00000000E+00  0.00000000E+00  0.10000000E-01  0.10000000E+01
 0.16100200E-08  0.37801829E-02  0.00000000E+00  0.27457896E+00  0.00000000E+00  0.00000000E+00  0.18739048E+09  0.00000000E+00  0.00000000E+00  0.00000000E+00  0.00000000E+00  0.00000000E+00  0.10000000E-01  0.10000000E+01
 0.16200200E-08  0.37801829E-02  0.00000000E+00  0.27645287E+00  0.00000000E+00  0.00000000E+00  0.18739048E+09  0.00000000E+00  0.00000000E+00  0.00000000E+00  0.00000000E+00  0.00000000E+00  0.10000000E-01  0.10000000E+01
 0.16300200E-08  0.37801829E-02  0.00000000E+00  0.27832677E+00  0.00000000E+00  0.00000000E+00  0.18739048E+09  0.00000000E+00  0.00000000E+00  0.00000000E+00  0.00000000E+00  0.00000000E+00  0.10000000E-01  0.10000000E+01
 0.16400200E-08  0.37801829E-02  0.00000000E+00  0.28020068E+00  0.00000000E+00  0.00000000E+00  0.18739048E+09  0.00000000E+00  0.00000000E+00  0.00000000E+00  0.00000000E+00  0.00000000E+00  0.10000000E-01  0.10000000E+01
 0.16500200E-08  0.37801829E-02  0.00000000E+00  0.28207458E+00  0.00000000E+00  0.00000000E+00  0.18739048E+09  0.00000000E+00  0.00000000E+00  0.00000000E+00  0.00000000E+00  0.00000000E+00  0.10000000E-01  0.10000000E+01
 0.16600200E-08  0.37801829E-02  0.00000000E+00  0.28394849E+00  0.00000000E+00  0.00000000E+00  0.18739048E+09  0.00000000E+00  0.00000000E+00  0.00000000E+00  0.00000000E+00  0.00000000E+00  0.10000000E-01  0.10000000E+01
 0.16700200E-08  0.37801829E-02  0.00000000E+00  0.28582239E+00  0.00000000E+00  0.00000000E+00  0.18739048E+09  0.00000000E+00  0.00000000E+00  0.00000000E+00  0.00000000E+00  0.00000000E+00  0.10000000E-01  0.10000000E+01
 0.16800200E-08  0.37801829E-02  0.00000000E+00  0.28769630E+00  0.00000000E+00  0.00000000E+00  0.18739048E+09  0.00000000E+00  0.00000000E+00  0.00000000E+00  0.00000000E+00  0.00000000E+00  0.10000000E-01  0.10000000E+01
 0.16900200E-08  0.37801829E-02  0.00000000E+00  0.28957020E+00  0.00000000E+00  0.00000000E+00  0.18739048E+09  0.00000000E+00  0.00000000E+00  0.00000000E+00  0.00000000E+00  0.00000000E+00  0.10000000E-01  0.10000000E+01
 0.17000200E-08  0.37801829E-02  0.00000000E+00  0.29144411E+00  0.00000000E+00  0.00000000E+00  0.18739048E+09  0.00000000E+00  0.00000000E+00  0.00000000E+00  0.00000000E+00  0.00000000E+00  0.10000000E-01  0.10000000E+01
 0.17100200E-08  0.37801829E-02  0.00000000E+00  0.29331801E+00  0.00000000E+00  0.00000000E+00  0.18739048E+09  0.00000000E+00  0.00000000E+00  0.00000000E+00  0.00000000E+00  0.00000000E+00  0.10000000E-01  0.10000000E+01
 0.17200200E-08  0.37801829E-02  0.00000000E+00  0.29519192E+00  0.00000000E+00  0.00000000E+00  0.18739048E+09  0.00000000E+00  0.00000000E+00  0.00000000E+00  0.00000000E+00  0.00000000E+00  0.10000000E-01  0.10000000E+01
 0.17300200E-08  0.37801829E-02  0.00000000E+00  0.29706582E+00  0.00000000E+00  0.00000000E+00  0.18739048E+09  0.00000000E+00  0.00000000E+00  0.00000000E+00  0.00000000E+00  0.00000000E+00  0.10000000E-01  0.10000000E+01
 0.17400200E-08  0.37801829E-02  0.00000000E+00  0.29893973E+00  0.00000000E+00  0.00000000E+00  0.18739048E+09  0.00000000E+00  0.00000000E+00  0.00000000E+00  0.00000000E+00  0.00000000E+00  0.10000000E-01  0.10000000E+01
 0.17500200E-08  0.37801829E-02  0.00000000E+00  0.30081363E+00  0.00000000E+00  0.00000000E+00  0.18739048E+09  0.00000000E+00  0.00000000E+00  0.00000000E+00  0.00000000E+00  0.00000000E+00  0.10000000E-01  0.10000000E+01
 0.17600200E-08  0.37801829E-02  0.00000000E+00  0.30268753E+00  0.00000000E+00  0.00000000E+00  0.18739048E+09  0.00000000E+00  0.00000000E+00  0.00000000E+00  0.00000000E+00  0.00000000E+00  0.10000000E-01  0.10000000E+01
 0.17700200E-08  0.37801829E-02  0.00000000E+00  0.30456144E+00  0.00000000E+00  0.00000000E+00  0.18739048E+09  0.00000000E+00  0.00000000E+00  0.00000000E+00  0.00000000E+00  0.00000000E+00  0.10000000E-01  0.10000000E+01
 0.17800200E-08  0.37801829E-02  0.00000000E+00  0.30643534E+00  0.00000000E+00  0.00000000E+00  0.18739048E+09  0.00000000E+00  0.00000000E+00  0.00000000E+00  0.00000000E+00  0.00000000E+00  0.10000000E-01  0.10000000E+01
 0.17900200E-08  0.37801829E-02  0.00000000E+00  0.30830925E+00  0.00000000E+00  0.00000000E+00  0.18739048E+09  0.00000000E+00  0.00000000E+00  0.00000000E+00  0.00000000E+00  0.00000000E+00  0.10000000E-01  0.10000000E+01
 0.18000200E-08  0.37801829E-02  0.00000000E+00  0.31018315E+00  0.00000000E+00  0.00000000E+00  0.18739048E+09  0.00000000E+00  0.00000000E+00  0.00000000E+00  0.00000000E+00  0.00000000E+00  0.10000000E-01  0.10000000E+01
 0.18100200E-08  0.37801829E-02  0.00000000E+00  0.31205706E+00  0.00000000E+00  0.00000000E+00  0.18739048E+09  0.00000000E+00  0.00000000E+00  0.00000000E+00  0.00000000E+00  0.00000000E+00  0.10000000E-01  0.10000000E+01
 0.18200200E-08  0.37801829E-02  0.00000000E+00  0.31393096E+00  0.00000000E+00  0.00000000E+00  0.18739048E+09  0.00000000E+00  0.00000000E+00  0.00000000E+00  0.00000000E+00  0.00000000E+00  0.10000000E-01  0.10000000E+01
 0.18300200E-08  0.37801829E-02  0.00000000E+00  0.31580487E+00  0.00000000E+00  0.00000000E+00  0.18739048E+09  0.00000000E+00  0.00000000E+00  0.00000000E+00  0.00000000E+00  0.00000000E+00  0.10000000E-01  0.10000000E+01
 0.18400200E-08  0.37801829E-02  0.00000000E+00  0.31767877E+00  0.00000000E+00  0.00000000E+00  0.18739048E+09  0.00000000E+00  0.00000000E+00  0.00000000E+00  0.00000000E+00  0.00000000E+00  0.10000000E-01  0.10000000E+01
 0.18500200E-08  0.37801829E-02  0.00000000E+00  0.31955268E+00  0.00000000E+00  0.00000000E+00  0.18739048E+09  0.00000000E+00  0.00000000E+00  0.00000000E+00  0.00000000E+00  0.00000000E+00  0.10000000E-01  0.10000000E+01
 0.18600200E-08  0.37801829E-02  0.00000000E+00  0.32142658E+00  0.00000000E+00  0.00000000E+00  0.18739048E+09  0.00000000E+00  0.00000000E+00  0.00000000E+00  0.00000000E+00  0.00000000E+00  0.10000000E-01  0.10000000E+01
 0.18700200E-08  0.37801829E-02  0.00000000E+00  0.32330049E+00  0.00000000E+00  0.00000000E+00  0.18739048E+09  0.00000000E+00  0.00000000E+00  0.00000000E+00  0.00000000E+00  0.00000000E+00  0.10000000E-01  0.10000000E+01
 0.18800200E-08  0.37801829E-02  0.00000000E+00  0.32517439E+00  0.00000000E+00  0.00000000E+00  0.18739048E+09  0.00000000E+00  0.00000000E+00  0.00000000E+00  0.00000000E+00  0.00000000E+00  0.10000000E-01  0.10000000E+01
 0.18900200E-08  0.37801829E-02  0.00000000E+00  0.32704830E+00  0.00000000E+00  0.00000000E+00  0.18739048E+09  0.00000000E+00  0.00000000E+00  0.00000000E+00  0.00000000E+00  0.00000000E+00  0.10000000E-01  0.10000000E+01
 0.19000200E-08  0.37801829E-02  0.00000000E+00  0.32892220E+00  0.00000000E+00  0.00000000E+00  0.18739048E+09  0.00000000E+00  0.00000000E+00  0.00000000E+00  0.00000000E+00  0.00000000E+00  0.10000000E-01  0.10000000E+01
 0.19100200E-08  0.37801829E-02  0.00000000E+00  0.33079611E+00  0.00000000E+00  0.00000000E+00  0.18739048E+09  0.00000000E+00  0.00000000E+00  0.00000000E+00  0.00000000E+00  0.00000000E+00  0.10000000E-01  0.10000000E+01
 0.19200200E-08  0.37801829E-02  0.00000000E+00  0.33267001E+00  0.00000000E+00  0.00000000E+00  0.18739048E+09  0.00000000E+00  0.00000000E+00  0.00000000E+00  0.00000000E+00  0.00000000E+00  0.10000000E-01  0.10000000E+01
 0.19300200E-08  0.37801829E-02  0.00000000E+00  0.33454392E+00  0.00000000E+00  0.00000000E+00  0.18739048E+09  0.00000000E+00  0.00000000E+00  0.00000000E+00  0.00000000E+00  0.00000000E+00  0.10000000E-01  0.10000000E+01
 0.19400200E-08  0.37801829E-02  0.00000000E+00  0.33641782E+00  0.00000000E+00  0.00000000E+00  0.18739048E+09  0.00000000E+00  0.00000000E+00  0.00000000E+00  0.00000000E+00  0.00000000E+00  0.10000000E-01  0.10000000E+01
 0.19500200E-08  0.37801829E-02  0.00000000E+00  0.33829173E+00  0.00000000E+00  0.00000000E+00  0.18739048E+09  0.00000000E+00  0.00000000E+00  0.00000000E+00  0.00000000E+00  0.00000000E+00  0.10000000E-01  0.10000000E+01
 0.19600200E-08  0.37801829E-02  0.00000000E+00  0.34016563E+00  0.00000000E+00  0.00000000E+00  0.18739048E+09  0.00000000E+00  0.00000000E+00  0.00000000E+00  0.00000000E+00  0.00000000E+00  0.10000000E-01  0.10000000E+01
 0.19700200E-08  0.37801829E-02  0.00000000E+00  0.34203954E+00  0.00000000E+00  0.00000000E+00  0.18739048E+09  0.00000000E+00  0.00000000E+00  0.00000000E+00  0.00000000E+00  0.00000000E+00  0.10000000E-01  0.10000000E+01
 0.19800200E-08  0.37801829E-02  0.00000000E+00  0.34391344E+00  0.00000000E+00  0.00000000E+00  0.18739048E+09  0.00000000E+00  0.00000000E+00  0.00000000E+00  0.00000000E+00  0.00000000E+00  0.10000000E-01  0.10000000E+01
 0.19900200E-08  0.37801829E-02  0.00000000E+00  0.34578735E+00  0.00000000E+00  0.00000000E+00  0.18739048E+09  0.00000000E+00  0.00000000E+00  0.00000000E+00  0.00000000E+00  0.00000000E+00  0.10000000E-01  0.10000000E+01
