# ptime xp yp zp vx vy vz ex ey ez bx by bz wt
 0.20000000E-13  0.92528424E-02  0.00000000E+00 -0.24191030E-01  0.00000000E+00  0.00000000E+00  0.17925510E+09  0.00000000E+00  0.00000000E+00  0.00000000E+00  0.00000000E+00  0.00000000E+00  0.10000000E-01  0.10000000E+01
 0.10000000E-10  0.92528424E-02  0.00000000E+00 -0.22402064E-01  0.00000000E+00  0.00000000E+00  0.17925510E+09  0.00000000E+00  0.00000000E+00  0.00000000E+00  0.00000000E+00  0.00000000E+00  0.10000000E-01  0.10000000E+01
 0.20000000E-10  0.92528424E-02  0.00000000E+00 -0.20609513E-01  0.00000000E+00  0.00000000E+00  0.17925510E+09  0.00000000E+00  0.00000000E+00  0.00000000E+00  0.00000000E+00  0.00000000E+00  0.10000000E-01  0.10000000E+01
 0.30000000E-10  0.92528424E-02  0.00000000E+00 -0.18816962E-01  0.00000000E+00  0.00000000E+00  0.17925510E+09  0.00000000E+00  0.00000000E+00  0.00000000E+00  0.00000000E+00  0.00000000E+00  0.10000000E-01  0.10000000E+01
 0.40020000E-10  0.92528424E-02  0.00000000E+00 -0.17020826E-01  0.00000000E+00  0.00000000E+00  0.17925510E+09  0.00000000E+00  0.00000000E+00  0.00000000E+00  0.00000000E+00  0.00000000E+00  0.10000000E-01  0.10000000E+01
 0.50020000E-10  0.92528424E-02  0.00000000E+00 -0.15228275E-01  0.00000000E+00  0.00000000E+00  0.17925510E+09  0.00000000E+00  0.00000000E+00  0.00000000E+00  0.00000000E+00  0.00000000E+00  0.10000000E-01  0.10000000E+01
 0.60020000E-10  0.92528424E-02  0.00000000E+00 -0.13435724E-01  0.00000000E+00  0.00000000E+00  0.17925510E+09  0.00000000E+00  0.00000000E+00  0.00000000E+00  0.00000000E+00  0.00000000E+00  0.10000000E-01  0.10000000E+01
 0.70020000E-10  0.92528424E-02  0.00000000E+00 -0.11643174E-01  0.00000000E+00  0.00000000E+00  0.17925510E+09  0.00000000E+00  0.00000000E+00  0.00000000E+00  0.00000000E+00  0.00000000E+00  0.10000000E-01  0.10000000E+01
 0.80000000E-10  0.92528424E-02  0.00000000E+00 -0.98542077E-02  0.00000000E+00  0.00000000E+00  0.17925510E+09  0.00000000E+00  0.00000000E+00  0.00000000E+00  0.00000000E+00  0.00000000E+00  0.10000000E-01  0.10000000E+01
 0.90000000E-10  0.92528424E-02  0.00000000E+00 -0.80616568E-02  0.00000000E+00  0.00000000E+00  0.17925510E+09  0.00000000E+00  0.00000000E+00  0.00000000E+00  0.00000000E+00  0.00000000E+00  0.10000000E-01  0.10000000E+01
 0.10000000E-09  0.92528424E-02  0.00000000E+00 -0.62691058E-02  0.00000000E+00  0.00000000E+00  0.17925510E+09  0.00000000E+00  0.00000000E+00  0.00000000E+00  0.00000000E+00  0.00000000E+00  0.10000000E-01  0.10000000E+01
 0.11000000E-09  0.92528424E-02  0.00000000E+00 -0.44765549E-02  0.00000000E+00  0.00000000E+00  0.17925510E+09  0.00000000E+00  0.00000000E+00  0.00000000E+00  0.00000000E+00  0.00000000E+00  0.10000000E-01  0.10000000E+01
 0.12000000E-09  0.92528424E-02  0.00000000E+00 -0.26840039E-02  0.00000000E+00  0.00000000E+00  0.17925510E+09  0.00000000E+00  0.00000000E+00  0.00000000E+00  0.00000000E+00  0.00000000E+00  0.10000000E-01  0.10000000E+01
 0.13000000E-09  0.92528424E-02  0.00000000E+00 -0.89145295E-03  0.00000000E+00  0.00000000E+00  0.17925510E+09  0.00000000E+00  0.00000000E+00  0.00000000E+00  0.00000000E+00  0.00000000E+00  0.10000000E-01  0.10000000E+01
 0.14002000E-09  0.92528424E-02  0.00000000E+00  0.90468310E-03  0.00000000E+00  0.00000000E+00  0.17925510E+09  0.00000000E+00  0.00000000E+00  0.00000000E+00  0.00000000E+00  0.00000000E+00  0.10000000E-01  0.10000000E+01
 0.15002000E-09  0.92528424E-02  0.00000000E+00  0.26972341E-02  0.00000000E+00  0.00000000E+00  0.17925510E+09  0.00000000E+00  0.00000000E+00  0.00000000E+00  0.00000000E+00  0.00000000E+00  0.10000000E-01  0.10000000E+01
 0.16002000E-09  0.92528424E-02  0.00000000E+00  0.44897850E-02  0.00000000E+00  0.00000000E+00  0.17925510E+09  0.00000000E+00  0.00000000E+00  0.00000000E+00  0.00000000E+00  0.00000000E+00  0.10000000E-01  0.10000000E+01
 0.17002000E-09  0.92528424E-02  0.00000000E+00  0.62823360E-02  0.00000000E+00  0.00000000E+00  0.17925510E+09  0.00000000E+00  0.00000000E+00  0.00000000E+00  0.00000000E+00  0.00000000E+00  0.10000000E-01  0.10000000E+01
 0.18002000E-09  0.92528424E-02  0.00000000E+00  0.80748869E-02  0.00000000E+00  0.00000000E+00  0.17925510E+09  0.00000000E+00  0.00000000E+00  0.00000000E+00  0.00000000E+00  0.00000000E+00  0.10000000E-01  0.10000000E+01
 0.19002000E-09  0.92528424E-02  0.00000000E+00  0.98674379E-02  0.00000000E+00  0.00000000E+00  0.17925510E+09  0.00000000E+00  0.00000000E+00  0.00000000E+00  0.00000000E+00  0.00000000E+00  0.10000000E-01  0.10000000E+01
 0.20002000E-09  0.92528424E-02  0.00000000E+00  0.11659989E-01  0.00000000E+00  0.00000000E+00  0.17925510E+09  0.00000000E+00  0.00000000E+00  0.00000000E+00  0.00000000E+00  0.00000000E+00  0.10000000E-01  0.10000000E+01
 0.21002000E-09  0.92528424E-02  0.00000000E+00  0.13452540E-01  0.00000000E+00  0.00000000E+00  0.17925510E+09  0.00000000E+00  0.00000000E+00  0.00000000E+00  0.00000000E+00  0.00000000E+00  0.10000000E-01  0.10000000E+01
 0.22002000E-09  0.92528424E-02  0.00000000E+00  0.15245091E-01  0.00000000E+00  0.00000000E+00  0.17925510E+09  0.00000000E+00  0.00000000E+00  0.00000000E+00  0.00000000E+00  0.00000000E+00  0.10000000E-01  0.10000000E+01
 0.23002000E-09  0.92528424E-02  0.00000000E+00  0.17037642E-01  0.00000000E+00  0.00000000E+00  0.17925510E+09  0.00000000E+00  0.00000000E+00  0.00000000E+00  0.00000000E+00  0.00000000E+00  0.10000000E-01  0.10000000E+01
 0.24002000E-09  0.92528424E-02  0.00000000E+00  0.18830193E-01  0.00000000E+00  0.00000000E+00  0.17925510E+09  0.00000000E+00  0.00000000E+00  0.00000000E+00  0.00000000E+00  0.00000000E+00  0.10000000E-01  0.10000000E+01
 0.25002000E-09  0.92528424E-02  0.00000000E+00  0.20622744E-01  0.00000000E+00  0.00000000E+00  0.17925510E+09  0.00000000E+00  0.00000000E+00  0.00000000E+00  0.00000000E+00  0.00000000E+00  0.10000000E-01  0.10000000E+01
 0.26002000E-09  0.92528424E-02  0.00000000E+00  0.22415295E-01  0.00000000E+00  0.00000000E+00  0.17925510E+09  0.00000000E+00  0.00000000E+00  0.00000000E+00  0.00000000E+00  0.00000000E+00  0.10000000E-01  0.10000000E+01
 0.27002000E-09  0.92528424E-02  0.00000000E+00  0.24207845E-01  0.00000000E+00  0.00000000E+00  0.17925510E+09  0.00000000E+00  0.00000000E+00  0.00000000E+00  0.00000000E+00  0.00000000E+00  0.10000000E-01  0.10000000E+01
 0.28002000E-09  0.92528424E-02  0.00000000E+00  0.26000396E-01  0.00000000E+00  0.00000000E+00  0.17925510E+09  0.00000000E+00  0.00000000E+00  0.00000000E+00  0.00000000E+00  0.00000000E+00  0.10000000E-01  0.10000000E+01
 0.29002000E-09  0.92528424E-02  0.00000000E+00  0.27792947E-01  0.00000000E+00  0.00000000E+00  0.17925510E+09  0.00000000E+00  0.00000000E+00  0.00000000E+00  0.00000000E+00  0.00000000E+00  0.10000000E-01  0.10000000E+01
 0.30000000E-09  0.92528424E-02  0.00000000E+00  0.29581913E-01  0.00000000E+00  0.00000000E+00  0.17925510E+09  0.00000000E+00  0.00000000E+00  0.00000000E+00  0.00000000E+00  0.00000000E+00  0.10000000E-01  0.10000000E+01
 0.31000000E-09  0.92528424E-02  0.00000000E+00  0.31374464E-01  0.00000000E+00  0.00000000E+00  0.17925510E+09  0.00000000E+00  0.00000000E+00  0.00000000E+00  0.00000000E+00  0.00000000E+00  0.10000000E-01  0.10000000E+01
 0.32000000E-09  0.92528424E-02  0.00000000E+00  0.33167015E-01  0.00000000E+00  0.00000000E+00  0.17925510E+09  0.00000000E+00  0.00000000E+00  0.00000000E+00  0.00000000E+00  0.00000000E+00  0.10000000E-01  0.10000000E+01
 0.33000000E-09  0.92528424E-02  0.00000000E+00  0.34959566E-01  0.00000000E+00  0.00000000E+00  0.17925510E+09  0.00000000E+00  0.00000000E+00  0.00000000E+00  0.00000000E+00  0.00000000E+00  0.10000000E-01  0.10000000E+01
 0.34000000E-09  0.92528424E-02  0.00000000E+00  0.36752117E-01  0.00000000E+00  0.00000000E+00  0.17925510E+09  0.00000000E+00  0.00000000E+00  0.00000000E+00  0.00000000E+00  0.00000000E+00  0.10000000E-01  0.10000000E+01
 0.35000000E-09  0.92528424E-02  0.00000000E+00  0.38544668E-01  0.00000000E+00  0.00000000E+00  0.17925510E+09  0.00000000E+00  0.00000000E+00  0.00000000E+00  0.00000000E+00  0.00000000E+00  0.10000000E-01  0.10000000E+01
 0.36000000E-09  0.92528424E-02  0.00000000E+00  0.40337219E-01  0.00000000E+00  0.00000000E+00  0.17925510E+09  0.00000000E+00  0.00000000E+00  0.00000000E+00  0.00000000E+00  0.00000000E+00  0.10000000E-01  0.10000000E+01
 0.37000000E-09  0.92528424E-02  0.00000000E+00  0.42129770E-01  0.00000000E+00  0.00000000E+00  0.17925510E+09  0.00000000E+00  0.00000000E+00  0.00000000E+00  0.00000000E+00  0.00000000E+00  0.10000000E-01  0.10000000E+01
 0.38000000E-09  0.92528424E-02  0.00000000E+00  0.43922321E-01  0.00000000E+00  0.00000000E+00  0.17925510E+09  0.00000000E+00  0.00000000E+00  0.00000000E+00  0.00000000E+00  0.00000000E+00  0.10000000E-01  0.10000000E+01
 0.39000000E-09  0.92528424E-02  0.00000000E+00  0.45714872E-01  0.00000000E+00  0.00000000E+00  0.17925510E+09  0.00000000E+00  0.00000000E+00  0.00000000E+00  0.00000000E+00  0.00000000E+00  0.10000000E-01  0.10000000E+01
 0.40000000E-09  0.92528424E-02  0.00000000E+00  0.47507423E-01  0.00000000E+00  0.00000000E+00  0.17925510E+09  0.00000000E+00  0.00000000E+00  0.00000000E+00  0.00000000E+00  0.00000000E+00  0.10000000E-01  0.10000000E+01
 0.41000000E-09  0.92528424E-02  0.00000000E+00  0.49299974E-01  0.00000000E+00  0.00000000E+00  0.17925510E+09  0.00000000E+00  0.00000000E+00  0.00000000E+00  0.00000000E+00  0.00000000E+00  0.10000000E-01  0.10000000E+01
 0.42000000E-09  0.92528424E-02  0.00000000E+00  0.51092525E-01  0.00000000E+00  0.00000000E+00  0.17925510E+09  0.00000000E+00  0.00000000E+00  0.00000000E+00  0.00000000E+00  0.00000000E+00  0.10000000E-01  0.10000000E+01
 0.43000000E-09  0.92528424E-02  0.00000000E+00  0.52885076E-01  0.00000000E+00  0.00000000E+00  0.17925510E+09  0.00000000E+00  0.00000000E+00  0.00000000E+00  0.00000000E+00  0.00000000E+00  0.10000000E-01  0.10000000E+01
 0.44000000E-09  0.92528424E-02  0.00000000E+00  0.54677627E-01  0.00000000E+00  0.00000000E+00  0.17925510E+09  0.00000000E+00  0.00000000E+00  0.00000000E+00  0.00000000E+00  0.00000000E+00  0.10000000E-01  0.10000000E+01
 0.45000000E-09  0.92528424E-02  0.00000000E+00  0.56470177E-01  0.00000000E+00  0.00000000E+00  0.17925510E+09  0.00000000E+00  0.00000000E+00  0.00000000E+00  0.00000000E+00  0.00000000E+00  0.10000000E-01  0.10000000E+01
 0.46000000E-09  0.92528424E-02  0.00000000E+00  0.58262728E-01  0.00000000E+00  0.00000000E+00  0.17925510E+09  0.00000000E+00  0.00000000E+00  0.00000000E+00  0.00000000E+00  0.00000000E+00  0.10000000E-01  0.10000000E+01
 0.47000000E-09  0.92528424E-02  0.00000000E+00  0.60055279E-01  0.00000000E+00  0.00000000E+00  0.17925510E+09  0.00000000E+00  0.00000000E+00  0.00000000E+00  0.00000000E+00  0.00000000E+00  0.10000000E-01  0.10000000E+01
 0.48000000E-09  0.92528424E-02  0.00000000E+00  0.61847830E-01  0.00000000E+00  0.00000000E+00  0.17925510E+09  0.00000000E+00  0.00000000E+00  0.00000000E+00  0.00000000E+00  0.00000000E+00  0.10000000E-01  0.10000000E+01
 0.49000000E-09  0.92528424E-02  0.00000000E+00  0.63640381E-01  0.00000000E+00  0.00000000E+00  0.17925510E+09  0.00000000E+00  0.00000000E+00  0.00000000E+00  0.00000000E+00  0.00000000E+00  0.10000000E-01  0.10000000E+01
 0.50000000E-09  0.92528424E-02  0.00000000E+00  0.65432932E-01  0.00000000E+00  0.00000000E+00  0.17925510E+09  0.00000000E+00  0.00000000E+00  0.00000000E+00  0.00000000E+00  0.00000000E+00  0.10000000E-01  0.10000000E+01
 0.51000000E-09  0.92528424E-02  0.00000000E+00  0.67225483E-01  0.00000000E+00  0.00000000E+00  0.17925510E+09  0.00000000E+00  0.00000000E+00  0.00000000E+00  0.00000000E+00  0.00000000E+00  0.10000000E-01  0.10000000E+01
 0.52000000E-09  0.92528424E-02  0.00000000E+00  0.69018034E-01  0.00000000E+00  0.00000000E+00  0.17925510E+09  0.00000000E+00  0.00000000E+00  0.00000000E+00  0.00000000E+00  0.00000000E+00  0.10000000E-01  0.10000000E+01
 0.53000000E-09  0.92528424E-02  0.00000000E+00  0.70810585E-01  0.00000000E+00  0.00000000E+00  0.17925510E+09  0.00000000E+00  0.00000000E+00  0.00000000E+00  0.00000000E+00  0.00000000E+00  0.10000000E-01  0.10000000E+01
 0.54000000E-09  0.92528424E-02  0.00000000E+00  0.72603136E-01  0.00000000E+00  0.00000000E+00  0.17925510E+09  0.00000000E+00  0.00000000E+00  0.00000000E+00  0.00000000E+00  0.00000000E+00  0.10000000E-01  0.10000000E+01
 0.55002000E-09  0.92528424E-02  0.00000000E+00  0.74399272E-01  0.00000000E+00  0.00000000E+00  0.17925510E+09  0.00000000E+00  0.00000000E+00  0.00000000E+00  0.00000000E+00  0.00000000E+00  0.10000000E-01  0.10000000E+01
 0.56002000E-09  0.92528424E-02  0.00000000E+00  0.76191823E-01  0.00000000E+00  0.00000000E+00  0.17925510E+09  0.00000000E+00  0.00000000E+00  0.00000000E+00  0.00000000E+00  0.00000000E+00  0.10000000E-01  0.10000000E+01
 0.57002000E-09  0.92528424E-02  0.00000000E+00  0.77984374E-01  0.00000000E+00  0.00000000E+00  0.17925510E+09  0.00000000E+00  0.00000000E+00  0.00000000E+00  0.00000000E+00  0.00000000E+00  0.10000000E-01  0.10000000E+01
 0.58002000E-09  0.92528424E-02  0.00000000E+00  0.79776925E-01  0.00000000E+00  0.00000000E+00  0.17925510E+09  0.00000000E+00  0.00000000E+00  0.00000000E+00  0.00000000E+00  0.00000000E+00  0.10000000E-01  0.10000000E+01
 0.59002000E-09  0.92528424E-02  0.00000000E+00  0.81569476E-01  0.00000000E+00  0.00000000E+00  0.17925510E+09  0.00000000E+00  0.00000000E+00  0.00000000E+00  0.00000000E+00  0.00000000E+00  0.10000000E-01  0.10000000E+01
 0.60002000E-09  0.92528424E-02  0.00000000E+00  0.83362027E-01  0.00000000E+00  0.00000000E+00  0.17925510E+09  0.00000000E+00  0.00000000E+00  0.00000000E+00  0.00000000E+00  0.00000000E+00  0.10000000E-01  0.10000000E+01
 0.61002000E-09  0.92528424E-02  0.00000000E+00  0.85154578E-01  0.00000000E+00  0.00000000E+00  0.17925510E+09  0.00000000E+00  0.00000000E+00  0.00000000E+00  0.00000000E+00  0.00000000E+00  0.10000000E-01  0.10000000E+01
 0.62002000E-09  0.92528424E-02  0.00000000E+00  0.86947129E-01  0.00000000E+00  0.00000000E+00  0.17925510E+09  0.00000000E+00  0.00000000E+00  0.00000000E+00  0.00000000E+00  0.00000000E+00  0.10000000E-01  0.10000000E+01
 0.63002000E-09  0.92528424E-02  0.00000000E+00  0.88739680E-01  0.00000000E+00  0.00000000E+00  0.17925510E+09  0.00000000E+00  0.00000000E+00  0.00000000E+00  0.00000000E+00  0.00000000E+00  0.10000000E-01  0.10000000E+01
 0.64002000E-09  0.92528424E-02  0.00000000E+00  0.90532231E-01  0.00000000E+00  0.00000000E+00  0.17925510E+09  0.00000000E+00  0.00000000E+00  0.00000000E+00  0.00000000E+00  0.00000000E+00  0.10000000E-01  0.10000000E+01
 0.65002000E-09  0.92528424E-02  0.00000000E+00  0.92324782E-01  0.00000000E+00  0.00000000E+00  0.17925510E+09  0.00000000E+00  0.00000000E+00  0.00000000E+00  0.00000000E+00  0.00000000E+00  0.10000000E-01  0.10000000E+01
 0.66002000E-09  0.92528424E-02  0.00000000E+00  0.94117333E-01  0.00000000E+00  0.00000000E+00  0.17925510E+09  0.00000000E+00  0.00000000E+00  0.00000000E+00  0.00000000E+00  0.00000000E+00  0.10000000E-01  0.10000000E+01
 0.67002000E-09  0.92528424E-02  0.00000000E+00  0.95909883E-01  0.00000000E+00  0.00000000E+00  0.17925510E+09  0.00000000E+00  0.00000000E+00  0.00000000E+00  0.00000000E+00  0.00000000E+00  0.10000000E-01  0.10000000E+01
 0.68002000E-09  0.92528424E-02  0.00000000E+00  0.97702434E-01  0.00000000E+00  0.00000000E+00  0.17925510E+09  0.00000000E+00  0.00000000E+00  0.00000000E+00  0.00000000E+00  0.00000000E+00  0.10000000E-01  0.10000000E+01
 0.69002000E-09  0.92528424E-02  0.00000000E+00  0.99494985E-01  0.00000000E+00  0.00000000E+00  0.17925510E+09  0.00000000E+00  0.00000000E+00  0.00000000E+00  0.00000000E+00  0.00000000E+00  0.10000000E-01  0.10000000E+01
 0.70002000E-09  0.92528424E-02  0.00000000E+00  0.10128754E+00  0.00000000E+00  0.00000000E+00  0.17925510E+09  0.00000000E+00  0.00000000E+00  0.00000000E+00  0.00000000E+00  0.00000000E+00  0.10000000E-01  0.10000000E+01
 0.71002000E-09  0.92528424E-02  0.00000000E+00  0.10308009E+00  0.00000000E+00  0.00000000E+00  0.17925510E+09  0.00000000E+00  0.00000000E+00  0.00000000E+00  0.00000000E+00  0.00000000E+00  0.10000000E-01  0.10000000E+01
 0.72002000E-09  0.92528424E-02  0.00000000E+00  0.10487264E+00  0.00000000E+00  0.00000000E+00  0.17925510E+09  0.00000000E+00  0.00000000E+00  0.00000000E+00  0.00000000E+00  0.00000000E+00  0.10000000E-01  0.10000000E+01
 0.73002000E-09  0.92528424E-02  0.00000000E+00  0.10666519E+00  0.00000000E+00  0.00000000E+00  0.17925510E+09  0.00000000E+00  0.00000000E+00  0.00000000E+00  0.00000000E+00  0.00000000E+00  0.10000000E-01  0.10000000E+01
 0.74002000E-09  0.92528424E-02  0.00000000E+00  0.10845774E+00  0.00000000E+00  0.00000000E+00  0.17925510E+09  0.00000000E+00  0.00000000E+00  0.00000000E+00  0.00000000E+00  0.00000000E+00  0.10000000E-01  0.10000000E+01
 0.75002000E-09  0.92528424E-02  0.00000000E+00  0.11025029E+00  0.00000000E+00  0.00000000E+00  0.17925510E+09  0.00000000E+00  0.00000000E+00  0.00000000E+00  0.00000000E+00  0.00000000E+00  0.10000000E-01  0.10000000E+01
 0.76002000E-09  0.92528424E-02  0.00000000E+00  0.11204284E+00  0.00000000E+00  0.00000000E+00  0.17925510E+09  0.00000000E+00  0.00000000E+00  0.00000000E+00  0.00000000E+00  0.00000000E+00  0.10000000E-01  0.10000000E+01
 0.77002000E-09  0.92528424E-02  0.00000000E+00  0.11383539E+00  0.00000000E+00  0.00000000E+00  0.17925510E+09  0.00000000E+00  0.00000000E+00  0.00000000E+00  0.00000000E+00  0.00000000E+00  0.10000000E-01  0.10000000E+01
 0.78002000E-09  0.92528424E-02  0.00000000E+00  0.11562794E+00  0.00000000E+00  0.00000000E+00  0.17925510E+09  0.00000000E+00  0.00000000E+00  0.00000000E+00  0.00000000E+00  0.00000000E+00  0.10000000E-01  0.10000000E+01
 0.79002000E-09  0.92528424E-02  0.00000000E+00  0.11742049E+00  0.00000000E+00  0.00000000E+00  0.17925510E+09  0.00000000E+00  0.00000000E+00  0.00000000E+00  0.00000000E+00  0.00000000E+00  0.10000000E-01  0.10000000E+01
 0.80002000E-09  0.92528424E-02  0.00000000E+00  0.11921305E+00  0.00000000E+00  0.00000000E+00  0.17925510E+09  0.00000000E+00  0.00000000E+00  0.00000000E+00  0.00000000E+00  0.00000000E+00  0.10000000E-01  0.10000000E+01
 0.81002000E-09  0.92528424E-02  0.00000000E+00  0.12100560E+00  0.00000000E+00  0.00000000E+00  0.17925510E+09  0.00000000E+00  0.00000000E+00  0.00000000E+00  0.00000000E+00  0.00000000E+00  0.10000000E-01  0.10000000E+01
 0.82002000E-09  0.92528424E-02  0.00000000E+00  0.12279815E+00  0.00000000E+00  0.00000000E+00  0.17925510E+09  0.00000000E+00  0.00000000E+00  0.00000000E+00  0.00000000E+00  0.00000000E+00  0.10000000E-01  0.10000000E+01
 0.83002000E-09  0.92528424E-02  0.00000000E+00  0.12459070E+00  0.00000000E+00  0.00000000E+00  0.17925510E+09  0.00000000E+00  0.00000000E+00  0.00000000E+00  0.00000000E+00  0.00000000E+00  0.10000000E-01  0.10000000E+01
 0.84002000E-09  0.92528424E-02  0.00000000E+00  0.12638325E+00  0.00000000E+00  0.00000000E+00  0.17925510E+09  0.00000000E+00  0.00000000E+00  0.00000000E+00  0.00000000E+00  0.00000000E+00  0.10000000E-01  0.10000000E+01
 0.85002000E-09  0.92528424E-02  0.00000000E+00  0.12817580E+00  0.00000000E+00  0.00000000E+00  0.17925510E+09  0.00000000E+00  0.00000000E+00  0.00000000E+00  0.00000000E+00  0.00000000E+00  0.10000000E-01  0.10000000E+01
 0.86002000E-09  0.92528424E-02  0.00000000E+00  0.12996835E+00  0.00000000E+00  0.00000000E+00  0.17925510E+09  0.00000000E+00  0.00000000E+00  0.00000000E+00  0.00000000E+00  0.00000000E+00  0.10000000E-01  0.10000000E+01
 0.87002000E-09  0.92528424E-02  0.00000000E+00  0.13176090E+00  0.00000000E+00  0.00000000E+00  0.17925510E+09  0.00000000E+00  0.00000000E+00  0.00000000E+00  0.00000000E+00  0.00000000E+00  0.10000000E-01  0.10000000E+01
 0.88002000E-09  0.92528424E-02  0.00000000E+00  0.13355345E+00  0.00000000E+00  0.00000000E+00  0.17925510E+09  0.00000000E+00  0.00000000E+00  0.00000000E+00  0.00000000E+00  0.00000000E+00  0.10000000E-01  0.10000000E+01
 0.89002000E-09  0.92528424E-02  0.00000000E+00  0.13534600E+00  0.00000000E+00  0.00000000E+00  0.17925510E+09  0.00000000E+00  0.00000000E+00  0.00000000E+00  0.00000000E+00  0.00000000E+00  0.10000000E-01  0.10000000E+01
 0.90002000E-09  0.92528424E-02  0.00000000E+00  0.13713856E+00  0.00000000E+00  0.00000000E+00  0.17925510E+09  0.00000000E+00  0.00000000E+00  0.00000000E+00  0.00000000E+00  0.00000000E+00  0.10000000E-01  0.10000000E+01
 0.91002000E-09  0.92528424E-02  0.00000000E+00  0.13893111E+00  0.00000000E+00  0.00000000E+00  0.17925510E+09  0.00000000E+00  0.00000000E+00  0.00000000E+00  0.00000000E+00  0.00000000E+00  0.10000000E-01  0.10000000E+01
 0.92002000E-09  0.92528424E-02  0.00000000E+00  0.14072366E+00  0.00000000E+00  0.00000000E+00  0.17925510E+09  0.00000000E+00  0.00000000E+00  0.00000000E+00  0.00000000E+00  0.00000000E+00  0.10000000E-01  0.10000000E+01
 0.93002000E-09  0.92528424E-02  0.00000000E+00  0.14251621E+00  0.00000000E+00  0.00000000E+00  0.17925510E+09  0.00000000E+00  0.00000000E+00  0.00000000E+00  0.00000000E+00  0.00000000E+00  0.10000000E-01  0.10000000E+01
 0.94002000E-09  0.92528424E-02  0.00000000E+00  0.14430876E+00  0.00000000E+00  0.00000000E+00  0.17925510E+09  0.00000000E+00  0.00000000E+00  0.00000000E+00  0.00000000E+00  0.00000000E+00  0.10000000E-01  0.10000000E+01
 0.95002000E-09  0.92528424E-02  0.00000000E+00  0.14610131E+00  0.00000000E+00  0.00000000E+00  0.17925510E+09  0.00000000E+00  0.00000000E+00  0.00000000E+00  0.00000000E+00  0.00000000E+00  0.10000000E-01  0.10000000E+01
 0.96002000E-09  0.92528424E-02  0.00000000E+00  0.14789386E+00  0.00000000E+00  0.00000000E+00  0.17925510E+09  0.00000000E+00  0.00000000E+00  0.00000000E+00  0.00000000E+00  0.00000000E+00  0.10000000E-01  0.10000000E+01
 0.97002000E-09  0.92528424E-02  0.00000000E+00  0.14968641E+00  0.00000000E+00  0.00000000E+00  0.17925510E+09  0.00000000E+00  0.00000000E+00  0.00000000E+00  0.00000000E+00  0.00000000E+00  0.10000000E-01  0.10000000E+01
 0.98002000E-09  0.92528424E-02  0.00000000E+00  0.15147896E+00  0.00000000E+00  0.00000000E+00  0.17925510E+09  0.00000000E+00  0.00000000E+00  0.00000000E+00  0.00000000E+00  0.00000000E+00  0.10000000E-01  0.10000000E+01
 0.99002000E-09  0.92528424E-02  0.00000000E+00  0.15327151E+00  0.00000000E+00  0.00000000E+00  0.17925510E+09  0.00000000E+00  0.00000000E+00  0.00000000E+00  0.00000000E+00  0.00000000E+00  0.10000000E-01  0.10000000E+01
 0.10000200E-08  0.92528424E-02  0.00000000E+00  0.15506406E+00  0.00000000E+00  0.00000000E+00  0.17925510E+09  0.00000000E+00  0.00000000E+00  0.00000000E+00  0.00000000E+00  0.00000000E+00  0.10000000E-01  0.10000000E+01
 0.10100200E-08  0.92528424E-02  0.00000000E+00  0.15685662E+00  0.00000000E+00  0.00000000E+00  0.17925510E+09  0.00000000E+00  0.00000000E+00  0.00000000E+00  0.00000000E+00  0.00000000E+00  0.10000000E-01  0.10000000E+01
 0.10200200E-08  0.92528424E-02  0.00000000E+00  0.15864917E+00  0.00000000E+00  0.00000000E+00  0.17925510E+09  0.00000000E+00  0.00000000E+00  0.00000000E+00  0.00000000E+00  0.00000000E+00  0.10000000E-01  0.10000000E+01
 0.10300200E-08  0.92528424E-02  0.00000000E+00  0.16044172E+00  0.00000000E+00  0.00000000E+00  0.17925510E+09  0.00000000E+00  0.00000000E+00  0.00000000E+00  0.00000000E+00  0.00000000E+00  0.10000000E-01  0.10000000E+01
 0.10400200E-08  0.92528424E-02  0.00000000E+00  0.16223427E+00  0.00000000E+00  0.00000000E+00  0.17925510E+09  0.00000000E+00  0.00000000E+00  0.00000000E+00  0.00000000E+00  0.00000000E+00  0.10000000E-01  0.10000000E+01
 0.10500200E-08  0.92528424E-02  0.00000000E+00  0.16402682E+00  0.00000000E+00  0.00000000E+00  0.17925510E+09  0.00000000E+00  0.00000000E+00  0.00000000E+00  0.00000000E+00  0.00000000E+00  0.10000000E-01  0.10000000E+01
 0.10600200E-08  0.92528424E-02  0.00000000E+00  0.16581937E+00  0.00000000E+00  0.00000000E+00  0.17925510E+09  0.00000000E+00  0.00000000E+00  0.00000000E+00  0.00000000E+00  0.00000000E+00  0.10000000E-01  0.10000000E+01
 0.10700200E-08  0.92528424E-02  0.00000000E+00  0.16761192E+00  0.00000000E+00  0.00000000E+00  0.17925510E+09  0.00000000E+00  0.00000000E+00  0.00000000E+00  0.00000000E+00  0.00000000E+00  0.10000000E-01  0.10000000E+01
 0.10800200E-08  0.92528424E-02  0.00000000E+00  0.16940447E+00  0.00000000E+00  0.00000000E+00  0.17925510E+09  0.00000000E+00  0.00000000E+00  0.00000000E+00  0.00000000E+00  0.00000000E+00  0.10000000E-01  0.10000000E+01
 0.10900200E-08  0.92528424E-02  0.00000000E+00  0.17119702E+00  0.00000000E+00  0.00000000E+00  0.17925510E+09  0.00000000E+00  0.00000000E+00  0.00000000E+00  0.00000000E+00  0.00000000E+00  0.10000000E-01  0.10000000E+01
 0.11000200E-08  0.92528424E-02  0.00000000E+00  0.17298957E+00  0.00000000E+00  0.00000000E+00  0.17925510E+09  0.00000000E+00  0.00000000E+00  0.00000000E+00  0.00000000E+00  0.00000000E+00  0.10000000E-01  0.10000000E+01
 0.11100200E-08  0.92528424E-02  0.00000000E+00  0.17478213E+00  0.00000000E+00  0.00000000E+00  0.17925510E+09  0.00000000E+00  0.00000000E+00  0.00000000E+00  0.00000000E+00  0.00000000E+00  0.10000000E-01  0.10000000E+01
 0.11200200E-08  0.92528424E-02  0.00000000E+00  0.17657468E+00  0.00000000E+00  0.00000000E+00  0.17925510E+09  0.00000000E+00  0.00000000E+00  0.00000000E+00  0.00000000E+00  0.00000000E+00  0.10000000E-01  0.10000000E+01
 0.11300200E-08  0.92528424E-02  0.00000000E+00  0.17836723E+00  0.00000000E+00  0.00000000E+00  0.17925510E+09  0.00000000E+00  0.00000000E+00  0.00000000E+00  0.00000000E+00  0.00000000E+00  0.10000000E-01  0.10000000E+01
 0.11400200E-08  0.92528424E-02  0.00000000E+00  0.18015978E+00  0.00000000E+00  0.00000000E+00  0.17925510E+09  0.00000000E+00  0.00000000E+00  0.00000000E+00  0.00000000E+00  0.00000000E+00  0.10000000E-01  0.10000000E+01
 0.11500200E-08  0.92528424E-02  0.00000000E+00  0.18195233E+00  0.00000000E+00  0.00000000E+00  0.17925510E+09  0.00000000E+00  0.00000000E+00  0.00000000E+00  0.00000000E+00  0.00000000E+00  0.10000000E-01  0.10000000E+01
 0.11600200E-08  0.92528424E-02  0.00000000E+00  0.18374488E+00  0.00000000E+00  0.00000000E+00  0.17925510E+09  0.00000000E+00  0.00000000E+00  0.00000000E+00  0.00000000E+00  0.00000000E+00  0.10000000E-01  0.10000000E+01
 0.11700200E-08  0.92528424E-02  0.00000000E+00  0.18553743E+00  0.00000000E+00  0.00000000E+00  0.17925510E+09  0.00000000E+00  0.00000000E+00  0.00000000E+00  0.00000000E+00  0.00000000E+00  0.10000000E-01  0.10000000E+01
 0.11800200E-08  0.92528424E-02  0.00000000E+00  0.18732998E+00  0.00000000E+00  0.00000000E+00  0.17925510E+09  0.00000000E+00  0.00000000E+00  0.00000000E+00  0.00000000E+00  0.00000000E+00  0.10000000E-01  0.10000000E+01
 0.11900200E-08  0.92528424E-02  0.00000000E+00  0.18912253E+00  0.00000000E+00  0.00000000E+00  0.17925510E+09  0.00000000E+00  0.00000000E+00  0.00000000E+00  0.00000000E+00  0.00000000E+00  0.10000000E-01  0.10000000E+01
 0.12000200E-08  0.92528424E-02  0.00000000E+00  0.19091508E+00  0.00000000E+00  0.00000000E+00  0.17925510E+09  0.00000000E+00  0.00000000E+00  0.00000000E+00  0.00000000E+00  0.00000000E+00  0.10000000E-01  0.10000000E+01
 0.12100200E-08  0.92528424E-02  0.00000000E+00  0.19270763E+00  0.00000000E+00  0.00000000E+00  0.17925510E+09  0.00000000E+00  0.00000000E+00  0.00000000E+00  0.00000000E+00  0.00000000E+00  0.10000000E-01  0.10000000E+01
 0.12200200E-08  0.92528424E-02  0.00000000E+00  0.19450019E+00  0.00000000E+00  0.00000000E+00  0.17925510E+09  0.00000000E+00  0.00000000E+00  0.00000000E+00  0.00000000E+00  0.00000000E+00  0.10000000E-01  0.10000000E+01
 0.12300200E-08  0.92528424E-02  0.00000000E+00  0.19629274E+00  0.00000000E+00  0.00000000E+00  0.17925510E+09  0.00000000E+00  0.00000000E+00  0.00000000E+00  0.00000000E+00  0.00000000E+00  0.10000000E-01  0.10000000E+01
 0.12400200E-08  0.92528424E-02  0.00000000E+00  0.19808529E+00  0.00000000E+00  0.00000000E+00  0.17925510E+09  0.00000000E+00  0.00000000E+00  0.00000000E+00  0.00000000E+00  0.00000000E+00  0.10000000E-01  0.10000000E+01
 0.12500200E-08  0.92528424E-02  0.00000000E+00  0.19987784E+00  0.00000000E+00  0.00000000E+00  0.17925510E+09  0.00000000E+00  0.00000000E+00  0.00000000E+00  0.00000000E+00  0.00000000E+00  0.10000000E-01  0.10000000E+01
 0.12600200E-08  0.92528424E-02  0.00000000E+00  0.20167039E+00  0.00000000E+00  0.00000000E+00  0.17925510E+09  0.00000000E+00  0.00000000E+00  0.00000000E+00  0.00000000E+00  0.00000000E+00  0.10000000E-01  0.10000000E+01
 0.12700200E-08  0.92528424E-02  0.00000000E+00  0.20346294E+00  0.00000000E+00  0.00000000E+00  0.17925510E+09  0.00000000E+00  0.00000000E+00  0.00000000E+00  0.00000000E+00  0.00000000E+00  0.10000000E-01  0.10000000E+01
 0.12800200E-08  0.92528424E-02  0.00000000E+00  0.20525549E+00  0.00000000E+00  0.00000000E+00  0.17925510E+09  0.00000000E+00  0.00000000E+00  0.00000000E+00  0.00000000E+00  0.00000000E+00  0.10000000E-01  0.10000000E+01
 0.12900200E-08  0.92528424E-02  0.00000000E+00  0.20704804E+00  0.00000000E+00  0.00000000E+00  0.17925510E+09  0.00000000E+00  0.00000000E+00  0.00000000E+00  0.00000000E+00  0.00000000E+00  0.10000000E-01  0.10000000E+01
 0.13000200E-08  0.92528424E-02  0.00000000E+00  0.20884059E+00  0.00000000E+00  0.00000000E+00  0.17925510E+09  0.00000000E+00  0.00000000E+00  0.00000000E+00  0.00000000E+00  0.00000000E+00  0.10000000E-01  0.10000000E+01
 0.13100200E-08  0.92528424E-02  0.00000000E+00  0.21063314E+00  0.00000000E+00  0.00000000E+00  0.17925510E+09  0.00000000E+00  0.00000000E+00  0.00000000E+00  0.00000000E+00  0.00000000E+00  0.10000000E-01  0.10000000E+01
 0.13200200E-08  0.92528424E-02  0.00000000E+00  0.21242570E+00  0.00000000E+00  0.00000000E+00  0.17925510E+09  0.00000000E+00  0.00000000E+00  0.00000000E+00  0.00000000E+00  0.00000000E+00  0.10000000E-01  0.10000000E+01
 0.13300200E-08  0.92528424E-02  0.00000000E+00  0.21421825E+00  0.00000000E+00  0.00000000E+00  0.17925510E+09  0.00000000E+00  0.00000000E+00  0.00000000E+00  0.00000000E+00  0.00000000E+00  0.10000000E-01  0.10000000E+01
 0.13400200E-08  0.92528424E-02  0.00000000E+00  0.21601080E+00  0.00000000E+00  0.00000000E+00  0.17925510E+09  0.00000000E+00  0.00000000E+00  0.00000000E+00  0.00000000E+00  0.00000000E+00  0.10000000E-01  0.10000000E+01
 0.13500200E-08  0.92528424E-02  0.00000000E+00  0.21780335E+00  0.00000000E+00  0.00000000E+00  0.17925510E+09  0.00000000E+00  0.00000000E+00  0.00000000E+00  0.00000000E+00  0.00000000E+00  0.10000000E-01  0.10000000E+01
 0.13600200E-08  0.92528424E-02  0.00000000E+00  0.21959590E+00  0.00000000E+00  0.00000000E+00  0.17925510E+09  0.00000000E+00  0.00000000E+00  0.00000000E+00  0.00000000E+00  0.00000000E+00  0.10000000E-01  0.10000000E+01
 0.13700200E-08  0.92528424E-02  0.00000000E+00  0.22138845E+00  0.00000000E+00  0.00000000E+00  0.17925510E+09  0.00000000E+00  0.00000000E+00  0.00000000E+00  0.00000000E+00  0.00000000E+00  0.10000000E-01  0.10000000E+01
 0.13800200E-08  0.92528424E-02  0.00000000E+00  0.22318100E+00  0.00000000E+00  0.00000000E+00  0.17925510E+09  0.00000000E+00  0.00000000E+00  0.00000000E+00  0.00000000E+00  0.00000000E+00  0.10000000E-01  0.10000000E+01
 0.13900200E-08  0.92528424E-02  0.00000000E+00  0.22497355E+00  0.00000000E+00  0.00000000E+00  0.17925510E+09  0.00000000E+00  0.00000000E+00  0.00000000E+00  0.00000000E+00  0.00000000E+00  0.10000000E-01  0.10000000E+01
 0.14000200E-08  0.92528424E-02  0.00000000E+00  0.22676610E+00  0.00000000E+00  0.00000000E+00  0.17925510E+09  0.00000000E+00  0.00000000E+00  0.00000000E+00  0.00000000E+00  0.00000000E+00  0.10000000E-01  0.10000000E+01
 0.14100200E-08  0.92528424E-02  0.00000000E+00  0.22855865E+00  0.00000000E+00  0.00000000E+00  0.17925510E+09  0.00000000E+00  0.00000000E+00  0.00000000E+00  0.00000000E+00  0.00000000E+00  0.10000000E-01  0.10000000E+01
 0.14200200E-08  0.92528424E-02  0.00000000E+00  0.23035120E+00  0.00000000E+00  0.00000000E+00  0.17925510E+09  0.00000000E+00  0.00000000E+00  0.00000000E+00  0.00000000E+00  0.00000000E+00  0.10000000E-01  0.10000000E+01
 0.14300200E-08  0.92528424E-02  0.00000000E+00  0.23214376E+00  0.00000000E+00  0.00000000E+00  0.17925510E+09  0.00000000E+00  0.00000000E+00  0.00000000E+00  0.00000000E+00  0.00000000E+00  0.10000000E-01  0.10000000E+01
 0.14400200E-08  0.92528424E-02  0.00000000E+00  0.23393631E+00  0.00000000E+00  0.00000000E+00  0.17925510E+09  0.00000000E+00  0.00000000E+00  0.00000000E+00  0.00000000E+00  0.00000000E+00  0.10000000E-01  0.10000000E+01
 0.14500200E-08  0.92528424E-02  0.00000000E+00  0.23572886E+00  0.00000000E+00  0.00000000E+00  0.17925510E+09  0.00000000E+00  0.00000000E+00  0.00000000E+00  0.00000000E+00  0.00000000E+00  0.10000000E-01  0.10000000E+01
 0.14600200E-08  0.92528424E-02  0.00000000E+00  0.23752141E+00  0.00000000E+00  0.00000000E+00  0.17925510E+09  0.00000000E+00  0.00000000E+00  0.00000000E+00  0.00000000E+00  0.00000000E+00  0.10000000E-01  0.10000000E+01
 0.14700200E-08  0.92528424E-02  0.00000000E+00  0.23931396E+00  0.00000000E+00  0.00000000E+00  0.17925510E+09  0.00000000E+00  0.00000000E+00  0.00000000E+00  0.00000000E+00  0.00000000E+00  0.10000000E-01  0.10000000E+01
 0.14800200E-08  0.92528424E-02  0.00000000E+00  0.24110651E+00  0.00000000E+00  0.00000000E+00  0.17925510E+09  0.00000000E+00  0.00000000E+00  0.00000000E+00  0.00000000E+00  0.00000000E+00  0.10000000E-01  0.10000000E+01
 0.14900200E-08  0.92528424E-02  0.00000000E+00  0.24289906E+00  0.00000000E+00  0.00000000E+00  0.17925510E+09  0.00000000E+00  0.00000000E+00  0.00000000E+00  0.00000000E+00  0.00000000E+00  0.10000000E-01  0.10000000E+01
 0.15000200E-08  0.92528424E-02  0.00000000E+00  0.24469161E+00  0.00000000E+00  0.00000000E+00  0.17925510E+09  0.00000000E+00  0.00000000E+00  0.00000000E+00  0.00000000E+00  0.00000000E+00  0.10000000E-01  0.10000000E+01
 0.15100200E-08  0.92528424E-02  0.00000000E+00  0.24648416E+00  0.00000000E+00  0.00000000E+00  0.17925510E+09  0.00000000E+00  0.00000000E+00  0.00000000E+00  0.00000000E+00  0.00000000E+00  0.10000000E-01  0.10000000E+01
 0.15200200E-08  0.92528424E-02  0.00000000E+00  0.24827671E+00  0.00000000E+00  0.00000000E+00  0.17925510E+09  0.00000000E+00  0.00000000E+00  0.00000000E+00  0.00000000E+00  0.00000000E+00  0.10000000E-01  0.10000000E+01
 0.15300200E-08  0.92528424E-02  0.00000000E+00  0.25006927E+00  0.00000000E+00  0.00000000E+00  0.17925510E+09  0.00000000E+00  0.00000000E+00  0.00000000E+00  0.00000000E+00  0.00000000E+00  0.10000000E-01  0.10000000E+01
 0.15400200E-08  0.92528424E-02  0.00000000E+00  0.25186182E+00  0.00000000E+00  0.00000000E+00  0.17925510E+09  0.00000000E+00  0.00000000E+00  0.00000000E+00  0.00000000E+00  0.00000000E+00  0.10000000E-01  0.10000000E+01
 0.15500200E-08  0.92528424E-02  0.00000000E+00  0.25365437E+00  0.00000000E+00  0.00000000E+00  0.17925510E+09  0.00000000E+00  0.00000000E+00  0.00000000E+00  0.00000000E+00  0.00000000E+00  0.10000000E-01  0.10000000E+01
 0.15600200E-08  0.92528424E-02  0.00000000E+00  0.25544692E+00  0.00000000E+00  0.00000000E+00  0.17925510E+09  0.00000000E+00  0.00000000E+00  0.00000000E+00  0.00000000E+00  0.00000000E+00  0.10000000E-01  0.10000000E+01
 0.15700200E-08  0.92528424E-02  0.00000000E+00  0.25723947E+00  0.00000000E+00  0.00000000E+00  0.17925510E+09  0.00000000E+00  0.00000000E+00  0.00000000E+00  0.00000000E+00  0.00000000E+00  0.10000000E-01  0.10000000E+01
 0.15800200E-08  0.92528424E-02  0.00000000E+00  0.25903202E+00  0.00000000E+00  0.00000000E+00  0.17925510E+09  0.00000000E+00  0.00000000E+00  0.00000000E+00  0.00000000E+00  0.00000000E+00  0.10000000E-01  0.10000000E+01
 0.15900200E-08  0.92528424E-02  0.00000000E+00  0.26082457E+00  0.00000000E+00  0.00000000E+00  0.17925510E+09  0.00000000E+00  0.00000000E+00  0.00000000E+00  0.00000000E+00  0.00000000E+00  0.10000000E-01  0.10000000E+01
 0.16000200E-08  0.92528424E-02  0.00000000E+00  0.26261712E+00  0.00000000E+00  0.00000000E+00  0.17925510E+09  0.00000000E+00  0.00000000E+00  0.00000000E+00  0.00000000E+00  0.00000000E+00  0.10000000E-01  0.10000000E+01
 0.16100200E-08  0.92528424E-02  0.00000000E+00  0.26440967E+00  0.00000000E+00  0.00000000E+00  0.17925510E+09  0.00000000E+00  0.00000000E+00  0.00000000E+00  0.00000000E+00  0.00000000E+00  0.10000000E-01  0.10000000E+01
 0.16200200E-08  0.92528424E-02  0.00000000E+00  0.26620222E+00  0.00000000E+00  0.00000000E+00  0.17925510E+09  0.00000000E+00  0.00000000E+00  0.00000000E+00  0.00000000E+00  0.00000000E+00  0.10000000E-01  0.10000000E+01
 0.16300200E-08  0.92528424E-02  0.00000000E+00  0.26799477E+00  0.00000000E+00  0.00000000E+00  0.17925510E+09  0.00000000E+00  0.00000000E+00  0.00000000E+00  0.00000000E+00  0.00000000E+00  0.10000000E-01  0.10000000E+01
 0.16400200E-08  0.92528424E-02  0.00000000E+00  0.26978733E+00  0.00000000E+00  0.00000000E+00  0.17925510E+09  0.00000000E+00  0.00000000E+00  0.00000000E+00  0.00000000E+00  0.00000000E+00  0.10000000E-01  0.10000000E+01
 0.16500200E-08  0.92528424E-02  0.00000000E+00  0.27157988E+00  0.00000000E+00  0.00000000E+00  0.17925510E+09  0.00000000E+00  0.00000000E+00  0.00000000E+00  0.00000000E+00  0.00000000E+00  0.10000000E-01  0.10000000E+01
 0.16600200E-08  0.92528424E-02  0.00000000E+00  0.27337243E+00  0.00000000E+00  0.00000000E+00  0.17925510E+09  0.00000000E+00  0.00000000E+00  0.00000000E+00  0.00000000E+00  0.00000000E+00  0.10000000E-01  0.10000000E+01
 0.16700200E-08  0.92528424E-02  0.00000000E+00  0.27516498E+00  0.00000000E+00  0.00000000E+00  0.17925510E+09  0.00000000E+00  0.00000000E+00  0.00000000E+00  0.00000000E+00  0.00000000E+00  0.10000000E-01  0.10000000E+01
 0.16800200E-08  0.92528424E-02  0.00000000E+00  0.27695753E+00  0.00000000E+00  0.00000000E+00  0.17925510E+09  0.00000000E+00  0.00000000E+00  0.00000000E+00  0.00000000E+00  0.00000000E+00  0.10000000E-01  0.10000000E+01
 0.16900200E-08  0.92528424E-02  0.00000000E+00  0.27875008E+00  0.00000000E+00  0.00000000E+00  0.17925510E+09  0.00000000E+00  0.00000000E+00  0.00000000E+00  0.00000000E+00  0.00000000E+00  0.10000000E-01  0.10000000E+01
 0.17000200E-08  0.92528424E-02  0.00000000E+00  0.28054263E+00  0.00000000E+00  0.00000000E+00  0.17925510E+09  0.00000000E+00  0.00000000E+00  0.00000000E+00  0.00000000E+00  0.00000000E+00  0.10000000E-01  0.10000000E+01
 0.17100200E-08  0.92528424E-02  0.00000000E+00  0.28233518E+00  0.00000000E+00  0.00000000E+00  0.17925510E+09  0.00000000E+00  0.00000000E+00  0.00000000E+00  0.00000000E+00  0.00000000E+00  0.10000000E-01  0.10000000E+01
 0.17200200E-08  0.92528424E-02  0.00000000E+00  0.28412773E+00  0.00000000E+00  0.00000000E+00  0.17925510E+09  0.00000000E+00  0.00000000E+00  0.00000000E+00  0.00000000E+00  0.00000000E+00  0.10000000E-01  0.10000000E+01
 0.17300200E-08  0.92528424E-02  0.00000000E+00  0.28592028E+00  0.00000000E+00  0.00000000E+00  0.17925510E+09  0.00000000E+00  0.00000000E+00  0.00000000E+00  0.00000000E+00  0.00000000E+00  0.10000000E-01  0.10000000E+01
 0.17400200E-08  0.92528424E-02  0.00000000E+00  0.28771284E+00  0.00000000E+00  0.00000000E+00  0.17925510E+09  0.00000000E+00  0.00000000E+00  0.00000000E+00  0.00000000E+00  0.00000000E+00  0.10000000E-01  0.10000000E+01
 0.17500200E-08  0.92528424E-02  0.00000000E+00  0.28950539E+00  0.00000000E+00  0.00000000E+00  0.17925510E+09  0.00000000E+00  0.00000000E+00  0.00000000E+00  0.00000000E+00  0.00000000E+00  0.10000000E-01  0.10000000E+01
 0.17600200E-08  0.92528424E-02  0.00000000E+00  0.29129794E+00  0.00000000E+00  0.00000000E+00  0.17925510E+09  0.00000000E+00  0.00000000E+00  0.00000000E+00  0.00000000E+00  0.00000000E+00  0.10000000E-01  0.10000000E+01
 0.17700200E-08  0.92528424E-02  0.00000000E+00  0.29309049E+00  0.00000000E+00  0.00000000E+00  0.17925510E+09  0.00000000E+00  0.00000000E+00  0.00000000E+00  0.00000000E+00  0.00000000E+00  0.10000000E-01  0.10000000E+01
 0.17800200E-08  0.92528424E-02  0.00000000E+00  0.29488304E+00  0.00000000E+00  0.00000000E+00  0.17925510E+09  0.00000000E+00  0.00000000E+00  0.00000000E+00  0.00000000E+00  0.00000000E+00  0.10000000E-01  0.10000000E+01
 0.17900200E-08  0.92528424E-02  0.00000000E+00  0.29667559E+00  0.00000000E+00  0.00000000E+00  0.17925510E+09  0.00000000E+00  0.00000000E+00  0.00000000E+00  0.00000000E+00  0.00000000E+00  0.10000000E-01  0.10000000E+01
 0.18000200E-08  0.92528424E-02  0.00000000E+00  0.29846814E+00  0.00000000E+00  0.00000000E+00  0.17925510E+09  0.00000000E+00  0.00000000E+00  0.00000000E+00  0.00000000E+00  0.00000000E+00  0.10000000E-01  0.10000000E+01
 0.18100200E-08  0.92528424E-02  0.00000000E+00  0.30026069E+00  0.00000000E+00  0.00000000E+00  0.17925510E+09  0.00000000E+00  0.00000000E+00  0.00000000E+00  0.00000000E+00  0.00000000E+00  0.10000000E-01  0.10000000E+01
 0.18200200E-08  0.92528424E-02  0.00000000E+00  0.30205324E+00  0.00000000E+00  0.00000000E+00  0.17925510E+09  0.00000000E+00  0.00000000E+00  0.00000000E+00  0.00000000E+00  0.00000000E+00  0.10000000E-01  0.10000000E+01
 0.18300200E-08  0.92528424E-02  0.00000000E+00  0.30384579E+00  0.00000000E+00  0.00000000E+00  0.17925510E+09  0.00000000E+00  0.00000000E+00  0.00000000E+00  0.00000000E+00  0.00000000E+00  0.10000000E-01  0.10000000E+01
 0.18400200E-08  0.92528424E-02  0.00000000E+00  0.30563834E+00  0.00000000E+00  0.00000000E+00  0.17925510E+09  0.00000000E+00  0.00000000E+00  0.00000000E+00  0.00000000E+00  0.00000000E+00  0.10000000E-01  0.10000000E+01
 0.18500200E-08  0.92528424E-02  0.00000000E+00  0.30743090E+00  0.00000000E+00  0.00000000E+00  0.17925510E+09  0.00000000E+00  0.00000000E+00  0.00000000E+00  0.00000000E+00  0.00000000E+00  0.10000000E-01  0.10000000E+01
 0.18600200E-08  0.92528424E-02  0.00000000E+00  0.30922345E+00  0.00000000E+00  0.00000000E+00  0.17925510E+09  0.00000000E+00  0.00000000E+00  0.00000000E+00  0.00000000E+00  0.00000000E+00  0.10000000E-01  0.10000000E+01
 0.18700200E-08  0.92528424E-02  0.00000000E+00  0.31101600E+00  0.00000000E+00  0.00000000E+00  0.17925510E+09  0.00000000E+00  0.00000000E+00  0.00000000E+00  0.00000000E+00  0.00000000E+00  0.10000000E-01  0.10000000E+01
 0.18800200E-08  0.92528424E-02  0.00000000E+00  0.31280855E+00  0.00000000E+00  0.00000000E+00  0.17925510E+09  0.00000000E+00  0.00000000E+00  0.00000000E+00  0.00000000E+00  0.00000000E+00  0.10000000E-01  0.10000000E+01
 0.18900200E-08  0.92528424E-02  0.00000000E+00  0.31460110E+00  0.00000000E+00  0.00000000E+00  0.17925510E+09  0.00000000E+00  0.00000000E+00  0.00000000E+00  0.00000000E+00  0.00000000E+00  0.10000000E-01  0.10000000E+01
 0.19000200E-08  0.92528424E-02  0.00000000E+00  0.31639365E+00  0.00000000E+00  0.00000000E+00  0.17925510E+09  0.00000000E+00  0.00000000E+00  0.00000000E+00  0.00000000E+00  0.00000000E+00  0.10000000E-01  0.10000000E+01
 0.19100200E-08  0.92528424E-02  0.00000000E+00  0.31818620E+00  0.00000000E+00  0.00000000E+00  0.17925510E+09  0.00000000E+00  0.00000000E+00  0.00000000E+00  0.00000000E+00  0.00000000E+00  0.10000000E-01  0.10000000E+01
 0.19200200E-08  0.92528424E-02  0.00000000E+00  0.31997875E+00  0.00000000E+00  0.00000000E+00  0.17925510E+09  0.00000000E+00  0.00000000E+00  0.00000000E+00  0.00000000E+00  0.00000000E+00  0.10000000E-01  0.10000000E+01
 0.19300200E-08  0.92528424E-02  0.00000000E+00  0.32177130E+00  0.00000000E+00  0.00000000E+00  0.17925510E+09  0.00000000E+00  0.00000000E+00  0.00000000E+00  0.00000000E+00  0.00000000E+00  0.10000000E-01  0.10000000E+01
 0.19400200E-08  0.92528424E-02  0.00000000E+00  0.32356385E+00  0.00000000E+00  0.00000000E+00  0.17925510E+09  0.00000000E+00  0.00000000E+00  0.00000000E+00  0.00000000E+00  0.00000000E+00  0.10000000E-01  0.10000000E+01
 0.19500200E-08  0.92528424E-02  0.00000000E+00  0.32535641E+00  0.00000000E+00  0.00000000E+00  0.17925510E+09  0.00000000E+00  0.00000000E+00  0.00000000E+00  0.00000000E+00  0.00000000E+00  0.10000000E-01  0.10000000E+01
 0.19600200E-08  0.92528424E-02  0.00000000E+00  0.32714896E+00  0.00000000E+00  0.00000000E+00  0.17925510E+09  0.00000000E+00  0.00000000E+00  0.00000000E+00  0.00000000E+00  0.00000000E+00  0.10000000E-01  0.10000000E+01
 0.19700200E-08  0.92528424E-02  0.00000000E+00  0.32894151E+00  0.00000000E+00  0.00000000E+00  0.17925510E+09  0.00000000E+00  0.00000000E+00  0.00000000E+00  0.00000000E+00  0.00000000E+00  0.10000000E-01  0.10000000E+01
 0.19800200E-08  0.92528424E-02  0.00000000E+00  0.33073406E+00  0.00000000E+00  0.00000000E+00  0.17925510E+09  0.00000000E+00  0.00000000E+00  0.00000000E+00  0.00000000E+00  0.00000000E+00  0.10000000E-01  0.10000000E+01
 0.19900200E-08  0.92528424E-02  0.00000000E+00  0.33252661E+00  0.00000000E+00  0.00000000E+00  0.17925510E+09  0.00000000E+00  0.00000000E+00  0.00000000E+00  0.00000000E+00  0.00000000E+00  0.10000000E-01  0.10000000E+01
