# ptime xp yp zp vx vy vz ex ey ez bx by bz wt
 0.20000000E-13  0.67440151E-02  0.00000000E+00  0.15379829E-02  0.00000000E+00  0.00000000E+00  0.17848673E+09  0.00000000E+00  0.00000000E+00  0.00000000E+00  0.00000000E+00  0.00000000E+00  0.10000000E-01  0.10000000E+01
 0.10000000E-10  0.67440151E-02  0.00000000E+00  0.33192805E-02  0.00000000E+00  0.00000000E+00  0.17848673E+09  0.00000000E+00  0.00000000E+00  0.00000000E+00  0.00000000E+00  0.00000000E+00  0.10000000E-01  0.10000000E+01
 0.20000000E-10  0.67440151E-02  0.00000000E+00  0.51041478E-02  0.00000000E+00  0.00000000E+00  0.17848673E+09  0.00000000E+00  0.00000000E+00  0.00000000E+00  0.00000000E+00  0.00000000E+00  0.10000000E-01  0.10000000E+01
 0.30000000E-10  0.67440151E-02  0.00000000E+00  0.68890150E-02  0.00000000E+00  0.00000000E+00  0.17848673E+09  0.00000000E+00  0.00000000E+00  0.00000000E+00  0.00000000E+00  0.00000000E+00  0.10000000E-01  0.10000000E+01
 0.40020000E-10  0.67440151E-02  0.00000000E+00  0.86774521E-02  0.00000000E+00  0.00000000E+00  0.17848673E+09  0.00000000E+00  0.00000000E+00  0.00000000E+00  0.00000000E+00  0.00000000E+00  0.10000000E-01  0.10000000E+01
 0.50020000E-10  0.67440151E-02  0.00000000E+00  0.10462319E-01  0.00000000E+00  0.00000000E+00  0.17848673E+09  0.00000000E+00  0.00000000E+00  0.00000000E+00  0.00000000E+00  0.00000000E+00  0.10000000E-01  0.10000000E+01
 0.60020000E-10  0.67440151E-02  0.00000000E+00  0.12247187E-01  0.00000000E+00  0.00000000E+00  0.17848673E+09  0.00000000E+00  0.00000000E+00  0.00000000E+00  0.00000000E+00  0.00000000E+00  0.10000000E-01  0.10000000E+01
 0.70020000E-10  0.67440151E-02  0.00000000E+00  0.14032054E-01  0.00000000E+00  0.00000000E+00  0.17848673E+09  0.00000000E+00  0.00000000E+00  0.00000000E+00  0.00000000E+00  0.00000000E+00  0.10000000E-01  0.10000000E+01
 0.80000000E-10  0.67440151E-02  0.00000000E+00  0.15813351E-01  0.00000000E+00  0.00000000E+00  0.17848673E+09  0.00000000E+00  0.00000000E+00  0.00000000E+00  0.00000000E+00  0.00000000E+00  0.10000000E-01  0.10000000E+01
 0.90000000E-10  0.67440151E-02  0.00000000E+00  0.17598219E-01  0.00000000E+00  0.00000000E+00  0.17848673E+09  0.00000000E+00  0.00000000E+00  0.00000000E+00  0.00000000E+00  0.00000000E+00  0.10000000E-01  0.10000000E+01
 0.10000000E-09  0.67440151E-02  0.00000000E+00  0.19383086E-01  0.00000000E+00  0.00000000E+00  0.17848673E+09  0.00000000E+00  0.00000000E+00  0.00000000E+00  0.00000000E+00  0.00000000E+00  0.10000000E-01  0.10000000E+01
 0.11000000E-09  0.67440151E-02  0.00000000E+00  0.21167953E-01  0.00000000E+00  0.00000000E+00  0.17848673E+09  0.00000000E+00  0.00000000E+00  0.00000000E+00  0.00000000E+00  0.00000000E+00  0.10000000E-01  0.10000000E+01
 0.12000000E-09  0.67440151E-02  0.00000000E+00  0.22952821E-01  0.00000000E+00  0.00000000E+00  0.17848673E+09  0.00000000E+00  0.00000000E+00  0.00000000E+00  0.00000000E+00  0.00000000E+00  0.10000000E-01  0.10000000E+01
 0.13000000E-09  0.67440151E-02  0.00000000E+00  0.24737688E-01  0.00000000E+00  0.00000000E+00  0.17848673E+09  0.00000000E+00  0.00000000E+00  0.00000000E+00  0.00000000E+00  0.00000000E+00  0.10000000E-01  0.10000000E+01
 0.14002000E-09  0.67440151E-02  0.00000000E+00  0.26526125E-01  0.00000000E+00  0.00000000E+00  0.17848673E+09  0.00000000E+00  0.00000000E+00  0.00000000E+00  0.00000000E+00  0.00000000E+00  0.10000000E-01  0.10000000E+01
 0.15002000E-09  0.67440151E-02  0.00000000E+00  0.28310992E-01  0.00000000E+00  0.00000000E+00  0.17848673E+09  0.00000000E+00  0.00000000E+00  0.00000000E+00  0.00000000E+00  0.00000000E+00  0.10000000E-01  0.10000000E+01
 0.16002000E-09  0.67440151E-02  0.00000000E+00  0.30095860E-01  0.00000000E+00  0.00000000E+00  0.17848673E+09  0.00000000E+00  0.00000000E+00  0.00000000E+00  0.00000000E+00  0.00000000E+00  0.10000000E-01  0.10000000E+01
 0.17002000E-09  0.67440151E-02  0.00000000E+00  0.31880727E-01  0.00000000E+00  0.00000000E+00  0.17848673E+09  0.00000000E+00  0.00000000E+00  0.00000000E+00  0.00000000E+00  0.00000000E+00  0.10000000E-01  0.10000000E+01
 0.18002000E-09  0.67440151E-02  0.00000000E+00  0.33665594E-01  0.00000000E+00  0.00000000E+00  0.17848673E+09  0.00000000E+00  0.00000000E+00  0.00000000E+00  0.00000000E+00  0.00000000E+00  0.10000000E-01  0.10000000E+01
 0.19002000E-09  0.67440151E-02  0.00000000E+00  0.35450461E-01  0.00000000E+00  0.00000000E+00  0.17848673E+09  0.00000000E+00  0.00000000E+00  0.00000000E+00  0.00000000E+00  0.00000000E+00  0.10000000E-01  0.10000000E+01
 0.20002000E-09  0.67440151E-02  0.00000000E+00  0.37235329E-01  0.00000000E+00  0.00000000E+00  0.17848673E+09  0.00000000E+00  0.00000000E+00  0.00000000E+00  0.00000000E+00  0.00000000E+00  0.10000000E-01  0.10000000E+01
 0.21002000E-09  0.67440151E-02  0.00000000E+00  0.39020196E-01  0.00000000E+00  0.00000000E+00  0.17848673E+09  0.00000000E+00  0.00000000E+00  0.00000000E+00  0.00000000E+00  0.00000000E+00  0.10000000E-01  0.10000000E+01
 0.22002000E-09  0.67440151E-02  0.00000000E+00  0.40805063E-01  0.00000000E+00  0.00000000E+00  0.17848673E+09  0.00000000E+00  0.00000000E+00  0.00000000E+00  0.00000000E+00  0.00000000E+00  0.10000000E-01  0.10000000E+01
 0.23002000E-09  0.67440151E-02  0.00000000E+00  0.42589931E-01  0.00000000E+00  0.00000000E+00  0.17848673E+09  0.00000000E+00  0.00000000E+00  0.00000000E+00  0.00000000E+00  0.00000000E+00  0.10000000E-01  0.10000000E+01
 0.24002000E-09  0.67440151E-02  0.00000000E+00  0.44374798E-01  0.00000000E+00  0.00000000E+00  0.17848673E+09  0.00000000E+00  0.00000000E+00  0.00000000E+00  0.00000000E+00  0.00000000E+00  0.10000000E-01  0.10000000E+01
 0.25002000E-09  0.67440151E-02  0.00000000E+00  0.46159665E-01  0.00000000E+00  0.00000000E+00  0.17848673E+09  0.00000000E+00  0.00000000E+00  0.00000000E+00  0.00000000E+00  0.00000000E+00  0.10000000E-01  0.10000000E+01
 0.26002000E-09  0.67440151E-02  0.00000000E+00  0.47944532E-01  0.00000000E+00  0.00000000E+00  0.17848673E+09  0.00000000E+00  0.00000000E+00  0.00000000E+00  0.00000000E+00  0.00000000E+00  0.10000000E-01  0.10000000E+01
 0.27002000E-09  0.67440151E-02  0.00000000E+00  0.49729400E-01  0.00000000E+00  0.00000000E+00  0.17848673E+09  0.00000000E+00  0.00000000E+00  0.00000000E+00  0.00000000E+00  0.00000000E+00  0.10000000E-01  0.10000000E+01
 0.28002000E-09  0.67440151E-02  0.00000000E+00  0.51514267E-01  0.00000000E+00  0.00000000E+00  0.17848673E+09  0.00000000E+00  0.00000000E+00  0.00000000E+00  0.00000000E+00  0.00000000E+00  0.10000000E-01  0.10000000E+01
 0.29002000E-09  0.67440151E-02  0.00000000E+00  0.53299134E-01  0.00000000E+00  0.00000000E+00  0.17848673E+09  0.00000000E+00  0.00000000E+00  0.00000000E+00  0.00000000E+00  0.00000000E+00  0.10000000E-01  0.10000000E+01
 0.30000000E-09  0.67440151E-02  0.00000000E+00  0.55080432E-01  0.00000000E+00  0.00000000E+00  0.17848673E+09  0.00000000E+00  0.00000000E+00  0.00000000E+00  0.00000000E+00  0.00000000E+00  0.10000000E-01  0.10000000E+01
 0.31000000E-09  0.67440151E-02  0.00000000E+00  0.56865299E-01  0.00000000E+00  0.00000000E+00  0.17848673E+09  0.00000000E+00  0.00000000E+00  0.00000000E+00  0.00000000E+00  0.00000000E+00  0.10000000E-01  0.10000000E+01
 0.32000000E-09  0.67440151E-02  0.00000000E+00  0.58650166E-01  0.00000000E+00  0.00000000E+00  0.17848673E+09  0.00000000E+00  0.00000000E+00  0.00000000E+00  0.00000000E+00  0.00000000E+00  0.10000000E-01  0.10000000E+01
 0.33000000E-09  0.67440151E-02  0.00000000E+00  0.60435034E-01  0.00000000E+00  0.00000000E+00  0.17848673E+09  0.00000000E+00  0.00000000E+00  0.00000000E+00  0.00000000E+00  0.00000000E+00  0.10000000E-01  0.10000000E+01
 0.34000000E-09  0.67440151E-02  0.00000000E+00  0.62219901E-01  0.00000000E+00  0.00000000E+00  0.17848673E+09  0.00000000E+00  0.00000000E+00  0.00000000E+00  0.00000000E+00  0.00000000E+00  0.10000000E-01  0.10000000E+01
 0.35000000E-09  0.67440151E-02  0.00000000E+00  0.64004768E-01  0.00000000E+00  0.00000000E+00  0.17848673E+09  0.00000000E+00  0.00000000E+00  0.00000000E+00  0.00000000E+00  0.00000000E+00  0.10000000E-01  0.10000000E+01
 0.36000000E-09  0.67440151E-02  0.00000000E+00  0.65789636E-01  0.00000000E+00  0.00000000E+00  0.17848673E+09  0.00000000E+00  0.00000000E+00  0.00000000E+00  0.00000000E+00  0.00000000E+00  0.10000000E-01  0.10000000E+01
 0.37000000E-09  0.67440151E-02  0.00000000E+00  0.67574503E-01  0.00000000E+00  0.00000000E+00  0.17848673E+09  0.00000000E+00  0.00000000E+00  0.00000000E+00  0.00000000E+00  0.00000000E+00  0.10000000E-01  0.10000000E+01
 0.38000000E-09  0.67440151E-02  0.00000000E+00  0.69359370E-01  0.00000000E+00  0.00000000E+00  0.17848673E+09  0.00000000E+00  0.00000000E+00  0.00000000E+00  0.00000000E+00  0.00000000E+00  0.10000000E-01  0.10000000E+01
 0.39000000E-09  0.67440151E-02  0.00000000E+00  0.71144237E-01  0.00000000E+00  0.00000000E+00  0.17848673E+09  0.00000000E+00  0.00000000E+00  0.00000000E+00  0.00000000E+00  0.00000000E+00  0.10000000E-01  0.10000000E+01
 0.40000000E-09  0.67440151E-02  0.00000000E+00  0.72929105E-01  0.00000000E+00  0.00000000E+00  0.17848673E+09  0.00000000E+00  0.00000000E+00  0.00000000E+00  0.00000000E+00  0.00000000E+00  0.10000000E-01  0.10000000E+01
 0.41000000E-09  0.67440151E-02  0.00000000E+00  0.74713972E-01  0.00000000E+00  0.00000000E+00  0.17848673E+09  0.00000000E+00  0.00000000E+00  0.00000000E+00  0.00000000E+00  0.00000000E+00  0.10000000E-01  0.10000000E+01
 0.42000000E-09  0.67440151E-02  0.00000000E+00  0.76498839E-01  0.00000000E+00  0.00000000E+00  0.17848673E+09  0.00000000E+00  0.00000000E+00  0.00000000E+00  0.00000000E+00  0.00000000E+00  0.10000000E-01  0.10000000E+01
 0.43000000E-09  0.67440151E-02  0.00000000E+00  0.78283707E-01  0.00000000E+00  0.00000000E+00  0.17848673E+09  0.00000000E+00  0.00000000E+00  0.00000000E+00  0.00000000E+00  0.00000000E+00  0.10000000E-01  0.10000000E+01
 0.44000000E-09  0.67440151E-02  0.00000000E+00  0.80068574E-01  0.00000000E+00  0.00000000E+00  0.17848673E+09  0.00000000E+00  0.00000000E+00  0.00000000E+00  0.00000000E+00  0.00000000E+00  0.10000000E-01  0.10000000E+01
 0.45000000E-09  0.67440151E-02  0.00000000E+00  0.81853441E-01  0.00000000E+00  0.00000000E+00  0.17848673E+09  0.00000000E+00  0.00000000E+00  0.00000000E+00  0.00000000E+00  0.00000000E+00  0.10000000E-01  0.10000000E+01
 0.46000000E-09  0.67440151E-02  0.00000000E+00  0.83638309E-01  0.00000000E+00  0.00000000E+00  0.17848673E+09  0.00000000E+00  0.00000000E+00  0.00000000E+00  0.00000000E+00  0.00000000E+00  0.10000000E-01  0.10000000E+01
 0.47000000E-09  0.67440151E-02  0.00000000E+00  0.85423176E-01  0.00000000E+00  0.00000000E+00  0.17848673E+09  0.00000000E+00  0.00000000E+00  0.00000000E+00  0.00000000E+00  0.00000000E+00  0.10000000E-01  0.10000000E+01
 0.48000000E-09  0.67440151E-02  0.00000000E+00  0.87208043E-01  0.00000000E+00  0.00000000E+00  0.17848673E+09  0.00000000E+00  0.00000000E+00  0.00000000E+00  0.00000000E+00  0.00000000E+00  0.10000000E-01  0.10000000E+01
 0.49000000E-09  0.67440151E-02  0.00000000E+00  0.88992910E-01  0.00000000E+00  0.00000000E+00  0.17848673E+09  0.00000000E+00  0.00000000E+00  0.00000000E+00  0.00000000E+00  0.00000000E+00  0.10000000E-01  0.10000000E+01
 0.50000000E-09  0.67440151E-02  0.00000000E+00  0.90777778E-01  0.00000000E+00  0.00000000E+00  0.17848673E+09  0.00000000E+00  0.00000000E+00  0.00000000E+00  0.00000000E+00  0.00000000E+00  0.10000000E-01  0.10000000E+01
 0.51000000E-09  0.67440151E-02  0.00000000E+00  0.92562645E-01  0.00000000E+00  0.00000000E+00  0.17848673E+09  0.00000000E+00  0.00000000E+00  0.00000000E+00  0.00000000E+00  0.00000000E+00  0.10000000E-01  0.10000000E+01
 0.52000000E-09  0.67440151E-02  0.00000000E+00  0.94347512E-01  0.00000000E+00  0.00000000E+00  0.17848673E+09  0.00000000E+00  0.00000000E+00  0.00000000E+00  0.00000000E+00  0.00000000E+00  0.10000000E-01  0.10000000E+01
 0.53000000E-09  0.67440151E-02  0.00000000E+00  0.96132380E-01  0.00000000E+00  0.00000000E+00  0.17848673E+09  0.00000000E+00  0.00000000E+00  0.00000000E+00  0.00000000E+00  0.00000000E+00  0.10000000E-01  0.10000000E+01
 0.54000000E-09  0.67440151E-02  0.00000000E+00  0.97917247E-01  0.00000000E+00  0.00000000E+00  0.17848673E+09  0.00000000E+00  0.00000000E+00  0.00000000E+00  0.00000000E+00  0.00000000E+00  0.10000000E-01  0.10000000E+01
 0.55002000E-09  0.67440151E-02  0.00000000E+00  0.99705684E-01  0.00000000E+00  0.00000000E+00  0.17848673E+09  0.00000000E+00  0.00000000E+00  0.00000000E+00  0.00000000E+00  0.00000000E+00  0.10000000E-01  0.10000000E+01
 0.56002000E-09  0.67440151E-02  0.00000000E+00  0.10149055E+00  0.00000000E+00  0.00000000E+00  0.17848673E+09  0.00000000E+00  0.00000000E+00  0.00000000E+00  0.00000000E+00  0.00000000E+00  0.10000000E-01  0.10000000E+01
 0.57002000E-09  0.67440151E-02  0.00000000E+00  0.10327542E+00  0.00000000E+00  0.00000000E+00  0.17848673E+09  0.00000000E+00  0.00000000E+00  0.00000000E+00  0.00000000E+00  0.00000000E+00  0.10000000E-01  0.10000000E+01
 0.58002000E-09  0.67440151E-02  0.00000000E+00  0.10506029E+00  0.00000000E+00  0.00000000E+00  0.17848673E+09  0.00000000E+00  0.00000000E+00  0.00000000E+00  0.00000000E+00  0.00000000E+00  0.10000000E-01  0.10000000E+01
 0.59002000E-09  0.67440151E-02  0.00000000E+00  0.10684515E+00  0.00000000E+00  0.00000000E+00  0.17848673E+09  0.00000000E+00  0.00000000E+00  0.00000000E+00  0.00000000E+00  0.00000000E+00  0.10000000E-01  0.10000000E+01
 0.60002000E-09  0.67440151E-02  0.00000000E+00  0.10863002E+00  0.00000000E+00  0.00000000E+00  0.17848673E+09  0.00000000E+00  0.00000000E+00  0.00000000E+00  0.00000000E+00  0.00000000E+00  0.10000000E-01  0.10000000E+01
 0.61002000E-09  0.67440151E-02  0.00000000E+00  0.11041489E+00  0.00000000E+00  0.00000000E+00  0.17848673E+09  0.00000000E+00  0.00000000E+00  0.00000000E+00  0.00000000E+00  0.00000000E+00  0.10000000E-01  0.10000000E+01
 0.62002000E-09  0.67440151E-02  0.00000000E+00  0.11219975E+00  0.00000000E+00  0.00000000E+00  0.17848673E+09  0.00000000E+00  0.00000000E+00  0.00000000E+00  0.00000000E+00  0.00000000E+00  0.10000000E-01  0.10000000E+01
 0.63002000E-09  0.67440151E-02  0.00000000E+00  0.11398462E+00  0.00000000E+00  0.00000000E+00  0.17848673E+09  0.00000000E+00  0.00000000E+00  0.00000000E+00  0.00000000E+00  0.00000000E+00  0.10000000E-01  0.10000000E+01
 0.64002000E-09  0.67440151E-02  0.00000000E+00  0.11576949E+00  0.00000000E+00  0.00000000E+00  0.17848673E+09  0.00000000E+00  0.00000000E+00  0.00000000E+00  0.00000000E+00  0.00000000E+00  0.10000000E-01  0.10000000E+01
 0.65002000E-09  0.67440151E-02  0.00000000E+00  0.11755436E+00  0.00000000E+00  0.00000000E+00  0.17848673E+09  0.00000000E+00  0.00000000E+00  0.00000000E+00  0.00000000E+00  0.00000000E+00  0.10000000E-01  0.10000000E+01
 0.66002000E-09  0.67440151E-02  0.00000000E+00  0.11933922E+00  0.00000000E+00  0.00000000E+00  0.17848673E+09  0.00000000E+00  0.00000000E+00  0.00000000E+00  0.00000000E+00  0.00000000E+00  0.10000000E-01  0.10000000E+01
 0.67002000E-09  0.67440151E-02  0.00000000E+00  0.12112409E+00  0.00000000E+00  0.00000000E+00  0.17848673E+09  0.00000000E+00  0.00000000E+00  0.00000000E+00  0.00000000E+00  0.00000000E+00  0.10000000E-01  0.10000000E+01
 0.68002000E-09  0.67440151E-02  0.00000000E+00  0.12290896E+00  0.00000000E+00  0.00000000E+00  0.17848673E+09  0.00000000E+00  0.00000000E+00  0.00000000E+00  0.00000000E+00  0.00000000E+00  0.10000000E-01  0.10000000E+01
 0.69002000E-09  0.67440151E-02  0.00000000E+00  0.12469383E+00  0.00000000E+00  0.00000000E+00  0.17848673E+09  0.00000000E+00  0.00000000E+00  0.00000000E+00  0.00000000E+00  0.00000000E+00  0.10000000E-01  0.10000000E+01
 0.70002000E-09  0.67440151E-02  0.00000000E+00  0.12647869E+00  0.00000000E+00  0.00000000E+00  0.17848673E+09  0.00000000E+00  0.00000000E+00  0.00000000E+00  0.00000000E+00  0.00000000E+00  0.10000000E-01  0.10000000E+01
 0.71002000E-09  0.67440151E-02  0.00000000E+00  0.12826356E+00  0.00000000E+00  0.00000000E+00  0.17848673E+09  0.00000000E+00  0.00000000E+00  0.00000000E+00  0.00000000E+00  0.00000000E+00  0.10000000E-01  0.10000000E+01
 0.72002000E-09  0.67440151E-02  0.00000000E+00  0.13004843E+00  0.00000000E+00  0.00000000E+00  0.17848673E+09  0.00000000E+00  0.00000000E+00  0.00000000E+00  0.00000000E+00  0.00000000E+00  0.10000000E-01  0.10000000E+01
 0.73002000E-09  0.67440151E-02  0.00000000E+00  0.13183330E+00  0.00000000E+00  0.00000000E+00  0.17848673E+09  0.00000000E+00  0.00000000E+00  0.00000000E+00  0.00000000E+00  0.00000000E+00  0.10000000E-01  0.10000000E+01
 0.74002000E-09  0.67440151E-02  0.00000000E+00  0.13361816E+00  0.00000000E+00  0.00000000E+00  0.17848673E+09  0.00000000E+00  0.00000000E+00  0.00000000E+00  0.00000000E+00  0.00000000E+00  0.10000000E-01  0.10000000E+01
 0.75002000E-09  0.67440151E-02  0.00000000E+00  0.13540303E+00  0.00000000E+00  0.00000000E+00  0.17848673E+09  0.00000000E+00  0.00000000E+00  0.00000000E+00  0.00000000E+00  0.00000000E+00  0.10000000E-01  0.10000000E+01
 0.76002000E-09  0.67440151E-02  0.00000000E+00  0.13718790E+00  0.00000000E+00  0.00000000E+00  0.17848673E+09  0.00000000E+00  0.00000000E+00  0.00000000E+00  0.00000000E+00  0.00000000E+00  0.10000000E-01  0.10000000E+01
 0.77002000E-09  0.67440151E-02  0.00000000E+00  0.13897276E+00  0.00000000E+00  0.00000000E+00  0.17848673E+09  0.00000000E+00  0.00000000E+00  0.00000000E+00  0.00000000E+00  0.00000000E+00  0.10000000E-01  0.10000000E+01
 0.78002000E-09  0.67440151E-02  0.00000000E+00  0.14075763E+00  0.00000000E+00  0.00000000E+00  0.17848673E+09  0.00000000E+00  0.00000000E+00  0.00000000E+00  0.00000000E+00  0.00000000E+00  0.10000000E-01  0.10000000E+01
 0.79002000E-09  0.67440151E-02  0.00000000E+00  0.14254250E+00  0.00000000E+00  0.00000000E+00  0.17848673E+09  0.00000000E+00  0.00000000E+00  0.00000000E+00  0.00000000E+00  0.00000000E+00  0.10000000E-01  0.10000000E+01
 0.80002000E-09  0.67440151E-02  0.00000000E+00  0.14432737E+00  0.00000000E+00  0.00000000E+00  0.17848673E+09  0.00000000E+00  0.00000000E+00  0.00000000E+00  0.00000000E+00  0.00000000E+00  0.10000000E-01  0.10000000E+01
 0.81002000E-09  0.67440151E-02  0.00000000E+00  0.14611223E+00  0.00000000E+00  0.00000000E+00  0.17848673E+09  0.00000000E+00  0.00000000E+00  0.00000000E+00  0.00000000E+00  0.00000000E+00  0.10000000E-01  0.10000000E+01
 0.82002000E-09  0.67440151E-02  0.00000000E+00  0.14789710E+00  0.00000000E+00  0.00000000E+00  0.17848673E+09  0.00000000E+00  0.00000000E+00  0.00000000E+00  0.00000000E+00  0.00000000E+00  0.10000000E-01  0.10000000E+01
 0.83002000E-09  0.67440151E-02  0.00000000E+00  0.14968197E+00  0.00000000E+00  0.00000000E+00  0.17848673E+09  0.00000000E+00  0.00000000E+00  0.00000000E+00  0.00000000E+00  0.00000000E+00  0.10000000E-01  0.10000000E+01
 0.84002000E-09  0.67440151E-02  0.00000000E+00  0.15146684E+00  0.00000000E+00  0.00000000E+00  0.17848673E+09  0.00000000E+00  0.00000000E+00  0.00000000E+00  0.00000000E+00  0.00000000E+00  0.10000000E-01  0.10000000E+01
 0.85002000E-09  0.67440151E-02  0.00000000E+00  0.15325170E+00  0.00000000E+00  0.00000000E+00  0.17848673E+09  0.00000000E+00  0.00000000E+00  0.00000000E+00  0.00000000E+00  0.00000000E+00  0.10000000E-01  0.10000000E+01
 0.86002000E-09  0.67440151E-02  0.00000000E+00  0.15503657E+00  0.00000000E+00  0.00000000E+00  0.17848673E+09  0.00000000E+00  0.00000000E+00  0.00000000E+00  0.00000000E+00  0.00000000E+00  0.10000000E-01  0.10000000E+01
 0.87002000E-09  0.67440151E-02  0.00000000E+00  0.15682144E+00  0.00000000E+00  0.00000000E+00  0.17848673E+09  0.00000000E+00  0.00000000E+00  0.00000000E+00  0.00000000E+00  0.00000000E+00  0.10000000E-01  0.10000000E+01
 0.88002000E-09  0.67440151E-02  0.00000000E+00  0.15860630E+00  0.00000000E+00  0.00000000E+00  0.17848673E+09  0.00000000E+00  0.00000000E+00  0.00000000E+00  0.00000000E+00  0.00000000E+00  0.10000000E-01  0.10000000E+01
 0.89002000E-09  0.67440151E-02  0.00000000E+00  0.16039117E+00  0.00000000E+00  0.00000000E+00  0.17848673E+09  0.00000000E+00  0.00000000E+00  0.00000000E+00  0.00000000E+00  0.00000000E+00  0.10000000E-01  0.10000000E+01
 0.90002000E-09  0.67440151E-02  0.00000000E+00  0.16217604E+00  0.00000000E+00  0.00000000E+00  0.17848673E+09  0.00000000E+00  0.00000000E+00  0.00000000E+00  0.00000000E+00  0.00000000E+00  0.10000000E-01  0.10000000E+01
 0.91002000E-09  0.67440151E-02  0.00000000E+00  0.16396091E+00  0.00000000E+00  0.00000000E+00  0.17848673E+09  0.00000000E+00  0.00000000E+00  0.00000000E+00  0.00000000E+00  0.00000000E+00  0.10000000E-01  0.10000000E+01
 0.92002000E-09  0.67440151E-02  0.00000000E+00  0.16574577E+00  0.00000000E+00  0.00000000E+00  0.17848673E+09  0.00000000E+00  0.00000000E+00  0.00000000E+00  0.00000000E+00  0.00000000E+00  0.10000000E-01  0.10000000E+01
 0.93002000E-09  0.67440151E-02  0.00000000E+00  0.16753064E+00  0.00000000E+00  0.00000000E+00  0.17848673E+09  0.00000000E+00  0.00000000E+00  0.00000000E+00  0.00000000E+00  0.00000000E+00  0.10000000E-01  0.10000000E+01
 0.94002000E-09  0.67440151E-02  0.00000000E+00  0.16931551E+00  0.00000000E+00  0.00000000E+00  0.17848673E+09  0.00000000E+00  0.00000000E+00  0.00000000E+00  0.00000000E+00  0.00000000E+00  0.10000000E-01  0.10000000E+01
 0.95002000E-09  0.67440151E-02  0.00000000E+00  0.17110038E+00  0.00000000E+00  0.00000000E+00  0.17848673E+09  0.00000000E+00  0.00000000E+00  0.00000000E+00  0.00000000E+00  0.00000000E+00  0.10000000E-01  0.10000000E+01
 0.96002000E-09  0.67440151E-02  0.00000000E+00  0.17288524E+00  0.00000000E+00  0.00000000E+00  0.17848673E+09  0.00000000E+00  0.00000000E+00  0.00000000E+00  0.00000000E+00  0.00000000E+00  0.10000000E-01  0.10000000E+01
 0.97002000E-09  0.67440151E-02  0.00000000E+00  0.17467011E+00  0.00000000E+00  0.00000000E+00  0.17848673E+09  0.00000000E+00  0.00000000E+00  0.00000000E+00  0.00000000E+00  0.00000000E+00  0.10000000E-01  0.10000000E+01
 0.98002000E-09  0.67440151E-02  0.00000000E+00  0.17645498E+00  0.00000000E+00  0.00000000E+00  0.17848673E+09  0.00000000E+00  0.00000000E+00  0.00000000E+00  0.00000000E+00  0.00000000E+00  0.10000000E-01  0.10000000E+01
 0.99002000E-09  0.67440151E-02  0.00000000E+00  0.17823984E+00  0.00000000E+00  0.00000000E+00  0.17848673E+09  0.00000000E+00  0.00000000E+00  0.00000000E+00  0.00000000E+00  0.00000000E+00  0.10000000E-01  0.10000000E+01
 0.10000200E-08  0.67440151E-02  0.00000000E+00  0.18002471E+00  0.00000000E+00  0.00000000E+00  0.17848673E+09  0.00000000E+00  0.00000000E+00  0.00000000E+00  0.00000000E+00  0.00000000E+00  0.10000000E-01  0.10000000E+01
 0.10100200E-08  0.67440151E-02  0.00000000E+00  0.18180958E+00  0.00000000E+00  0.00000000E+00  0.17848673E+09  0.00000000E+00  0.00000000E+00  0.00000000E+00  0.00000000E+00  0.00000000E+00  0.10000000E-01  0.10000000E+01
 0.10200200E-08  0.67440151E-02  0.00000000E+00  0.18359445E+00  0.00000000E+00  0.00000000E+00  0.17848673E+09  0.00000000E+00  0.00000000E+00  0.00000000E+00  0.00000000E+00  0.00000000E+00  0.10000000E-01  0.10000000E+01
 0.10300200E-08  0.67440151E-02  0.00000000E+00  0.18537931E+00  0.00000000E+00  0.00000000E+00  0.17848673E+09  0.00000000E+00  0.00000000E+00  0.00000000E+00  0.00000000E+00  0.00000000E+00  0.10000000E-01  0.10000000E+01
 0.10400200E-08  0.67440151E-02  0.00000000E+00  0.18716418E+00  0.00000000E+00  0.00000000E+00  0.17848673E+09  0.00000000E+00  0.00000000E+00  0.00000000E+00  0.00000000E+00  0.00000000E+00  0.10000000E-01  0.10000000E+01
 0.10500200E-08  0.67440151E-02  0.00000000E+00  0.18894905E+00  0.00000000E+00  0.00000000E+00  0.17848673E+09  0.00000000E+00  0.00000000E+00  0.00000000E+00  0.00000000E+00  0.00000000E+00  0.10000000E-01  0.10000000E+01
 0.10600200E-08  0.67440151E-02  0.00000000E+00  0.19073392E+00  0.00000000E+00  0.00000000E+00  0.17848673E+09  0.00000000E+00  0.00000000E+00  0.00000000E+00  0.00000000E+00  0.00000000E+00  0.10000000E-01  0.10000000E+01
 0.10700200E-08  0.67440151E-02  0.00000000E+00  0.19251878E+00  0.00000000E+00  0.00000000E+00  0.17848673E+09  0.00000000E+00  0.00000000E+00  0.00000000E+00  0.00000000E+00  0.00000000E+00  0.10000000E-01  0.10000000E+01
 0.10800200E-08  0.67440151E-02  0.00000000E+00  0.19430365E+00  0.00000000E+00  0.00000000E+00  0.17848673E+09  0.00000000E+00  0.00000000E+00  0.00000000E+00  0.00000000E+00  0.00000000E+00  0.10000000E-01  0.10000000E+01
 0.10900200E-08  0.67440151E-02  0.00000000E+00  0.19608852E+00  0.00000000E+00  0.00000000E+00  0.17848673E+09  0.00000000E+00  0.00000000E+00  0.00000000E+00  0.00000000E+00  0.00000000E+00  0.10000000E-01  0.10000000E+01
 0.11000200E-08  0.67440151E-02  0.00000000E+00  0.19787338E+00  0.00000000E+00  0.00000000E+00  0.17848673E+09  0.00000000E+00  0.00000000E+00  0.00000000E+00  0.00000000E+00  0.00000000E+00  0.10000000E-01  0.10000000E+01
 0.11100200E-08  0.67440151E-02  0.00000000E+00  0.19965825E+00  0.00000000E+00  0.00000000E+00  0.17848673E+09  0.00000000E+00  0.00000000E+00  0.00000000E+00  0.00000000E+00  0.00000000E+00  0.10000000E-01  0.10000000E+01
 0.11200200E-08  0.67440151E-02  0.00000000E+00  0.20144312E+00  0.00000000E+00  0.00000000E+00  0.17848673E+09  0.00000000E+00  0.00000000E+00  0.00000000E+00  0.00000000E+00  0.00000000E+00  0.10000000E-01  0.10000000E+01
 0.11300200E-08  0.67440151E-02  0.00000000E+00  0.20322799E+00  0.00000000E+00  0.00000000E+00  0.17848673E+09  0.00000000E+00  0.00000000E+00  0.00000000E+00  0.00000000E+00  0.00000000E+00  0.10000000E-01  0.10000000E+01
 0.11400200E-08  0.67440151E-02  0.00000000E+00  0.20501285E+00  0.00000000E+00  0.00000000E+00  0.17848673E+09  0.00000000E+00  0.00000000E+00  0.00000000E+00  0.00000000E+00  0.00000000E+00  0.10000000E-01  0.10000000E+01
 0.11500200E-08  0.67440151E-02  0.00000000E+00  0.20679772E+00  0.00000000E+00  0.00000000E+00  0.17848673E+09  0.00000000E+00  0.00000000E+00  0.00000000E+00  0.00000000E+00  0.00000000E+00  0.10000000E-01  0.10000000E+01
 0.11600200E-08  0.67440151E-02  0.00000000E+00  0.20858259E+00  0.00000000E+00  0.00000000E+00  0.17848673E+09  0.00000000E+00  0.00000000E+00  0.00000000E+00  0.00000000E+00  0.00000000E+00  0.10000000E-01  0.10000000E+01
 0.11700200E-08  0.67440151E-02  0.00000000E+00  0.21036746E+00  0.00000000E+00  0.00000000E+00  0.17848673E+09  0.00000000E+00  0.00000000E+00  0.00000000E+00  0.00000000E+00  0.00000000E+00  0.10000000E-01  0.10000000E+01
 0.11800200E-08  0.67440151E-02  0.00000000E+00  0.21215232E+00  0.00000000E+00  0.00000000E+00  0.17848673E+09  0.00000000E+00  0.00000000E+00  0.00000000E+00  0.00000000E+00  0.00000000E+00  0.10000000E-01  0.10000000E+01
 0.11900200E-08  0.67440151E-02  0.00000000E+00  0.21393719E+00  0.00000000E+00  0.00000000E+00  0.17848673E+09  0.00000000E+00  0.00000000E+00  0.00000000E+00  0.00000000E+00  0.00000000E+00  0.10000000E-01  0.10000000E+01
 0.12000200E-08  0.67440151E-02  0.00000000E+00  0.21572206E+00  0.00000000E+00  0.00000000E+00  0.17848673E+09  0.00000000E+00  0.00000000E+00  0.00000000E+00  0.00000000E+00  0.00000000E+00  0.10000000E-01  0.10000000E+01
 0.12100200E-08  0.67440151E-02  0.00000000E+00  0.21750692E+00  0.00000000E+00  0.00000000E+00  0.17848673E+09  0.00000000E+00  0.00000000E+00  0.00000000E+00  0.00000000E+00  0.00000000E+00  0.10000000E-01  0.10000000E+01
 0.12200200E-08  0.67440151E-02  0.00000000E+00  0.21929179E+00  0.00000000E+00  0.00000000E+00  0.17848673E+09  0.00000000E+00  0.00000000E+00  0.00000000E+00  0.00000000E+00  0.00000000E+00  0.10000000E-01  0.10000000E+01
 0.12300200E-08  0.67440151E-02  0.00000000E+00  0.22107666E+00  0.00000000E+00  0.00000000E+00  0.17848673E+09  0.00000000E+00  0.00000000E+00  0.00000000E+00  0.00000000E+00  0.00000000E+00  0.10000000E-01  0.10000000E+01
 0.12400200E-08  0.67440151E-02  0.00000000E+00  0.22286153E+00  0.00000000E+00  0.00000000E+00  0.17848673E+09  0.00000000E+00  0.00000000E+00  0.00000000E+00  0.00000000E+00  0.00000000E+00  0.10000000E-01  0.10000000E+01
 0.12500200E-08  0.67440151E-02  0.00000000E+00  0.22464639E+00  0.00000000E+00  0.00000000E+00  0.17848673E+09  0.00000000E+00  0.00000000E+00  0.00000000E+00  0.00000000E+00  0.00000000E+00  0.10000000E-01  0.10000000E+01
 0.12600200E-08  0.67440151E-02  0.00000000E+00  0.22643126E+00  0.00000000E+00  0.00000000E+00  0.17848673E+09  0.00000000E+00  0.00000000E+00  0.00000000E+00  0.00000000E+00  0.00000000E+00  0.10000000E-01  0.10000000E+01
 0.12700200E-08  0.67440151E-02  0.00000000E+00  0.22821613E+00  0.00000000E+00  0.00000000E+00  0.17848673E+09  0.00000000E+00  0.00000000E+00  0.00000000E+00  0.00000000E+00  0.00000000E+00  0.10000000E-01  0.10000000E+01
 0.12800200E-08  0.67440151E-02  0.00000000E+00  0.23000100E+00  0.00000000E+00  0.00000000E+00  0.17848673E+09  0.00000000E+00  0.00000000E+00  0.00000000E+00  0.00000000E+00  0.00000000E+00  0.10000000E-01  0.10000000E+01
 0.12900200E-08  0.67440151E-02  0.00000000E+00  0.23178586E+00  0.00000000E+00  0.00000000E+00  0.17848673E+09  0.00000000E+00  0.00000000E+00  0.00000000E+00  0.00000000E+00  0.00000000E+00  0.10000000E-01  0.10000000E+01
 0.13000200E-08  0.67440151E-02  0.00000000E+00  0.23357073E+00  0.00000000E+00  0.00000000E+00  0.17848673E+09  0.00000000E+00  0.00000000E+00  0.00000000E+00  0.00000000E+00  0.00000000E+00  0.10000000E-01  0.10000000E+01
 0.13100200E-08  0.67440151E-02  0.00000000E+00  0.23535560E+00  0.00000000E+00  0.00000000E+00  0.17848673E+09  0.00000000E+00  0.00000000E+00  0.00000000E+00  0.00000000E+00  0.00000000E+00  0.10000000E-01  0.10000000E+01
 0.13200200E-08  0.67440151E-02  0.00000000E+00  0.23714047E+00  0.00000000E+00  0.00000000E+00  0.17848673E+09  0.00000000E+00  0.00000000E+00  0.00000000E+00  0.00000000E+00  0.00000000E+00  0.10000000E-01  0.10000000E+01
 0.13300200E-08  0.67440151E-02  0.00000000E+00  0.23892533E+00  0.00000000E+00  0.00000000E+00  0.17848673E+09  0.00000000E+00  0.00000000E+00  0.00000000E+00  0.00000000E+00  0.00000000E+00  0.10000000E-01  0.10000000E+01
 0.13400200E-08  0.67440151E-02  0.00000000E+00  0.24071020E+00  0.00000000E+00  0.00000000E+00  0.17848673E+09  0.00000000E+00  0.00000000E+00  0.00000000E+00  0.00000000E+00  0.00000000E+00  0.10000000E-01  0.10000000E+01
 0.13500200E-08  0.67440151E-02  0.00000000E+00  0.24249507E+00  0.00000000E+00  0.00000000E+00  0.17848673E+09  0.00000000E+00  0.00000000E+00  0.00000000E+00  0.00000000E+00  0.00000000E+00  0.10000000E-01  0.10000000E+01
 0.13600200E-08  0.67440151E-02  0.00000000E+00  0.24427993E+00  0.00000000E+00  0.00000000E+00  0.17848673E+09  0.00000000E+00  0.00000000E+00  0.00000000E+00  0.00000000E+00  0.00000000E+00  0.10000000E-01  0.10000000E+01
 0.13700200E-08  0.67440151E-02  0.00000000E+00  0.24606480E+00  0.00000000E+00  0.00000000E+00  0.17848673E+09  0.00000000E+00  0.00000000E+00  0.00000000E+00  0.00000000E+00  0.00000000E+00  0.10000000E-01  0.10000000E+01
 0.13800200E-08  0.67440151E-02  0.00000000E+00  0.24784967E+00  0.00000000E+00  0.00000000E+00  0.17848673E+09  0.00000000E+00  0.00000000E+00  0.00000000E+00  0.00000000E+00  0.00000000E+00  0.10000000E-01  0.10000000E+01
 0.13900200E-08  0.67440151E-02  0.00000000E+00  0.24963454E+00  0.00000000E+00  0.00000000E+00  0.17848673E+09  0.00000000E+00  0.00000000E+00  0.00000000E+00  0.00000000E+00  0.00000000E+00  0.10000000E-01  0.10000000E+01
 0.14000200E-08  0.67440151E-02  0.00000000E+00  0.25141940E+00  0.00000000E+00  0.00000000E+00  0.17848673E+09  0.00000000E+00  0.00000000E+00  0.00000000E+00  0.00000000E+00  0.00000000E+00  0.10000000E-01  0.10000000E+01
 0.14100200E-08  0.67440151E-02  0.00000000E+00  0.25320427E+00  0.00000000E+00  0.00000000E+00  0.17848673E+09  0.00000000E+00  0.00000000E+00  0.00000000E+00  0.00000000E+00  0.00000000E+00  0.10000000E-01  0.10000000E+01
 0.14200200E-08  0.67440151E-02  0.00000000E+00  0.25498914E+00  0.00000000E+00  0.00000000E+00  0.17848673E+09  0.00000000E+00  0.00000000E+00  0.00000000E+00  0.00000000E+00  0.00000000E+00  0.10000000E-01  0.10000000E+01
 0.14300200E-08  0.67440151E-02  0.00000000E+00  0.25677401E+00  0.00000000E+00  0.00000000E+00  0.17848673E+09  0.00000000E+00  0.00000000E+00  0.00000000E+00  0.00000000E+00  0.00000000E+00  0.10000000E-01  0.10000000E+01
 0.14400200E-08  0.67440151E-02  0.00000000E+00  0.25855887E+00  0.00000000E+00  0.00000000E+00  0.17848673E+09  0.00000000E+00  0.00000000E+00  0.00000000E+00  0.00000000E+00  0.00000000E+00  0.10000000E-01  0.10000000E+01
 0.14500200E-08  0.67440151E-02  0.00000000E+00  0.26034374E+00  0.00000000E+00  0.00000000E+00  0.17848673E+09  0.00000000E+00  0.00000000E+00  0.00000000E+00  0.00000000E+00  0.00000000E+00  0.10000000E-01  0.10000000E+01
 0.14600200E-08  0.67440151E-02  0.00000000E+00  0.26212861E+00  0.00000000E+00  0.00000000E+00  0.17848673E+09  0.00000000E+00  0.00000000E+00  0.00000000E+00  0.00000000E+00  0.00000000E+00  0.10000000E-01  0.10000000E+01
 0.14700200E-08  0.67440151E-02  0.00000000E+00  0.26391347E+00  0.00000000E+00  0.00000000E+00  0.17848673E+09  0.00000000E+00  0.00000000E+00  0.00000000E+00  0.00000000E+00  0.00000000E+00  0.10000000E-01  0.10000000E+01
 0.14800200E-08  0.67440151E-02  0.00000000E+00  0.26569834E+00  0.00000000E+00  0.00000000E+00  0.17848673E+09  0.00000000E+00  0.00000000E+00  0.00000000E+00  0.00000000E+00  0.00000000E+00  0.10000000E-01  0.10000000E+01
 0.14900200E-08  0.67440151E-02  0.00000000E+00  0.26748321E+00  0.00000000E+00  0.00000000E+00  0.17848673E+09  0.00000000E+00  0.00000000E+00  0.00000000E+00  0.00000000E+00  0.00000000E+00  0.10000000E-01  0.10000000E+01
 0.15000200E-08  0.67440151E-02  0.00000000E+00  0.26926808E+00  0.00000000E+00  0.00000000E+00  0.17848673E+09  0.00000000E+00  0.00000000E+00  0.00000000E+00  0.00000000E+00  0.00000000E+00  0.10000000E-01  0.10000000E+01
 0.15100200E-08  0.67440151E-02  0.00000000E+00  0.27105294E+00  0.00000000E+00  0.00000000E+00  0.17848673E+09  0.00000000E+00  0.00000000E+00  0.00000000E+00  0.00000000E+00  0.00000000E+00  0.10000000E-01  0.10000000E+01
 0.15200200E-08  0.67440151E-02  0.00000000E+00  0.27283781E+00  0.00000000E+00  0.00000000E+00  0.17848673E+09  0.00000000E+00  0.00000000E+00  0.00000000E+00  0.00000000E+00  0.00000000E+00  0.10000000E-01  0.10000000E+01
 0.15300200E-08  0.67440151E-02  0.00000000E+00  0.27462268E+00  0.00000000E+00  0.00000000E+00  0.17848673E+09  0.00000000E+00  0.00000000E+00  0.00000000E+00  0.00000000E+00  0.00000000E+00  0.10000000E-01  0.10000000E+01
 0.15400200E-08  0.67440151E-02  0.00000000E+00  0.27640755E+00  0.00000000E+00  0.00000000E+00  0.17848673E+09  0.00000000E+00  0.00000000E+00  0.00000000E+00  0.00000000E+00  0.00000000E+00  0.10000000E-01  0.10000000E+01
 0.15500200E-08  0.67440151E-02  0.00000000E+00  0.27819241E+00  0.00000000E+00  0.00000000E+00  0.17848673E+09  0.00000000E+00  0.00000000E+00  0.00000000E+00  0.00000000E+00  0.00000000E+00  0.10000000E-01  0.10000000E+01
 0.15600200E-08  0.67440151E-02  0.00000000E+00  0.27997728E+00  0.00000000E+00  0.00000000E+00  0.17848673E+09  0.00000000E+00  0.00000000E+00  0.00000000E+00  0.00000000E+00  0.00000000E+00  0.10000000E-01  0.10000000E+01
 0.15700200E-08  0.67440151E-02  0.00000000E+00  0.28176215E+00  0.00000000E+00  0.00000000E+00  0.17848673E+09  0.00000000E+00  0.00000000E+00  0.00000000E+00  0.00000000E+00  0.00000000E+00  0.10000000E-01  0.10000000E+01
 0.15800200E-08  0.67440151E-02  0.00000000E+00  0.28354701E+00  0.00000000E+00  0.00000000E+00  0.17848673E+09  0.00000000E+00  0.00000000E+00  0.00000000E+00  0.00000000E+00  0.00000000E+00  0.10000000E-01  0.10000000E+01
 0.15900200E-08  0.67440151E-02  0.00000000E+00  0.28533188E+00  0.00000000E+00  0.00000000E+00  0.17848673E+09  0.00000000E+00  0.00000000E+00  0.00000000E+00  0.00000000E+00  0.00000000E+00  0.10000000E-01  0.10000000E+01
 0.16000200E-08  0.67440151E-02  0.00000000E+00  0.28711675E+00  0.00000000E+00  0.00000000E+00  0.17848673E+09  0.00000000E+00  0.00000000E+00  0.00000000E+00  0.00000000E+00  0.00000000E+00  0.10000000E-01  0.10000000E+01
 0.16100200E-08  0.67440151E-02  0.00000000E+00  0.28890162E+00  0.00000000E+00  0.00000000E+00  0.17848673E+09  0.00000000E+00  0.00000000E+00  0.00000000E+00  0.00000000E+00  0.00000000E+00  0.10000000E-01  0.10000000E+01
 0.16200200E-08  0.67440151E-02  0.00000000E+00  0.29068648E+00  0.00000000E+00  0.00000000E+00  0.17848673E+09  0.00000000E+00  0.00000000E+00  0.00000000E+00  0.00000000E+00  0.00000000E+00  0.10000000E-01  0.10000000E+01
 0.16300200E-08  0.67440151E-02  0.00000000E+00  0.29247135E+00  0.00000000E+00  0.00000000E+00  0.17848673E+09  0.00000000E+00  0.00000000E+00  0.00000000E+00  0.00000000E+00  0.00000000E+00  0.10000000E-01  0.10000000E+01
 0.16400200E-08  0.67440151E-02  0.00000000E+00  0.29425622E+00  0.00000000E+00  0.00000000E+00  0.17848673E+09  0.00000000E+00  0.00000000E+00  0.00000000E+00  0.00000000E+00  0.00000000E+00  0.10000000E-01  0.10000000E+01
 0.16500200E-08  0.67440151E-02  0.00000000E+00  0.29604109E+00  0.00000000E+00  0.00000000E+00  0.17848673E+09  0.00000000E+00  0.00000000E+00  0.00000000E+00  0.00000000E+00  0.00000000E+00  0.10000000E-01  0.10000000E+01
 0.16600200E-08  0.67440151E-02  0.00000000E+00  0.29782595E+00  0.00000000E+00  0.00000000E+00  0.17848673E+09  0.00000000E+00  0.00000000E+00  0.00000000E+00  0.00000000E+00  0.00000000E+00  0.10000000E-01  0.10000000E+01
 0.16700200E-08  0.67440151E-02  0.00000000E+00  0.29961082E+00  0.00000000E+00  0.00000000E+00  0.17848673E+09  0.00000000E+00  0.00000000E+00  0.00000000E+00  0.00000000E+00  0.00000000E+00  0.10000000E-01  0.10000000E+01
 0.16800200E-08  0.67440151E-02  0.00000000E+00  0.30139569E+00  0.00000000E+00  0.00000000E+00  0.17848673E+09  0.00000000E+00  0.00000000E+00  0.00000000E+00  0.00000000E+00  0.00000000E+00  0.10000000E-01  0.10000000E+01
 0.16900200E-08  0.67440151E-02  0.00000000E+00  0.30318055E+00  0.00000000E+00  0.00000000E+00  0.17848673E+09  0.00000000E+00  0.00000000E+00  0.00000000E+00  0.00000000E+00  0.00000000E+00  0.10000000E-01  0.10000000E+01
 0.17000200E-08  0.67440151E-02  0.00000000E+00  0.30496542E+00  0.00000000E+00  0.00000000E+00  0.17848673E+09  0.00000000E+00  0.00000000E+00  0.00000000E+00  0.00000000E+00  0.00000000E+00  0.10000000E-01  0.10000000E+01
 0.17100200E-08  0.67440151E-02  0.00000000E+00  0.30675029E+00  0.00000000E+00  0.00000000E+00  0.17848673E+09  0.00000000E+00  0.00000000E+00  0.00000000E+00  0.00000000E+00  0.00000000E+00  0.10000000E-01  0.10000000E+01
 0.17200200E-08  0.67440151E-02  0.00000000E+00  0.30853516E+00  0.00000000E+00  0.00000000E+00  0.17848673E+09  0.00000000E+00  0.00000000E+00  0.00000000E+00  0.00000000E+00  0.00000000E+00  0.10000000E-01  0.10000000E+01
 0.17300200E-08  0.67440151E-02  0.00000000E+00  0.31032002E+00  0.00000000E+00  0.00000000E+00  0.17848673E+09  0.00000000E+00  0.00000000E+00  0.00000000E+00  0.00000000E+00  0.00000000E+00  0.10000000E-01  0.10000000E+01
 0.17400200E-08  0.67440151E-02  0.00000000E+00  0.31210489E+00  0.00000000E+00  0.00000000E+00  0.17848673E+09  0.00000000E+00  0.00000000E+00  0.00000000E+00  0.00000000E+00  0.00000000E+00  0.10000000E-01  0.10000000E+01
 0.17500200E-08  0.67440151E-02  0.00000000E+00  0.31388976E+00  0.00000000E+00  0.00000000E+00  0.17848673E+09  0.00000000E+00  0.00000000E+00  0.00000000E+00  0.00000000E+00  0.00000000E+00  0.10000000E-01  0.10000000E+01
 0.17600200E-08  0.67440151E-02  0.00000000E+00  0.31567463E+00  0.00000000E+00  0.00000000E+00  0.17848673E+09  0.00000000E+00  0.00000000E+00  0.00000000E+00  0.00000000E+00  0.00000000E+00  0.10000000E-01  0.10000000E+01
 0.17700200E-08  0.67440151E-02  0.00000000E+00  0.31745949E+00  0.00000000E+00  0.00000000E+00  0.17848673E+09  0.00000000E+00  0.00000000E+00  0.00000000E+00  0.00000000E+00  0.00000000E+00  0.10000000E-01  0.10000000E+01
 0.17800200E-08  0.67440151E-02  0.00000000E+00  0.31924436E+00  0.00000000E+00  0.00000000E+00  0.17848673E+09  0.00000000E+00  0.00000000E+00  0.00000000E+00  0.00000000E+00  0.00000000E+00  0.10000000E-01  0.10000000E+01
 0.17900200E-08  0.67440151E-02  0.00000000E+00  0.32102923E+00  0.00000000E+00  0.00000000E+00  0.17848673E+09  0.00000000E+00  0.00000000E+00  0.00000000E+00  0.00000000E+00  0.00000000E+00  0.10000000E-01  0.10000000E+01
 0.18000200E-08  0.67440151E-02  0.00000000E+00  0.32281410E+00  0.00000000E+00  0.00000000E+00  0.17848673E+09  0.00000000E+00  0.00000000E+00  0.00000000E+00  0.00000000E+00  0.00000000E+00  0.10000000E-01  0.10000000E+01
 0.18100200E-08  0.67440151E-02  0.00000000E+00  0.32459896E+00  0.00000000E+00  0.00000000E+00  0.17848673E+09  0.00000000E+00  0.00000000E+00  0.00000000E+00  0.00000000E+00  0.00000000E+00  0.10000000E-01  0.10000000E+01
 0.18200200E-08  0.67440151E-02  0.00000000E+00  0.32638383E+00  0.00000000E+00  0.00000000E+00  0.17848673E+09  0.00000000E+00  0.00000000E+00  0.00000000E+00  0.00000000E+00  0.00000000E+00  0.10000000E-01  0.10000000E+01
 0.18300200E-08  0.67440151E-02  0.00000000E+00  0.32816870E+00  0.00000000E+00  0.00000000E+00  0.17848673E+09  0.00000000E+00  0.00000000E+00  0.00000000E+00  0.00000000E+00  0.00000000E+00  0.10000000E-01  0.10000000E+01
 0.18400200E-08  0.67440151E-02  0.00000000E+00  0.32995356E+00  0.00000000E+00  0.00000000E+00  0.17848673E+09  0.00000000E+00  0.00000000E+00  0.00000000E+00  0.00000000E+00  0.00000000E+00  0.10000000E-01  0.10000000E+01
 0.18500200E-08  0.67440151E-02  0.00000000E+00  0.33173843E+00  0.00000000E+00  0.00000000E+00  0.17848673E+09  0.00000000E+00  0.00000000E+00  0.00000000E+00  0.00000000E+00  0.00000000E+00  0.10000000E-01  0.10000000E+01
 0.18600200E-08  0.67440151E-02  0.00000000E+00  0.33352330E+00  0.00000000E+00  0.00000000E+00  0.17848673E+09  0.00000000E+00  0.00000000E+00  0.00000000E+00  0.00000000E+00  0.00000000E+00  0.10000000E-01  0.10000000E+01
 0.18700200E-08  0.67440151E-02  0.00000000E+00  0.33530817E+00  0.00000000E+00  0.00000000E+00  0.17848673E+09  0.00000000E+00  0.00000000E+00  0.00000000E+00  0.00000000E+00  0.00000000E+00  0.10000000E-01  0.10000000E+01
 0.18800200E-08  0.67440151E-02  0.00000000E+00  0.33709303E+00  0.00000000E+00  0.00000000E+00  0.17848673E+09  0.00000000E+00  0.00000000E+00  0.00000000E+00  0.00000000E+00  0.00000000E+00  0.10000000E-01  0.10000000E+01
 0.18900200E-08  0.67440151E-02  0.00000000E+00  0.33887790E+00  0.00000000E+00  0.00000000E+00  0.17848673E+09  0.00000000E+00  0.00000000E+00  0.00000000E+00  0.00000000E+00  0.00000000E+00  0.10000000E-01  0.10000000E+01
 0.19000200E-08  0.67440151E-02  0.00000000E+00  0.34066277E+00  0.00000000E+00  0.00000000E+00  0.17848673E+09  0.00000000E+00  0.00000000E+00  0.00000000E+00  0.00000000E+00  0.00000000E+00  0.10000000E-01  0.10000000E+01
 0.19100200E-08  0.67440151E-02  0.00000000E+00  0.34244764E+00  0.00000000E+00  0.00000000E+00  0.17848673E+09  0.00000000E+00  0.00000000E+00  0.00000000E+00  0.00000000E+00  0.00000000E+00  0.10000000E-01  0.10000000E+01
 0.19200200E-08  0.67440151E-02  0.00000000E+00  0.34423250E+00  0.00000000E+00  0.00000000E+00  0.17848673E+09  0.00000000E+00  0.00000000E+00  0.00000000E+00  0.00000000E+00  0.00000000E+00  0.10000000E-01  0.10000000E+01
 0.19300200E-08  0.67440151E-02  0.00000000E+00  0.34601737E+00  0.00000000E+00  0.00000000E+00  0.17848673E+09  0.00000000E+00  0.00000000E+00  0.00000000E+00  0.00000000E+00  0.00000000E+00  0.10000000E-01  0.10000000E+01
 0.19400200E-08  0.67440151E-02  0.00000000E+00  0.34780224E+00  0.00000000E+00  0.00000000E+00  0.17848673E+09  0.00000000E+00  0.00000000E+00  0.00000000E+00  0.00000000E+00  0.00000000E+00  0.10000000E-01  0.10000000E+01
 0.19500200E-08  0.67440151E-02  0.00000000E+00  0.34958710E+00  0.00000000E+00  0.00000000E+00  0.17848673E+09  0.00000000E+00  0.00000000E+00  0.00000000E+00  0.00000000E+00  0.00000000E+00  0.10000000E-01  0.10000000E+01
 0.19600200E-08  0.67440151E-02  0.00000000E+00  0.35137197E+00  0.00000000E+00  0.00000000E+00  0.17848673E+09  0.00000000E+00  0.00000000E+00  0.00000000E+00  0.00000000E+00  0.00000000E+00  0.10000000E-01  0.10000000E+01
 0.19700200E-08  0.67440151E-02  0.00000000E+00  0.35315684E+00  0.00000000E+00  0.00000000E+00  0.17848673E+09  0.00000000E+00  0.00000000E+00  0.00000000E+00  0.00000000E+00  0.00000000E+00  0.10000000E-01  0.10000000E+01
 0.19800200E-08  0.67440151E-02  0.00000000E+00  0.35494171E+00  0.00000000E+00  0.00000000E+00  0.17848673E+09  0.00000000E+00  0.00000000E+00  0.00000000E+00  0.00000000E+00  0.00000000E+00  0.10000000E-01  0.10000000E+01
 0.19900200E-08  0.67440151E-02  0.00000000E+00  0.35672657E+00  0.00000000E+00  0.00000000E+00  0.17848673E+09  0.00000000E+00  0.00000000E+00  0.00000000E+00  0.00000000E+00  0.00000000E+00  0.10000000E-01  0.10000000E+01
