# ptime xp yp zp vx vy vz ex ey ez bx by bz wt
 0.20000000E-13  0.55338343E-02  0.00000000E+00 -0.14580982E-01  0.00000000E+00  0.00000000E+00  0.19042506E+09  0.00000000E+00  0.00000000E+00  0.00000000E+00  0.00000000E+00  0.00000000E+00  0.10000000E-01  0.10000000E+01
 0.10000000E-10  0.55338343E-02  0.00000000E+00 -0.12680540E-01  0.00000000E+00  0.00000000E+00  0.19042506E+09  0.00000000E+00  0.00000000E+00  0.00000000E+00  0.00000000E+00  0.00000000E+00  0.10000000E-01  0.10000000E+01
 0.20000000E-10  0.55338343E-02  0.00000000E+00 -0.10776290E-01  0.00000000E+00  0.00000000E+00  0.19042506E+09  0.00000000E+00  0.00000000E+00  0.00000000E+00  0.00000000E+00  0.00000000E+00  0.10000000E-01  0.10000000E+01
 0.30000000E-10  0.55338343E-02  0.00000000E+00 -0.88720391E-02  0.00000000E+00  0.00000000E+00  0.19042506E+09  0.00000000E+00  0.00000000E+00  0.00000000E+00  0.00000000E+00  0.00000000E+00  0.10000000E-01  0.10000000E+01
 0.40020000E-10  0.55338343E-02  0.00000000E+00 -0.69639800E-02  0.00000000E+00  0.00000000E+00  0.19042506E+09  0.00000000E+00  0.00000000E+00  0.00000000E+00  0.00000000E+00  0.00000000E+00  0.10000000E-01  0.10000000E+01
 0.50020000E-10  0.55338343E-02  0.00000000E+00 -0.50597294E-02  0.00000000E+00  0.00000000E+00  0.19042506E+09  0.00000000E+00  0.00000000E+00  0.00000000E+00  0.00000000E+00  0.00000000E+00  0.10000000E-01  0.10000000E+01
 0.60020000E-10  0.55338343E-02  0.00000000E+00 -0.31554788E-02  0.00000000E+00  0.00000000E+00  0.19042506E+09  0.00000000E+00  0.00000000E+00  0.00000000E+00  0.00000000E+00  0.00000000E+00  0.10000000E-01  0.10000000E+01
 0.70020000E-10  0.55338343E-02  0.00000000E+00 -0.12512282E-02  0.00000000E+00  0.00000000E+00  0.19042506E+09  0.00000000E+00  0.00000000E+00  0.00000000E+00  0.00000000E+00  0.00000000E+00  0.10000000E-01  0.10000000E+01
 0.80000000E-10  0.55338343E-02  0.00000000E+00  0.64921396E-03  0.00000000E+00  0.00000000E+00  0.19042506E+09  0.00000000E+00  0.00000000E+00  0.00000000E+00  0.00000000E+00  0.00000000E+00  0.10000000E-01  0.10000000E+01
 0.90000000E-10  0.55338343E-02  0.00000000E+00  0.25534646E-02  0.00000000E+00  0.00000000E+00  0.19042506E+09  0.00000000E+00  0.00000000E+00  0.00000000E+00  0.00000000E+00  0.00000000E+00  0.10000000E-01  0.10000000E+01
 0.10000000E-09  0.55338343E-02  0.00000000E+00  0.44577152E-02  0.00000000E+00  0.00000000E+00  0.19042506E+09  0.00000000E+00  0.00000000E+00  0.00000000E+00  0.00000000E+00  0.00000000E+00  0.10000000E-01  0.10000000E+01
 0.11000000E-09  0.55338343E-02  0.00000000E+00  0.63619658E-02  0.00000000E+00  0.00000000E+00  0.19042506E+09  0.00000000E+00  0.00000000E+00  0.00000000E+00  0.00000000E+00  0.00000000E+00  0.10000000E-01  0.10000000E+01
 0.12000000E-09  0.55338343E-02  0.00000000E+00  0.82662164E-02  0.00000000E+00  0.00000000E+00  0.19042506E+09  0.00000000E+00  0.00000000E+00  0.00000000E+00  0.00000000E+00  0.00000000E+00  0.10000000E-01  0.10000000E+01
 0.13000000E-09  0.55338343E-02  0.00000000E+00  0.10170467E-01  0.00000000E+00  0.00000000E+00  0.19042506E+09  0.00000000E+00  0.00000000E+00  0.00000000E+00  0.00000000E+00  0.00000000E+00  0.10000000E-01  0.10000000E+01
 0.14002000E-09  0.55338343E-02  0.00000000E+00  0.12078526E-01  0.00000000E+00  0.00000000E+00  0.19042506E+09  0.00000000E+00  0.00000000E+00  0.00000000E+00  0.00000000E+00  0.00000000E+00  0.10000000E-01  0.10000000E+01
 0.15002000E-09  0.55338343E-02  0.00000000E+00  0.13982777E-01  0.00000000E+00  0.00000000E+00  0.19042506E+09  0.00000000E+00  0.00000000E+00  0.00000000E+00  0.00000000E+00  0.00000000E+00  0.10000000E-01  0.10000000E+01
 0.16002000E-09  0.55338343E-02  0.00000000E+00  0.15887027E-01  0.00000000E+00  0.00000000E+00  0.19042506E+09  0.00000000E+00  0.00000000E+00  0.00000000E+00  0.00000000E+00  0.00000000E+00  0.10000000E-01  0.10000000E+01
 0.17002000E-09  0.55338343E-02  0.00000000E+00  0.17791278E-01  0.00000000E+00  0.00000000E+00  0.19042506E+09  0.00000000E+00  0.00000000E+00  0.00000000E+00  0.00000000E+00  0.00000000E+00  0.10000000E-01  0.10000000E+01
 0.18002000E-09  0.55338343E-02  0.00000000E+00  0.19695529E-01  0.00000000E+00  0.00000000E+00  0.19042506E+09  0.00000000E+00  0.00000000E+00  0.00000000E+00  0.00000000E+00  0.00000000E+00  0.10000000E-01  0.10000000E+01
 0.19002000E-09  0.55338343E-02  0.00000000E+00  0.21599779E-01  0.00000000E+00  0.00000000E+00  0.19042506E+09  0.00000000E+00  0.00000000E+00  0.00000000E+00  0.00000000E+00  0.00000000E+00  0.10000000E-01  0.10000000E+01
 0.20002000E-09  0.55338343E-02  0.00000000E+00  0.23504030E-01  0.00000000E+00  0.00000000E+00  0.19042506E+09  0.00000000E+00  0.00000000E+00  0.00000000E+00  0.00000000E+00  0.00000000E+00  0.10000000E-01  0.10000000E+01
 0.21002000E-09  0.55338343E-02  0.00000000E+00  0.25408281E-01  0.00000000E+00  0.00000000E+00  0.19042506E+09  0.00000000E+00  0.00000000E+00  0.00000000E+00  0.00000000E+00  0.00000000E+00  0.10000000E-01  0.10000000E+01
 0.22002000E-09  0.55338343E-02  0.00000000E+00  0.27312531E-01  0.00000000E+00  0.00000000E+00  0.19042506E+09  0.00000000E+00  0.00000000E+00  0.00000000E+00  0.00000000E+00  0.00000000E+00  0.10000000E-01  0.10000000E+01
 0.23002000E-09  0.55338343E-02  0.00000000E+00  0.29216782E-01  0.00000000E+00  0.00000000E+00  0.19042506E+09  0.00000000E+00  0.00000000E+00  0.00000000E+00  0.00000000E+00  0.00000000E+00  0.10000000E-01  0.10000000E+01
 0.24002000E-09  0.55338343E-02  0.00000000E+00  0.31121032E-01  0.00000000E+00  0.00000000E+00  0.19042506E+09  0.00000000E+00  0.00000000E+00  0.00000000E+00  0.00000000E+00  0.00000000E+00  0.10000000E-01  0.10000000E+01
 0.25002000E-09  0.55338343E-02  0.00000000E+00  0.33025283E-01  0.00000000E+00  0.00000000E+00  0.19042506E+09  0.00000000E+00  0.00000000E+00  0.00000000E+00  0.00000000E+00  0.00000000E+00  0.10000000E-01  0.10000000E+01
 0.26002000E-09  0.55338343E-02  0.00000000E+00  0.34929534E-01  0.00000000E+00  0.00000000E+00  0.19042506E+09  0.00000000E+00  0.00000000E+00  0.00000000E+00  0.00000000E+00  0.00000000E+00  0.10000000E-01  0.10000000E+01
 0.27002000E-09  0.55338343E-02  0.00000000E+00  0.36833784E-01  0.00000000E+00  0.00000000E+00  0.19042506E+09  0.00000000E+00  0.00000000E+00  0.00000000E+00  0.00000000E+00  0.00000000E+00  0.10000000E-01  0.10000000E+01
 0.28002000E-09  0.55338343E-02  0.00000000E+00  0.38738035E-01  0.00000000E+00  0.00000000E+00  0.19042506E+09  0.00000000E+00  0.00000000E+00  0.00000000E+00  0.00000000E+00  0.00000000E+00  0.10000000E-01  0.10000000E+01
 0.29002000E-09  0.55338343E-02  0.00000000E+00  0.40642285E-01  0.00000000E+00  0.00000000E+00  0.19042506E+09  0.00000000E+00  0.00000000E+00  0.00000000E+00  0.00000000E+00  0.00000000E+00  0.10000000E-01  0.10000000E+01
 0.30000000E-09  0.55338343E-02  0.00000000E+00  0.42542728E-01  0.00000000E+00  0.00000000E+00  0.19042506E+09  0.00000000E+00  0.00000000E+00  0.00000000E+00  0.00000000E+00  0.00000000E+00  0.10000000E-01  0.10000000E+01
 0.31000000E-09  0.55338343E-02  0.00000000E+00  0.44446978E-01  0.00000000E+00  0.00000000E+00  0.19042506E+09  0.00000000E+00  0.00000000E+00  0.00000000E+00  0.00000000E+00  0.00000000E+00  0.10000000E-01  0.10000000E+01
 0.32000000E-09  0.55338343E-02  0.00000000E+00  0.46351229E-01  0.00000000E+00  0.00000000E+00  0.19042506E+09  0.00000000E+00  0.00000000E+00  0.00000000E+00  0.00000000E+00  0.00000000E+00  0.10000000E-01  0.10000000E+01
 0.33000000E-09  0.55338343E-02  0.00000000E+00  0.48255479E-01  0.00000000E+00  0.00000000E+00  0.19042506E+09  0.00000000E+00  0.00000000E+00  0.00000000E+00  0.00000000E+00  0.00000000E+00  0.10000000E-01  0.10000000E+01
 0.34000000E-09  0.55338343E-02  0.00000000E+00  0.50159730E-01  0.00000000E+00  0.00000000E+00  0.19042506E+09  0.00000000E+00  0.00000000E+00  0.00000000E+00  0.00000000E+00  0.00000000E+00  0.10000000E-01  0.10000000E+01
 0.35000000E-09  0.55338343E-02  0.00000000E+00  0.52063981E-01  0.00000000E+00  0.00000000E+00  0.19042506E+09  0.00000000E+00  0.00000000E+00  0.00000000E+00  0.00000000E+00  0.00000000E+00  0.10000000E-01  0.10000000E+01
 0.36000000E-09  0.55338343E-02  0.00000000E+00  0.53968231E-01  0.00000000E+00  0.00000000E+00  0.19042506E+09  0.00000000E+00  0.00000000E+00  0.00000000E+00  0.00000000E+00  0.00000000E+00  0.10000000E-01  0.10000000E+01
 0.37000000E-09  0.55338343E-02  0.00000000E+00  0.55872482E-01  0.00000000E+00  0.00000000E+00  0.19042506E+09  0.00000000E+00  0.00000000E+00  0.00000000E+00  0.00000000E+00  0.00000000E+00  0.10000000E-01  0.10000000E+01
 0.38000000E-09  0.55338343E-02  0.00000000E+00  0.57776733E-01  0.00000000E+00  0.00000000E+00  0.19042506E+09  0.00000000E+00  0.00000000E+00  0.00000000E+00  0.00000000E+00  0.00000000E+00  0.10000000E-01  0.10000000E+01
 0.39000000E-09  0.55338343E-02  0.00000000E+00  0.59680983E-01  0.00000000E+00  0.00000000E+00  0.19042506E+09  0.00000000E+00  0.00000000E+00  0.00000000E+00  0.00000000E+00  0.00000000E+00  0.10000000E-01  0.10000000E+01
 0.40000000E-09  0.55338343E-02  0.00000000E+00  0.61585234E-01  0.00000000E+00  0.00000000E+00  0.19042506E+09  0.00000000E+00  0.00000000E+00  0.00000000E+00  0.00000000E+00  0.00000000E+00  0.10000000E-01  0.10000000E+01
 0.41000000E-09  0.55338343E-02  0.00000000E+00  0.63489484E-01  0.00000000E+00  0.00000000E+00  0.19042506E+09  0.00000000E+00  0.00000000E+00  0.00000000E+00  0.00000000E+00  0.00000000E+00  0.10000000E-01  0.10000000E+01
 0.42000000E-09  0.55338343E-02  0.00000000E+00  0.65393735E-01  0.00000000E+00  0.00000000E+00  0.19042506E+09  0.00000000E+00  0.00000000E+00  0.00000000E+00  0.00000000E+00  0.00000000E+00  0.10000000E-01  0.10000000E+01
 0.43000000E-09  0.55338343E-02  0.00000000E+00  0.67297986E-01  0.00000000E+00  0.00000000E+00  0.19042506E+09  0.00000000E+00  0.00000000E+00  0.00000000E+00  0.00000000E+00  0.00000000E+00  0.10000000E-01  0.10000000E+01
 0.44000000E-09  0.55338343E-02  0.00000000E+00  0.69202236E-01  0.00000000E+00  0.00000000E+00  0.19042506E+09  0.00000000E+00  0.00000000E+00  0.00000000E+00  0.00000000E+00  0.00000000E+00  0.10000000E-01  0.10000000E+01
 0.45000000E-09  0.55338343E-02  0.00000000E+00  0.71106487E-01  0.00000000E+00  0.00000000E+00  0.19042506E+09  0.00000000E+00  0.00000000E+00  0.00000000E+00  0.00000000E+00  0.00000000E+00  0.10000000E-01  0.10000000E+01
 0.46000000E-09  0.55338343E-02  0.00000000E+00  0.73010738E-01  0.00000000E+00  0.00000000E+00  0.19042506E+09  0.00000000E+00  0.00000000E+00  0.00000000E+00  0.00000000E+00  0.00000000E+00  0.10000000E-01  0.10000000E+01
 0.47000000E-09  0.55338343E-02  0.00000000E+00  0.74914988E-01  0.00000000E+00  0.00000000E+00  0.19042506E+09  0.00000000E+00  0.00000000E+00  0.00000000E+00  0.00000000E+00  0.00000000E+00  0.10000000E-01  0.10000000E+01
 0.48000000E-09  0.55338343E-02  0.00000000E+00  0.76819239E-01  0.00000000E+00  0.00000000E+00  0.19042506E+09  0.00000000E+00  0.00000000E+00  0.00000000E+00  0.00000000E+00  0.00000000E+00  0.10000000E-01  0.10000000E+01
 0.49000000E-09  0.55338343E-02  0.00000000E+00  0.78723489E-01  0.00000000E+00  0.00000000E+00  0.19042506E+09  0.00000000E+00  0.00000000E+00  0.00000000E+00  0.00000000E+00  0.00000000E+00  0.10000000E-01  0.10000000E+01
 0.50000000E-09  0.55338343E-02  0.00000000E+00  0.80627740E-01  0.00000000E+00  0.00000000E+00  0.19042506E+09  0.00000000E+00  0.00000000E+00  0.00000000E+00  0.00000000E+00  0.00000000E+00  0.10000000E-01  0.10000000E+01
 0.51000000E-09  0.55338343E-02  0.00000000E+00  0.82531991E-01  0.00000000E+00  0.00000000E+00  0.19042506E+09  0.00000000E+00  0.00000000E+00  0.00000000E+00  0.00000000E+00  0.00000000E+00  0.10000000E-01  0.10000000E+01
 0.52000000E-09  0.55338343E-02  0.00000000E+00  0.84436241E-01  0.00000000E+00  0.00000000E+00  0.19042506E+09  0.00000000E+00  0.00000000E+00  0.00000000E+00  0.00000000E+00  0.00000000E+00  0.10000000E-01  0.10000000E+01
 0.53000000E-09  0.55338343E-02  0.00000000E+00  0.86340492E-01  0.00000000E+00  0.00000000E+00  0.19042506E+09  0.00000000E+00  0.00000000E+00  0.00000000E+00  0.00000000E+00  0.00000000E+00  0.10000000E-01  0.10000000E+01
 0.54000000E-09  0.55338343E-02  0.00000000E+00  0.88244742E-01  0.00000000E+00  0.00000000E+00  0.19042506E+09  0.00000000E+00  0.00000000E+00  0.00000000E+00  0.00000000E+00  0.00000000E+00  0.10000000E-01  0.10000000E+01
 0.55002000E-09  0.55338343E-02  0.00000000E+00  0.90152802E-01  0.00000000E+00  0.00000000E+00  0.19042506E+09  0.00000000E+00  0.00000000E+00  0.00000000E+00  0.00000000E+00  0.00000000E+00  0.10000000E-01  0.10000000E+01
 0.56002000E-09  0.55338343E-02  0.00000000E+00  0.92057052E-01  0.00000000E+00  0.00000000E+00  0.19042506E+09  0.00000000E+00  0.00000000E+00  0.00000000E+00  0.00000000E+00  0.00000000E+00  0.10000000E-01  0.10000000E+01
 0.57002000E-09  0.55338343E-02  0.00000000E+00  0.93961303E-01  0.00000000E+00  0.00000000E+00  0.19042506E+09  0.00000000E+00  0.00000000E+00  0.00000000E+00  0.00000000E+00  0.00000000E+00  0.10000000E-01  0.10000000E+01
 0.58002000E-09  0.55338343E-02  0.00000000E+00  0.95865553E-01  0.00000000E+00  0.00000000E+00  0.19042506E+09  0.00000000E+00  0.00000000E+00  0.00000000E+00  0.00000000E+00  0.00000000E+00  0.10000000E-01  0.10000000E+01
 0.59002000E-09  0.55338343E-02  0.00000000E+00  0.97769804E-01  0.00000000E+00  0.00000000E+00  0.19042506E+09  0.00000000E+00  0.00000000E+00  0.00000000E+00  0.00000000E+00  0.00000000E+00  0.10000000E-01  0.10000000E+01
 0.60002000E-09  0.55338343E-02  0.00000000E+00  0.99674055E-01  0.00000000E+00  0.00000000E+00  0.19042506E+09  0.00000000E+00  0.00000000E+00  0.00000000E+00  0.00000000E+00  0.00000000E+00  0.10000000E-01  0.10000000E+01
 0.61002000E-09  0.55338343E-02  0.00000000E+00  0.10157831E+00  0.00000000E+00  0.00000000E+00  0.19042506E+09  0.00000000E+00  0.00000000E+00  0.00000000E+00  0.00000000E+00  0.00000000E+00  0.10000000E-01  0.10000000E+01
 0.62002000E-09  0.55338343E-02  0.00000000E+00  0.10348256E+00  0.00000000E+00  0.00000000E+00  0.19042506E+09  0.00000000E+00  0.00000000E+00  0.00000000E+00  0.00000000E+00  0.00000000E+00  0.10000000E-01  0.10000000E+01
 0.63002000E-09  0.55338343E-02  0.00000000E+00  0.10538681E+00  0.00000000E+00  0.00000000E+00  0.19042506E+09  0.00000000E+00  0.00000000E+00  0.00000000E+00  0.00000000E+00  0.00000000E+00  0.10000000E-01  0.10000000E+01
 0.64002000E-09  0.55338343E-02  0.00000000E+00  0.10729106E+00  0.00000000E+00  0.00000000E+00  0.19042506E+09  0.00000000E+00  0.00000000E+00  0.00000000E+00  0.00000000E+00  0.00000000E+00  0.10000000E-01  0.10000000E+01
 0.65002000E-09  0.55338343E-02  0.00000000E+00  0.10919531E+00  0.00000000E+00  0.00000000E+00  0.19042506E+09  0.00000000E+00  0.00000000E+00  0.00000000E+00  0.00000000E+00  0.00000000E+00  0.10000000E-01  0.10000000E+01
 0.66002000E-09  0.55338343E-02  0.00000000E+00  0.11109956E+00  0.00000000E+00  0.00000000E+00  0.19042506E+09  0.00000000E+00  0.00000000E+00  0.00000000E+00  0.00000000E+00  0.00000000E+00  0.10000000E-01  0.10000000E+01
 0.67002000E-09  0.55338343E-02  0.00000000E+00  0.11300381E+00  0.00000000E+00  0.00000000E+00  0.19042506E+09  0.00000000E+00  0.00000000E+00  0.00000000E+00  0.00000000E+00  0.00000000E+00  0.10000000E-01  0.10000000E+01
 0.68002000E-09  0.55338343E-02  0.00000000E+00  0.11490806E+00  0.00000000E+00  0.00000000E+00  0.19042506E+09  0.00000000E+00  0.00000000E+00  0.00000000E+00  0.00000000E+00  0.00000000E+00  0.10000000E-01  0.10000000E+01
 0.69002000E-09  0.55338343E-02  0.00000000E+00  0.11681231E+00  0.00000000E+00  0.00000000E+00  0.19042506E+09  0.00000000E+00  0.00000000E+00  0.00000000E+00  0.00000000E+00  0.00000000E+00  0.10000000E-01  0.10000000E+01
 0.70002000E-09  0.55338343E-02  0.00000000E+00  0.11871656E+00  0.00000000E+00  0.00000000E+00  0.19042506E+09  0.00000000E+00  0.00000000E+00  0.00000000E+00  0.00000000E+00  0.00000000E+00  0.10000000E-01  0.10000000E+01
 0.71002000E-09  0.55338343E-02  0.00000000E+00  0.12062081E+00  0.00000000E+00  0.00000000E+00  0.19042506E+09  0.00000000E+00  0.00000000E+00  0.00000000E+00  0.00000000E+00  0.00000000E+00  0.10000000E-01  0.10000000E+01
 0.72002000E-09  0.55338343E-02  0.00000000E+00  0.12252506E+00  0.00000000E+00  0.00000000E+00  0.19042506E+09  0.00000000E+00  0.00000000E+00  0.00000000E+00  0.00000000E+00  0.00000000E+00  0.10000000E-01  0.10000000E+01
 0.73002000E-09  0.55338343E-02  0.00000000E+00  0.12442931E+00  0.00000000E+00  0.00000000E+00  0.19042506E+09  0.00000000E+00  0.00000000E+00  0.00000000E+00  0.00000000E+00  0.00000000E+00  0.10000000E-01  0.10000000E+01
 0.74002000E-09  0.55338343E-02  0.00000000E+00  0.12633356E+00  0.00000000E+00  0.00000000E+00  0.19042506E+09  0.00000000E+00  0.00000000E+00  0.00000000E+00  0.00000000E+00  0.00000000E+00  0.10000000E-01  0.10000000E+01
 0.75002000E-09  0.55338343E-02  0.00000000E+00  0.12823781E+00  0.00000000E+00  0.00000000E+00  0.19042506E+09  0.00000000E+00  0.00000000E+00  0.00000000E+00  0.00000000E+00  0.00000000E+00  0.10000000E-01  0.10000000E+01
 0.76002000E-09  0.55338343E-02  0.00000000E+00  0.13014206E+00  0.00000000E+00  0.00000000E+00  0.19042506E+09  0.00000000E+00  0.00000000E+00  0.00000000E+00  0.00000000E+00  0.00000000E+00  0.10000000E-01  0.10000000E+01
 0.77002000E-09  0.55338343E-02  0.00000000E+00  0.13204632E+00  0.00000000E+00  0.00000000E+00  0.19042506E+09  0.00000000E+00  0.00000000E+00  0.00000000E+00  0.00000000E+00  0.00000000E+00  0.10000000E-01  0.10000000E+01
 0.78002000E-09  0.55338343E-02  0.00000000E+00  0.13395057E+00  0.00000000E+00  0.00000000E+00  0.19042506E+09  0.00000000E+00  0.00000000E+00  0.00000000E+00  0.00000000E+00  0.00000000E+00  0.10000000E-01  0.10000000E+01
 0.79002000E-09  0.55338343E-02  0.00000000E+00  0.13585482E+00  0.00000000E+00  0.00000000E+00  0.19042506E+09  0.00000000E+00  0.00000000E+00  0.00000000E+00  0.00000000E+00  0.00000000E+00  0.10000000E-01  0.10000000E+01
 0.80002000E-09  0.55338343E-02  0.00000000E+00  0.13775907E+00  0.00000000E+00  0.00000000E+00  0.19042506E+09  0.00000000E+00  0.00000000E+00  0.00000000E+00  0.00000000E+00  0.00000000E+00  0.10000000E-01  0.10000000E+01
 0.81002000E-09  0.55338343E-02  0.00000000E+00  0.13966332E+00  0.00000000E+00  0.00000000E+00  0.19042506E+09  0.00000000E+00  0.00000000E+00  0.00000000E+00  0.00000000E+00  0.00000000E+00  0.10000000E-01  0.10000000E+01
 0.82002000E-09  0.55338343E-02  0.00000000E+00  0.14156757E+00  0.00000000E+00  0.00000000E+00  0.19042506E+09  0.00000000E+00  0.00000000E+00  0.00000000E+00  0.00000000E+00  0.00000000E+00  0.10000000E-01  0.10000000E+01
 0.83002000E-09  0.55338343E-02  0.00000000E+00  0.14347182E+00  0.00000000E+00  0.00000000E+00  0.19042506E+09  0.00000000E+00  0.00000000E+00  0.00000000E+00  0.00000000E+00  0.00000000E+00  0.10000000E-01  0.10000000E+01
 0.84002000E-09  0.55338343E-02  0.00000000E+00  0.14537607E+00  0.00000000E+00  0.00000000E+00  0.19042506E+09  0.00000000E+00  0.00000000E+00  0.00000000E+00  0.00000000E+00  0.00000000E+00  0.10000000E-01  0.10000000E+01
 0.85002000E-09  0.55338343E-02  0.00000000E+00  0.14728032E+00  0.00000000E+00  0.00000000E+00  0.19042506E+09  0.00000000E+00  0.00000000E+00  0.00000000E+00  0.00000000E+00  0.00000000E+00  0.10000000E-01  0.10000000E+01
 0.86002000E-09  0.55338343E-02  0.00000000E+00  0.14918457E+00  0.00000000E+00  0.00000000E+00  0.19042506E+09  0.00000000E+00  0.00000000E+00  0.00000000E+00  0.00000000E+00  0.00000000E+00  0.10000000E-01  0.10000000E+01
 0.87002000E-09  0.55338343E-02  0.00000000E+00  0.15108882E+00  0.00000000E+00  0.00000000E+00  0.19042506E+09  0.00000000E+00  0.00000000E+00  0.00000000E+00  0.00000000E+00  0.00000000E+00  0.10000000E-01  0.10000000E+01
 0.88002000E-09  0.55338343E-02  0.00000000E+00  0.15299307E+00  0.00000000E+00  0.00000000E+00  0.19042506E+09  0.00000000E+00  0.00000000E+00  0.00000000E+00  0.00000000E+00  0.00000000E+00  0.10000000E-01  0.10000000E+01
 0.89002000E-09  0.55338343E-02  0.00000000E+00  0.15489732E+00  0.00000000E+00  0.00000000E+00  0.19042506E+09  0.00000000E+00  0.00000000E+00  0.00000000E+00  0.00000000E+00  0.00000000E+00  0.10000000E-01  0.10000000E+01
 0.90002000E-09  0.55338343E-02  0.00000000E+00  0.15680157E+00  0.00000000E+00  0.00000000E+00  0.19042506E+09  0.00000000E+00  0.00000000E+00  0.00000000E+00  0.00000000E+00  0.00000000E+00  0.10000000E-01  0.10000000E+01
 0.91002000E-09  0.55338343E-02  0.00000000E+00  0.15870582E+00  0.00000000E+00  0.00000000E+00  0.19042506E+09  0.00000000E+00  0.00000000E+00  0.00000000E+00  0.00000000E+00  0.00000000E+00  0.10000000E-01  0.10000000E+01
 0.92002000E-09  0.55338343E-02  0.00000000E+00  0.16061007E+00  0.00000000E+00  0.00000000E+00  0.19042506E+09  0.00000000E+00  0.00000000E+00  0.00000000E+00  0.00000000E+00  0.00000000E+00  0.10000000E-01  0.10000000E+01
 0.93002000E-09  0.55338343E-02  0.00000000E+00  0.16251433E+00  0.00000000E+00  0.00000000E+00  0.19042506E+09  0.00000000E+00  0.00000000E+00  0.00000000E+00  0.00000000E+00  0.00000000E+00  0.10000000E-01  0.10000000E+01
 0.94002000E-09  0.55338343E-02  0.00000000E+00  0.16441858E+00  0.00000000E+00  0.00000000E+00  0.19042506E+09  0.00000000E+00  0.00000000E+00  0.00000000E+00  0.00000000E+00  0.00000000E+00  0.10000000E-01  0.10000000E+01
 0.95002000E-09  0.55338343E-02  0.00000000E+00  0.16632283E+00  0.00000000E+00  0.00000000E+00  0.19042506E+09  0.00000000E+00  0.00000000E+00  0.00000000E+00  0.00000000E+00  0.00000000E+00  0.10000000E-01  0.10000000E+01
 0.96002000E-09  0.55338343E-02  0.00000000E+00  0.16822708E+00  0.00000000E+00  0.00000000E+00  0.19042506E+09  0.00000000E+00  0.00000000E+00  0.00000000E+00  0.00000000E+00  0.00000000E+00  0.10000000E-01  0.10000000E+01
 0.97002000E-09  0.55338343E-02  0.00000000E+00  0.17013133E+00  0.00000000E+00  0.00000000E+00  0.19042506E+09  0.00000000E+00  0.00000000E+00  0.00000000E+00  0.00000000E+00  0.00000000E+00  0.10000000E-01  0.10000000E+01
 0.98002000E-09  0.55338343E-02  0.00000000E+00  0.17203558E+00  0.00000000E+00  0.00000000E+00  0.19042506E+09  0.00000000E+00  0.00000000E+00  0.00000000E+00  0.00000000E+00  0.00000000E+00  0.10000000E-01  0.10000000E+01
 0.99002000E-09  0.55338343E-02  0.00000000E+00  0.17393983E+00  0.00000000E+00  0.00000000E+00  0.19042506E+09  0.00000000E+00  0.00000000E+00  0.00000000E+00  0.00000000E+00  0.00000000E+00  0.10000000E-01  0.10000000E+01
 0.10000200E-08  0.55338343E-02  0.00000000E+00  0.17584408E+00  0.00000000E+00  0.00000000E+00  0.19042506E+09  0.00000000E+00  0.00000000E+00  0.00000000E+00  0.00000000E+00  0.00000000E+00  0.10000000E-01  0.10000000E+01
 0.10100200E-08  0.55338343E-02  0.00000000E+00  0.17774833E+00  0.00000000E+00  0.00000000E+00  0.19042506E+09  0.00000000E+00  0.00000000E+00  0.00000000E+00  0.00000000E+00  0.00000000E+00  0.10000000E-01  0.10000000E+01
 0.10200200E-08  0.55338343E-02  0.00000000E+00  0.17965258E+00  0.00000000E+00  0.00000000E+00  0.19042506E+09  0.00000000E+00  0.00000000E+00  0.00000000E+00  0.00000000E+00  0.00000000E+00  0.10000000E-01  0.10000000E+01
 0.10300200E-08  0.55338343E-02  0.00000000E+00  0.18155683E+00  0.00000000E+00  0.00000000E+00  0.19042506E+09  0.00000000E+00  0.00000000E+00  0.00000000E+00  0.00000000E+00  0.00000000E+00  0.10000000E-01  0.10000000E+01
 0.10400200E-08  0.55338343E-02  0.00000000E+00  0.18346108E+00  0.00000000E+00  0.00000000E+00  0.19042506E+09  0.00000000E+00  0.00000000E+00  0.00000000E+00  0.00000000E+00  0.00000000E+00  0.10000000E-01  0.10000000E+01
 0.10500200E-08  0.55338343E-02  0.00000000E+00  0.18536533E+00  0.00000000E+00  0.00000000E+00  0.19042506E+09  0.00000000E+00  0.00000000E+00  0.00000000E+00  0.00000000E+00  0.00000000E+00  0.10000000E-01  0.10000000E+01
 0.10600200E-08  0.55338343E-02  0.00000000E+00  0.18726958E+00  0.00000000E+00  0.00000000E+00  0.19042506E+09  0.00000000E+00  0.00000000E+00  0.00000000E+00  0.00000000E+00  0.00000000E+00  0.10000000E-01  0.10000000E+01
 0.10700200E-08  0.55338343E-02  0.00000000E+00  0.18917383E+00  0.00000000E+00  0.00000000E+00  0.19042506E+09  0.00000000E+00  0.00000000E+00  0.00000000E+00  0.00000000E+00  0.00000000E+00  0.10000000E-01  0.10000000E+01
 0.10800200E-08  0.55338343E-02  0.00000000E+00  0.19107808E+00  0.00000000E+00  0.00000000E+00  0.19042506E+09  0.00000000E+00  0.00000000E+00  0.00000000E+00  0.00000000E+00  0.00000000E+00  0.10000000E-01  0.10000000E+01
 0.10900200E-08  0.55338343E-02  0.00000000E+00  0.19298234E+00  0.00000000E+00  0.00000000E+00  0.19042506E+09  0.00000000E+00  0.00000000E+00  0.00000000E+00  0.00000000E+00  0.00000000E+00  0.10000000E-01  0.10000000E+01
 0.11000200E-08  0.55338343E-02  0.00000000E+00  0.19488659E+00  0.00000000E+00  0.00000000E+00  0.19042506E+09  0.00000000E+00  0.00000000E+00  0.00000000E+00  0.00000000E+00  0.00000000E+00  0.10000000E-01  0.10000000E+01
 0.11100200E-08  0.55338343E-02  0.00000000E+00  0.19679084E+00  0.00000000E+00  0.00000000E+00  0.19042506E+09  0.00000000E+00  0.00000000E+00  0.00000000E+00  0.00000000E+00  0.00000000E+00  0.10000000E-01  0.10000000E+01
 0.11200200E-08  0.55338343E-02  0.00000000E+00  0.19869509E+00  0.00000000E+00  0.00000000E+00  0.19042506E+09  0.00000000E+00  0.00000000E+00  0.00000000E+00  0.00000000E+00  0.00000000E+00  0.10000000E-01  0.10000000E+01
 0.11300200E-08  0.55338343E-02  0.00000000E+00  0.20059934E+00  0.00000000E+00  0.00000000E+00  0.19042506E+09  0.00000000E+00  0.00000000E+00  0.00000000E+00  0.00000000E+00  0.00000000E+00  0.10000000E-01  0.10000000E+01
 0.11400200E-08  0.55338343E-02  0.00000000E+00  0.20250359E+00  0.00000000E+00  0.00000000E+00  0.19042506E+09  0.00000000E+00  0.00000000E+00  0.00000000E+00  0.00000000E+00  0.00000000E+00  0.10000000E-01  0.10000000E+01
 0.11500200E-08  0.55338343E-02  0.00000000E+00  0.20440784E+00  0.00000000E+00  0.00000000E+00  0.19042506E+09  0.00000000E+00  0.00000000E+00  0.00000000E+00  0.00000000E+00  0.00000000E+00  0.10000000E-01  0.10000000E+01
 0.11600200E-08  0.55338343E-02  0.00000000E+00  0.20631209E+00  0.00000000E+00  0.00000000E+00  0.19042506E+09  0.00000000E+00  0.00000000E+00  0.00000000E+00  0.00000000E+00  0.00000000E+00  0.10000000E-01  0.10000000E+01
 0.11700200E-08  0.55338343E-02  0.00000000E+00  0.20821634E+00  0.00000000E+00  0.00000000E+00  0.19042506E+09  0.00000000E+00  0.00000000E+00  0.00000000E+00  0.00000000E+00  0.00000000E+00  0.10000000E-01  0.10000000E+01
 0.11800200E-08  0.55338343E-02  0.00000000E+00  0.21012059E+00  0.00000000E+00  0.00000000E+00  0.19042506E+09  0.00000000E+00  0.00000000E+00  0.00000000E+00  0.00000000E+00  0.00000000E+00  0.10000000E-01  0.10000000E+01
 0.11900200E-08  0.55338343E-02  0.00000000E+00  0.21202484E+00  0.00000000E+00  0.00000000E+00  0.19042506E+09  0.00000000E+00  0.00000000E+00  0.00000000E+00  0.00000000E+00  0.00000000E+00  0.10000000E-01  0.10000000E+01
 0.12000200E-08  0.55338343E-02  0.00000000E+00  0.21392909E+00  0.00000000E+00  0.00000000E+00  0.19042506E+09  0.00000000E+00  0.00000000E+00  0.00000000E+00  0.00000000E+00  0.00000000E+00  0.10000000E-01  0.10000000E+01
 0.12100200E-08  0.55338343E-02  0.00000000E+00  0.21583334E+00  0.00000000E+00  0.00000000E+00  0.19042506E+09  0.00000000E+00  0.00000000E+00  0.00000000E+00  0.00000000E+00  0.00000000E+00  0.10000000E-01  0.10000000E+01
 0.12200200E-08  0.55338343E-02  0.00000000E+00  0.21773759E+00  0.00000000E+00  0.00000000E+00  0.19042506E+09  0.00000000E+00  0.00000000E+00  0.00000000E+00  0.00000000E+00  0.00000000E+00  0.10000000E-01  0.10000000E+01
 0.12300200E-08  0.55338343E-02  0.00000000E+00  0.21964184E+00  0.00000000E+00  0.00000000E+00  0.19042506E+09  0.00000000E+00  0.00000000E+00  0.00000000E+00  0.00000000E+00  0.00000000E+00  0.10000000E-01  0.10000000E+01
 0.12400200E-08  0.55338343E-02  0.00000000E+00  0.22154609E+00  0.00000000E+00  0.00000000E+00  0.19042506E+09  0.00000000E+00  0.00000000E+00  0.00000000E+00  0.00000000E+00  0.00000000E+00  0.10000000E-01  0.10000000E+01
 0.12500200E-08  0.55338343E-02  0.00000000E+00  0.22345035E+00  0.00000000E+00  0.00000000E+00  0.19042506E+09  0.00000000E+00  0.00000000E+00  0.00000000E+00  0.00000000E+00  0.00000000E+00  0.10000000E-01  0.10000000E+01
 0.12600200E-08  0.55338343E-02  0.00000000E+00  0.22535460E+00  0.00000000E+00  0.00000000E+00  0.19042506E+09  0.00000000E+00  0.00000000E+00  0.00000000E+00  0.00000000E+00  0.00000000E+00  0.10000000E-01  0.10000000E+01
 0.12700200E-08  0.55338343E-02  0.00000000E+00  0.22725885E+00  0.00000000E+00  0.00000000E+00  0.19042506E+09  0.00000000E+00  0.00000000E+00  0.00000000E+00  0.00000000E+00  0.00000000E+00  0.10000000E-01  0.10000000E+01
 0.12800200E-08  0.55338343E-02  0.00000000E+00  0.22916310E+00  0.00000000E+00  0.00000000E+00  0.19042506E+09  0.00000000E+00  0.00000000E+00  0.00000000E+00  0.00000000E+00  0.00000000E+00  0.10000000E-01  0.10000000E+01
 0.12900200E-08  0.55338343E-02  0.00000000E+00  0.23106735E+00  0.00000000E+00  0.00000000E+00  0.19042506E+09  0.00000000E+00  0.00000000E+00  0.00000000E+00  0.00000000E+00  0.00000000E+00  0.10000000E-01  0.10000000E+01
 0.13000200E-08  0.55338343E-02  0.00000000E+00  0.23297160E+00  0.00000000E+00  0.00000000E+00  0.19042506E+09  0.00000000E+00  0.00000000E+00  0.00000000E+00  0.00000000E+00  0.00000000E+00  0.10000000E-01  0.10000000E+01
 0.13100200E-08  0.55338343E-02  0.00000000E+00  0.23487585E+00  0.00000000E+00  0.00000000E+00  0.19042506E+09  0.00000000E+00  0.00000000E+00  0.00000000E+00  0.00000000E+00  0.00000000E+00  0.10000000E-01  0.10000000E+01
 0.13200200E-08  0.55338343E-02  0.00000000E+00  0.23678010E+00  0.00000000E+00  0.00000000E+00  0.19042506E+09  0.00000000E+00  0.00000000E+00  0.00000000E+00  0.00000000E+00  0.00000000E+00  0.10000000E-01  0.10000000E+01
 0.13300200E-08  0.55338343E-02  0.00000000E+00  0.23868435E+00  0.00000000E+00  0.00000000E+00  0.19042506E+09  0.00000000E+00  0.00000000E+00  0.00000000E+00  0.00000000E+00  0.00000000E+00  0.10000000E-01  0.10000000E+01
 0.13400200E-08  0.55338343E-02  0.00000000E+00  0.24058860E+00  0.00000000E+00  0.00000000E+00  0.19042506E+09  0.00000000E+00  0.00000000E+00  0.00000000E+00  0.00000000E+00  0.00000000E+00  0.10000000E-01  0.10000000E+01
 0.13500200E-08  0.55338343E-02  0.00000000E+00  0.24249285E+00  0.00000000E+00  0.00000000E+00  0.19042506E+09  0.00000000E+00  0.00000000E+00  0.00000000E+00  0.00000000E+00  0.00000000E+00  0.10000000E-01  0.10000000E+01
 0.13600200E-08  0.55338343E-02  0.00000000E+00  0.24439710E+00  0.00000000E+00  0.00000000E+00  0.19042506E+09  0.00000000E+00  0.00000000E+00  0.00000000E+00  0.00000000E+00  0.00000000E+00  0.10000000E-01  0.10000000E+01
 0.13700200E-08  0.55338343E-02  0.00000000E+00  0.24630135E+00  0.00000000E+00  0.00000000E+00  0.19042506E+09  0.00000000E+00  0.00000000E+00  0.00000000E+00  0.00000000E+00  0.00000000E+00  0.10000000E-01  0.10000000E+01
 0.13800200E-08  0.55338343E-02  0.00000000E+00  0.24820560E+00  0.00000000E+00  0.00000000E+00  0.19042506E+09  0.00000000E+00  0.00000000E+00  0.00000000E+00  0.00000000E+00  0.00000000E+00  0.10000000E-01  0.10000000E+01
 0.13900200E-08  0.55338343E-02  0.00000000E+00  0.25010985E+00  0.00000000E+00  0.00000000E+00  0.19042506E+09  0.00000000E+00  0.00000000E+00  0.00000000E+00  0.00000000E+00  0.00000000E+00  0.10000000E-01  0.10000000E+01
 0.14000200E-08  0.55338343E-02  0.00000000E+00  0.25201410E+00  0.00000000E+00  0.00000000E+00  0.19042506E+09  0.00000000E+00  0.00000000E+00  0.00000000E+00  0.00000000E+00  0.00000000E+00  0.10000000E-01  0.10000000E+01
 0.14100200E-08  0.55338343E-02  0.00000000E+00  0.25391835E+00  0.00000000E+00  0.00000000E+00  0.19042506E+09  0.00000000E+00  0.00000000E+00  0.00000000E+00  0.00000000E+00  0.00000000E+00  0.10000000E-01  0.10000000E+01
 0.14200200E-08  0.55338343E-02  0.00000000E+00  0.25582261E+00  0.00000000E+00  0.00000000E+00  0.19042506E+09  0.00000000E+00  0.00000000E+00  0.00000000E+00  0.00000000E+00  0.00000000E+00  0.10000000E-01  0.10000000E+01
 0.14300200E-08  0.55338343E-02  0.00000000E+00  0.25772686E+00  0.00000000E+00  0.00000000E+00  0.19042506E+09  0.00000000E+00  0.00000000E+00  0.00000000E+00  0.00000000E+00  0.00000000E+00  0.10000000E-01  0.10000000E+01
 0.14400200E-08  0.55338343E-02  0.00000000E+00  0.25963111E+00  0.00000000E+00  0.00000000E+00  0.19042506E+09  0.00000000E+00  0.00000000E+00  0.00000000E+00  0.00000000E+00  0.00000000E+00  0.10000000E-01  0.10000000E+01
 0.14500200E-08  0.55338343E-02  0.00000000E+00  0.26153536E+00  0.00000000E+00  0.00000000E+00  0.19042506E+09  0.00000000E+00  0.00000000E+00  0.00000000E+00  0.00000000E+00  0.00000000E+00  0.10000000E-01  0.10000000E+01
 0.14600200E-08  0.55338343E-02  0.00000000E+00  0.26343961E+00  0.00000000E+00  0.00000000E+00  0.19042506E+09  0.00000000E+00  0.00000000E+00  0.00000000E+00  0.00000000E+00  0.00000000E+00  0.10000000E-01  0.10000000E+01
 0.14700200E-08  0.55338343E-02  0.00000000E+00  0.26534386E+00  0.00000000E+00  0.00000000E+00  0.19042506E+09  0.00000000E+00  0.00000000E+00  0.00000000E+00  0.00000000E+00  0.00000000E+00  0.10000000E-01  0.10000000E+01
 0.14800200E-08  0.55338343E-02  0.00000000E+00  0.26724811E+00  0.00000000E+00  0.00000000E+00  0.19042506E+09  0.00000000E+00  0.00000000E+00  0.00000000E+00  0.00000000E+00  0.00000000E+00  0.10000000E-01  0.10000000E+01
 0.14900200E-08  0.55338343E-02  0.00000000E+00  0.26915236E+00  0.00000000E+00  0.00000000E+00  0.19042506E+09  0.00000000E+00  0.00000000E+00  0.00000000E+00  0.00000000E+00  0.00000000E+00  0.10000000E-01  0.10000000E+01
 0.15000200E-08  0.55338343E-02  0.00000000E+00  0.27105661E+00  0.00000000E+00  0.00000000E+00  0.19042506E+09  0.00000000E+00  0.00000000E+00  0.00000000E+00  0.00000000E+00  0.00000000E+00  0.10000000E-01  0.10000000E+01
 0.15100200E-08  0.55338343E-02  0.00000000E+00  0.27296086E+00  0.00000000E+00  0.00000000E+00  0.19042506E+09  0.00000000E+00  0.00000000E+00  0.00000000E+00  0.00000000E+00  0.00000000E+00  0.10000000E-01  0.10000000E+01
 0.15200200E-08  0.55338343E-02  0.00000000E+00  0.27486511E+00  0.00000000E+00  0.00000000E+00  0.19042506E+09  0.00000000E+00  0.00000000E+00  0.00000000E+00  0.00000000E+00  0.00000000E+00  0.10000000E-01  0.10000000E+01
 0.15300200E-08  0.55338343E-02  0.00000000E+00  0.27676936E+00  0.00000000E+00  0.00000000E+00  0.19042506E+09  0.00000000E+00  0.00000000E+00  0.00000000E+00  0.00000000E+00  0.00000000E+00  0.10000000E-01  0.10000000E+01
 0.15400200E-08  0.55338343E-02  0.00000000E+00  0.27867361E+00  0.00000000E+00  0.00000000E+00  0.19042506E+09  0.00000000E+00  0.00000000E+00  0.00000000E+00  0.00000000E+00  0.00000000E+00  0.10000000E-01  0.10000000E+01
 0.15500200E-08  0.55338343E-02  0.00000000E+00  0.28057786E+00  0.00000000E+00  0.00000000E+00  0.19042506E+09  0.00000000E+00  0.00000000E+00  0.00000000E+00  0.00000000E+00  0.00000000E+00  0.10000000E-01  0.10000000E+01
 0.15600200E-08  0.55338343E-02  0.00000000E+00  0.28248211E+00  0.00000000E+00  0.00000000E+00  0.19042506E+09  0.00000000E+00  0.00000000E+00  0.00000000E+00  0.00000000E+00  0.00000000E+00  0.10000000E-01  0.10000000E+01
 0.15700200E-08  0.55338343E-02  0.00000000E+00  0.28438636E+00  0.00000000E+00  0.00000000E+00  0.19042506E+09  0.00000000E+00  0.00000000E+00  0.00000000E+00  0.00000000E+00  0.00000000E+00  0.10000000E-01  0.10000000E+01
 0.15800200E-08  0.55338343E-02  0.00000000E+00  0.28629062E+00  0.00000000E+00  0.00000000E+00  0.19042506E+09  0.00000000E+00  0.00000000E+00  0.00000000E+00  0.00000000E+00  0.00000000E+00  0.10000000E-01  0.10000000E+01
 0.15900200E-08  0.55338343E-02  0.00000000E+00  0.28819487E+00  0.00000000E+00  0.00000000E+00  0.19042506E+09  0.00000000E+00  0.00000000E+00  0.00000000E+00  0.00000000E+00  0.00000000E+00  0.10000000E-01  0.10000000E+01
 0.16000200E-08  0.55338343E-02  0.00000000E+00  0.29009912E+00  0.00000000E+00  0.00000000E+00  0.19042506E+09  0.00000000E+00  0.00000000E+00  0.00000000E+00  0.00000000E+00  0.00000000E+00  0.10000000E-01  0.10000000E+01
 0.16100200E-08  0.55338343E-02  0.00000000E+00  0.29200337E+00  0.00000000E+00  0.00000000E+00  0.19042506E+09  0.00000000E+00  0.00000000E+00  0.00000000E+00  0.00000000E+00  0.00000000E+00  0.10000000E-01  0.10000000E+01
 0.16200200E-08  0.55338343E-02  0.00000000E+00  0.29390762E+00  0.00000000E+00  0.00000000E+00  0.19042506E+09  0.00000000E+00  0.00000000E+00  0.00000000E+00  0.00000000E+00  0.00000000E+00  0.10000000E-01  0.10000000E+01
 0.16300200E-08  0.55338343E-02  0.00000000E+00  0.29581187E+00  0.00000000E+00  0.00000000E+00  0.19042506E+09  0.00000000E+00  0.00000000E+00  0.00000000E+00  0.00000000E+00  0.00000000E+00  0.10000000E-01  0.10000000E+01
 0.16400200E-08  0.55338343E-02  0.00000000E+00  0.29771612E+00  0.00000000E+00  0.00000000E+00  0.19042506E+09  0.00000000E+00  0.00000000E+00  0.00000000E+00  0.00000000E+00  0.00000000E+00  0.10000000E-01  0.10000000E+01
 0.16500200E-08  0.55338343E-02  0.00000000E+00  0.29962037E+00  0.00000000E+00  0.00000000E+00  0.19042506E+09  0.00000000E+00  0.00000000E+00  0.00000000E+00  0.00000000E+00  0.00000000E+00  0.10000000E-01  0.10000000E+01
 0.16600200E-08  0.55338343E-02  0.00000000E+00  0.30152462E+00  0.00000000E+00  0.00000000E+00  0.19042506E+09  0.00000000E+00  0.00000000E+00  0.00000000E+00  0.00000000E+00  0.00000000E+00  0.10000000E-01  0.10000000E+01
 0.16700200E-08  0.55338343E-02  0.00000000E+00  0.30342887E+00  0.00000000E+00  0.00000000E+00  0.19042506E+09  0.00000000E+00  0.00000000E+00  0.00000000E+00  0.00000000E+00  0.00000000E+00  0.10000000E-01  0.10000000E+01
 0.16800200E-08  0.55338343E-02  0.00000000E+00  0.30533312E+00  0.00000000E+00  0.00000000E+00  0.19042506E+09  0.00000000E+00  0.00000000E+00  0.00000000E+00  0.00000000E+00  0.00000000E+00  0.10000000E-01  0.10000000E+01
 0.16900200E-08  0.55338343E-02  0.00000000E+00  0.30723737E+00  0.00000000E+00  0.00000000E+00  0.19042506E+09  0.00000000E+00  0.00000000E+00  0.00000000E+00  0.00000000E+00  0.00000000E+00  0.10000000E-01  0.10000000E+01
 0.17000200E-08  0.55338343E-02  0.00000000E+00  0.30914162E+00  0.00000000E+00  0.00000000E+00  0.19042506E+09  0.00000000E+00  0.00000000E+00  0.00000000E+00  0.00000000E+00  0.00000000E+00  0.10000000E-01  0.10000000E+01
 0.17100200E-08  0.55338343E-02  0.00000000E+00  0.31104587E+00  0.00000000E+00  0.00000000E+00  0.19042506E+09  0.00000000E+00  0.00000000E+00  0.00000000E+00  0.00000000E+00  0.00000000E+00  0.10000000E-01  0.10000000E+01
 0.17200200E-08  0.55338343E-02  0.00000000E+00  0.31295012E+00  0.00000000E+00  0.00000000E+00  0.19042506E+09  0.00000000E+00  0.00000000E+00  0.00000000E+00  0.00000000E+00  0.00000000E+00  0.10000000E-01  0.10000000E+01
 0.17300200E-08  0.55338343E-02  0.00000000E+00  0.31485437E+00  0.00000000E+00  0.00000000E+00  0.19042506E+09  0.00000000E+00  0.00000000E+00  0.00000000E+00  0.00000000E+00  0.00000000E+00  0.10000000E-01  0.10000000E+01
 0.17400200E-08  0.55338343E-02  0.00000000E+00  0.31675863E+00  0.00000000E+00  0.00000000E+00  0.19042506E+09  0.00000000E+00  0.00000000E+00  0.00000000E+00  0.00000000E+00  0.00000000E+00  0.10000000E-01  0.10000000E+01
 0.17500200E-08  0.55338343E-02  0.00000000E+00  0.31866288E+00  0.00000000E+00  0.00000000E+00  0.19042506E+09  0.00000000E+00  0.00000000E+00  0.00000000E+00  0.00000000E+00  0.00000000E+00  0.10000000E-01  0.10000000E+01
 0.17600200E-08  0.55338343E-02  0.00000000E+00  0.32056713E+00  0.00000000E+00  0.00000000E+00  0.19042506E+09  0.00000000E+00  0.00000000E+00  0.00000000E+00  0.00000000E+00  0.00000000E+00  0.10000000E-01  0.10000000E+01
 0.17700200E-08  0.55338343E-02  0.00000000E+00  0.32247138E+00  0.00000000E+00  0.00000000E+00  0.19042506E+09  0.00000000E+00  0.00000000E+00  0.00000000E+00  0.00000000E+00  0.00000000E+00  0.10000000E-01  0.10000000E+01
 0.17800200E-08  0.55338343E-02  0.00000000E+00  0.32437563E+00  0.00000000E+00  0.00000000E+00  0.19042506E+09  0.00000000E+00  0.00000000E+00  0.00000000E+00  0.00000000E+00  0.00000000E+00  0.10000000E-01  0.10000000E+01
 0.17900200E-08  0.55338343E-02  0.00000000E+00  0.32627988E+00  0.00000000E+00  0.00000000E+00  0.19042506E+09  0.00000000E+00  0.00000000E+00  0.00000000E+00  0.00000000E+00  0.00000000E+00  0.10000000E-01  0.10000000E+01
 0.18000200E-08  0.55338343E-02  0.00000000E+00  0.32818413E+00  0.00000000E+00  0.00000000E+00  0.19042506E+09  0.00000000E+00  0.00000000E+00  0.00000000E+00  0.00000000E+00  0.00000000E+00  0.10000000E-01  0.10000000E+01
 0.18100200E-08  0.55338343E-02  0.00000000E+00  0.33008838E+00  0.00000000E+00  0.00000000E+00  0.19042506E+09  0.00000000E+00  0.00000000E+00  0.00000000E+00  0.00000000E+00  0.00000000E+00  0.10000000E-01  0.10000000E+01
 0.18200200E-08  0.55338343E-02  0.00000000E+00  0.33199263E+00  0.00000000E+00  0.00000000E+00  0.19042506E+09  0.00000000E+00  0.00000000E+00  0.00000000E+00  0.00000000E+00  0.00000000E+00  0.10000000E-01  0.10000000E+01
 0.18300200E-08  0.55338343E-02  0.00000000E+00  0.33389688E+00  0.00000000E+00  0.00000000E+00  0.19042506E+09  0.00000000E+00  0.00000000E+00  0.00000000E+00  0.00000000E+00  0.00000000E+00  0.10000000E-01  0.10000000E+01
 0.18400200E-08  0.55338343E-02  0.00000000E+00  0.33580113E+00  0.00000000E+00  0.00000000E+00  0.19042506E+09  0.00000000E+00  0.00000000E+00  0.00000000E+00  0.00000000E+00  0.00000000E+00  0.10000000E-01  0.10000000E+01
 0.18500200E-08  0.55338343E-02  0.00000000E+00  0.33770538E+00  0.00000000E+00  0.00000000E+00  0.19042506E+09  0.00000000E+00  0.00000000E+00  0.00000000E+00  0.00000000E+00  0.00000000E+00  0.10000000E-01  0.10000000E+01
 0.18600200E-08  0.55338343E-02  0.00000000E+00  0.33960963E+00  0.00000000E+00  0.00000000E+00  0.19042506E+09  0.00000000E+00  0.00000000E+00  0.00000000E+00  0.00000000E+00  0.00000000E+00  0.10000000E-01  0.10000000E+01
 0.18700200E-08  0.55338343E-02  0.00000000E+00  0.34151388E+00  0.00000000E+00  0.00000000E+00  0.19042506E+09  0.00000000E+00  0.00000000E+00  0.00000000E+00  0.00000000E+00  0.00000000E+00  0.10000000E-01  0.10000000E+01
 0.18800200E-08  0.55338343E-02  0.00000000E+00  0.34341813E+00  0.00000000E+00  0.00000000E+00  0.19042506E+09  0.00000000E+00  0.00000000E+00  0.00000000E+00  0.00000000E+00  0.00000000E+00  0.10000000E-01  0.10000000E+01
 0.18900200E-08  0.55338343E-02  0.00000000E+00  0.34532238E+00  0.00000000E+00  0.00000000E+00  0.19042506E+09  0.00000000E+00  0.00000000E+00  0.00000000E+00  0.00000000E+00  0.00000000E+00  0.10000000E-01  0.10000000E+01
 0.19000200E-08  0.55338343E-02  0.00000000E+00  0.34722664E+00  0.00000000E+00  0.00000000E+00  0.19042506E+09  0.00000000E+00  0.00000000E+00  0.00000000E+00  0.00000000E+00  0.00000000E+00  0.10000000E-01  0.10000000E+01
 0.19100200E-08  0.55338343E-02  0.00000000E+00  0.34913089E+00  0.00000000E+00  0.00000000E+00  0.19042506E+09  0.00000000E+00  0.00000000E+00  0.00000000E+00  0.00000000E+00  0.00000000E+00  0.10000000E-01  0.10000000E+01
 0.19200200E-08  0.55338343E-02  0.00000000E+00  0.35103514E+00  0.00000000E+00  0.00000000E+00  0.19042506E+09  0.00000000E+00  0.00000000E+00  0.00000000E+00  0.00000000E+00  0.00000000E+00  0.10000000E-01  0.10000000E+01
 0.19300200E-08  0.55338343E-02  0.00000000E+00  0.35293939E+00  0.00000000E+00  0.00000000E+00  0.19042506E+09  0.00000000E+00  0.00000000E+00  0.00000000E+00  0.00000000E+00  0.00000000E+00  0.10000000E-01  0.10000000E+01
 0.19400200E-08  0.55338343E-02  0.00000000E+00  0.35484364E+00  0.00000000E+00  0.00000000E+00  0.19042506E+09  0.00000000E+00  0.00000000E+00  0.00000000E+00  0.00000000E+00  0.00000000E+00  0.10000000E-01  0.10000000E+01
 0.19500200E-08  0.55338343E-02  0.00000000E+00  0.35674789E+00  0.00000000E+00  0.00000000E+00  0.19042506E+09  0.00000000E+00  0.00000000E+00  0.00000000E+00  0.00000000E+00  0.00000000E+00  0.10000000E-01  0.10000000E+01
 0.19600200E-08  0.55338343E-02  0.00000000E+00  0.35865214E+00  0.00000000E+00  0.00000000E+00  0.19042506E+09  0.00000000E+00  0.00000000E+00  0.00000000E+00  0.00000000E+00  0.00000000E+00  0.10000000E-01  0.10000000E+01
 0.19700200E-08  0.55338343E-02  0.00000000E+00  0.36055639E+00  0.00000000E+00  0.00000000E+00  0.19042506E+09  0.00000000E+00  0.00000000E+00  0.00000000E+00  0.00000000E+00  0.00000000E+00  0.10000000E-01  0.10000000E+01
 0.19800200E-08  0.55338343E-02  0.00000000E+00  0.36246064E+00  0.00000000E+00  0.00000000E+00  0.19042506E+09  0.00000000E+00  0.00000000E+00  0.00000000E+00  0.00000000E+00  0.00000000E+00  0.10000000E-01  0.10000000E+01
 0.19900200E-08  0.55338343E-02  0.00000000E+00  0.36436489E+00  0.00000000E+00  0.00000000E+00  0.19042506E+09  0.00000000E+00  0.00000000E+00  0.00000000E+00  0.00000000E+00  0.00000000E+00  0.10000000E-01  0.10000000E+01
