# ptime xp yp zp vx vy vz ex ey ez bx by bz wt
 0.20000000E-13  0.73223011E-02  0.00000000E+00 -0.95860995E-02  0.00000000E+00  0.00000000E+00  0.17621645E+09  0.00000000E+00  0.00000000E+00  0.00000000E+00  0.00000000E+00  0.00000000E+00  0.10000000E-01  0.10000000E+01
 0.10000000E-10  0.73223011E-02  0.00000000E+00 -0.78274594E-02  0.00000000E+00  0.00000000E+00  0.17621645E+09  0.00000000E+00  0.00000000E+00  0.00000000E+00  0.00000000E+00  0.00000000E+00  0.10000000E-01  0.10000000E+01
 0.20000000E-10  0.73223011E-02  0.00000000E+00 -0.60652949E-02  0.00000000E+00  0.00000000E+00  0.17621645E+09  0.00000000E+00  0.00000000E+00  0.00000000E+00  0.00000000E+00  0.00000000E+00  0.10000000E-01  0.10000000E+01
 0.30000000E-10  0.73223011E-02  0.00000000E+00 -0.43031304E-02  0.00000000E+00  0.00000000E+00  0.17621645E+09  0.00000000E+00  0.00000000E+00  0.00000000E+00  0.00000000E+00  0.00000000E+00  0.10000000E-01  0.10000000E+01
 0.40020000E-10  0.73223011E-02  0.00000000E+00 -0.25374417E-02  0.00000000E+00  0.00000000E+00  0.17621645E+09  0.00000000E+00  0.00000000E+00  0.00000000E+00  0.00000000E+00  0.00000000E+00  0.10000000E-01  0.10000000E+01
 0.50020000E-10  0.73223011E-02  0.00000000E+00 -0.77527719E-03  0.00000000E+00  0.00000000E+00  0.17621645E+09  0.00000000E+00  0.00000000E+00  0.00000000E+00  0.00000000E+00  0.00000000E+00  0.10000000E-01  0.10000000E+01
 0.60020000E-10  0.73223011E-02  0.00000000E+00  0.98688727E-03  0.00000000E+00  0.00000000E+00  0.17621645E+09  0.00000000E+00  0.00000000E+00  0.00000000E+00  0.00000000E+00  0.00000000E+00  0.10000000E-01  0.10000000E+01
 0.70020000E-10  0.73223011E-02  0.00000000E+00  0.27490517E-02  0.00000000E+00  0.00000000E+00  0.17621645E+09  0.00000000E+00  0.00000000E+00  0.00000000E+00  0.00000000E+00  0.00000000E+00  0.10000000E-01  0.10000000E+01
 0.80000000E-10  0.73223011E-02  0.00000000E+00  0.45076919E-02  0.00000000E+00  0.00000000E+00  0.17621645E+09  0.00000000E+00  0.00000000E+00  0.00000000E+00  0.00000000E+00  0.00000000E+00  0.10000000E-01  0.10000000E+01
 0.90000000E-10  0.73223011E-02  0.00000000E+00  0.62698563E-02  0.00000000E+00  0.00000000E+00  0.17621645E+09  0.00000000E+00  0.00000000E+00  0.00000000E+00  0.00000000E+00  0.00000000E+00  0.10000000E-01  0.10000000E+01
 0.10000000E-09  0.73223011E-02  0.00000000E+00  0.80320208E-02  0.00000000E+00  0.00000000E+00  0.17621645E+09  0.00000000E+00  0.00000000E+00  0.00000000E+00  0.00000000E+00  0.00000000E+00  0.10000000E-01  0.10000000E+01
 0.11000000E-09  0.73223011E-02  0.00000000E+00  0.97941852E-02  0.00000000E+00  0.00000000E+00  0.17621645E+09  0.00000000E+00  0.00000000E+00  0.00000000E+00  0.00000000E+00  0.00000000E+00  0.10000000E-01  0.10000000E+01
 0.12000000E-09  0.73223011E-02  0.00000000E+00  0.11556350E-01  0.00000000E+00  0.00000000E+00  0.17621645E+09  0.00000000E+00  0.00000000E+00  0.00000000E+00  0.00000000E+00  0.00000000E+00  0.10000000E-01  0.10000000E+01
 0.13000000E-09  0.73223011E-02  0.00000000E+00  0.13318514E-01  0.00000000E+00  0.00000000E+00  0.17621645E+09  0.00000000E+00  0.00000000E+00  0.00000000E+00  0.00000000E+00  0.00000000E+00  0.10000000E-01  0.10000000E+01
 0.14002000E-09  0.73223011E-02  0.00000000E+00  0.15084203E-01  0.00000000E+00  0.00000000E+00  0.17621645E+09  0.00000000E+00  0.00000000E+00  0.00000000E+00  0.00000000E+00  0.00000000E+00  0.10000000E-01  0.10000000E+01
 0.15002000E-09  0.73223011E-02  0.00000000E+00  0.16846367E-01  0.00000000E+00  0.00000000E+00  0.17621645E+09  0.00000000E+00  0.00000000E+00  0.00000000E+00  0.00000000E+00  0.00000000E+00  0.10000000E-01  0.10000000E+01
 0.16002000E-09  0.73223011E-02  0.00000000E+00  0.18608532E-01  0.00000000E+00  0.00000000E+00  0.17621645E+09  0.00000000E+00  0.00000000E+00  0.00000000E+00  0.00000000E+00  0.00000000E+00  0.10000000E-01  0.10000000E+01
 0.17002000E-09  0.73223011E-02  0.00000000E+00  0.20370696E-01  0.00000000E+00  0.00000000E+00  0.17621645E+09  0.00000000E+00  0.00000000E+00  0.00000000E+00  0.00000000E+00  0.00000000E+00  0.10000000E-01  0.10000000E+01
 0.18002000E-09  0.73223011E-02  0.00000000E+00  0.22132861E-01  0.00000000E+00  0.00000000E+00  0.17621645E+09  0.00000000E+00  0.00000000E+00  0.00000000E+00  0.00000000E+00  0.00000000E+00  0.10000000E-01  0.10000000E+01
 0.19002000E-09  0.73223011E-02  0.00000000E+00  0.23895025E-01  0.00000000E+00  0.00000000E+00  0.17621645E+09  0.00000000E+00  0.00000000E+00  0.00000000E+00  0.00000000E+00  0.00000000E+00  0.10000000E-01  0.10000000E+01
 0.20002000E-09  0.73223011E-02  0.00000000E+00  0.25657190E-01  0.00000000E+00  0.00000000E+00  0.17621645E+09  0.00000000E+00  0.00000000E+00  0.00000000E+00  0.00000000E+00  0.00000000E+00  0.10000000E-01  0.10000000E+01
 0.21002000E-09  0.73223011E-02  0.00000000E+00  0.27419354E-01  0.00000000E+00  0.00000000E+00  0.17621645E+09  0.00000000E+00  0.00000000E+00  0.00000000E+00  0.00000000E+00  0.00000000E+00  0.10000000E-01  0.10000000E+01
 0.22002000E-09  0.73223011E-02  0.00000000E+00  0.29181519E-01  0.00000000E+00  0.00000000E+00  0.17621645E+09  0.00000000E+00  0.00000000E+00  0.00000000E+00  0.00000000E+00  0.00000000E+00  0.10000000E-01  0.10000000E+01
 0.23002000E-09  0.73223011E-02  0.00000000E+00  0.30943683E-01  0.00000000E+00  0.00000000E+00  0.17621645E+09  0.00000000E+00  0.00000000E+00  0.00000000E+00  0.00000000E+00  0.00000000E+00  0.10000000E-01  0.10000000E+01
 0.24002000E-09  0.73223011E-02  0.00000000E+00  0.32705848E-01  0.00000000E+00  0.00000000E+00  0.17621645E+09  0.00000000E+00  0.00000000E+00  0.00000000E+00  0.00000000E+00  0.00000000E+00  0.10000000E-01  0.10000000E+01
 0.25002000E-09  0.73223011E-02  0.00000000E+00  0.34468012E-01  0.00000000E+00  0.00000000E+00  0.17621645E+09  0.00000000E+00  0.00000000E+00  0.00000000E+00  0.00000000E+00  0.00000000E+00  0.10000000E-01  0.10000000E+01
 0.26002000E-09  0.73223011E-02  0.00000000E+00  0.36230176E-01  0.00000000E+00  0.00000000E+00  0.17621645E+09  0.00000000E+00  0.00000000E+00  0.00000000E+00  0.00000000E+00  0.00000000E+00  0.10000000E-01  0.10000000E+01
 0.27002000E-09  0.73223011E-02  0.00000000E+00  0.37992341E-01  0.00000000E+00  0.00000000E+00  0.17621645E+09  0.00000000E+00  0.00000000E+00  0.00000000E+00  0.00000000E+00  0.00000000E+00  0.10000000E-01  0.10000000E+01
 0.28002000E-09  0.73223011E-02  0.00000000E+00  0.39754505E-01  0.00000000E+00  0.00000000E+00  0.17621645E+09  0.00000000E+00  0.00000000E+00  0.00000000E+00  0.00000000E+00  0.00000000E+00  0.10000000E-01  0.10000000E+01
 0.29002000E-09  0.73223011E-02  0.00000000E+00  0.41516670E-01  0.00000000E+00  0.00000000E+00  0.17621645E+09  0.00000000E+00  0.00000000E+00  0.00000000E+00  0.00000000E+00  0.00000000E+00  0.10000000E-01  0.10000000E+01
 0.30000000E-09  0.73223011E-02  0.00000000E+00  0.43275310E-01  0.00000000E+00  0.00000000E+00  0.17621645E+09  0.00000000E+00  0.00000000E+00  0.00000000E+00  0.00000000E+00  0.00000000E+00  0.10000000E-01  0.10000000E+01
 0.31000000E-09  0.73223011E-02  0.00000000E+00  0.45037474E-01  0.00000000E+00  0.00000000E+00  0.17621645E+09  0.00000000E+00  0.00000000E+00  0.00000000E+00  0.00000000E+00  0.00000000E+00  0.10000000E-01  0.10000000E+01
 0.32000000E-09  0.73223011E-02  0.00000000E+00  0.46799639E-01  0.00000000E+00  0.00000000E+00  0.17621645E+09  0.00000000E+00  0.00000000E+00  0.00000000E+00  0.00000000E+00  0.00000000E+00  0.10000000E-01  0.10000000E+01
 0.33000000E-09  0.73223011E-02  0.00000000E+00  0.48561803E-01  0.00000000E+00  0.00000000E+00  0.17621645E+09  0.00000000E+00  0.00000000E+00  0.00000000E+00  0.00000000E+00  0.00000000E+00  0.10000000E-01  0.10000000E+01
 0.34000000E-09  0.73223011E-02  0.00000000E+00  0.50323968E-01  0.00000000E+00  0.00000000E+00  0.17621645E+09  0.00000000E+00  0.00000000E+00  0.00000000E+00  0.00000000E+00  0.00000000E+00  0.10000000E-01  0.10000000E+01
 0.35000000E-09  0.73223011E-02  0.00000000E+00  0.52086132E-01  0.00000000E+00  0.00000000E+00  0.17621645E+09  0.00000000E+00  0.00000000E+00  0.00000000E+00  0.00000000E+00  0.00000000E+00  0.10000000E-01  0.10000000E+01
 0.36000000E-09  0.73223011E-02  0.00000000E+00  0.53848297E-01  0.00000000E+00  0.00000000E+00  0.17621645E+09  0.00000000E+00  0.00000000E+00  0.00000000E+00  0.00000000E+00  0.00000000E+00  0.10000000E-01  0.10000000E+01
 0.37000000E-09  0.73223011E-02  0.00000000E+00  0.55610461E-01  0.00000000E+00  0.00000000E+00  0.17621645E+09  0.00000000E+00  0.00000000E+00  0.00000000E+00  0.00000000E+00  0.00000000E+00  0.10000000E-01  0.10000000E+01
 0.38000000E-09  0.73223011E-02  0.00000000E+00  0.57372626E-01  0.00000000E+00  0.00000000E+00  0.17621645E+09  0.00000000E+00  0.00000000E+00  0.00000000E+00  0.00000000E+00  0.00000000E+00  0.10000000E-01  0.10000000E+01
 0.39000000E-09  0.73223011E-02  0.00000000E+00  0.59134790E-01  0.00000000E+00  0.00000000E+00  0.17621645E+09  0.00000000E+00  0.00000000E+00  0.00000000E+00  0.00000000E+00  0.00000000E+00  0.10000000E-01  0.10000000E+01
 0.40000000E-09  0.73223011E-02  0.00000000E+00  0.60896955E-01  0.00000000E+00  0.00000000E+00  0.17621645E+09  0.00000000E+00  0.00000000E+00  0.00000000E+00  0.00000000E+00  0.00000000E+00  0.10000000E-01  0.10000000E+01
 0.41000000E-09  0.73223011E-02  0.00000000E+00  0.62659119E-01  0.00000000E+00  0.00000000E+00  0.17621645E+09  0.00000000E+00  0.00000000E+00  0.00000000E+00  0.00000000E+00  0.00000000E+00  0.10000000E-01  0.10000000E+01
 0.42000000E-09  0.73223011E-02  0.00000000E+00  0.64421283E-01  0.00000000E+00  0.00000000E+00  0.17621645E+09  0.00000000E+00  0.00000000E+00  0.00000000E+00  0.00000000E+00  0.00000000E+00  0.10000000E-01  0.10000000E+01
 0.43000000E-09  0.73223011E-02  0.00000000E+00  0.66183448E-01  0.00000000E+00  0.00000000E+00  0.17621645E+09  0.00000000E+00  0.00000000E+00  0.00000000E+00  0.00000000E+00  0.00000000E+00  0.10000000E-01  0.10000000E+01
 0.44000000E-09  0.73223011E-02  0.00000000E+00  0.67945612E-01  0.00000000E+00  0.00000000E+00  0.17621645E+09  0.00000000E+00  0.00000000E+00  0.00000000E+00  0.00000000E+00  0.00000000E+00  0.10000000E-01  0.10000000E+01
 0.45000000E-09  0.73223011E-02  0.00000000E+00  0.69707777E-01  0.00000000E+00  0.00000000E+00  0.17621645E+09  0.00000000E+00  0.00000000E+00  0.00000000E+00  0.00000000E+00  0.00000000E+00  0.10000000E-01  0.10000000E+01
 0.46000000E-09  0.73223011E-02  0.00000000E+00  0.71469941E-01  0.00000000E+00  0.00000000E+00  0.17621645E+09  0.00000000E+00  0.00000000E+00  0.00000000E+00  0.00000000E+00  0.00000000E+00  0.10000000E-01  0.10000000E+01
 0.47000000E-09  0.73223011E-02  0.00000000E+00  0.73232106E-01  0.00000000E+00  0.00000000E+00  0.17621645E+09  0.00000000E+00  0.00000000E+00  0.00000000E+00  0.00000000E+00  0.00000000E+00  0.10000000E-01  0.10000000E+01
 0.48000000E-09  0.73223011E-02  0.00000000E+00  0.74994270E-01  0.00000000E+00  0.00000000E+00  0.17621645E+09  0.00000000E+00  0.00000000E+00  0.00000000E+00  0.00000000E+00  0.00000000E+00  0.10000000E-01  0.10000000E+01
 0.49000000E-09  0.73223011E-02  0.00000000E+00  0.76756435E-01  0.00000000E+00  0.00000000E+00  0.17621645E+09  0.00000000E+00  0.00000000E+00  0.00000000E+00  0.00000000E+00  0.00000000E+00  0.10000000E-01  0.10000000E+01
 0.50000000E-09  0.73223011E-02  0.00000000E+00  0.78518599E-01  0.00000000E+00  0.00000000E+00  0.17621645E+09  0.00000000E+00  0.00000000E+00  0.00000000E+00  0.00000000E+00  0.00000000E+00  0.10000000E-01  0.10000000E+01
 0.51000000E-09  0.73223011E-02  0.00000000E+00  0.80280764E-01  0.00000000E+00  0.00000000E+00  0.17621645E+09  0.00000000E+00  0.00000000E+00  0.00000000E+00  0.00000000E+00  0.00000000E+00  0.10000000E-01  0.10000000E+01
 0.52000000E-09  0.73223011E-02  0.00000000E+00  0.82042928E-01  0.00000000E+00  0.00000000E+00  0.17621645E+09  0.00000000E+00  0.00000000E+00  0.00000000E+00  0.00000000E+00  0.00000000E+00  0.10000000E-01  0.10000000E+01
 0.53000000E-09  0.73223011E-02  0.00000000E+00  0.83805093E-01  0.00000000E+00  0.00000000E+00  0.17621645E+09  0.00000000E+00  0.00000000E+00  0.00000000E+00  0.00000000E+00  0.00000000E+00  0.10000000E-01  0.10000000E+01
 0.54000000E-09  0.73223011E-02  0.00000000E+00  0.85567257E-01  0.00000000E+00  0.00000000E+00  0.17621645E+09  0.00000000E+00  0.00000000E+00  0.00000000E+00  0.00000000E+00  0.00000000E+00  0.10000000E-01  0.10000000E+01
 0.55002000E-09  0.73223011E-02  0.00000000E+00  0.87332946E-01  0.00000000E+00  0.00000000E+00  0.17621645E+09  0.00000000E+00  0.00000000E+00  0.00000000E+00  0.00000000E+00  0.00000000E+00  0.10000000E-01  0.10000000E+01
 0.56002000E-09  0.73223011E-02  0.00000000E+00  0.89095110E-01  0.00000000E+00  0.00000000E+00  0.17621645E+09  0.00000000E+00  0.00000000E+00  0.00000000E+00  0.00000000E+00  0.00000000E+00  0.10000000E-01  0.10000000E+01
 0.57002000E-09  0.73223011E-02  0.00000000E+00  0.90857275E-01  0.00000000E+00  0.00000000E+00  0.17621645E+09  0.00000000E+00  0.00000000E+00  0.00000000E+00  0.00000000E+00  0.00000000E+00  0.10000000E-01  0.10000000E+01
 0.58002000E-09  0.73223011E-02  0.00000000E+00  0.92619439E-01  0.00000000E+00  0.00000000E+00  0.17621645E+09  0.00000000E+00  0.00000000E+00  0.00000000E+00  0.00000000E+00  0.00000000E+00  0.10000000E-01  0.10000000E+01
 0.59002000E-09  0.73223011E-02  0.00000000E+00  0.94381604E-01  0.00000000E+00  0.00000000E+00  0.17621645E+09  0.00000000E+00  0.00000000E+00  0.00000000E+00  0.00000000E+00  0.00000000E+00  0.10000000E-01  0.10000000E+01
 0.60002000E-09  0.73223011E-02  0.00000000E+00  0.96143768E-01  0.00000000E+00  0.00000000E+00  0.17621645E+09  0.00000000E+00  0.00000000E+00  0.00000000E+00  0.00000000E+00  0.00000000E+00  0.10000000E-01  0.10000000E+01
 0.61002000E-09  0.73223011E-02  0.00000000E+00  0.97905933E-01  0.00000000E+00  0.00000000E+00  0.17621645E+09  0.00000000E+00  0.00000000E+00  0.00000000E+00  0.00000000E+00  0.00000000E+00  0.10000000E-01  0.10000000E+01
 0.62002000E-09  0.73223011E-02  0.00000000E+00  0.99668097E-01  0.00000000E+00  0.00000000E+00  0.17621645E+09  0.00000000E+00  0.00000000E+00  0.00000000E+00  0.00000000E+00  0.00000000E+00  0.10000000E-01  0.10000000E+01
 0.63002000E-09  0.73223011E-02  0.00000000E+00  0.10143026E+00  0.00000000E+00  0.00000000E+00  0.17621645E+09  0.00000000E+00  0.00000000E+00  0.00000000E+00  0.00000000E+00  0.00000000E+00  0.10000000E-01  0.10000000E+01
 0.64002000E-09  0.73223011E-02  0.00000000E+00  0.10319243E+00  0.00000000E+00  0.00000000E+00  0.17621645E+09  0.00000000E+00  0.00000000E+00  0.00000000E+00  0.00000000E+00  0.00000000E+00  0.10000000E-01  0.10000000E+01
 0.65002000E-09  0.73223011E-02  0.00000000E+00  0.10495459E+00  0.00000000E+00  0.00000000E+00  0.17621645E+09  0.00000000E+00  0.00000000E+00  0.00000000E+00  0.00000000E+00  0.00000000E+00  0.10000000E-01  0.10000000E+01
 0.66002000E-09  0.73223011E-02  0.00000000E+00  0.10671675E+00  0.00000000E+00  0.00000000E+00  0.17621645E+09  0.00000000E+00  0.00000000E+00  0.00000000E+00  0.00000000E+00  0.00000000E+00  0.10000000E-01  0.10000000E+01
 0.67002000E-09  0.73223011E-02  0.00000000E+00  0.10847892E+00  0.00000000E+00  0.00000000E+00  0.17621645E+09  0.00000000E+00  0.00000000E+00  0.00000000E+00  0.00000000E+00  0.00000000E+00  0.10000000E-01  0.10000000E+01
 0.68002000E-09  0.73223011E-02  0.00000000E+00  0.11024108E+00  0.00000000E+00  0.00000000E+00  0.17621645E+09  0.00000000E+00  0.00000000E+00  0.00000000E+00  0.00000000E+00  0.00000000E+00  0.10000000E-01  0.10000000E+01
 0.69002000E-09  0.73223011E-02  0.00000000E+00  0.11200325E+00  0.00000000E+00  0.00000000E+00  0.17621645E+09  0.00000000E+00  0.00000000E+00  0.00000000E+00  0.00000000E+00  0.00000000E+00  0.10000000E-01  0.10000000E+01
 0.70002000E-09  0.73223011E-02  0.00000000E+00  0.11376541E+00  0.00000000E+00  0.00000000E+00  0.17621645E+09  0.00000000E+00  0.00000000E+00  0.00000000E+00  0.00000000E+00  0.00000000E+00  0.10000000E-01  0.10000000E+01
 0.71002000E-09  0.73223011E-02  0.00000000E+00  0.11552758E+00  0.00000000E+00  0.00000000E+00  0.17621645E+09  0.00000000E+00  0.00000000E+00  0.00000000E+00  0.00000000E+00  0.00000000E+00  0.10000000E-01  0.10000000E+01
 0.72002000E-09  0.73223011E-02  0.00000000E+00  0.11728974E+00  0.00000000E+00  0.00000000E+00  0.17621645E+09  0.00000000E+00  0.00000000E+00  0.00000000E+00  0.00000000E+00  0.00000000E+00  0.10000000E-01  0.10000000E+01
 0.73002000E-09  0.73223011E-02  0.00000000E+00  0.11905191E+00  0.00000000E+00  0.00000000E+00  0.17621645E+09  0.00000000E+00  0.00000000E+00  0.00000000E+00  0.00000000E+00  0.00000000E+00  0.10000000E-01  0.10000000E+01
 0.74002000E-09  0.73223011E-02  0.00000000E+00  0.12081407E+00  0.00000000E+00  0.00000000E+00  0.17621645E+09  0.00000000E+00  0.00000000E+00  0.00000000E+00  0.00000000E+00  0.00000000E+00  0.10000000E-01  0.10000000E+01
 0.75002000E-09  0.73223011E-02  0.00000000E+00  0.12257624E+00  0.00000000E+00  0.00000000E+00  0.17621645E+09  0.00000000E+00  0.00000000E+00  0.00000000E+00  0.00000000E+00  0.00000000E+00  0.10000000E-01  0.10000000E+01
 0.76002000E-09  0.73223011E-02  0.00000000E+00  0.12433840E+00  0.00000000E+00  0.00000000E+00  0.17621645E+09  0.00000000E+00  0.00000000E+00  0.00000000E+00  0.00000000E+00  0.00000000E+00  0.10000000E-01  0.10000000E+01
 0.77002000E-09  0.73223011E-02  0.00000000E+00  0.12610056E+00  0.00000000E+00  0.00000000E+00  0.17621645E+09  0.00000000E+00  0.00000000E+00  0.00000000E+00  0.00000000E+00  0.00000000E+00  0.10000000E-01  0.10000000E+01
 0.78002000E-09  0.73223011E-02  0.00000000E+00  0.12786273E+00  0.00000000E+00  0.00000000E+00  0.17621645E+09  0.00000000E+00  0.00000000E+00  0.00000000E+00  0.00000000E+00  0.00000000E+00  0.10000000E-01  0.10000000E+01
 0.79002000E-09  0.73223011E-02  0.00000000E+00  0.12962489E+00  0.00000000E+00  0.00000000E+00  0.17621645E+09  0.00000000E+00  0.00000000E+00  0.00000000E+00  0.00000000E+00  0.00000000E+00  0.10000000E-01  0.10000000E+01
 0.80002000E-09  0.73223011E-02  0.00000000E+00  0.13138706E+00  0.00000000E+00  0.00000000E+00  0.17621645E+09  0.00000000E+00  0.00000000E+00  0.00000000E+00  0.00000000E+00  0.00000000E+00  0.10000000E-01  0.10000000E+01
 0.81002000E-09  0.73223011E-02  0.00000000E+00  0.13314922E+00  0.00000000E+00  0.00000000E+00  0.17621645E+09  0.00000000E+00  0.00000000E+00  0.00000000E+00  0.00000000E+00  0.00000000E+00  0.10000000E-01  0.10000000E+01
 0.82002000E-09  0.73223011E-02  0.00000000E+00  0.13491139E+00  0.00000000E+00  0.00000000E+00  0.17621645E+09  0.00000000E+00  0.00000000E+00  0.00000000E+00  0.00000000E+00  0.00000000E+00  0.10000000E-01  0.10000000E+01
 0.83002000E-09  0.73223011E-02  0.00000000E+00  0.13667355E+00  0.00000000E+00  0.00000000E+00  0.17621645E+09  0.00000000E+00  0.00000000E+00  0.00000000E+00  0.00000000E+00  0.00000000E+00  0.10000000E-01  0.10000000E+01
 0.84002000E-09  0.73223011E-02  0.00000000E+00  0.13843572E+00  0.00000000E+00  0.00000000E+00  0.17621645E+09  0.00000000E+00  0.00000000E+00  0.00000000E+00  0.00000000E+00  0.00000000E+00  0.10000000E-01  0.10000000E+01
 0.85002000E-09  0.73223011E-02  0.00000000E+00  0.14019788E+00  0.00000000E+00  0.00000000E+00  0.17621645E+09  0.00000000E+00  0.00000000E+00  0.00000000E+00  0.00000000E+00  0.00000000E+00  0.10000000E-01  0.10000000E+01
 0.86002000E-09  0.73223011E-02  0.00000000E+00  0.14196004E+00  0.00000000E+00  0.00000000E+00  0.17621645E+09  0.00000000E+00  0.00000000E+00  0.00000000E+00  0.00000000E+00  0.00000000E+00  0.10000000E-01  0.10000000E+01
 0.87002000E-09  0.73223011E-02  0.00000000E+00  0.14372221E+00  0.00000000E+00  0.00000000E+00  0.17621645E+09  0.00000000E+00  0.00000000E+00  0.00000000E+00  0.00000000E+00  0.00000000E+00  0.10000000E-01  0.10000000E+01
 0.88002000E-09  0.73223011E-02  0.00000000E+00  0.14548437E+00  0.00000000E+00  0.00000000E+00  0.17621645E+09  0.00000000E+00  0.00000000E+00  0.00000000E+00  0.00000000E+00  0.00000000E+00  0.10000000E-01  0.10000000E+01
 0.89002000E-09  0.73223011E-02  0.00000000E+00  0.14724654E+00  0.00000000E+00  0.00000000E+00  0.17621645E+09  0.00000000E+00  0.00000000E+00  0.00000000E+00  0.00000000E+00  0.00000000E+00  0.10000000E-01  0.10000000E+01
 0.90002000E-09  0.73223011E-02  0.00000000E+00  0.14900870E+00  0.00000000E+00  0.00000000E+00  0.17621645E+09  0.00000000E+00  0.00000000E+00  0.00000000E+00  0.00000000E+00  0.00000000E+00  0.10000000E-01  0.10000000E+01
 0.91002000E-09  0.73223011E-02  0.00000000E+00  0.15077087E+00  0.00000000E+00  0.00000000E+00  0.17621645E+09  0.00000000E+00  0.00000000E+00  0.00000000E+00  0.00000000E+00  0.00000000E+00  0.10000000E-01  0.10000000E+01
 0.92002000E-09  0.73223011E-02  0.00000000E+00  0.15253303E+00  0.00000000E+00  0.00000000E+00  0.17621645E+09  0.00000000E+00  0.00000000E+00  0.00000000E+00  0.00000000E+00  0.00000000E+00  0.10000000E-01  0.10000000E+01
 0.93002000E-09  0.73223011E-02  0.00000000E+00  0.15429520E+00  0.00000000E+00  0.00000000E+00  0.17621645E+09  0.00000000E+00  0.00000000E+00  0.00000000E+00  0.00000000E+00  0.00000000E+00  0.10000000E-01  0.10000000E+01
 0.94002000E-09  0.73223011E-02  0.00000000E+00  0.15605736E+00  0.00000000E+00  0.00000000E+00  0.17621645E+09  0.00000000E+00  0.00000000E+00  0.00000000E+00  0.00000000E+00  0.00000000E+00  0.10000000E-01  0.10000000E+01
 0.95002000E-09  0.73223011E-02  0.00000000E+00  0.15781952E+00  0.00000000E+00  0.00000000E+00  0.17621645E+09  0.00000000E+00  0.00000000E+00  0.00000000E+00  0.00000000E+00  0.00000000E+00  0.10000000E-01  0.10000000E+01
 0.96002000E-09  0.73223011E-02  0.00000000E+00  0.15958169E+00  0.00000000E+00  0.00000000E+00  0.17621645E+09  0.00000000E+00  0.00000000E+00  0.00000000E+00  0.00000000E+00  0.00000000E+00  0.10000000E-01  0.10000000E+01
 0.97002000E-09  0.73223011E-02  0.00000000E+00  0.16134385E+00  0.00000000E+00  0.00000000E+00  0.17621645E+09  0.00000000E+00  0.00000000E+00  0.00000000E+00  0.00000000E+00  0.00000000E+00  0.10000000E-01  0.10000000E+01
 0.98002000E-09  0.73223011E-02  0.00000000E+00  0.16310602E+00  0.00000000E+00  0.00000000E+00  0.17621645E+09  0.00000000E+00  0.00000000E+00  0.00000000E+00  0.00000000E+00  0.00000000E+00  0.10000000E-01  0.10000000E+01
 0.99002000E-09  0.73223011E-02  0.00000000E+00  0.16486818E+00  0.00000000E+00  0.00000000E+00  0.17621645E+09  0.00000000E+00  0.00000000E+00  0.00000000E+00  0.00000000E+00  0.00000000E+00  0.10000000E-01  0.10000000E+01
 0.10000200E-08  0.73223011E-02  0.00000000E+00  0.16663035E+00  0.00000000E+00  0.00000000E+00  0.17621645E+09  0.00000000E+00  0.00000000E+00  0.00000000E+00  0.00000000E+00  0.00000000E+00  0.10000000E-01  0.10000000E+01
 0.10100200E-08  0.73223011E-02  0.00000000E+00  0.16839251E+00  0.00000000E+00  0.00000000E+00  0.17621645E+09  0.00000000E+00  0.00000000E+00  0.00000000E+00  0.00000000E+00  0.00000000E+00  0.10000000E-01  0.10000000E+01
 0.10200200E-08  0.73223011E-02  0.00000000E+00  0.17015468E+00  0.00000000E+00  0.00000000E+00  0.17621645E+09  0.00000000E+00  0.00000000E+00  0.00000000E+00  0.00000000E+00  0.00000000E+00  0.10000000E-01  0.10000000E+01
 0.10300200E-08  0.73223011E-02  0.00000000E+00  0.17191684E+00  0.00000000E+00  0.00000000E+00  0.17621645E+09  0.00000000E+00  0.00000000E+00  0.00000000E+00  0.00000000E+00  0.00000000E+00  0.10000000E-01  0.10000000E+01
 0.10400200E-08  0.73223011E-02  0.00000000E+00  0.17367900E+00  0.00000000E+00  0.00000000E+00  0.17621645E+09  0.00000000E+00  0.00000000E+00  0.00000000E+00  0.00000000E+00  0.00000000E+00  0.10000000E-01  0.10000000E+01
 0.10500200E-08  0.73223011E-02  0.00000000E+00  0.17544117E+00  0.00000000E+00  0.00000000E+00  0.17621645E+09  0.00000000E+00  0.00000000E+00  0.00000000E+00  0.00000000E+00  0.00000000E+00  0.10000000E-01  0.10000000E+01
 0.10600200E-08  0.73223011E-02  0.00000000E+00  0.17720333E+00  0.00000000E+00  0.00000000E+00  0.17621645E+09  0.00000000E+00  0.00000000E+00  0.00000000E+00  0.00000000E+00  0.00000000E+00  0.10000000E-01  0.10000000E+01
 0.10700200E-08  0.73223011E-02  0.00000000E+00  0.17896550E+00  0.00000000E+00  0.00000000E+00  0.17621645E+09  0.00000000E+00  0.00000000E+00  0.00000000E+00  0.00000000E+00  0.00000000E+00  0.10000000E-01  0.10000000E+01
 0.10800200E-08  0.73223011E-02  0.00000000E+00  0.18072766E+00  0.00000000E+00  0.00000000E+00  0.17621645E+09  0.00000000E+00  0.00000000E+00  0.00000000E+00  0.00000000E+00  0.00000000E+00  0.10000000E-01  0.10000000E+01
 0.10900200E-08  0.73223011E-02  0.00000000E+00  0.18248983E+00  0.00000000E+00  0.00000000E+00  0.17621645E+09  0.00000000E+00  0.00000000E+00  0.00000000E+00  0.00000000E+00  0.00000000E+00  0.10000000E-01  0.10000000E+01
 0.11000200E-08  0.73223011E-02  0.00000000E+00  0.18425199E+00  0.00000000E+00  0.00000000E+00  0.17621645E+09  0.00000000E+00  0.00000000E+00  0.00000000E+00  0.00000000E+00  0.00000000E+00  0.10000000E-01  0.10000000E+01
 0.11100200E-08  0.73223011E-02  0.00000000E+00  0.18601416E+00  0.00000000E+00  0.00000000E+00  0.17621645E+09  0.00000000E+00  0.00000000E+00  0.00000000E+00  0.00000000E+00  0.00000000E+00  0.10000000E-01  0.10000000E+01
 0.11200200E-08  0.73223011E-02  0.00000000E+00  0.18777632E+00  0.00000000E+00  0.00000000E+00  0.17621645E+09  0.00000000E+00  0.00000000E+00  0.00000000E+00  0.00000000E+00  0.00000000E+00  0.10000000E-01  0.10000000E+01
 0.11300200E-08  0.73223011E-02  0.00000000E+00  0.18953848E+00  0.00000000E+00  0.00000000E+00  0.17621645E+09  0.00000000E+00  0.00000000E+00  0.00000000E+00  0.00000000E+00  0.00000000E+00  0.10000000E-01  0.10000000E+01
 0.11400200E-08  0.73223011E-02  0.00000000E+00  0.19130065E+00  0.00000000E+00  0.00000000E+00  0.17621645E+09  0.00000000E+00  0.00000000E+00  0.00000000E+00  0.00000000E+00  0.00000000E+00  0.10000000E-01  0.10000000E+01
 0.11500200E-08  0.73223011E-02  0.00000000E+00  0.19306281E+00  0.00000000E+00  0.00000000E+00  0.17621645E+09  0.00000000E+00  0.00000000E+00  0.00000000E+00  0.00000000E+00  0.00000000E+00  0.10000000E-01  0.10000000E+01
 0.11600200E-08  0.73223011E-02  0.00000000E+00  0.19482498E+00  0.00000000E+00  0.00000000E+00  0.17621645E+09  0.00000000E+00  0.00000000E+00  0.00000000E+00  0.00000000E+00  0.00000000E+00  0.10000000E-01  0.10000000E+01
 0.11700200E-08  0.73223011E-02  0.00000000E+00  0.19658714E+00  0.00000000E+00  0.00000000E+00  0.17621645E+09  0.00000000E+00  0.00000000E+00  0.00000000E+00  0.00000000E+00  0.00000000E+00  0.10000000E-01  0.10000000E+01
 0.11800200E-08  0.73223011E-02  0.00000000E+00  0.19834931E+00  0.00000000E+00  0.00000000E+00  0.17621645E+09  0.00000000E+00  0.00000000E+00  0.00000000E+00  0.00000000E+00  0.00000000E+00  0.10000000E-01  0.10000000E+01
 0.11900200E-08  0.73223011E-02  0.00000000E+00  0.20011147E+00  0.00000000E+00  0.00000000E+00  0.17621645E+09  0.00000000E+00  0.00000000E+00  0.00000000E+00  0.00000000E+00  0.00000000E+00  0.10000000E-01  0.10000000E+01
 0.12000200E-08  0.73223011E-02  0.00000000E+00  0.20187364E+00  0.00000000E+00  0.00000000E+00  0.17621645E+09  0.00000000E+00  0.00000000E+00  0.00000000E+00  0.00000000E+00  0.00000000E+00  0.10000000E-01  0.10000000E+01
 0.12100200E-08  0.73223011E-02  0.00000000E+00  0.20363580E+00  0.00000000E+00  0.00000000E+00  0.17621645E+09  0.00000000E+00  0.00000000E+00  0.00000000E+00  0.00000000E+00  0.00000000E+00  0.10000000E-01  0.10000000E+01
 0.12200200E-08  0.73223011E-02  0.00000000E+00  0.20539796E+00  0.00000000E+00  0.00000000E+00  0.17621645E+09  0.00000000E+00  0.00000000E+00  0.00000000E+00  0.00000000E+00  0.00000000E+00  0.10000000E-01  0.10000000E+01
 0.12300200E-08  0.73223011E-02  0.00000000E+00  0.20716013E+00  0.00000000E+00  0.00000000E+00  0.17621645E+09  0.00000000E+00  0.00000000E+00  0.00000000E+00  0.00000000E+00  0.00000000E+00  0.10000000E-01  0.10000000E+01
 0.12400200E-08  0.73223011E-02  0.00000000E+00  0.20892229E+00  0.00000000E+00  0.00000000E+00  0.17621645E+09  0.00000000E+00  0.00000000E+00  0.00000000E+00  0.00000000E+00  0.00000000E+00  0.10000000E-01  0.10000000E+01
 0.12500200E-08  0.73223011E-02  0.00000000E+00  0.21068446E+00  0.00000000E+00  0.00000000E+00  0.17621645E+09  0.00000000E+00  0.00000000E+00  0.00000000E+00  0.00000000E+00  0.00000000E+00  0.10000000E-01  0.10000000E+01
 0.12600200E-08  0.73223011E-02  0.00000000E+00  0.21244662E+00  0.00000000E+00  0.00000000E+00  0.17621645E+09  0.00000000E+00  0.00000000E+00  0.00000000E+00  0.00000000E+00  0.00000000E+00  0.10000000E-01  0.10000000E+01
 0.12700200E-08  0.73223011E-02  0.00000000E+00  0.21420879E+00  0.00000000E+00  0.00000000E+00  0.17621645E+09  0.00000000E+00  0.00000000E+00  0.00000000E+00  0.00000000E+00  0.00000000E+00  0.10000000E-01  0.10000000E+01
 0.12800200E-08  0.73223011E-02  0.00000000E+00  0.21597095E+00  0.00000000E+00  0.00000000E+00  0.17621645E+09  0.00000000E+00  0.00000000E+00  0.00000000E+00  0.00000000E+00  0.00000000E+00  0.10000000E-01  0.10000000E+01
 0.12900200E-08  0.73223011E-02  0.00000000E+00  0.21773312E+00  0.00000000E+00  0.00000000E+00  0.17621645E+09  0.00000000E+00  0.00000000E+00  0.00000000E+00  0.00000000E+00  0.00000000E+00  0.10000000E-01  0.10000000E+01
 0.13000200E-08  0.73223011E-02  0.00000000E+00  0.21949528E+00  0.00000000E+00  0.00000000E+00  0.17621645E+09  0.00000000E+00  0.00000000E+00  0.00000000E+00  0.00000000E+00  0.00000000E+00  0.10000000E-01  0.10000000E+01
 0.13100200E-08  0.73223011E-02  0.00000000E+00  0.22125744E+00  0.00000000E+00  0.00000000E+00  0.17621645E+09  0.00000000E+00  0.00000000E+00  0.00000000E+00  0.00000000E+00  0.00000000E+00  0.10000000E-01  0.10000000E+01
 0.13200200E-08  0.73223011E-02  0.00000000E+00  0.22301961E+00  0.00000000E+00  0.00000000E+00  0.17621645E+09  0.00000000E+00  0.00000000E+00  0.00000000E+00  0.00000000E+00  0.00000000E+00  0.10000000E-01  0.10000000E+01
 0.13300200E-08  0.73223011E-02  0.00000000E+00  0.22478177E+00  0.00000000E+00  0.00000000E+00  0.17621645E+09  0.00000000E+00  0.00000000E+00  0.00000000E+00  0.00000000E+00  0.00000000E+00  0.10000000E-01  0.10000000E+01
 0.13400200E-08  0.73223011E-02  0.00000000E+00  0.22654394E+00  0.00000000E+00  0.00000000E+00  0.17621645E+09  0.00000000E+00  0.00000000E+00  0.00000000E+00  0.00000000E+00  0.00000000E+00  0.10000000E-01  0.10000000E+01
 0.13500200E-08  0.73223011E-02  0.00000000E+00  0.22830610E+00  0.00000000E+00  0.00000000E+00  0.17621645E+09  0.00000000E+00  0.00000000E+00  0.00000000E+00  0.00000000E+00  0.00000000E+00  0.10000000E-01  0.10000000E+01
 0.13600200E-08  0.73223011E-02  0.00000000E+00  0.23006827E+00  0.00000000E+00  0.00000000E+00  0.17621645E+09  0.00000000E+00  0.00000000E+00  0.00000000E+00  0.00000000E+00  0.00000000E+00  0.10000000E-01  0.10000000E+01
 0.13700200E-08  0.73223011E-02  0.00000000E+00  0.23183043E+00  0.00000000E+00  0.00000000E+00  0.17621645E+09  0.00000000E+00  0.00000000E+00  0.00000000E+00  0.00000000E+00  0.00000000E+00  0.10000000E-01  0.10000000E+01
 0.13800200E-08  0.73223011E-02  0.00000000E+00  0.23359260E+00  0.00000000E+00  0.00000000E+00  0.17621645E+09  0.00000000E+00  0.00000000E+00  0.00000000E+00  0.00000000E+00  0.00000000E+00  0.10000000E-01  0.10000000E+01
 0.13900200E-08  0.73223011E-02  0.00000000E+00  0.23535476E+00  0.00000000E+00  0.00000000E+00  0.17621645E+09  0.00000000E+00  0.00000000E+00  0.00000000E+00  0.00000000E+00  0.00000000E+00  0.10000000E-01  0.10000000E+01
 0.14000200E-08  0.73223011E-02  0.00000000E+00  0.23711692E+00  0.00000000E+00  0.00000000E+00  0.17621645E+09  0.00000000E+00  0.00000000E+00  0.00000000E+00  0.00000000E+00  0.00000000E+00  0.10000000E-01  0.10000000E+01
 0.14100200E-08  0.73223011E-02  0.00000000E+00  0.23887909E+00  0.00000000E+00  0.00000000E+00  0.17621645E+09  0.00000000E+00  0.00000000E+00  0.00000000E+00  0.00000000E+00  0.00000000E+00  0.10000000E-01  0.10000000E+01
 0.14200200E-08  0.73223011E-02  0.00000000E+00  0.24064125E+00  0.00000000E+00  0.00000000E+00  0.17621645E+09  0.00000000E+00  0.00000000E+00  0.00000000E+00  0.00000000E+00  0.00000000E+00  0.10000000E-01  0.10000000E+01
 0.14300200E-08  0.73223011E-02  0.00000000E+00  0.24240342E+00  0.00000000E+00  0.00000000E+00  0.17621645E+09  0.00000000E+00  0.00000000E+00  0.00000000E+00  0.00000000E+00  0.00000000E+00  0.10000000E-01  0.10000000E+01
 0.14400200E-08  0.73223011E-02  0.00000000E+00  0.24416558E+00  0.00000000E+00  0.00000000E+00  0.17621645E+09  0.00000000E+00  0.00000000E+00  0.00000000E+00  0.00000000E+00  0.00000000E+00  0.10000000E-01  0.10000000E+01
 0.14500200E-08  0.73223011E-02  0.00000000E+00  0.24592775E+00  0.00000000E+00  0.00000000E+00  0.17621645E+09  0.00000000E+00  0.00000000E+00  0.00000000E+00  0.00000000E+00  0.00000000E+00  0.10000000E-01  0.10000000E+01
 0.14600200E-08  0.73223011E-02  0.00000000E+00  0.24768991E+00  0.00000000E+00  0.00000000E+00  0.17621645E+09  0.00000000E+00  0.00000000E+00  0.00000000E+00  0.00000000E+00  0.00000000E+00  0.10000000E-01  0.10000000E+01
 0.14700200E-08  0.73223011E-02  0.00000000E+00  0.24945208E+00  0.00000000E+00  0.00000000E+00  0.17621645E+09  0.00000000E+00  0.00000000E+00  0.00000000E+00  0.00000000E+00  0.00000000E+00  0.10000000E-01  0.10000000E+01
 0.14800200E-08  0.73223011E-02  0.00000000E+00  0.25121424E+00  0.00000000E+00  0.00000000E+00  0.17621645E+09  0.00000000E+00  0.00000000E+00  0.00000000E+00  0.00000000E+00  0.00000000E+00  0.10000000E-01  0.10000000E+01
 0.14900200E-08  0.73223011E-02  0.00000000E+00  0.25297641E+00  0.00000000E+00  0.00000000E+00  0.17621645E+09  0.00000000E+00  0.00000000E+00  0.00000000E+00  0.00000000E+00  0.00000000E+00  0.10000000E-01  0.10000000E+01
 0.15000200E-08  0.73223011E-02  0.00000000E+00  0.25473857E+00  0.00000000E+00  0.00000000E+00  0.17621645E+09  0.00000000E+00  0.00000000E+00  0.00000000E+00  0.00000000E+00  0.00000000E+00  0.10000000E-01  0.10000000E+01
 0.15100200E-08  0.73223011E-02  0.00000000E+00  0.25650073E+00  0.00000000E+00  0.00000000E+00  0.17621645E+09  0.00000000E+00  0.00000000E+00  0.00000000E+00  0.00000000E+00  0.00000000E+00  0.10000000E-01  0.10000000E+01
 0.15200200E-08  0.73223011E-02  0.00000000E+00  0.25826290E+00  0.00000000E+00  0.00000000E+00  0.17621645E+09  0.00000000E+00  0.00000000E+00  0.00000000E+00  0.00000000E+00  0.00000000E+00  0.10000000E-01  0.10000000E+01
 0.15300200E-08  0.73223011E-02  0.00000000E+00  0.26002506E+00  0.00000000E+00  0.00000000E+00  0.17621645E+09  0.00000000E+00  0.00000000E+00  0.00000000E+00  0.00000000E+00  0.00000000E+00  0.10000000E-01  0.10000000E+01
 0.15400200E-08  0.73223011E-02  0.00000000E+00  0.26178723E+00  0.00000000E+00  0.00000000E+00  0.17621645E+09  0.00000000E+00  0.00000000E+00  0.00000000E+00  0.00000000E+00  0.00000000E+00  0.10000000E-01  0.10000000E+01
 0.15500200E-08  0.73223011E-02  0.00000000E+00  0.26354939E+00  0.00000000E+00  0.00000000E+00  0.17621645E+09  0.00000000E+00  0.00000000E+00  0.00000000E+00  0.00000000E+00  0.00000000E+00  0.10000000E-01  0.10000000E+01
 0.15600200E-08  0.73223011E-02  0.00000000E+00  0.26531156E+00  0.00000000E+00  0.00000000E+00  0.17621645E+09  0.00000000E+00  0.00000000E+00  0.00000000E+00  0.00000000E+00  0.00000000E+00  0.10000000E-01  0.10000000E+01
 0.15700200E-08  0.73223011E-02  0.00000000E+00  0.26707372E+00  0.00000000E+00  0.00000000E+00  0.17621645E+09  0.00000000E+00  0.00000000E+00  0.00000000E+00  0.00000000E+00  0.00000000E+00  0.10000000E-01  0.10000000E+01
 0.15800200E-08  0.73223011E-02  0.00000000E+00  0.26883589E+00  0.00000000E+00  0.00000000E+00  0.17621645E+09  0.00000000E+00  0.00000000E+00  0.00000000E+00  0.00000000E+00  0.00000000E+00  0.10000000E-01  0.10000000E+01
 0.15900200E-08  0.73223011E-02  0.00000000E+00  0.27059805E+00  0.00000000E+00  0.00000000E+00  0.17621645E+09  0.00000000E+00  0.00000000E+00  0.00000000E+00  0.00000000E+00  0.00000000E+00  0.10000000E-01  0.10000000E+01
 0.16000200E-08  0.73223011E-02  0.00000000E+00  0.27236021E+00  0.00000000E+00  0.00000000E+00  0.17621645E+09  0.00000000E+00  0.00000000E+00  0.00000000E+00  0.00000000E+00  0.00000000E+00  0.10000000E-01  0.10000000E+01
 0.16100200E-08  0.73223011E-02  0.00000000E+00  0.27412238E+00  0.00000000E+00  0.00000000E+00  0.17621645E+09  0.00000000E+00  0.00000000E+00  0.00000000E+00  0.00000000E+00  0.00000000E+00  0.10000000E-01  0.10000000E+01
 0.16200200E-08  0.73223011E-02  0.00000000E+00  0.27588454E+00  0.00000000E+00  0.00000000E+00  0.17621645E+09  0.00000000E+00  0.00000000E+00  0.00000000E+00  0.00000000E+00  0.00000000E+00  0.10000000E-01  0.10000000E+01
 0.16300200E-08  0.73223011E-02  0.00000000E+00  0.27764671E+00  0.00000000E+00  0.00000000E+00  0.17621645E+09  0.00000000E+00  0.00000000E+00  0.00000000E+00  0.00000000E+00  0.00000000E+00  0.10000000E-01  0.10000000E+01
 0.16400200E-08  0.73223011E-02  0.00000000E+00  0.27940887E+00  0.00000000E+00  0.00000000E+00  0.17621645E+09  0.00000000E+00  0.00000000E+00  0.00000000E+00  0.00000000E+00  0.00000000E+00  0.10000000E-01  0.10000000E+01
 0.16500200E-08  0.73223011E-02  0.00000000E+00  0.28117104E+00  0.00000000E+00  0.00000000E+00  0.17621645E+09  0.00000000E+00  0.00000000E+00  0.00000000E+00  0.00000000E+00  0.00000000E+00  0.10000000E-01  0.10000000E+01
 0.16600200E-08  0.73223011E-02  0.00000000E+00  0.28293320E+00  0.00000000E+00  0.00000000E+00  0.17621645E+09  0.00000000E+00  0.00000000E+00  0.00000000E+00  0.00000000E+00  0.00000000E+00  0.10000000E-01  0.10000000E+01
 0.16700200E-08  0.73223011E-02  0.00000000E+00  0.28469537E+00  0.00000000E+00  0.00000000E+00  0.17621645E+09  0.00000000E+00  0.00000000E+00  0.00000000E+00  0.00000000E+00  0.00000000E+00  0.10000000E-01  0.10000000E+01
 0.16800200E-08  0.73223011E-02  0.00000000E+00  0.28645753E+00  0.00000000E+00  0.00000000E+00  0.17621645E+09  0.00000000E+00  0.00000000E+00  0.00000000E+00  0.00000000E+00  0.00000000E+00  0.10000000E-01  0.10000000E+01
 0.16900200E-08  0.73223011E-02  0.00000000E+00  0.28821969E+00  0.00000000E+00  0.00000000E+00  0.17621645E+09  0.00000000E+00  0.00000000E+00  0.00000000E+00  0.00000000E+00  0.00000000E+00  0.10000000E-01  0.10000000E+01
 0.17000200E-08  0.73223011E-02  0.00000000E+00  0.28998186E+00  0.00000000E+00  0.00000000E+00  0.17621645E+09  0.00000000E+00  0.00000000E+00  0.00000000E+00  0.00000000E+00  0.00000000E+00  0.10000000E-01  0.10000000E+01
 0.17100200E-08  0.73223011E-02  0.00000000E+00  0.29174402E+00  0.00000000E+00  0.00000000E+00  0.17621645E+09  0.00000000E+00  0.00000000E+00  0.00000000E+00  0.00000000E+00  0.00000000E+00  0.10000000E-01  0.10000000E+01
 0.17200200E-08  0.73223011E-02  0.00000000E+00  0.29350619E+00  0.00000000E+00  0.00000000E+00  0.17621645E+09  0.00000000E+00  0.00000000E+00  0.00000000E+00  0.00000000E+00  0.00000000E+00  0.10000000E-01  0.10000000E+01
 0.17300200E-08  0.73223011E-02  0.00000000E+00  0.29526835E+00  0.00000000E+00  0.00000000E+00  0.17621645E+09  0.00000000E+00  0.00000000E+00  0.00000000E+00  0.00000000E+00  0.00000000E+00  0.10000000E-01  0.10000000E+01
 0.17400200E-08  0.73223011E-02  0.00000000E+00  0.29703052E+00  0.00000000E+00  0.00000000E+00  0.17621645E+09  0.00000000E+00  0.00000000E+00  0.00000000E+00  0.00000000E+00  0.00000000E+00  0.10000000E-01  0.10000000E+01
 0.17500200E-08  0.73223011E-02  0.00000000E+00  0.29879268E+00  0.00000000E+00  0.00000000E+00  0.17621645E+09  0.00000000E+00  0.00000000E+00  0.00000000E+00  0.00000000E+00  0.00000000E+00  0.10000000E-01  0.10000000E+01
 0.17600200E-08  0.73223011E-02  0.00000000E+00  0.30055485E+00  0.00000000E+00  0.00000000E+00  0.17621645E+09  0.00000000E+00  0.00000000E+00  0.00000000E+00  0.00000000E+00  0.00000000E+00  0.10000000E-01  0.10000000E+01
 0.17700200E-08  0.73223011E-02  0.00000000E+00  0.30231701E+00  0.00000000E+00  0.00000000E+00  0.17621645E+09  0.00000000E+00  0.00000000E+00  0.00000000E+00  0.00000000E+00  0.00000000E+00  0.10000000E-01  0.10000000E+01
 0.17800200E-08  0.73223011E-02  0.00000000E+00  0.30407917E+00  0.00000000E+00  0.00000000E+00  0.17621645E+09  0.00000000E+00  0.00000000E+00  0.00000000E+00  0.00000000E+00  0.00000000E+00  0.10000000E-01  0.10000000E+01
 0.17900200E-08  0.73223011E-02  0.00000000E+00  0.30584134E+00  0.00000000E+00  0.00000000E+00  0.17621645E+09  0.00000000E+00  0.00000000E+00  0.00000000E+00  0.00000000E+00  0.00000000E+00  0.10000000E-01  0.10000000E+01
 0.18000200E-08  0.73223011E-02  0.00000000E+00  0.30760350E+00  0.00000000E+00  0.00000000E+00  0.17621645E+09  0.00000000E+00  0.00000000E+00  0.00000000E+00  0.00000000E+00  0.00000000E+00  0.10000000E-01  0.10000000E+01
 0.18100200E-08  0.73223011E-02  0.00000000E+00  0.30936567E+00  0.00000000E+00  0.00000000E+00  0.17621645E+09  0.00000000E+00  0.00000000E+00  0.00000000E+00  0.00000000E+00  0.00000000E+00  0.10000000E-01  0.10000000E+01
 0.18200200E-08  0.73223011E-02  0.00000000E+00  0.31112783E+00  0.00000000E+00  0.00000000E+00  0.17621645E+09  0.00000000E+00  0.00000000E+00  0.00000000E+00  0.00000000E+00  0.00000000E+00  0.10000000E-01  0.10000000E+01
 0.18300200E-08  0.73223011E-02  0.00000000E+00  0.31289000E+00  0.00000000E+00  0.00000000E+00  0.17621645E+09  0.00000000E+00  0.00000000E+00  0.00000000E+00  0.00000000E+00  0.00000000E+00  0.10000000E-01  0.10000000E+01
 0.18400200E-08  0.73223011E-02  0.00000000E+00  0.31465216E+00  0.00000000E+00  0.00000000E+00  0.17621645E+09  0.00000000E+00  0.00000000E+00  0.00000000E+00  0.00000000E+00  0.00000000E+00  0.10000000E-01  0.10000000E+01
 0.18500200E-08  0.73223011E-02  0.00000000E+00  0.31641433E+00  0.00000000E+00  0.00000000E+00  0.17621645E+09  0.00000000E+00  0.00000000E+00  0.00000000E+00  0.00000000E+00  0.00000000E+00  0.10000000E-01  0.10000000E+01
 0.18600200E-08  0.73223011E-02  0.00000000E+00  0.31817649E+00  0.00000000E+00  0.00000000E+00  0.17621645E+09  0.00000000E+00  0.00000000E+00  0.00000000E+00  0.00000000E+00  0.00000000E+00  0.10000000E-01  0.10000000E+01
 0.18700200E-08  0.73223011E-02  0.00000000E+00  0.31993865E+00  0.00000000E+00  0.00000000E+00  0.17621645E+09  0.00000000E+00  0.00000000E+00  0.00000000E+00  0.00000000E+00  0.00000000E+00  0.10000000E-01  0.10000000E+01
 0.18800200E-08  0.73223011E-02  0.00000000E+00  0.32170082E+00  0.00000000E+00  0.00000000E+00  0.17621645E+09  0.00000000E+00  0.00000000E+00  0.00000000E+00  0.00000000E+00  0.00000000E+00  0.10000000E-01  0.10000000E+01
 0.18900200E-08  0.73223011E-02  0.00000000E+00  0.32346298E+00  0.00000000E+00  0.00000000E+00  0.17621645E+09  0.00000000E+00  0.00000000E+00  0.00000000E+00  0.00000000E+00  0.00000000E+00  0.10000000E-01  0.10000000E+01
 0.19000200E-08  0.73223011E-02  0.00000000E+00  0.32522515E+00  0.00000000E+00  0.00000000E+00  0.17621645E+09  0.00000000E+00  0.00000000E+00  0.00000000E+00  0.00000000E+00  0.00000000E+00  0.10000000E-01  0.10000000E+01
 0.19100200E-08  0.73223011E-02  0.00000000E+00  0.32698731E+00  0.00000000E+00  0.00000000E+00  0.17621645E+09  0.00000000E+00  0.00000000E+00  0.00000000E+00  0.00000000E+00  0.00000000E+00  0.10000000E-01  0.10000000E+01
 0.19200200E-08  0.73223011E-02  0.00000000E+00  0.32874948E+00  0.00000000E+00  0.00000000E+00  0.17621645E+09  0.00000000E+00  0.00000000E+00  0.00000000E+00  0.00000000E+00  0.00000000E+00  0.10000000E-01  0.10000000E+01
 0.19300200E-08  0.73223011E-02  0.00000000E+00  0.33051164E+00  0.00000000E+00  0.00000000E+00  0.17621645E+09  0.00000000E+00  0.00000000E+00  0.00000000E+00  0.00000000E+00  0.00000000E+00  0.10000000E-01  0.10000000E+01
 0.19400200E-08  0.73223011E-02  0.00000000E+00  0.33227381E+00  0.00000000E+00  0.00000000E+00  0.17621645E+09  0.00000000E+00  0.00000000E+00  0.00000000E+00  0.00000000E+00  0.00000000E+00  0.10000000E-01  0.10000000E+01
 0.19500200E-08  0.73223011E-02  0.00000000E+00  0.33403597E+00  0.00000000E+00  0.00000000E+00  0.17621645E+09  0.00000000E+00  0.00000000E+00  0.00000000E+00  0.00000000E+00  0.00000000E+00  0.10000000E-01  0.10000000E+01
 0.19600200E-08  0.73223011E-02  0.00000000E+00  0.33579813E+00  0.00000000E+00  0.00000000E+00  0.17621645E+09  0.00000000E+00  0.00000000E+00  0.00000000E+00  0.00000000E+00  0.00000000E+00  0.10000000E-01  0.10000000E+01
 0.19700200E-08  0.73223011E-02  0.00000000E+00  0.33756030E+00  0.00000000E+00  0.00000000E+00  0.17621645E+09  0.00000000E+00  0.00000000E+00  0.00000000E+00  0.00000000E+00  0.00000000E+00  0.10000000E-01  0.10000000E+01
 0.19800200E-08  0.73223011E-02  0.00000000E+00  0.33932246E+00  0.00000000E+00  0.00000000E+00  0.17621645E+09  0.00000000E+00  0.00000000E+00  0.00000000E+00  0.00000000E+00  0.00000000E+00  0.10000000E-01  0.10000000E+01
 0.19900200E-08  0.73223011E-02  0.00000000E+00  0.34108463E+00  0.00000000E+00  0.00000000E+00  0.17621645E+09  0.00000000E+00  0.00000000E+00  0.00000000E+00  0.00000000E+00  0.00000000E+00  0.10000000E-01  0.10000000E+01
