# ptime xp yp zp vx vy vz ex ey ez bx by bz wt
 0.20000000E-13  0.22380469E-02  0.00000000E+00 -0.21819210E-01  0.00000000E+00  0.00000000E+00  0.19187533E+09  0.00000000E+00  0.00000000E+00  0.00000000E+00  0.00000000E+00  0.00000000E+00  0.10000000E-01  0.10000000E+01
 0.10000000E-10  0.22380469E-02  0.00000000E+00 -0.19904294E-01  0.00000000E+00  0.00000000E+00  0.19187533E+09  0.00000000E+00  0.00000000E+00  0.00000000E+00  0.00000000E+00  0.00000000E+00  0.10000000E-01  0.10000000E+01
 0.20000000E-10  0.22380469E-02  0.00000000E+00 -0.17985541E-01  0.00000000E+00  0.00000000E+00  0.19187533E+09  0.00000000E+00  0.00000000E+00  0.00000000E+00  0.00000000E+00  0.00000000E+00  0.10000000E-01  0.10000000E+01
 0.30000000E-10  0.22380469E-02  0.00000000E+00 -0.16066788E-01  0.00000000E+00  0.00000000E+00  0.19187533E+09  0.00000000E+00  0.00000000E+00  0.00000000E+00  0.00000000E+00  0.00000000E+00  0.10000000E-01  0.10000000E+01
 0.40020000E-10  0.22380469E-02  0.00000000E+00 -0.14144197E-01  0.00000000E+00  0.00000000E+00  0.19187533E+09  0.00000000E+00  0.00000000E+00  0.00000000E+00  0.00000000E+00  0.00000000E+00  0.10000000E-01  0.10000000E+01
 0.50020000E-10  0.22380469E-02  0.00000000E+00 -0.12225444E-01  0.00000000E+00  0.00000000E+00  0.19187533E+09  0.00000000E+00  0.00000000E+00  0.00000000E+00  0.00000000E+00  0.00000000E+00  0.10000000E-01  0.10000000E+01
 0.60020000E-10  0.22380469E-02  0.00000000E+00 -0.10306690E-01  0.00000000E+00  0.00000000E+00  0.19187533E+09  0.00000000E+00  0.00000000E+00  0.00000000E+00  0.00000000E+00  0.00000000E+00  0.10000000E-01  0.10000000E+01
 0.70020000E-10  0.22380469E-02  0.00000000E+00 -0.83879372E-02  0.00000000E+00  0.00000000E+00  0.19187533E+09  0.00000000E+00  0.00000000E+00  0.00000000E+00  0.00000000E+00  0.00000000E+00  0.10000000E-01  0.10000000E+01
 0.80000000E-10  0.22380469E-02  0.00000000E+00 -0.64730214E-02  0.00000000E+00  0.00000000E+00  0.19187533E+09  0.00000000E+00  0.00000000E+00  0.00000000E+00  0.00000000E+00  0.00000000E+00  0.10000000E-01  0.10000000E+01
 0.90000000E-10  0.22380469E-02  0.00000000E+00 -0.45542682E-02  0.00000000E+00  0.00000000E+00  0.19187533E+09  0.00000000E+00  0.00000000E+00  0.00000000E+00  0.00000000E+00  0.00000000E+00  0.10000000E-01  0.10000000E+01
 0.10000000E-09  0.22380469E-02  0.00000000E+00 -0.26355149E-02  0.00000000E+00  0.00000000E+00  0.19187533E+09  0.00000000E+00  0.00000000E+00  0.00000000E+00  0.00000000E+00  0.00000000E+00  0.10000000E-01  0.10000000E+01
 0.11000000E-09  0.22380469E-02  0.00000000E+00 -0.71676163E-03  0.00000000E+00  0.00000000E+00  0.19187533E+09  0.00000000E+00  0.00000000E+00  0.00000000E+00  0.00000000E+00  0.00000000E+00  0.10000000E-01  0.10000000E+01
 0.12000000E-09  0.22380469E-02  0.00000000E+00  0.12019916E-02  0.00000000E+00  0.00000000E+00  0.19187533E+09  0.00000000E+00  0.00000000E+00  0.00000000E+00  0.00000000E+00  0.00000000E+00  0.10000000E-01  0.10000000E+01
 0.13000000E-09  0.22380469E-02  0.00000000E+00  0.31207449E-02  0.00000000E+00  0.00000000E+00  0.19187533E+09  0.00000000E+00  0.00000000E+00  0.00000000E+00  0.00000000E+00  0.00000000E+00  0.10000000E-01  0.10000000E+01
 0.14002000E-09  0.22380469E-02  0.00000000E+00  0.50433357E-02  0.00000000E+00  0.00000000E+00  0.19187533E+09  0.00000000E+00  0.00000000E+00  0.00000000E+00  0.00000000E+00  0.00000000E+00  0.10000000E-01  0.10000000E+01
 0.15002000E-09  0.22380469E-02  0.00000000E+00  0.69620890E-02  0.00000000E+00  0.00000000E+00  0.19187533E+09  0.00000000E+00  0.00000000E+00  0.00000000E+00  0.00000000E+00  0.00000000E+00  0.10000000E-01  0.10000000E+01
 0.16002000E-09  0.22380469E-02  0.00000000E+00  0.88808422E-02  0.00000000E+00  0.00000000E+00  0.19187533E+09  0.00000000E+00  0.00000000E+00  0.00000000E+00  0.00000000E+00  0.00000000E+00  0.10000000E-01  0.10000000E+01
 0.17002000E-09  0.22380469E-02  0.00000000E+00  0.10799595E-01  0.00000000E+00  0.00000000E+00  0.19187533E+09  0.00000000E+00  0.00000000E+00  0.00000000E+00  0.00000000E+00  0.00000000E+00  0.10000000E-01  0.10000000E+01
 0.18002000E-09  0.22380469E-02  0.00000000E+00  0.12718349E-01  0.00000000E+00  0.00000000E+00  0.19187533E+09  0.00000000E+00  0.00000000E+00  0.00000000E+00  0.00000000E+00  0.00000000E+00  0.10000000E-01  0.10000000E+01
 0.19002000E-09  0.22380469E-02  0.00000000E+00  0.14637102E-01  0.00000000E+00  0.00000000E+00  0.19187533E+09  0.00000000E+00  0.00000000E+00  0.00000000E+00  0.00000000E+00  0.00000000E+00  0.10000000E-01  0.10000000E+01
 0.20002000E-09  0.22380469E-02  0.00000000E+00  0.16555855E-01  0.00000000E+00  0.00000000E+00  0.19187533E+09  0.00000000E+00  0.00000000E+00  0.00000000E+00  0.00000000E+00  0.00000000E+00  0.10000000E-01  0.10000000E+01
 0.21002000E-09  0.22380469E-02  0.00000000E+00  0.18474609E-01  0.00000000E+00  0.00000000E+00  0.19187533E+09  0.00000000E+00  0.00000000E+00  0.00000000E+00  0.00000000E+00  0.00000000E+00  0.10000000E-01  0.10000000E+01
 0.22002000E-09  0.22380469E-02  0.00000000E+00  0.20393362E-01  0.00000000E+00  0.00000000E+00  0.19187533E+09  0.00000000E+00  0.00000000E+00  0.00000000E+00  0.00000000E+00  0.00000000E+00  0.10000000E-01  0.10000000E+01
 0.23002000E-09  0.22380469E-02  0.00000000E+00  0.22312115E-01  0.00000000E+00  0.00000000E+00  0.19187533E+09  0.00000000E+00  0.00000000E+00  0.00000000E+00  0.00000000E+00  0.00000000E+00  0.10000000E-01  0.10000000E+01
 0.24002000E-09  0.22380469E-02  0.00000000E+00  0.24230868E-01  0.00000000E+00  0.00000000E+00  0.19187533E+09  0.00000000E+00  0.00000000E+00  0.00000000E+00  0.00000000E+00  0.00000000E+00  0.10000000E-01  0.10000000E+01
 0.25002000E-09  0.22380469E-02  0.00000000E+00  0.26149622E-01  0.00000000E+00  0.00000000E+00  0.19187533E+09  0.00000000E+00  0.00000000E+00  0.00000000E+00  0.00000000E+00  0.00000000E+00  0.10000000E-01  0.10000000E+01
 0.26002000E-09  0.22380469E-02  0.00000000E+00  0.28068375E-01  0.00000000E+00  0.00000000E+00  0.19187533E+09  0.00000000E+00  0.00000000E+00  0.00000000E+00  0.00000000E+00  0.00000000E+00  0.10000000E-01  0.10000000E+01
 0.27002000E-09  0.22380469E-02  0.00000000E+00  0.29987128E-01  0.00000000E+00  0.00000000E+00  0.19187533E+09  0.00000000E+00  0.00000000E+00  0.00000000E+00  0.00000000E+00  0.00000000E+00  0.10000000E-01  0.10000000E+01
 0.28002000E-09  0.22380469E-02  0.00000000E+00  0.31905881E-01  0.00000000E+00  0.00000000E+00  0.19187533E+09  0.00000000E+00  0.00000000E+00  0.00000000E+00  0.00000000E+00  0.00000000E+00  0.10000000E-01  0.10000000E+01
 0.29002000E-09  0.22380469E-02  0.00000000E+00  0.33824635E-01  0.00000000E+00  0.00000000E+00  0.19187533E+09  0.00000000E+00  0.00000000E+00  0.00000000E+00  0.00000000E+00  0.00000000E+00  0.10000000E-01  0.10000000E+01
 0.30000000E-09  0.22380469E-02  0.00000000E+00  0.35739551E-01  0.00000000E+00  0.00000000E+00  0.19187533E+09  0.00000000E+00  0.00000000E+00  0.00000000E+00  0.00000000E+00  0.00000000E+00  0.10000000E-01  0.10000000E+01
 0.31000000E-09  0.22380469E-02  0.00000000E+00  0.37658304E-01  0.00000000E+00  0.00000000E+00  0.19187533E+09  0.00000000E+00  0.00000000E+00  0.00000000E+00  0.00000000E+00  0.00000000E+00  0.10000000E-01  0.10000000E+01
 0.32000000E-09  0.22380469E-02  0.00000000E+00  0.39577057E-01  0.00000000E+00  0.00000000E+00  0.19187533E+09  0.00000000E+00  0.00000000E+00  0.00000000E+00  0.00000000E+00  0.00000000E+00  0.10000000E-01  0.10000000E+01
 0.33000000E-09  0.22380469E-02  0.00000000E+00  0.41495810E-01  0.00000000E+00  0.00000000E+00  0.19187533E+09  0.00000000E+00  0.00000000E+00  0.00000000E+00  0.00000000E+00  0.00000000E+00  0.10000000E-01  0.10000000E+01
 0.34000000E-09  0.22380469E-02  0.00000000E+00  0.43414564E-01  0.00000000E+00  0.00000000E+00  0.19187533E+09  0.00000000E+00  0.00000000E+00  0.00000000E+00  0.00000000E+00  0.00000000E+00  0.10000000E-01  0.10000000E+01
 0.35000000E-09  0.22380469E-02  0.00000000E+00  0.45333317E-01  0.00000000E+00  0.00000000E+00  0.19187533E+09  0.00000000E+00  0.00000000E+00  0.00000000E+00  0.00000000E+00  0.00000000E+00  0.10000000E-01  0.10000000E+01
 0.36000000E-09  0.22380469E-02  0.00000000E+00  0.47252070E-01  0.00000000E+00  0.00000000E+00  0.19187533E+09  0.00000000E+00  0.00000000E+00  0.00000000E+00  0.00000000E+00  0.00000000E+00  0.10000000E-01  0.10000000E+01
 0.37000000E-09  0.22380469E-02  0.00000000E+00  0.49170823E-01  0.00000000E+00  0.00000000E+00  0.19187533E+09  0.00000000E+00  0.00000000E+00  0.00000000E+00  0.00000000E+00  0.00000000E+00  0.10000000E-01  0.10000000E+01
 0.38000000E-09  0.22380469E-02  0.00000000E+00  0.51089577E-01  0.00000000E+00  0.00000000E+00  0.19187533E+09  0.00000000E+00  0.00000000E+00  0.00000000E+00  0.00000000E+00  0.00000000E+00  0.10000000E-01  0.10000000E+01
 0.39000000E-09  0.22380469E-02  0.00000000E+00  0.53008330E-01  0.00000000E+00  0.00000000E+00  0.19187533E+09  0.00000000E+00  0.00000000E+00  0.00000000E+00  0.00000000E+00  0.00000000E+00  0.10000000E-01  0.10000000E+01
 0.40000000E-09  0.22380469E-02  0.00000000E+00  0.54927083E-01  0.00000000E+00  0.00000000E+00  0.19187533E+09  0.00000000E+00  0.00000000E+00  0.00000000E+00  0.00000000E+00  0.00000000E+00  0.10000000E-01  0.10000000E+01
 0.41000000E-09  0.22380469E-02  0.00000000E+00  0.56845836E-01  0.00000000E+00  0.00000000E+00  0.19187533E+09  0.00000000E+00  0.00000000E+00  0.00000000E+00  0.00000000E+00  0.00000000E+00  0.10000000E-01  0.10000000E+01
 0.42000000E-09  0.22380469E-02  0.00000000E+00  0.58764590E-01  0.00000000E+00  0.00000000E+00  0.19187533E+09  0.00000000E+00  0.00000000E+00  0.00000000E+00  0.00000000E+00  0.00000000E+00  0.10000000E-01  0.10000000E+01
 0.43000000E-09  0.22380469E-02  0.00000000E+00  0.60683343E-01  0.00000000E+00  0.00000000E+00  0.19187533E+09  0.00000000E+00  0.00000000E+00  0.00000000E+00  0.00000000E+00  0.00000000E+00  0.10000000E-01  0.10000000E+01
 0.44000000E-09  0.22380469E-02  0.00000000E+00  0.62602096E-01  0.00000000E+00  0.00000000E+00  0.19187533E+09  0.00000000E+00  0.00000000E+00  0.00000000E+00  0.00000000E+00  0.00000000E+00  0.10000000E-01  0.10000000E+01
 0.45000000E-09  0.22380469E-02  0.00000000E+00  0.64520850E-01  0.00000000E+00  0.00000000E+00  0.19187533E+09  0.00000000E+00  0.00000000E+00  0.00000000E+00  0.00000000E+00  0.00000000E+00  0.10000000E-01  0.10000000E+01
 0.46000000E-09  0.22380469E-02  0.00000000E+00  0.66439603E-01  0.00000000E+00  0.00000000E+00  0.19187533E+09  0.00000000E+00  0.00000000E+00  0.00000000E+00  0.00000000E+00  0.00000000E+00  0.10000000E-01  0.10000000E+01
 0.47000000E-09  0.22380469E-02  0.00000000E+00  0.68358356E-01  0.00000000E+00  0.00000000E+00  0.19187533E+09  0.00000000E+00  0.00000000E+00  0.00000000E+00  0.00000000E+00  0.00000000E+00  0.10000000E-01  0.10000000E+01
 0.48000000E-09  0.22380469E-02  0.00000000E+00  0.70277109E-01  0.00000000E+00  0.00000000E+00  0.19187533E+09  0.00000000E+00  0.00000000E+00  0.00000000E+00  0.00000000E+00  0.00000000E+00  0.10000000E-01  0.10000000E+01
 0.49000000E-09  0.22380469E-02  0.00000000E+00  0.72195863E-01  0.00000000E+00  0.00000000E+00  0.19187533E+09  0.00000000E+00  0.00000000E+00  0.00000000E+00  0.00000000E+00  0.00000000E+00  0.10000000E-01  0.10000000E+01
 0.50000000E-09  0.22380469E-02  0.00000000E+00  0.74114616E-01  0.00000000E+00  0.00000000E+00  0.19187533E+09  0.00000000E+00  0.00000000E+00  0.00000000E+00  0.00000000E+00  0.00000000E+00  0.10000000E-01  0.10000000E+01
 0.51000000E-09  0.22380469E-02  0.00000000E+00  0.76033369E-01  0.00000000E+00  0.00000000E+00  0.19187533E+09  0.00000000E+00  0.00000000E+00  0.00000000E+00  0.00000000E+00  0.00000000E+00  0.10000000E-01  0.10000000E+01
 0.52000000E-09  0.22380469E-02  0.00000000E+00  0.77952122E-01  0.00000000E+00  0.00000000E+00  0.19187533E+09  0.00000000E+00  0.00000000E+00  0.00000000E+00  0.00000000E+00  0.00000000E+00  0.10000000E-01  0.10000000E+01
 0.53000000E-09  0.22380469E-02  0.00000000E+00  0.79870876E-01  0.00000000E+00  0.00000000E+00  0.19187533E+09  0.00000000E+00  0.00000000E+00  0.00000000E+00  0.00000000E+00  0.00000000E+00  0.10000000E-01  0.10000000E+01
 0.54000000E-09  0.22380469E-02  0.00000000E+00  0.81789629E-01  0.00000000E+00  0.00000000E+00  0.19187533E+09  0.00000000E+00  0.00000000E+00  0.00000000E+00  0.00000000E+00  0.00000000E+00  0.10000000E-01  0.10000000E+01
 0.55002000E-09  0.22380469E-02  0.00000000E+00  0.83712220E-01  0.00000000E+00  0.00000000E+00  0.19187533E+09  0.00000000E+00  0.00000000E+00  0.00000000E+00  0.00000000E+00  0.00000000E+00  0.10000000E-01  0.10000000E+01
 0.56002000E-09  0.22380469E-02  0.00000000E+00  0.85630973E-01  0.00000000E+00  0.00000000E+00  0.19187533E+09  0.00000000E+00  0.00000000E+00  0.00000000E+00  0.00000000E+00  0.00000000E+00  0.10000000E-01  0.10000000E+01
 0.57002000E-09  0.22380469E-02  0.00000000E+00  0.87549726E-01  0.00000000E+00  0.00000000E+00  0.19187533E+09  0.00000000E+00  0.00000000E+00  0.00000000E+00  0.00000000E+00  0.00000000E+00  0.10000000E-01  0.10000000E+01
 0.58002000E-09  0.22380469E-02  0.00000000E+00  0.89468480E-01  0.00000000E+00  0.00000000E+00  0.19187533E+09  0.00000000E+00  0.00000000E+00  0.00000000E+00  0.00000000E+00  0.00000000E+00  0.10000000E-01  0.10000000E+01
 0.59002000E-09  0.22380469E-02  0.00000000E+00  0.91387233E-01  0.00000000E+00  0.00000000E+00  0.19187533E+09  0.00000000E+00  0.00000000E+00  0.00000000E+00  0.00000000E+00  0.00000000E+00  0.10000000E-01  0.10000000E+01
 0.60002000E-09  0.22380469E-02  0.00000000E+00  0.93305986E-01  0.00000000E+00  0.00000000E+00  0.19187533E+09  0.00000000E+00  0.00000000E+00  0.00000000E+00  0.00000000E+00  0.00000000E+00  0.10000000E-01  0.10000000E+01
 0.61002000E-09  0.22380469E-02  0.00000000E+00  0.95224739E-01  0.00000000E+00  0.00000000E+00  0.19187533E+09  0.00000000E+00  0.00000000E+00  0.00000000E+00  0.00000000E+00  0.00000000E+00  0.10000000E-01  0.10000000E+01
 0.62002000E-09  0.22380469E-02  0.00000000E+00  0.97143493E-01  0.00000000E+00  0.00000000E+00  0.19187533E+09  0.00000000E+00  0.00000000E+00  0.00000000E+00  0.00000000E+00  0.00000000E+00  0.10000000E-01  0.10000000E+01
 0.63002000E-09  0.22380469E-02  0.00000000E+00  0.99062246E-01  0.00000000E+00  0.00000000E+00  0.19187533E+09  0.00000000E+00  0.00000000E+00  0.00000000E+00  0.00000000E+00  0.00000000E+00  0.10000000E-01  0.10000000E+01
 0.64002000E-09  0.22380469E-02  0.00000000E+00  0.10098100E+00  0.00000000E+00  0.00000000E+00  0.19187533E+09  0.00000000E+00  0.00000000E+00  0.00000000E+00  0.00000000E+00  0.00000000E+00  0.10000000E-01  0.10000000E+01
 0.65002000E-09  0.22380469E-02  0.00000000E+00  0.10289975E+00  0.00000000E+00  0.00000000E+00  0.19187533E+09  0.00000000E+00  0.00000000E+00  0.00000000E+00  0.00000000E+00  0.00000000E+00  0.10000000E-01  0.10000000E+01
 0.66002000E-09  0.22380469E-02  0.00000000E+00  0.10481851E+00  0.00000000E+00  0.00000000E+00  0.19187533E+09  0.00000000E+00  0.00000000E+00  0.00000000E+00  0.00000000E+00  0.00000000E+00  0.10000000E-01  0.10000000E+01
 0.67002000E-09  0.22380469E-02  0.00000000E+00  0.10673726E+00  0.00000000E+00  0.00000000E+00  0.19187533E+09  0.00000000E+00  0.00000000E+00  0.00000000E+00  0.00000000E+00  0.00000000E+00  0.10000000E-01  0.10000000E+01
 0.68002000E-09  0.22380469E-02  0.00000000E+00  0.10865601E+00  0.00000000E+00  0.00000000E+00  0.19187533E+09  0.00000000E+00  0.00000000E+00  0.00000000E+00  0.00000000E+00  0.00000000E+00  0.10000000E-01  0.10000000E+01
 0.69002000E-09  0.22380469E-02  0.00000000E+00  0.11057477E+00  0.00000000E+00  0.00000000E+00  0.19187533E+09  0.00000000E+00  0.00000000E+00  0.00000000E+00  0.00000000E+00  0.00000000E+00  0.10000000E-01  0.10000000E+01
 0.70002000E-09  0.22380469E-02  0.00000000E+00  0.11249352E+00  0.00000000E+00  0.00000000E+00  0.19187533E+09  0.00000000E+00  0.00000000E+00  0.00000000E+00  0.00000000E+00  0.00000000E+00  0.10000000E-01  0.10000000E+01
 0.71002000E-09  0.22380469E-02  0.00000000E+00  0.11441227E+00  0.00000000E+00  0.00000000E+00  0.19187533E+09  0.00000000E+00  0.00000000E+00  0.00000000E+00  0.00000000E+00  0.00000000E+00  0.10000000E-01  0.10000000E+01
 0.72002000E-09  0.22380469E-02  0.00000000E+00  0.11633103E+00  0.00000000E+00  0.00000000E+00  0.19187533E+09  0.00000000E+00  0.00000000E+00  0.00000000E+00  0.00000000E+00  0.00000000E+00  0.10000000E-01  0.10000000E+01
 0.73002000E-09  0.22380469E-02  0.00000000E+00  0.11824978E+00  0.00000000E+00  0.00000000E+00  0.19187533E+09  0.00000000E+00  0.00000000E+00  0.00000000E+00  0.00000000E+00  0.00000000E+00  0.10000000E-01  0.10000000E+01
 0.74002000E-09  0.22380469E-02  0.00000000E+00  0.12016853E+00  0.00000000E+00  0.00000000E+00  0.19187533E+09  0.00000000E+00  0.00000000E+00  0.00000000E+00  0.00000000E+00  0.00000000E+00  0.10000000E-01  0.10000000E+01
 0.75002000E-09  0.22380469E-02  0.00000000E+00  0.12208729E+00  0.00000000E+00  0.00000000E+00  0.19187533E+09  0.00000000E+00  0.00000000E+00  0.00000000E+00  0.00000000E+00  0.00000000E+00  0.10000000E-01  0.10000000E+01
 0.76002000E-09  0.22380469E-02  0.00000000E+00  0.12400604E+00  0.00000000E+00  0.00000000E+00  0.19187533E+09  0.00000000E+00  0.00000000E+00  0.00000000E+00  0.00000000E+00  0.00000000E+00  0.10000000E-01  0.10000000E+01
 0.77002000E-09  0.22380469E-02  0.00000000E+00  0.12592479E+00  0.00000000E+00  0.00000000E+00  0.19187533E+09  0.00000000E+00  0.00000000E+00  0.00000000E+00  0.00000000E+00  0.00000000E+00  0.10000000E-01  0.10000000E+01
 0.78002000E-09  0.22380469E-02  0.00000000E+00  0.12784354E+00  0.00000000E+00  0.00000000E+00  0.19187533E+09  0.00000000E+00  0.00000000E+00  0.00000000E+00  0.00000000E+00  0.00000000E+00  0.10000000E-01  0.10000000E+01
 0.79002000E-09  0.22380469E-02  0.00000000E+00  0.12976230E+00  0.00000000E+00  0.00000000E+00  0.19187533E+09  0.00000000E+00  0.00000000E+00  0.00000000E+00  0.00000000E+00  0.00000000E+00  0.10000000E-01  0.10000000E+01
 0.80002000E-09  0.22380469E-02  0.00000000E+00  0.13168105E+00  0.00000000E+00  0.00000000E+00  0.19187533E+09  0.00000000E+00  0.00000000E+00  0.00000000E+00  0.00000000E+00  0.00000000E+00  0.10000000E-01  0.10000000E+01
 0.81002000E-09  0.22380469E-02  0.00000000E+00  0.13359980E+00  0.00000000E+00  0.00000000E+00  0.19187533E+09  0.00000000E+00  0.00000000E+00  0.00000000E+00  0.00000000E+00  0.00000000E+00  0.10000000E-01  0.10000000E+01
 0.82002000E-09  0.22380469E-02  0.00000000E+00  0.13551856E+00  0.00000000E+00  0.00000000E+00  0.19187533E+09  0.00000000E+00  0.00000000E+00  0.00000000E+00  0.00000000E+00  0.00000000E+00  0.10000000E-01  0.10000000E+01
 0.83002000E-09  0.22380469E-02  0.00000000E+00  0.13743731E+00  0.00000000E+00  0.00000000E+00  0.19187533E+09  0.00000000E+00  0.00000000E+00  0.00000000E+00  0.00000000E+00  0.00000000E+00  0.10000000E-01  0.10000000E+01
 0.84002000E-09  0.22380469E-02  0.00000000E+00  0.13935606E+00  0.00000000E+00  0.00000000E+00  0.19187533E+09  0.00000000E+00  0.00000000E+00  0.00000000E+00  0.00000000E+00  0.00000000E+00  0.10000000E-01  0.10000000E+01
 0.85002000E-09  0.22380469E-02  0.00000000E+00  0.14127482E+00  0.00000000E+00  0.00000000E+00  0.19187533E+09  0.00000000E+00  0.00000000E+00  0.00000000E+00  0.00000000E+00  0.00000000E+00  0.10000000E-01  0.10000000E+01
 0.86002000E-09  0.22380469E-02  0.00000000E+00  0.14319357E+00  0.00000000E+00  0.00000000E+00  0.19187533E+09  0.00000000E+00  0.00000000E+00  0.00000000E+00  0.00000000E+00  0.00000000E+00  0.10000000E-01  0.10000000E+01
 0.87002000E-09  0.22380469E-02  0.00000000E+00  0.14511232E+00  0.00000000E+00  0.00000000E+00  0.19187533E+09  0.00000000E+00  0.00000000E+00  0.00000000E+00  0.00000000E+00  0.00000000E+00  0.10000000E-01  0.10000000E+01
 0.88002000E-09  0.22380469E-02  0.00000000E+00  0.14703108E+00  0.00000000E+00  0.00000000E+00  0.19187533E+09  0.00000000E+00  0.00000000E+00  0.00000000E+00  0.00000000E+00  0.00000000E+00  0.10000000E-01  0.10000000E+01
 0.89002000E-09  0.22380469E-02  0.00000000E+00  0.14894983E+00  0.00000000E+00  0.00000000E+00  0.19187533E+09  0.00000000E+00  0.00000000E+00  0.00000000E+00  0.00000000E+00  0.00000000E+00  0.10000000E-01  0.10000000E+01
 0.90002000E-09  0.22380469E-02  0.00000000E+00  0.15086858E+00  0.00000000E+00  0.00000000E+00  0.19187533E+09  0.00000000E+00  0.00000000E+00  0.00000000E+00  0.00000000E+00  0.00000000E+00  0.10000000E-01  0.10000000E+01
 0.91002000E-09  0.22380469E-02  0.00000000E+00  0.15278734E+00  0.00000000E+00  0.00000000E+00  0.19187533E+09  0.00000000E+00  0.00000000E+00  0.00000000E+00  0.00000000E+00  0.00000000E+00  0.10000000E-01  0.10000000E+01
 0.92002000E-09  0.22380469E-02  0.00000000E+00  0.15470609E+00  0.00000000E+00  0.00000000E+00  0.19187533E+09  0.00000000E+00  0.00000000E+00  0.00000000E+00  0.00000000E+00  0.00000000E+00  0.10000000E-01  0.10000000E+01
 0.93002000E-09  0.22380469E-02  0.00000000E+00  0.15662484E+00  0.00000000E+00  0.00000000E+00  0.19187533E+09  0.00000000E+00  0.00000000E+00  0.00000000E+00  0.00000000E+00  0.00000000E+00  0.10000000E-01  0.10000000E+01
 0.94002000E-09  0.22380469E-02  0.00000000E+00  0.15854360E+00  0.00000000E+00  0.00000000E+00  0.19187533E+09  0.00000000E+00  0.00000000E+00  0.00000000E+00  0.00000000E+00  0.00000000E+00  0.10000000E-01  0.10000000E+01
 0.95002000E-09  0.22380469E-02  0.00000000E+00  0.16046235E+00  0.00000000E+00  0.00000000E+00  0.19187533E+09  0.00000000E+00  0.00000000E+00  0.00000000E+00  0.00000000E+00  0.00000000E+00  0.10000000E-01  0.10000000E+01
 0.96002000E-09  0.22380469E-02  0.00000000E+00  0.16238110E+00  0.00000000E+00  0.00000000E+00  0.19187533E+09  0.00000000E+00  0.00000000E+00  0.00000000E+00  0.00000000E+00  0.00000000E+00  0.10000000E-01  0.10000000E+01
 0.97002000E-09  0.22380469E-02  0.00000000E+00  0.16429986E+00  0.00000000E+00  0.00000000E+00  0.19187533E+09  0.00000000E+00  0.00000000E+00  0.00000000E+00  0.00000000E+00  0.00000000E+00  0.10000000E-01  0.10000000E+01
 0.98002000E-09  0.22380469E-02  0.00000000E+00  0.16621861E+00  0.00000000E+00  0.00000000E+00  0.19187533E+09  0.00000000E+00  0.00000000E+00  0.00000000E+00  0.00000000E+00  0.00000000E+00  0.10000000E-01  0.10000000E+01
 0.99002000E-09  0.22380469E-02  0.00000000E+00  0.16813736E+00  0.00000000E+00  0.00000000E+00  0.19187533E+09  0.00000000E+00  0.00000000E+00  0.00000000E+00  0.00000000E+00  0.00000000E+00  0.10000000E-01  0.10000000E+01
 0.10000200E-08  0.22380469E-02  0.00000000E+00  0.17005612E+00  0.00000000E+00  0.00000000E+00  0.19187533E+09  0.00000000E+00  0.00000000E+00  0.00000000E+00  0.00000000E+00  0.00000000E+00  0.10000000E-01  0.10000000E+01
 0.10100200E-08  0.22380469E-02  0.00000000E+00  0.17197487E+00  0.00000000E+00  0.00000000E+00  0.19187533E+09  0.00000000E+00  0.00000000E+00  0.00000000E+00  0.00000000E+00  0.00000000E+00  0.10000000E-01  0.10000000E+01
 0.10200200E-08  0.22380469E-02  0.00000000E+00  0.17389362E+00  0.00000000E+00  0.00000000E+00  0.19187533E+09  0.00000000E+00  0.00000000E+00  0.00000000E+00  0.00000000E+00  0.00000000E+00  0.10000000E-01  0.10000000E+01
 0.10300200E-08  0.22380469E-02  0.00000000E+00  0.17581238E+00  0.00000000E+00  0.00000000E+00  0.19187533E+09  0.00000000E+00  0.00000000E+00  0.00000000E+00  0.00000000E+00  0.00000000E+00  0.10000000E-01  0.10000000E+01
 0.10400200E-08  0.22380469E-02  0.00000000E+00  0.17773113E+00  0.00000000E+00  0.00000000E+00  0.19187533E+09  0.00000000E+00  0.00000000E+00  0.00000000E+00  0.00000000E+00  0.00000000E+00  0.10000000E-01  0.10000000E+01
 0.10500200E-08  0.22380469E-02  0.00000000E+00  0.17964988E+00  0.00000000E+00  0.00000000E+00  0.19187533E+09  0.00000000E+00  0.00000000E+00  0.00000000E+00  0.00000000E+00  0.00000000E+00  0.10000000E-01  0.10000000E+01
 0.10600200E-08  0.22380469E-02  0.00000000E+00  0.18156864E+00  0.00000000E+00  0.00000000E+00  0.19187533E+09  0.00000000E+00  0.00000000E+00  0.00000000E+00  0.00000000E+00  0.00000000E+00  0.10000000E-01  0.10000000E+01
 0.10700200E-08  0.22380469E-02  0.00000000E+00  0.18348739E+00  0.00000000E+00  0.00000000E+00  0.19187533E+09  0.00000000E+00  0.00000000E+00  0.00000000E+00  0.00000000E+00  0.00000000E+00  0.10000000E-01  0.10000000E+01
 0.10800200E-08  0.22380469E-02  0.00000000E+00  0.18540614E+00  0.00000000E+00  0.00000000E+00  0.19187533E+09  0.00000000E+00  0.00000000E+00  0.00000000E+00  0.00000000E+00  0.00000000E+00  0.10000000E-01  0.10000000E+01
 0.10900200E-08  0.22380469E-02  0.00000000E+00  0.18732490E+00  0.00000000E+00  0.00000000E+00  0.19187533E+09  0.00000000E+00  0.00000000E+00  0.00000000E+00  0.00000000E+00  0.00000000E+00  0.10000000E-01  0.10000000E+01
 0.11000200E-08  0.22380469E-02  0.00000000E+00  0.18924365E+00  0.00000000E+00  0.00000000E+00  0.19187533E+09  0.00000000E+00  0.00000000E+00  0.00000000E+00  0.00000000E+00  0.00000000E+00  0.10000000E-01  0.10000000E+01
 0.11100200E-08  0.22380469E-02  0.00000000E+00  0.19116240E+00  0.00000000E+00  0.00000000E+00  0.19187533E+09  0.00000000E+00  0.00000000E+00  0.00000000E+00  0.00000000E+00  0.00000000E+00  0.10000000E-01  0.10000000E+01
 0.11200200E-08  0.22380469E-02  0.00000000E+00  0.19308116E+00  0.00000000E+00  0.00000000E+00  0.19187533E+09  0.00000000E+00  0.00000000E+00  0.00000000E+00  0.00000000E+00  0.00000000E+00  0.10000000E-01  0.10000000E+01
 0.11300200E-08  0.22380469E-02  0.00000000E+00  0.19499991E+00  0.00000000E+00  0.00000000E+00  0.19187533E+09  0.00000000E+00  0.00000000E+00  0.00000000E+00  0.00000000E+00  0.00000000E+00  0.10000000E-01  0.10000000E+01
 0.11400200E-08  0.22380469E-02  0.00000000E+00  0.19691866E+00  0.00000000E+00  0.00000000E+00  0.19187533E+09  0.00000000E+00  0.00000000E+00  0.00000000E+00  0.00000000E+00  0.00000000E+00  0.10000000E-01  0.10000000E+01
 0.11500200E-08  0.22380469E-02  0.00000000E+00  0.19883742E+00  0.00000000E+00  0.00000000E+00  0.19187533E+09  0.00000000E+00  0.00000000E+00  0.00000000E+00  0.00000000E+00  0.00000000E+00  0.10000000E-01  0.10000000E+01
 0.11600200E-08  0.22380469E-02  0.00000000E+00  0.20075617E+00  0.00000000E+00  0.00000000E+00  0.19187533E+09  0.00000000E+00  0.00000000E+00  0.00000000E+00  0.00000000E+00  0.00000000E+00  0.10000000E-01  0.10000000E+01
 0.11700200E-08  0.22380469E-02  0.00000000E+00  0.20267492E+00  0.00000000E+00  0.00000000E+00  0.19187533E+09  0.00000000E+00  0.00000000E+00  0.00000000E+00  0.00000000E+00  0.00000000E+00  0.10000000E-01  0.10000000E+01
 0.11800200E-08  0.22380469E-02  0.00000000E+00  0.20459368E+00  0.00000000E+00  0.00000000E+00  0.19187533E+09  0.00000000E+00  0.00000000E+00  0.00000000E+00  0.00000000E+00  0.00000000E+00  0.10000000E-01  0.10000000E+01
 0.11900200E-08  0.22380469E-02  0.00000000E+00  0.20651243E+00  0.00000000E+00  0.00000000E+00  0.19187533E+09  0.00000000E+00  0.00000000E+00  0.00000000E+00  0.00000000E+00  0.00000000E+00  0.10000000E-01  0.10000000E+01
 0.12000200E-08  0.22380469E-02  0.00000000E+00  0.20843118E+00  0.00000000E+00  0.00000000E+00  0.19187533E+09  0.00000000E+00  0.00000000E+00  0.00000000E+00  0.00000000E+00  0.00000000E+00  0.10000000E-01  0.10000000E+01
 0.12100200E-08  0.22380469E-02  0.00000000E+00  0.21034994E+00  0.00000000E+00  0.00000000E+00  0.19187533E+09  0.00000000E+00  0.00000000E+00  0.00000000E+00  0.00000000E+00  0.00000000E+00  0.10000000E-01  0.10000000E+01
 0.12200200E-08  0.22380469E-02  0.00000000E+00  0.21226869E+00  0.00000000E+00  0.00000000E+00  0.19187533E+09  0.00000000E+00  0.00000000E+00  0.00000000E+00  0.00000000E+00  0.00000000E+00  0.10000000E-01  0.10000000E+01
 0.12300200E-08  0.22380469E-02  0.00000000E+00  0.21418744E+00  0.00000000E+00  0.00000000E+00  0.19187533E+09  0.00000000E+00  0.00000000E+00  0.00000000E+00  0.00000000E+00  0.00000000E+00  0.10000000E-01  0.10000000E+01
 0.12400200E-08  0.22380469E-02  0.00000000E+00  0.21610620E+00  0.00000000E+00  0.00000000E+00  0.19187533E+09  0.00000000E+00  0.00000000E+00  0.00000000E+00  0.00000000E+00  0.00000000E+00  0.10000000E-01  0.10000000E+01
 0.12500200E-08  0.22380469E-02  0.00000000E+00  0.21802495E+00  0.00000000E+00  0.00000000E+00  0.19187533E+09  0.00000000E+00  0.00000000E+00  0.00000000E+00  0.00000000E+00  0.00000000E+00  0.10000000E-01  0.10000000E+01
 0.12600200E-08  0.22380469E-02  0.00000000E+00  0.21994370E+00  0.00000000E+00  0.00000000E+00  0.19187533E+09  0.00000000E+00  0.00000000E+00  0.00000000E+00  0.00000000E+00  0.00000000E+00  0.10000000E-01  0.10000000E+01
 0.12700200E-08  0.22380469E-02  0.00000000E+00  0.22186246E+00  0.00000000E+00  0.00000000E+00  0.19187533E+09  0.00000000E+00  0.00000000E+00  0.00000000E+00  0.00000000E+00  0.00000000E+00  0.10000000E-01  0.10000000E+01
 0.12800200E-08  0.22380469E-02  0.00000000E+00  0.22378121E+00  0.00000000E+00  0.00000000E+00  0.19187533E+09  0.00000000E+00  0.00000000E+00  0.00000000E+00  0.00000000E+00  0.00000000E+00  0.10000000E-01  0.10000000E+01
 0.12900200E-08  0.22380469E-02  0.00000000E+00  0.22569996E+00  0.00000000E+00  0.00000000E+00  0.19187533E+09  0.00000000E+00  0.00000000E+00  0.00000000E+00  0.00000000E+00  0.00000000E+00  0.10000000E-01  0.10000000E+01
 0.13000200E-08  0.22380469E-02  0.00000000E+00  0.22761872E+00  0.00000000E+00  0.00000000E+00  0.19187533E+09  0.00000000E+00  0.00000000E+00  0.00000000E+00  0.00000000E+00  0.00000000E+00  0.10000000E-01  0.10000000E+01
 0.13100200E-08  0.22380469E-02  0.00000000E+00  0.22953747E+00  0.00000000E+00  0.00000000E+00  0.19187533E+09  0.00000000E+00  0.00000000E+00  0.00000000E+00  0.00000000E+00  0.00000000E+00  0.10000000E-01  0.10000000E+01
 0.13200200E-08  0.22380469E-02  0.00000000E+00  0.23145622E+00  0.00000000E+00  0.00000000E+00  0.19187533E+09  0.00000000E+00  0.00000000E+00  0.00000000E+00  0.00000000E+00  0.00000000E+00  0.10000000E-01  0.10000000E+01
 0.13300200E-08  0.22380469E-02  0.00000000E+00  0.23337497E+00  0.00000000E+00  0.00000000E+00  0.19187533E+09  0.00000000E+00  0.00000000E+00  0.00000000E+00  0.00000000E+00  0.00000000E+00  0.10000000E-01  0.10000000E+01
 0.13400200E-08  0.22380469E-02  0.00000000E+00  0.23529373E+00  0.00000000E+00  0.00000000E+00  0.19187533E+09  0.00000000E+00  0.00000000E+00  0.00000000E+00  0.00000000E+00  0.00000000E+00  0.10000000E-01  0.10000000E+01
 0.13500200E-08  0.22380469E-02  0.00000000E+00  0.23721248E+00  0.00000000E+00  0.00000000E+00  0.19187533E+09  0.00000000E+00  0.00000000E+00  0.00000000E+00  0.00000000E+00  0.00000000E+00  0.10000000E-01  0.10000000E+01
 0.13600200E-08  0.22380469E-02  0.00000000E+00  0.23913123E+00  0.00000000E+00  0.00000000E+00  0.19187533E+09  0.00000000E+00  0.00000000E+00  0.00000000E+00  0.00000000E+00  0.00000000E+00  0.10000000E-01  0.10000000E+01
 0.13700200E-08  0.22380469E-02  0.00000000E+00  0.24104999E+00  0.00000000E+00  0.00000000E+00  0.19187533E+09  0.00000000E+00  0.00000000E+00  0.00000000E+00  0.00000000E+00  0.00000000E+00  0.10000000E-01  0.10000000E+01
 0.13800200E-08  0.22380469E-02  0.00000000E+00  0.24296874E+00  0.00000000E+00  0.00000000E+00  0.19187533E+09  0.00000000E+00  0.00000000E+00  0.00000000E+00  0.00000000E+00  0.00000000E+00  0.10000000E-01  0.10000000E+01
 0.13900200E-08  0.22380469E-02  0.00000000E+00  0.24488749E+00  0.00000000E+00  0.00000000E+00  0.19187533E+09  0.00000000E+00  0.00000000E+00  0.00000000E+00  0.00000000E+00  0.00000000E+00  0.10000000E-01  0.10000000E+01
 0.14000200E-08  0.22380469E-02  0.00000000E+00  0.24680625E+00  0.00000000E+00  0.00000000E+00  0.19187533E+09  0.00000000E+00  0.00000000E+00  0.00000000E+00  0.00000000E+00  0.00000000E+00  0.10000000E-01  0.10000000E+01
 0.14100200E-08  0.22380469E-02  0.00000000E+00  0.24872500E+00  0.00000000E+00  0.00000000E+00  0.19187533E+09  0.00000000E+00  0.00000000E+00  0.00000000E+00  0.00000000E+00  0.00000000E+00  0.10000000E-01  0.10000000E+01
 0.14200200E-08  0.22380469E-02  0.00000000E+00  0.25064375E+00  0.00000000E+00  0.00000000E+00  0.19187533E+09  0.00000000E+00  0.00000000E+00  0.00000000E+00  0.00000000E+00  0.00000000E+00  0.10000000E-01  0.10000000E+01
 0.14300200E-08  0.22380469E-02  0.00000000E+00  0.25256251E+00  0.00000000E+00  0.00000000E+00  0.19187533E+09  0.00000000E+00  0.00000000E+00  0.00000000E+00  0.00000000E+00  0.00000000E+00  0.10000000E-01  0.10000000E+01
 0.14400200E-08  0.22380469E-02  0.00000000E+00  0.25448126E+00  0.00000000E+00  0.00000000E+00  0.19187533E+09  0.00000000E+00  0.00000000E+00  0.00000000E+00  0.00000000E+00  0.00000000E+00  0.10000000E-01  0.10000000E+01
 0.14500200E-08  0.22380469E-02  0.00000000E+00  0.25640001E+00  0.00000000E+00  0.00000000E+00  0.19187533E+09  0.00000000E+00  0.00000000E+00  0.00000000E+00  0.00000000E+00  0.00000000E+00  0.10000000E-01  0.10000000E+01
 0.14600200E-08  0.22380469E-02  0.00000000E+00  0.25831877E+00  0.00000000E+00  0.00000000E+00  0.19187533E+09  0.00000000E+00  0.00000000E+00  0.00000000E+00  0.00000000E+00  0.00000000E+00  0.10000000E-01  0.10000000E+01
 0.14700200E-08  0.22380469E-02  0.00000000E+00  0.26023752E+00  0.00000000E+00  0.00000000E+00  0.19187533E+09  0.00000000E+00  0.00000000E+00  0.00000000E+00  0.00000000E+00  0.00000000E+00  0.10000000E-01  0.10000000E+01
 0.14800200E-08  0.22380469E-02  0.00000000E+00  0.26215627E+00  0.00000000E+00  0.00000000E+00  0.19187533E+09  0.00000000E+00  0.00000000E+00  0.00000000E+00  0.00000000E+00  0.00000000E+00  0.10000000E-01  0.10000000E+01
 0.14900200E-08  0.22380469E-02  0.00000000E+00  0.26407503E+00  0.00000000E+00  0.00000000E+00  0.19187533E+09  0.00000000E+00  0.00000000E+00  0.00000000E+00  0.00000000E+00  0.00000000E+00  0.10000000E-01  0.10000000E+01
 0.15000200E-08  0.22380469E-02  0.00000000E+00  0.26599378E+00  0.00000000E+00  0.00000000E+00  0.19187533E+09  0.00000000E+00  0.00000000E+00  0.00000000E+00  0.00000000E+00  0.00000000E+00  0.10000000E-01  0.10000000E+01
 0.15100200E-08  0.22380469E-02  0.00000000E+00  0.26791253E+00  0.00000000E+00  0.00000000E+00  0.19187533E+09  0.00000000E+00  0.00000000E+00  0.00000000E+00  0.00000000E+00  0.00000000E+00  0.10000000E-01  0.10000000E+01
 0.15200200E-08  0.22380469E-02  0.00000000E+00  0.26983129E+00  0.00000000E+00  0.00000000E+00  0.19187533E+09  0.00000000E+00  0.00000000E+00  0.00000000E+00  0.00000000E+00  0.00000000E+00  0.10000000E-01  0.10000000E+01
 0.15300200E-08  0.22380469E-02  0.00000000E+00  0.27175004E+00  0.00000000E+00  0.00000000E+00  0.19187533E+09  0.00000000E+00  0.00000000E+00  0.00000000E+00  0.00000000E+00  0.00000000E+00  0.10000000E-01  0.10000000E+01
 0.15400200E-08  0.22380469E-02  0.00000000E+00  0.27366879E+00  0.00000000E+00  0.00000000E+00  0.19187533E+09  0.00000000E+00  0.00000000E+00  0.00000000E+00  0.00000000E+00  0.00000000E+00  0.10000000E-01  0.10000000E+01
 0.15500200E-08  0.22380469E-02  0.00000000E+00  0.27558755E+00  0.00000000E+00  0.00000000E+00  0.19187533E+09  0.00000000E+00  0.00000000E+00  0.00000000E+00  0.00000000E+00  0.00000000E+00  0.10000000E-01  0.10000000E+01
 0.15600200E-08  0.22380469E-02  0.00000000E+00  0.27750630E+00  0.00000000E+00  0.00000000E+00  0.19187533E+09  0.00000000E+00  0.00000000E+00  0.00000000E+00  0.00000000E+00  0.00000000E+00  0.10000000E-01  0.10000000E+01
 0.15700200E-08  0.22380469E-02  0.00000000E+00  0.27942505E+00  0.00000000E+00  0.00000000E+00  0.19187533E+09  0.00000000E+00  0.00000000E+00  0.00000000E+00  0.00000000E+00  0.00000000E+00  0.10000000E-01  0.10000000E+01
 0.15800200E-08  0.22380469E-02  0.00000000E+00  0.28134381E+00  0.00000000E+00  0.00000000E+00  0.19187533E+09  0.00000000E+00  0.00000000E+00  0.00000000E+00  0.00000000E+00  0.00000000E+00  0.10000000E-01  0.10000000E+01
 0.15900200E-08  0.22380469E-02  0.00000000E+00  0.28326256E+00  0.00000000E+00  0.00000000E+00  0.19187533E+09  0.00000000E+00  0.00000000E+00  0.00000000E+00  0.00000000E+00  0.00000000E+00  0.10000000E-01  0.10000000E+01
 0.16000200E-08  0.22380469E-02  0.00000000E+00  0.28518131E+00  0.00000000E+00  0.00000000E+00  0.19187533E+09  0.00000000E+00  0.00000000E+00  0.00000000E+00  0.00000000E+00  0.00000000E+00  0.10000000E-01  0.10000000E+01
 0.16100200E-08  0.22380469E-02  0.00000000E+00  0.28710007E+00  0.00000000E+00  0.00000000E+00  0.19187533E+09  0.00000000E+00  0.00000000E+00  0.00000000E+00  0.00000000E+00  0.00000000E+00  0.10000000E-01  0.10000000E+01
 0.16200200E-08  0.22380469E-02  0.00000000E+00  0.28901882E+00  0.00000000E+00  0.00000000E+00  0.19187533E+09  0.00000000E+00  0.00000000E+00  0.00000000E+00  0.00000000E+00  0.00000000E+00  0.10000000E-01  0.10000000E+01
 0.16300200E-08  0.22380469E-02  0.00000000E+00  0.29093757E+00  0.00000000E+00  0.00000000E+00  0.19187533E+09  0.00000000E+00  0.00000000E+00  0.00000000E+00  0.00000000E+00  0.00000000E+00  0.10000000E-01  0.10000000E+01
 0.16400200E-08  0.22380469E-02  0.00000000E+00  0.29285633E+00  0.00000000E+00  0.00000000E+00  0.19187533E+09  0.00000000E+00  0.00000000E+00  0.00000000E+00  0.00000000E+00  0.00000000E+00  0.10000000E-01  0.10000000E+01
 0.16500200E-08  0.22380469E-02  0.00000000E+00  0.29477508E+00  0.00000000E+00  0.00000000E+00  0.19187533E+09  0.00000000E+00  0.00000000E+00  0.00000000E+00  0.00000000E+00  0.00000000E+00  0.10000000E-01  0.10000000E+01
 0.16600200E-08  0.22380469E-02  0.00000000E+00  0.29669383E+00  0.00000000E+00  0.00000000E+00  0.19187533E+09  0.00000000E+00  0.00000000E+00  0.00000000E+00  0.00000000E+00  0.00000000E+00  0.10000000E-01  0.10000000E+01
 0.16700200E-08  0.22380469E-02  0.00000000E+00  0.29861259E+00  0.00000000E+00  0.00000000E+00  0.19187533E+09  0.00000000E+00  0.00000000E+00  0.00000000E+00  0.00000000E+00  0.00000000E+00  0.10000000E-01  0.10000000E+01
 0.16800200E-08  0.22380469E-02  0.00000000E+00  0.30053134E+00  0.00000000E+00  0.00000000E+00  0.19187533E+09  0.00000000E+00  0.00000000E+00  0.00000000E+00  0.00000000E+00  0.00000000E+00  0.10000000E-01  0.10000000E+01
 0.16900200E-08  0.22380469E-02  0.00000000E+00  0.30245009E+00  0.00000000E+00  0.00000000E+00  0.19187533E+09  0.00000000E+00  0.00000000E+00  0.00000000E+00  0.00000000E+00  0.00000000E+00  0.10000000E-01  0.10000000E+01
 0.17000200E-08  0.22380469E-02  0.00000000E+00  0.30436885E+00  0.00000000E+00  0.00000000E+00  0.19187533E+09  0.00000000E+00  0.00000000E+00  0.00000000E+00  0.00000000E+00  0.00000000E+00  0.10000000E-01  0.10000000E+01
 0.17100200E-08  0.22380469E-02  0.00000000E+00  0.30628760E+00  0.00000000E+00  0.00000000E+00  0.19187533E+09  0.00000000E+00  0.00000000E+00  0.00000000E+00  0.00000000E+00  0.00000000E+00  0.10000000E-01  0.10000000E+01
 0.17200200E-08  0.22380469E-02  0.00000000E+00  0.30820635E+00  0.00000000E+00  0.00000000E+00  0.19187533E+09  0.00000000E+00  0.00000000E+00  0.00000000E+00  0.00000000E+00  0.00000000E+00  0.10000000E-01  0.10000000E+01
 0.17300200E-08  0.22380469E-02  0.00000000E+00  0.31012511E+00  0.00000000E+00  0.00000000E+00  0.19187533E+09  0.00000000E+00  0.00000000E+00  0.00000000E+00  0.00000000E+00  0.00000000E+00  0.10000000E-01  0.10000000E+01
 0.17400200E-08  0.22380469E-02  0.00000000E+00  0.31204386E+00  0.00000000E+00  0.00000000E+00  0.19187533E+09  0.00000000E+00  0.00000000E+00  0.00000000E+00  0.00000000E+00  0.00000000E+00  0.10000000E-01  0.10000000E+01
 0.17500200E-08  0.22380469E-02  0.00000000E+00  0.31396261E+00  0.00000000E+00  0.00000000E+00  0.19187533E+09  0.00000000E+00  0.00000000E+00  0.00000000E+00  0.00000000E+00  0.00000000E+00  0.10000000E-01  0.10000000E+01
 0.17600200E-08  0.22380469E-02  0.00000000E+00  0.31588137E+00  0.00000000E+00  0.00000000E+00  0.19187533E+09  0.00000000E+00  0.00000000E+00  0.00000000E+00  0.00000000E+00  0.00000000E+00  0.10000000E-01  0.10000000E+01
 0.17700200E-08  0.22380469E-02  0.00000000E+00  0.31780012E+00  0.00000000E+00  0.00000000E+00  0.19187533E+09  0.00000000E+00  0.00000000E+00  0.00000000E+00  0.00000000E+00  0.00000000E+00  0.10000000E-01  0.10000000E+01
 0.17800200E-08  0.22380469E-02  0.00000000E+00  0.31971887E+00  0.00000000E+00  0.00000000E+00  0.19187533E+09  0.00000000E+00  0.00000000E+00  0.00000000E+00  0.00000000E+00  0.00000000E+00  0.10000000E-01  0.10000000E+01
 0.17900200E-08  0.22380469E-02  0.00000000E+00  0.32163763E+00  0.00000000E+00  0.00000000E+00  0.19187533E+09  0.00000000E+00  0.00000000E+00  0.00000000E+00  0.00000000E+00  0.00000000E+00  0.10000000E-01  0.10000000E+01
 0.18000200E-08  0.22380469E-02  0.00000000E+00  0.32355638E+00  0.00000000E+00  0.00000000E+00  0.19187533E+09  0.00000000E+00  0.00000000E+00  0.00000000E+00  0.00000000E+00  0.00000000E+00  0.10000000E-01  0.10000000E+01
 0.18100200E-08  0.22380469E-02  0.00000000E+00  0.32547513E+00  0.00000000E+00  0.00000000E+00  0.19187533E+09  0.00000000E+00  0.00000000E+00  0.00000000E+00  0.00000000E+00  0.00000000E+00  0.10000000E-01  0.10000000E+01
 0.18200200E-08  0.22380469E-02  0.00000000E+00  0.32739389E+00  0.00000000E+00  0.00000000E+00  0.19187533E+09  0.00000000E+00  0.00000000E+00  0.00000000E+00  0.00000000E+00  0.00000000E+00  0.10000000E-01  0.10000000E+01
 0.18300200E-08  0.22380469E-02  0.00000000E+00  0.32931264E+00  0.00000000E+00  0.00000000E+00  0.19187533E+09  0.00000000E+00  0.00000000E+00  0.00000000E+00  0.00000000E+00  0.00000000E+00  0.10000000E-01  0.10000000E+01
 0.18400200E-08  0.22380469E-02  0.00000000E+00  0.33123139E+00  0.00000000E+00  0.00000000E+00  0.19187533E+09  0.00000000E+00  0.00000000E+00  0.00000000E+00  0.00000000E+00  0.00000000E+00  0.10000000E-01  0.10000000E+01
 0.18500200E-08  0.22380469E-02  0.00000000E+00  0.33315014E+00  0.00000000E+00  0.00000000E+00  0.19187533E+09  0.00000000E+00  0.00000000E+00  0.00000000E+00  0.00000000E+00  0.00000000E+00  0.10000000E-01  0.10000000E+01
 0.18600200E-08  0.22380469E-02  0.00000000E+00  0.33506890E+00  0.00000000E+00  0.00000000E+00  0.19187533E+09  0.00000000E+00  0.00000000E+00  0.00000000E+00  0.00000000E+00  0.00000000E+00  0.10000000E-01  0.10000000E+01
 0.18700200E-08  0.22380469E-02  0.00000000E+00  0.33698765E+00  0.00000000E+00  0.00000000E+00  0.19187533E+09  0.00000000E+00  0.00000000E+00  0.00000000E+00  0.00000000E+00  0.00000000E+00  0.10000000E-01  0.10000000E+01
 0.18800200E-08  0.22380469E-02  0.00000000E+00  0.33890640E+00  0.00000000E+00  0.00000000E+00  0.19187533E+09  0.00000000E+00  0.00000000E+00  0.00000000E+00  0.00000000E+00  0.00000000E+00  0.10000000E-01  0.10000000E+01
 0.18900200E-08  0.22380469E-02  0.00000000E+00  0.34082516E+00  0.00000000E+00  0.00000000E+00  0.19187533E+09  0.00000000E+00  0.00000000E+00  0.00000000E+00  0.00000000E+00  0.00000000E+00  0.10000000E-01  0.10000000E+01
 0.19000200E-08  0.22380469E-02  0.00000000E+00  0.34274391E+00  0.00000000E+00  0.00000000E+00  0.19187533E+09  0.00000000E+00  0.00000000E+00  0.00000000E+00  0.00000000E+00  0.00000000E+00  0.10000000E-01  0.10000000E+01
 0.19100200E-08  0.22380469E-02  0.00000000E+00  0.34466266E+00  0.00000000E+00  0.00000000E+00  0.19187533E+09  0.00000000E+00  0.00000000E+00  0.00000000E+00  0.00000000E+00  0.00000000E+00  0.10000000E-01  0.10000000E+01
 0.19200200E-08  0.22380469E-02  0.00000000E+00  0.34658142E+00  0.00000000E+00  0.00000000E+00  0.19187533E+09  0.00000000E+00  0.00000000E+00  0.00000000E+00  0.00000000E+00  0.00000000E+00  0.10000000E-01  0.10000000E+01
 0.19300200E-08  0.22380469E-02  0.00000000E+00  0.34850017E+00  0.00000000E+00  0.00000000E+00  0.19187533E+09  0.00000000E+00  0.00000000E+00  0.00000000E+00  0.00000000E+00  0.00000000E+00  0.10000000E-01  0.10000000E+01
 0.19400200E-08  0.22380469E-02  0.00000000E+00  0.35041892E+00  0.00000000E+00  0.00000000E+00  0.19187533E+09  0.00000000E+00  0.00000000E+00  0.00000000E+00  0.00000000E+00  0.00000000E+00  0.10000000E-01  0.10000000E+01
 0.19500200E-08  0.22380469E-02  0.00000000E+00  0.35233768E+00  0.00000000E+00  0.00000000E+00  0.19187533E+09  0.00000000E+00  0.00000000E+00  0.00000000E+00  0.00000000E+00  0.00000000E+00  0.10000000E-01  0.10000000E+01
 0.19600200E-08  0.22380469E-02  0.00000000E+00  0.35425643E+00  0.00000000E+00  0.00000000E+00  0.19187533E+09  0.00000000E+00  0.00000000E+00  0.00000000E+00  0.00000000E+00  0.00000000E+00  0.10000000E-01  0.10000000E+01
 0.19700200E-08  0.22380469E-02  0.00000000E+00  0.35617518E+00  0.00000000E+00  0.00000000E+00  0.19187533E+09  0.00000000E+00  0.00000000E+00  0.00000000E+00  0.00000000E+00  0.00000000E+00  0.10000000E-01  0.10000000E+01
 0.19800200E-08  0.22380469E-02  0.00000000E+00  0.35809394E+00  0.00000000E+00  0.00000000E+00  0.19187533E+09  0.00000000E+00  0.00000000E+00  0.00000000E+00  0.00000000E+00  0.00000000E+00  0.10000000E-01  0.10000000E+01
 0.19900200E-08  0.22380469E-02  0.00000000E+00  0.36001269E+00  0.00000000E+00  0.00000000E+00  0.19187533E+09  0.00000000E+00  0.00000000E+00  0.00000000E+00  0.00000000E+00  0.00000000E+00  0.10000000E-01  0.10000000E+01
