# ptime xp yp zp vx vy vz ex ey ez bx by bz wt
 0.20000000E-13  0.21457307E-02  0.00000000E+00 -0.12686181E-01  0.00000000E+00  0.00000000E+00  0.19088221E+09  0.00000000E+00  0.00000000E+00  0.00000000E+00  0.00000000E+00  0.00000000E+00  0.10000000E-01  0.10000000E+01
 0.10000000E-10  0.21457307E-02  0.00000000E+00 -0.10781177E-01  0.00000000E+00  0.00000000E+00  0.19088221E+09  0.00000000E+00  0.00000000E+00  0.00000000E+00  0.00000000E+00  0.00000000E+00  0.10000000E-01  0.10000000E+01
 0.20000000E-10  0.21457307E-02  0.00000000E+00 -0.88723547E-02  0.00000000E+00  0.00000000E+00  0.19088221E+09  0.00000000E+00  0.00000000E+00  0.00000000E+00  0.00000000E+00  0.00000000E+00  0.10000000E-01  0.10000000E+01
 0.30000000E-10  0.21457307E-02  0.00000000E+00 -0.69635326E-02  0.00000000E+00  0.00000000E+00  0.19088221E+09  0.00000000E+00  0.00000000E+00  0.00000000E+00  0.00000000E+00  0.00000000E+00  0.10000000E-01  0.10000000E+01
 0.40020000E-10  0.21457307E-02  0.00000000E+00 -0.50508929E-02  0.00000000E+00  0.00000000E+00  0.19088221E+09  0.00000000E+00  0.00000000E+00  0.00000000E+00  0.00000000E+00  0.00000000E+00  0.10000000E-01  0.10000000E+01
 0.50020000E-10  0.21457307E-02  0.00000000E+00 -0.31420708E-02  0.00000000E+00  0.00000000E+00  0.19088221E+09  0.00000000E+00  0.00000000E+00  0.00000000E+00  0.00000000E+00  0.00000000E+00  0.10000000E-01  0.10000000E+01
 0.60020000E-10  0.21457307E-02  0.00000000E+00 -0.12332487E-02  0.00000000E+00  0.00000000E+00  0.19088221E+09  0.00000000E+00  0.00000000E+00  0.00000000E+00  0.00000000E+00  0.00000000E+00  0.10000000E-01  0.10000000E+01
 0.70020000E-10  0.21457307E-02  0.00000000E+00  0.67557337E-03  0.00000000E+00  0.00000000E+00  0.19088221E+09  0.00000000E+00  0.00000000E+00  0.00000000E+00  0.00000000E+00  0.00000000E+00  0.10000000E-01  0.10000000E+01
 0.80000000E-10  0.21457307E-02  0.00000000E+00  0.25805778E-02  0.00000000E+00  0.00000000E+00  0.19088221E+09  0.00000000E+00  0.00000000E+00  0.00000000E+00  0.00000000E+00  0.00000000E+00  0.10000000E-01  0.10000000E+01
 0.90000000E-10  0.21457307E-02  0.00000000E+00  0.44893999E-02  0.00000000E+00  0.00000000E+00  0.19088221E+09  0.00000000E+00  0.00000000E+00  0.00000000E+00  0.00000000E+00  0.00000000E+00  0.10000000E-01  0.10000000E+01
 0.10000000E-09  0.21457307E-02  0.00000000E+00  0.63982220E-02  0.00000000E+00  0.00000000E+00  0.19088221E+09  0.00000000E+00  0.00000000E+00  0.00000000E+00  0.00000000E+00  0.00000000E+00  0.10000000E-01  0.10000000E+01
 0.11000000E-09  0.21457307E-02  0.00000000E+00  0.83070441E-02  0.00000000E+00  0.00000000E+00  0.19088221E+09  0.00000000E+00  0.00000000E+00  0.00000000E+00  0.00000000E+00  0.00000000E+00  0.10000000E-01  0.10000000E+01
 0.12000000E-09  0.21457307E-02  0.00000000E+00  0.10215866E-01  0.00000000E+00  0.00000000E+00  0.19088221E+09  0.00000000E+00  0.00000000E+00  0.00000000E+00  0.00000000E+00  0.00000000E+00  0.10000000E-01  0.10000000E+01
 0.13000000E-09  0.21457307E-02  0.00000000E+00  0.12124688E-01  0.00000000E+00  0.00000000E+00  0.19088221E+09  0.00000000E+00  0.00000000E+00  0.00000000E+00  0.00000000E+00  0.00000000E+00  0.10000000E-01  0.10000000E+01
 0.14002000E-09  0.21457307E-02  0.00000000E+00  0.14037328E-01  0.00000000E+00  0.00000000E+00  0.19088221E+09  0.00000000E+00  0.00000000E+00  0.00000000E+00  0.00000000E+00  0.00000000E+00  0.10000000E-01  0.10000000E+01
 0.15002000E-09  0.21457307E-02  0.00000000E+00  0.15946150E-01  0.00000000E+00  0.00000000E+00  0.19088221E+09  0.00000000E+00  0.00000000E+00  0.00000000E+00  0.00000000E+00  0.00000000E+00  0.10000000E-01  0.10000000E+01
 0.16002000E-09  0.21457307E-02  0.00000000E+00  0.17854972E-01  0.00000000E+00  0.00000000E+00  0.19088221E+09  0.00000000E+00  0.00000000E+00  0.00000000E+00  0.00000000E+00  0.00000000E+00  0.10000000E-01  0.10000000E+01
 0.17002000E-09  0.21457307E-02  0.00000000E+00  0.19763794E-01  0.00000000E+00  0.00000000E+00  0.19088221E+09  0.00000000E+00  0.00000000E+00  0.00000000E+00  0.00000000E+00  0.00000000E+00  0.10000000E-01  0.10000000E+01
 0.18002000E-09  0.21457307E-02  0.00000000E+00  0.21672616E-01  0.00000000E+00  0.00000000E+00  0.19088221E+09  0.00000000E+00  0.00000000E+00  0.00000000E+00  0.00000000E+00  0.00000000E+00  0.10000000E-01  0.10000000E+01
 0.19002000E-09  0.21457307E-02  0.00000000E+00  0.23581438E-01  0.00000000E+00  0.00000000E+00  0.19088221E+09  0.00000000E+00  0.00000000E+00  0.00000000E+00  0.00000000E+00  0.00000000E+00  0.10000000E-01  0.10000000E+01
 0.20002000E-09  0.21457307E-02  0.00000000E+00  0.25490261E-01  0.00000000E+00  0.00000000E+00  0.19088221E+09  0.00000000E+00  0.00000000E+00  0.00000000E+00  0.00000000E+00  0.00000000E+00  0.10000000E-01  0.10000000E+01
 0.21002000E-09  0.21457307E-02  0.00000000E+00  0.27399083E-01  0.00000000E+00  0.00000000E+00  0.19088221E+09  0.00000000E+00  0.00000000E+00  0.00000000E+00  0.00000000E+00  0.00000000E+00  0.10000000E-01  0.10000000E+01
 0.22002000E-09  0.21457307E-02  0.00000000E+00  0.29307905E-01  0.00000000E+00  0.00000000E+00  0.19088221E+09  0.00000000E+00  0.00000000E+00  0.00000000E+00  0.00000000E+00  0.00000000E+00  0.10000000E-01  0.10000000E+01
 0.23002000E-09  0.21457307E-02  0.00000000E+00  0.31216727E-01  0.00000000E+00  0.00000000E+00  0.19088221E+09  0.00000000E+00  0.00000000E+00  0.00000000E+00  0.00000000E+00  0.00000000E+00  0.10000000E-01  0.10000000E+01
 0.24002000E-09  0.21457307E-02  0.00000000E+00  0.33125549E-01  0.00000000E+00  0.00000000E+00  0.19088221E+09  0.00000000E+00  0.00000000E+00  0.00000000E+00  0.00000000E+00  0.00000000E+00  0.10000000E-01  0.10000000E+01
 0.25002000E-09  0.21457307E-02  0.00000000E+00  0.35034371E-01  0.00000000E+00  0.00000000E+00  0.19088221E+09  0.00000000E+00  0.00000000E+00  0.00000000E+00  0.00000000E+00  0.00000000E+00  0.10000000E-01  0.10000000E+01
 0.26002000E-09  0.21457307E-02  0.00000000E+00  0.36943193E-01  0.00000000E+00  0.00000000E+00  0.19088221E+09  0.00000000E+00  0.00000000E+00  0.00000000E+00  0.00000000E+00  0.00000000E+00  0.10000000E-01  0.10000000E+01
 0.27002000E-09  0.21457307E-02  0.00000000E+00  0.38852015E-01  0.00000000E+00  0.00000000E+00  0.19088221E+09  0.00000000E+00  0.00000000E+00  0.00000000E+00  0.00000000E+00  0.00000000E+00  0.10000000E-01  0.10000000E+01
 0.28002000E-09  0.21457307E-02  0.00000000E+00  0.40760837E-01  0.00000000E+00  0.00000000E+00  0.19088221E+09  0.00000000E+00  0.00000000E+00  0.00000000E+00  0.00000000E+00  0.00000000E+00  0.10000000E-01  0.10000000E+01
 0.29002000E-09  0.21457307E-02  0.00000000E+00  0.42669659E-01  0.00000000E+00  0.00000000E+00  0.19088221E+09  0.00000000E+00  0.00000000E+00  0.00000000E+00  0.00000000E+00  0.00000000E+00  0.10000000E-01  0.10000000E+01
 0.30000000E-09  0.21457307E-02  0.00000000E+00  0.44574664E-01  0.00000000E+00  0.00000000E+00  0.19088221E+09  0.00000000E+00  0.00000000E+00  0.00000000E+00  0.00000000E+00  0.00000000E+00  0.10000000E-01  0.10000000E+01
 0.31000000E-09  0.21457307E-02  0.00000000E+00  0.46483486E-01  0.00000000E+00  0.00000000E+00  0.19088221E+09  0.00000000E+00  0.00000000E+00  0.00000000E+00  0.00000000E+00  0.00000000E+00  0.10000000E-01  0.10000000E+01
 0.32000000E-09  0.21457307E-02  0.00000000E+00  0.48392308E-01  0.00000000E+00  0.00000000E+00  0.19088221E+09  0.00000000E+00  0.00000000E+00  0.00000000E+00  0.00000000E+00  0.00000000E+00  0.10000000E-01  0.10000000E+01
 0.33000000E-09  0.21457307E-02  0.00000000E+00  0.50301130E-01  0.00000000E+00  0.00000000E+00  0.19088221E+09  0.00000000E+00  0.00000000E+00  0.00000000E+00  0.00000000E+00  0.00000000E+00  0.10000000E-01  0.10000000E+01
 0.34000000E-09  0.21457307E-02  0.00000000E+00  0.52209952E-01  0.00000000E+00  0.00000000E+00  0.19088221E+09  0.00000000E+00  0.00000000E+00  0.00000000E+00  0.00000000E+00  0.00000000E+00  0.10000000E-01  0.10000000E+01
 0.35000000E-09  0.21457307E-02  0.00000000E+00  0.54118774E-01  0.00000000E+00  0.00000000E+00  0.19088221E+09  0.00000000E+00  0.00000000E+00  0.00000000E+00  0.00000000E+00  0.00000000E+00  0.10000000E-01  0.10000000E+01
 0.36000000E-09  0.21457307E-02  0.00000000E+00  0.56027596E-01  0.00000000E+00  0.00000000E+00  0.19088221E+09  0.00000000E+00  0.00000000E+00  0.00000000E+00  0.00000000E+00  0.00000000E+00  0.10000000E-01  0.10000000E+01
 0.37000000E-09  0.21457307E-02  0.00000000E+00  0.57936418E-01  0.00000000E+00  0.00000000E+00  0.19088221E+09  0.00000000E+00  0.00000000E+00  0.00000000E+00  0.00000000E+00  0.00000000E+00  0.10000000E-01  0.10000000E+01
 0.38000000E-09  0.21457307E-02  0.00000000E+00  0.59845241E-01  0.00000000E+00  0.00000000E+00  0.19088221E+09  0.00000000E+00  0.00000000E+00  0.00000000E+00  0.00000000E+00  0.00000000E+00  0.10000000E-01  0.10000000E+01
 0.39000000E-09  0.21457307E-02  0.00000000E+00  0.61754063E-01  0.00000000E+00  0.00000000E+00  0.19088221E+09  0.00000000E+00  0.00000000E+00  0.00000000E+00  0.00000000E+00  0.00000000E+00  0.10000000E-01  0.10000000E+01
 0.40000000E-09  0.21457307E-02  0.00000000E+00  0.63662885E-01  0.00000000E+00  0.00000000E+00  0.19088221E+09  0.00000000E+00  0.00000000E+00  0.00000000E+00  0.00000000E+00  0.00000000E+00  0.10000000E-01  0.10000000E+01
 0.41000000E-09  0.21457307E-02  0.00000000E+00  0.65571707E-01  0.00000000E+00  0.00000000E+00  0.19088221E+09  0.00000000E+00  0.00000000E+00  0.00000000E+00  0.00000000E+00  0.00000000E+00  0.10000000E-01  0.10000000E+01
 0.42000000E-09  0.21457307E-02  0.00000000E+00  0.67480529E-01  0.00000000E+00  0.00000000E+00  0.19088221E+09  0.00000000E+00  0.00000000E+00  0.00000000E+00  0.00000000E+00  0.00000000E+00  0.10000000E-01  0.10000000E+01
 0.43000000E-09  0.21457307E-02  0.00000000E+00  0.69389351E-01  0.00000000E+00  0.00000000E+00  0.19088221E+09  0.00000000E+00  0.00000000E+00  0.00000000E+00  0.00000000E+00  0.00000000E+00  0.10000000E-01  0.10000000E+01
 0.44000000E-09  0.21457307E-02  0.00000000E+00  0.71298173E-01  0.00000000E+00  0.00000000E+00  0.19088221E+09  0.00000000E+00  0.00000000E+00  0.00000000E+00  0.00000000E+00  0.00000000E+00  0.10000000E-01  0.10000000E+01
 0.45000000E-09  0.21457307E-02  0.00000000E+00  0.73206995E-01  0.00000000E+00  0.00000000E+00  0.19088221E+09  0.00000000E+00  0.00000000E+00  0.00000000E+00  0.00000000E+00  0.00000000E+00  0.10000000E-01  0.10000000E+01
 0.46000000E-09  0.21457307E-02  0.00000000E+00  0.75115817E-01  0.00000000E+00  0.00000000E+00  0.19088221E+09  0.00000000E+00  0.00000000E+00  0.00000000E+00  0.00000000E+00  0.00000000E+00  0.10000000E-01  0.10000000E+01
 0.47000000E-09  0.21457307E-02  0.00000000E+00  0.77024639E-01  0.00000000E+00  0.00000000E+00  0.19088221E+09  0.00000000E+00  0.00000000E+00  0.00000000E+00  0.00000000E+00  0.00000000E+00  0.10000000E-01  0.10000000E+01
 0.48000000E-09  0.21457307E-02  0.00000000E+00  0.78933461E-01  0.00000000E+00  0.00000000E+00  0.19088221E+09  0.00000000E+00  0.00000000E+00  0.00000000E+00  0.00000000E+00  0.00000000E+00  0.10000000E-01  0.10000000E+01
 0.49000000E-09  0.21457307E-02  0.00000000E+00  0.80842284E-01  0.00000000E+00  0.00000000E+00  0.19088221E+09  0.00000000E+00  0.00000000E+00  0.00000000E+00  0.00000000E+00  0.00000000E+00  0.10000000E-01  0.10000000E+01
 0.50000000E-09  0.21457307E-02  0.00000000E+00  0.82751106E-01  0.00000000E+00  0.00000000E+00  0.19088221E+09  0.00000000E+00  0.00000000E+00  0.00000000E+00  0.00000000E+00  0.00000000E+00  0.10000000E-01  0.10000000E+01
 0.51000000E-09  0.21457307E-02  0.00000000E+00  0.84659928E-01  0.00000000E+00  0.00000000E+00  0.19088221E+09  0.00000000E+00  0.00000000E+00  0.00000000E+00  0.00000000E+00  0.00000000E+00  0.10000000E-01  0.10000000E+01
 0.52000000E-09  0.21457307E-02  0.00000000E+00  0.86568750E-01  0.00000000E+00  0.00000000E+00  0.19088221E+09  0.00000000E+00  0.00000000E+00  0.00000000E+00  0.00000000E+00  0.00000000E+00  0.10000000E-01  0.10000000E+01
 0.53000000E-09  0.21457307E-02  0.00000000E+00  0.88477572E-01  0.00000000E+00  0.00000000E+00  0.19088221E+09  0.00000000E+00  0.00000000E+00  0.00000000E+00  0.00000000E+00  0.00000000E+00  0.10000000E-01  0.10000000E+01
 0.54000000E-09  0.21457307E-02  0.00000000E+00  0.90386394E-01  0.00000000E+00  0.00000000E+00  0.19088221E+09  0.00000000E+00  0.00000000E+00  0.00000000E+00  0.00000000E+00  0.00000000E+00  0.10000000E-01  0.10000000E+01
 0.55002000E-09  0.21457307E-02  0.00000000E+00  0.92299034E-01  0.00000000E+00  0.00000000E+00  0.19088221E+09  0.00000000E+00  0.00000000E+00  0.00000000E+00  0.00000000E+00  0.00000000E+00  0.10000000E-01  0.10000000E+01
 0.56002000E-09  0.21457307E-02  0.00000000E+00  0.94207856E-01  0.00000000E+00  0.00000000E+00  0.19088221E+09  0.00000000E+00  0.00000000E+00  0.00000000E+00  0.00000000E+00  0.00000000E+00  0.10000000E-01  0.10000000E+01
 0.57002000E-09  0.21457307E-02  0.00000000E+00  0.96116678E-01  0.00000000E+00  0.00000000E+00  0.19088221E+09  0.00000000E+00  0.00000000E+00  0.00000000E+00  0.00000000E+00  0.00000000E+00  0.10000000E-01  0.10000000E+01
 0.58002000E-09  0.21457307E-02  0.00000000E+00  0.98025500E-01  0.00000000E+00  0.00000000E+00  0.19088221E+09  0.00000000E+00  0.00000000E+00  0.00000000E+00  0.00000000E+00  0.00000000E+00  0.10000000E-01  0.10000000E+01
 0.59002000E-09  0.21457307E-02  0.00000000E+00  0.99934322E-01  0.00000000E+00  0.00000000E+00  0.19088221E+09  0.00000000E+00  0.00000000E+00  0.00000000E+00  0.00000000E+00  0.00000000E+00  0.10000000E-01  0.10000000E+01
 0.60002000E-09  0.21457307E-02  0.00000000E+00  0.10184314E+00  0.00000000E+00  0.00000000E+00  0.19088221E+09  0.00000000E+00  0.00000000E+00  0.00000000E+00  0.00000000E+00  0.00000000E+00  0.10000000E-01  0.10000000E+01
 0.61002000E-09  0.21457307E-02  0.00000000E+00  0.10375197E+00  0.00000000E+00  0.00000000E+00  0.19088221E+09  0.00000000E+00  0.00000000E+00  0.00000000E+00  0.00000000E+00  0.00000000E+00  0.10000000E-01  0.10000000E+01
 0.62002000E-09  0.21457307E-02  0.00000000E+00  0.10566079E+00  0.00000000E+00  0.00000000E+00  0.19088221E+09  0.00000000E+00  0.00000000E+00  0.00000000E+00  0.00000000E+00  0.00000000E+00  0.10000000E-01  0.10000000E+01
 0.63002000E-09  0.21457307E-02  0.00000000E+00  0.10756961E+00  0.00000000E+00  0.00000000E+00  0.19088221E+09  0.00000000E+00  0.00000000E+00  0.00000000E+00  0.00000000E+00  0.00000000E+00  0.10000000E-01  0.10000000E+01
 0.64002000E-09  0.21457307E-02  0.00000000E+00  0.10947843E+00  0.00000000E+00  0.00000000E+00  0.19088221E+09  0.00000000E+00  0.00000000E+00  0.00000000E+00  0.00000000E+00  0.00000000E+00  0.10000000E-01  0.10000000E+01
 0.65002000E-09  0.21457307E-02  0.00000000E+00  0.11138725E+00  0.00000000E+00  0.00000000E+00  0.19088221E+09  0.00000000E+00  0.00000000E+00  0.00000000E+00  0.00000000E+00  0.00000000E+00  0.10000000E-01  0.10000000E+01
 0.66002000E-09  0.21457307E-02  0.00000000E+00  0.11329608E+00  0.00000000E+00  0.00000000E+00  0.19088221E+09  0.00000000E+00  0.00000000E+00  0.00000000E+00  0.00000000E+00  0.00000000E+00  0.10000000E-01  0.10000000E+01
 0.67002000E-09  0.21457307E-02  0.00000000E+00  0.11520490E+00  0.00000000E+00  0.00000000E+00  0.19088221E+09  0.00000000E+00  0.00000000E+00  0.00000000E+00  0.00000000E+00  0.00000000E+00  0.10000000E-01  0.10000000E+01
 0.68002000E-09  0.21457307E-02  0.00000000E+00  0.11711372E+00  0.00000000E+00  0.00000000E+00  0.19088221E+09  0.00000000E+00  0.00000000E+00  0.00000000E+00  0.00000000E+00  0.00000000E+00  0.10000000E-01  0.10000000E+01
 0.69002000E-09  0.21457307E-02  0.00000000E+00  0.11902254E+00  0.00000000E+00  0.00000000E+00  0.19088221E+09  0.00000000E+00  0.00000000E+00  0.00000000E+00  0.00000000E+00  0.00000000E+00  0.10000000E-01  0.10000000E+01
 0.70002000E-09  0.21457307E-02  0.00000000E+00  0.12093137E+00  0.00000000E+00  0.00000000E+00  0.19088221E+09  0.00000000E+00  0.00000000E+00  0.00000000E+00  0.00000000E+00  0.00000000E+00  0.10000000E-01  0.10000000E+01
 0.71002000E-09  0.21457307E-02  0.00000000E+00  0.12284019E+00  0.00000000E+00  0.00000000E+00  0.19088221E+09  0.00000000E+00  0.00000000E+00  0.00000000E+00  0.00000000E+00  0.00000000E+00  0.10000000E-01  0.10000000E+01
 0.72002000E-09  0.21457307E-02  0.00000000E+00  0.12474901E+00  0.00000000E+00  0.00000000E+00  0.19088221E+09  0.00000000E+00  0.00000000E+00  0.00000000E+00  0.00000000E+00  0.00000000E+00  0.10000000E-01  0.10000000E+01
 0.73002000E-09  0.21457307E-02  0.00000000E+00  0.12665783E+00  0.00000000E+00  0.00000000E+00  0.19088221E+09  0.00000000E+00  0.00000000E+00  0.00000000E+00  0.00000000E+00  0.00000000E+00  0.10000000E-01  0.10000000E+01
 0.74002000E-09  0.21457307E-02  0.00000000E+00  0.12856665E+00  0.00000000E+00  0.00000000E+00  0.19088221E+09  0.00000000E+00  0.00000000E+00  0.00000000E+00  0.00000000E+00  0.00000000E+00  0.10000000E-01  0.10000000E+01
 0.75002000E-09  0.21457307E-02  0.00000000E+00  0.13047548E+00  0.00000000E+00  0.00000000E+00  0.19088221E+09  0.00000000E+00  0.00000000E+00  0.00000000E+00  0.00000000E+00  0.00000000E+00  0.10000000E-01  0.10000000E+01
 0.76002000E-09  0.21457307E-02  0.00000000E+00  0.13238430E+00  0.00000000E+00  0.00000000E+00  0.19088221E+09  0.00000000E+00  0.00000000E+00  0.00000000E+00  0.00000000E+00  0.00000000E+00  0.10000000E-01  0.10000000E+01
 0.77002000E-09  0.21457307E-02  0.00000000E+00  0.13429312E+00  0.00000000E+00  0.00000000E+00  0.19088221E+09  0.00000000E+00  0.00000000E+00  0.00000000E+00  0.00000000E+00  0.00000000E+00  0.10000000E-01  0.10000000E+01
 0.78002000E-09  0.21457307E-02  0.00000000E+00  0.13620194E+00  0.00000000E+00  0.00000000E+00  0.19088221E+09  0.00000000E+00  0.00000000E+00  0.00000000E+00  0.00000000E+00  0.00000000E+00  0.10000000E-01  0.10000000E+01
 0.79002000E-09  0.21457307E-02  0.00000000E+00  0.13811076E+00  0.00000000E+00  0.00000000E+00  0.19088221E+09  0.00000000E+00  0.00000000E+00  0.00000000E+00  0.00000000E+00  0.00000000E+00  0.10000000E-01  0.10000000E+01
 0.80002000E-09  0.21457307E-02  0.00000000E+00  0.14001959E+00  0.00000000E+00  0.00000000E+00  0.19088221E+09  0.00000000E+00  0.00000000E+00  0.00000000E+00  0.00000000E+00  0.00000000E+00  0.10000000E-01  0.10000000E+01
 0.81002000E-09  0.21457307E-02  0.00000000E+00  0.14192841E+00  0.00000000E+00  0.00000000E+00  0.19088221E+09  0.00000000E+00  0.00000000E+00  0.00000000E+00  0.00000000E+00  0.00000000E+00  0.10000000E-01  0.10000000E+01
 0.82002000E-09  0.21457307E-02  0.00000000E+00  0.14383723E+00  0.00000000E+00  0.00000000E+00  0.19088221E+09  0.00000000E+00  0.00000000E+00  0.00000000E+00  0.00000000E+00  0.00000000E+00  0.10000000E-01  0.10000000E+01
 0.83002000E-09  0.21457307E-02  0.00000000E+00  0.14574605E+00  0.00000000E+00  0.00000000E+00  0.19088221E+09  0.00000000E+00  0.00000000E+00  0.00000000E+00  0.00000000E+00  0.00000000E+00  0.10000000E-01  0.10000000E+01
 0.84002000E-09  0.21457307E-02  0.00000000E+00  0.14765487E+00  0.00000000E+00  0.00000000E+00  0.19088221E+09  0.00000000E+00  0.00000000E+00  0.00000000E+00  0.00000000E+00  0.00000000E+00  0.10000000E-01  0.10000000E+01
 0.85002000E-09  0.21457307E-02  0.00000000E+00  0.14956370E+00  0.00000000E+00  0.00000000E+00  0.19088221E+09  0.00000000E+00  0.00000000E+00  0.00000000E+00  0.00000000E+00  0.00000000E+00  0.10000000E-01  0.10000000E+01
 0.86002000E-09  0.21457307E-02  0.00000000E+00  0.15147252E+00  0.00000000E+00  0.00000000E+00  0.19088221E+09  0.00000000E+00  0.00000000E+00  0.00000000E+00  0.00000000E+00  0.00000000E+00  0.10000000E-01  0.10000000E+01
 0.87002000E-09  0.21457307E-02  0.00000000E+00  0.15338134E+00  0.00000000E+00  0.00000000E+00  0.19088221E+09  0.00000000E+00  0.00000000E+00  0.00000000E+00  0.00000000E+00  0.00000000E+00  0.10000000E-01  0.10000000E+01
 0.88002000E-09  0.21457307E-02  0.00000000E+00  0.15529016E+00  0.00000000E+00  0.00000000E+00  0.19088221E+09  0.00000000E+00  0.00000000E+00  0.00000000E+00  0.00000000E+00  0.00000000E+00  0.10000000E-01  0.10000000E+01
 0.89002000E-09  0.21457307E-02  0.00000000E+00  0.15719898E+00  0.00000000E+00  0.00000000E+00  0.19088221E+09  0.00000000E+00  0.00000000E+00  0.00000000E+00  0.00000000E+00  0.00000000E+00  0.10000000E-01  0.10000000E+01
 0.90002000E-09  0.21457307E-02  0.00000000E+00  0.15910781E+00  0.00000000E+00  0.00000000E+00  0.19088221E+09  0.00000000E+00  0.00000000E+00  0.00000000E+00  0.00000000E+00  0.00000000E+00  0.10000000E-01  0.10000000E+01
 0.91002000E-09  0.21457307E-02  0.00000000E+00  0.16101663E+00  0.00000000E+00  0.00000000E+00  0.19088221E+09  0.00000000E+00  0.00000000E+00  0.00000000E+00  0.00000000E+00  0.00000000E+00  0.10000000E-01  0.10000000E+01
 0.92002000E-09  0.21457307E-02  0.00000000E+00  0.16292545E+00  0.00000000E+00  0.00000000E+00  0.19088221E+09  0.00000000E+00  0.00000000E+00  0.00000000E+00  0.00000000E+00  0.00000000E+00  0.10000000E-01  0.10000000E+01
 0.93002000E-09  0.21457307E-02  0.00000000E+00  0.16483427E+00  0.00000000E+00  0.00000000E+00  0.19088221E+09  0.00000000E+00  0.00000000E+00  0.00000000E+00  0.00000000E+00  0.00000000E+00  0.10000000E-01  0.10000000E+01
 0.94002000E-09  0.21457307E-02  0.00000000E+00  0.16674310E+00  0.00000000E+00  0.00000000E+00  0.19088221E+09  0.00000000E+00  0.00000000E+00  0.00000000E+00  0.00000000E+00  0.00000000E+00  0.10000000E-01  0.10000000E+01
 0.95002000E-09  0.21457307E-02  0.00000000E+00  0.16865192E+00  0.00000000E+00  0.00000000E+00  0.19088221E+09  0.00000000E+00  0.00000000E+00  0.00000000E+00  0.00000000E+00  0.00000000E+00  0.10000000E-01  0.10000000E+01
 0.96002000E-09  0.21457307E-02  0.00000000E+00  0.17056074E+00  0.00000000E+00  0.00000000E+00  0.19088221E+09  0.00000000E+00  0.00000000E+00  0.00000000E+00  0.00000000E+00  0.00000000E+00  0.10000000E-01  0.10000000E+01
 0.97002000E-09  0.21457307E-02  0.00000000E+00  0.17246956E+00  0.00000000E+00  0.00000000E+00  0.19088221E+09  0.00000000E+00  0.00000000E+00  0.00000000E+00  0.00000000E+00  0.00000000E+00  0.10000000E-01  0.10000000E+01
 0.98002000E-09  0.21457307E-02  0.00000000E+00  0.17437838E+00  0.00000000E+00  0.00000000E+00  0.19088221E+09  0.00000000E+00  0.00000000E+00  0.00000000E+00  0.00000000E+00  0.00000000E+00  0.10000000E-01  0.10000000E+01
 0.99002000E-09  0.21457307E-02  0.00000000E+00  0.17628721E+00  0.00000000E+00  0.00000000E+00  0.19088221E+09  0.00000000E+00  0.00000000E+00  0.00000000E+00  0.00000000E+00  0.00000000E+00  0.10000000E-01  0.10000000E+01
 0.10000200E-08  0.21457307E-02  0.00000000E+00  0.17819603E+00  0.00000000E+00  0.00000000E+00  0.19088221E+09  0.00000000E+00  0.00000000E+00  0.00000000E+00  0.00000000E+00  0.00000000E+00  0.10000000E-01  0.10000000E+01
 0.10100200E-08  0.21457307E-02  0.00000000E+00  0.18010485E+00  0.00000000E+00  0.00000000E+00  0.19088221E+09  0.00000000E+00  0.00000000E+00  0.00000000E+00  0.00000000E+00  0.00000000E+00  0.10000000E-01  0.10000000E+01
 0.10200200E-08  0.21457307E-02  0.00000000E+00  0.18201367E+00  0.00000000E+00  0.00000000E+00  0.19088221E+09  0.00000000E+00  0.00000000E+00  0.00000000E+00  0.00000000E+00  0.00000000E+00  0.10000000E-01  0.10000000E+01
 0.10300200E-08  0.21457307E-02  0.00000000E+00  0.18392249E+00  0.00000000E+00  0.00000000E+00  0.19088221E+09  0.00000000E+00  0.00000000E+00  0.00000000E+00  0.00000000E+00  0.00000000E+00  0.10000000E-01  0.10000000E+01
 0.10400200E-08  0.21457307E-02  0.00000000E+00  0.18583132E+00  0.00000000E+00  0.00000000E+00  0.19088221E+09  0.00000000E+00  0.00000000E+00  0.00000000E+00  0.00000000E+00  0.00000000E+00  0.10000000E-01  0.10000000E+01
 0.10500200E-08  0.21457307E-02  0.00000000E+00  0.18774014E+00  0.00000000E+00  0.00000000E+00  0.19088221E+09  0.00000000E+00  0.00000000E+00  0.00000000E+00  0.00000000E+00  0.00000000E+00  0.10000000E-01  0.10000000E+01
 0.10600200E-08  0.21457307E-02  0.00000000E+00  0.18964896E+00  0.00000000E+00  0.00000000E+00  0.19088221E+09  0.00000000E+00  0.00000000E+00  0.00000000E+00  0.00000000E+00  0.00000000E+00  0.10000000E-01  0.10000000E+01
 0.10700200E-08  0.21457307E-02  0.00000000E+00  0.19155778E+00  0.00000000E+00  0.00000000E+00  0.19088221E+09  0.00000000E+00  0.00000000E+00  0.00000000E+00  0.00000000E+00  0.00000000E+00  0.10000000E-01  0.10000000E+01
 0.10800200E-08  0.21457307E-02  0.00000000E+00  0.19346660E+00  0.00000000E+00  0.00000000E+00  0.19088221E+09  0.00000000E+00  0.00000000E+00  0.00000000E+00  0.00000000E+00  0.00000000E+00  0.10000000E-01  0.10000000E+01
 0.10900200E-08  0.21457307E-02  0.00000000E+00  0.19537543E+00  0.00000000E+00  0.00000000E+00  0.19088221E+09  0.00000000E+00  0.00000000E+00  0.00000000E+00  0.00000000E+00  0.00000000E+00  0.10000000E-01  0.10000000E+01
 0.11000200E-08  0.21457307E-02  0.00000000E+00  0.19728425E+00  0.00000000E+00  0.00000000E+00  0.19088221E+09  0.00000000E+00  0.00000000E+00  0.00000000E+00  0.00000000E+00  0.00000000E+00  0.10000000E-01  0.10000000E+01
 0.11100200E-08  0.21457307E-02  0.00000000E+00  0.19919307E+00  0.00000000E+00  0.00000000E+00  0.19088221E+09  0.00000000E+00  0.00000000E+00  0.00000000E+00  0.00000000E+00  0.00000000E+00  0.10000000E-01  0.10000000E+01
 0.11200200E-08  0.21457307E-02  0.00000000E+00  0.20110189E+00  0.00000000E+00  0.00000000E+00  0.19088221E+09  0.00000000E+00  0.00000000E+00  0.00000000E+00  0.00000000E+00  0.00000000E+00  0.10000000E-01  0.10000000E+01
 0.11300200E-08  0.21457307E-02  0.00000000E+00  0.20301071E+00  0.00000000E+00  0.00000000E+00  0.19088221E+09  0.00000000E+00  0.00000000E+00  0.00000000E+00  0.00000000E+00  0.00000000E+00  0.10000000E-01  0.10000000E+01
 0.11400200E-08  0.21457307E-02  0.00000000E+00  0.20491954E+00  0.00000000E+00  0.00000000E+00  0.19088221E+09  0.00000000E+00  0.00000000E+00  0.00000000E+00  0.00000000E+00  0.00000000E+00  0.10000000E-01  0.10000000E+01
 0.11500200E-08  0.21457307E-02  0.00000000E+00  0.20682836E+00  0.00000000E+00  0.00000000E+00  0.19088221E+09  0.00000000E+00  0.00000000E+00  0.00000000E+00  0.00000000E+00  0.00000000E+00  0.10000000E-01  0.10000000E+01
 0.11600200E-08  0.21457307E-02  0.00000000E+00  0.20873718E+00  0.00000000E+00  0.00000000E+00  0.19088221E+09  0.00000000E+00  0.00000000E+00  0.00000000E+00  0.00000000E+00  0.00000000E+00  0.10000000E-01  0.10000000E+01
 0.11700200E-08  0.21457307E-02  0.00000000E+00  0.21064600E+00  0.00000000E+00  0.00000000E+00  0.19088221E+09  0.00000000E+00  0.00000000E+00  0.00000000E+00  0.00000000E+00  0.00000000E+00  0.10000000E-01  0.10000000E+01
 0.11800200E-08  0.21457307E-02  0.00000000E+00  0.21255483E+00  0.00000000E+00  0.00000000E+00  0.19088221E+09  0.00000000E+00  0.00000000E+00  0.00000000E+00  0.00000000E+00  0.00000000E+00  0.10000000E-01  0.10000000E+01
 0.11900200E-08  0.21457307E-02  0.00000000E+00  0.21446365E+00  0.00000000E+00  0.00000000E+00  0.19088221E+09  0.00000000E+00  0.00000000E+00  0.00000000E+00  0.00000000E+00  0.00000000E+00  0.10000000E-01  0.10000000E+01
 0.12000200E-08  0.21457307E-02  0.00000000E+00  0.21637247E+00  0.00000000E+00  0.00000000E+00  0.19088221E+09  0.00000000E+00  0.00000000E+00  0.00000000E+00  0.00000000E+00  0.00000000E+00  0.10000000E-01  0.10000000E+01
 0.12100200E-08  0.21457307E-02  0.00000000E+00  0.21828129E+00  0.00000000E+00  0.00000000E+00  0.19088221E+09  0.00000000E+00  0.00000000E+00  0.00000000E+00  0.00000000E+00  0.00000000E+00  0.10000000E-01  0.10000000E+01
 0.12200200E-08  0.21457307E-02  0.00000000E+00  0.22019011E+00  0.00000000E+00  0.00000000E+00  0.19088221E+09  0.00000000E+00  0.00000000E+00  0.00000000E+00  0.00000000E+00  0.00000000E+00  0.10000000E-01  0.10000000E+01
 0.12300200E-08  0.21457307E-02  0.00000000E+00  0.22209894E+00  0.00000000E+00  0.00000000E+00  0.19088221E+09  0.00000000E+00  0.00000000E+00  0.00000000E+00  0.00000000E+00  0.00000000E+00  0.10000000E-01  0.10000000E+01
 0.12400200E-08  0.21457307E-02  0.00000000E+00  0.22400776E+00  0.00000000E+00  0.00000000E+00  0.19088221E+09  0.00000000E+00  0.00000000E+00  0.00000000E+00  0.00000000E+00  0.00000000E+00  0.10000000E-01  0.10000000E+01
 0.12500200E-08  0.21457307E-02  0.00000000E+00  0.22591658E+00  0.00000000E+00  0.00000000E+00  0.19088221E+09  0.00000000E+00  0.00000000E+00  0.00000000E+00  0.00000000E+00  0.00000000E+00  0.10000000E-01  0.10000000E+01
 0.12600200E-08  0.21457307E-02  0.00000000E+00  0.22782540E+00  0.00000000E+00  0.00000000E+00  0.19088221E+09  0.00000000E+00  0.00000000E+00  0.00000000E+00  0.00000000E+00  0.00000000E+00  0.10000000E-01  0.10000000E+01
 0.12700200E-08  0.21457307E-02  0.00000000E+00  0.22973422E+00  0.00000000E+00  0.00000000E+00  0.19088221E+09  0.00000000E+00  0.00000000E+00  0.00000000E+00  0.00000000E+00  0.00000000E+00  0.10000000E-01  0.10000000E+01
 0.12800200E-08  0.21457307E-02  0.00000000E+00  0.23164305E+00  0.00000000E+00  0.00000000E+00  0.19088221E+09  0.00000000E+00  0.00000000E+00  0.00000000E+00  0.00000000E+00  0.00000000E+00  0.10000000E-01  0.10000000E+01
 0.12900200E-08  0.21457307E-02  0.00000000E+00  0.23355187E+00  0.00000000E+00  0.00000000E+00  0.19088221E+09  0.00000000E+00  0.00000000E+00  0.00000000E+00  0.00000000E+00  0.00000000E+00  0.10000000E-01  0.10000000E+01
 0.13000200E-08  0.21457307E-02  0.00000000E+00  0.23546069E+00  0.00000000E+00  0.00000000E+00  0.19088221E+09  0.00000000E+00  0.00000000E+00  0.00000000E+00  0.00000000E+00  0.00000000E+00  0.10000000E-01  0.10000000E+01
 0.13100200E-08  0.21457307E-02  0.00000000E+00  0.23736951E+00  0.00000000E+00  0.00000000E+00  0.19088221E+09  0.00000000E+00  0.00000000E+00  0.00000000E+00  0.00000000E+00  0.00000000E+00  0.10000000E-01  0.10000000E+01
 0.13200200E-08  0.21457307E-02  0.00000000E+00  0.23927833E+00  0.00000000E+00  0.00000000E+00  0.19088221E+09  0.00000000E+00  0.00000000E+00  0.00000000E+00  0.00000000E+00  0.00000000E+00  0.10000000E-01  0.10000000E+01
 0.13300200E-08  0.21457307E-02  0.00000000E+00  0.24118716E+00  0.00000000E+00  0.00000000E+00  0.19088221E+09  0.00000000E+00  0.00000000E+00  0.00000000E+00  0.00000000E+00  0.00000000E+00  0.10000000E-01  0.10000000E+01
 0.13400200E-08  0.21457307E-02  0.00000000E+00  0.24309598E+00  0.00000000E+00  0.00000000E+00  0.19088221E+09  0.00000000E+00  0.00000000E+00  0.00000000E+00  0.00000000E+00  0.00000000E+00  0.10000000E-01  0.10000000E+01
 0.13500200E-08  0.21457307E-02  0.00000000E+00  0.24500480E+00  0.00000000E+00  0.00000000E+00  0.19088221E+09  0.00000000E+00  0.00000000E+00  0.00000000E+00  0.00000000E+00  0.00000000E+00  0.10000000E-01  0.10000000E+01
 0.13600200E-08  0.21457307E-02  0.00000000E+00  0.24691362E+00  0.00000000E+00  0.00000000E+00  0.19088221E+09  0.00000000E+00  0.00000000E+00  0.00000000E+00  0.00000000E+00  0.00000000E+00  0.10000000E-01  0.10000000E+01
 0.13700200E-08  0.21457307E-02  0.00000000E+00  0.24882245E+00  0.00000000E+00  0.00000000E+00  0.19088221E+09  0.00000000E+00  0.00000000E+00  0.00000000E+00  0.00000000E+00  0.00000000E+00  0.10000000E-01  0.10000000E+01
 0.13800200E-08  0.21457307E-02  0.00000000E+00  0.25073127E+00  0.00000000E+00  0.00000000E+00  0.19088221E+09  0.00000000E+00  0.00000000E+00  0.00000000E+00  0.00000000E+00  0.00000000E+00  0.10000000E-01  0.10000000E+01
 0.13900200E-08  0.21457307E-02  0.00000000E+00  0.25264009E+00  0.00000000E+00  0.00000000E+00  0.19088221E+09  0.00000000E+00  0.00000000E+00  0.00000000E+00  0.00000000E+00  0.00000000E+00  0.10000000E-01  0.10000000E+01
 0.14000200E-08  0.21457307E-02  0.00000000E+00  0.25454891E+00  0.00000000E+00  0.00000000E+00  0.19088221E+09  0.00000000E+00  0.00000000E+00  0.00000000E+00  0.00000000E+00  0.00000000E+00  0.10000000E-01  0.10000000E+01
 0.14100200E-08  0.21457307E-02  0.00000000E+00  0.25645773E+00  0.00000000E+00  0.00000000E+00  0.19088221E+09  0.00000000E+00  0.00000000E+00  0.00000000E+00  0.00000000E+00  0.00000000E+00  0.10000000E-01  0.10000000E+01
 0.14200200E-08  0.21457307E-02  0.00000000E+00  0.25836656E+00  0.00000000E+00  0.00000000E+00  0.19088221E+09  0.00000000E+00  0.00000000E+00  0.00000000E+00  0.00000000E+00  0.00000000E+00  0.10000000E-01  0.10000000E+01
 0.14300200E-08  0.21457307E-02  0.00000000E+00  0.26027538E+00  0.00000000E+00  0.00000000E+00  0.19088221E+09  0.00000000E+00  0.00000000E+00  0.00000000E+00  0.00000000E+00  0.00000000E+00  0.10000000E-01  0.10000000E+01
 0.14400200E-08  0.21457307E-02  0.00000000E+00  0.26218420E+00  0.00000000E+00  0.00000000E+00  0.19088221E+09  0.00000000E+00  0.00000000E+00  0.00000000E+00  0.00000000E+00  0.00000000E+00  0.10000000E-01  0.10000000E+01
 0.14500200E-08  0.21457307E-02  0.00000000E+00  0.26409302E+00  0.00000000E+00  0.00000000E+00  0.19088221E+09  0.00000000E+00  0.00000000E+00  0.00000000E+00  0.00000000E+00  0.00000000E+00  0.10000000E-01  0.10000000E+01
 0.14600200E-08  0.21457307E-02  0.00000000E+00  0.26600184E+00  0.00000000E+00  0.00000000E+00  0.19088221E+09  0.00000000E+00  0.00000000E+00  0.00000000E+00  0.00000000E+00  0.00000000E+00  0.10000000E-01  0.10000000E+01
 0.14700200E-08  0.21457307E-02  0.00000000E+00  0.26791067E+00  0.00000000E+00  0.00000000E+00  0.19088221E+09  0.00000000E+00  0.00000000E+00  0.00000000E+00  0.00000000E+00  0.00000000E+00  0.10000000E-01  0.10000000E+01
 0.14800200E-08  0.21457307E-02  0.00000000E+00  0.26981949E+00  0.00000000E+00  0.00000000E+00  0.19088221E+09  0.00000000E+00  0.00000000E+00  0.00000000E+00  0.00000000E+00  0.00000000E+00  0.10000000E-01  0.10000000E+01
 0.14900200E-08  0.21457307E-02  0.00000000E+00  0.27172831E+00  0.00000000E+00  0.00000000E+00  0.19088221E+09  0.00000000E+00  0.00000000E+00  0.00000000E+00  0.00000000E+00  0.00000000E+00  0.10000000E-01  0.10000000E+01
 0.15000200E-08  0.21457307E-02  0.00000000E+00  0.27363713E+00  0.00000000E+00  0.00000000E+00  0.19088221E+09  0.00000000E+00  0.00000000E+00  0.00000000E+00  0.00000000E+00  0.00000000E+00  0.10000000E-01  0.10000000E+01
 0.15100200E-08  0.21457307E-02  0.00000000E+00  0.27554595E+00  0.00000000E+00  0.00000000E+00  0.19088221E+09  0.00000000E+00  0.00000000E+00  0.00000000E+00  0.00000000E+00  0.00000000E+00  0.10000000E-01  0.10000000E+01
 0.15200200E-08  0.21457307E-02  0.00000000E+00  0.27745478E+00  0.00000000E+00  0.00000000E+00  0.19088221E+09  0.00000000E+00  0.00000000E+00  0.00000000E+00  0.00000000E+00  0.00000000E+00  0.10000000E-01  0.10000000E+01
 0.15300200E-08  0.21457307E-02  0.00000000E+00  0.27936360E+00  0.00000000E+00  0.00000000E+00  0.19088221E+09  0.00000000E+00  0.00000000E+00  0.00000000E+00  0.00000000E+00  0.00000000E+00  0.10000000E-01  0.10000000E+01
 0.15400200E-08  0.21457307E-02  0.00000000E+00  0.28127242E+00  0.00000000E+00  0.00000000E+00  0.19088221E+09  0.00000000E+00  0.00000000E+00  0.00000000E+00  0.00000000E+00  0.00000000E+00  0.10000000E-01  0.10000000E+01
 0.15500200E-08  0.21457307E-02  0.00000000E+00  0.28318124E+00  0.00000000E+00  0.00000000E+00  0.19088221E+09  0.00000000E+00  0.00000000E+00  0.00000000E+00  0.00000000E+00  0.00000000E+00  0.10000000E-01  0.10000000E+01
 0.15600200E-08  0.21457307E-02  0.00000000E+00  0.28509006E+00  0.00000000E+00  0.00000000E+00  0.19088221E+09  0.00000000E+00  0.00000000E+00  0.00000000E+00  0.00000000E+00  0.00000000E+00  0.10000000E-01  0.10000000E+01
 0.15700200E-08  0.21457307E-02  0.00000000E+00  0.28699889E+00  0.00000000E+00  0.00000000E+00  0.19088221E+09  0.00000000E+00  0.00000000E+00  0.00000000E+00  0.00000000E+00  0.00000000E+00  0.10000000E-01  0.10000000E+01
 0.15800200E-08  0.21457307E-02  0.00000000E+00  0.28890771E+00  0.00000000E+00  0.00000000E+00  0.19088221E+09  0.00000000E+00  0.00000000E+00  0.00000000E+00  0.00000000E+00  0.00000000E+00  0.10000000E-01  0.10000000E+01
 0.15900200E-08  0.21457307E-02  0.00000000E+00  0.29081653E+00  0.00000000E+00  0.00000000E+00  0.19088221E+09  0.00000000E+00  0.00000000E+00  0.00000000E+00  0.00000000E+00  0.00000000E+00  0.10000000E-01  0.10000000E+01
 0.16000200E-08  0.21457307E-02  0.00000000E+00  0.29272535E+00  0.00000000E+00  0.00000000E+00  0.19088221E+09  0.00000000E+00  0.00000000E+00  0.00000000E+00  0.00000000E+00  0.00000000E+00  0.10000000E-01  0.10000000E+01
 0.16100200E-08  0.21457307E-02  0.00000000E+00  0.29463418E+00  0.00000000E+00  0.00000000E+00  0.19088221E+09  0.00000000E+00  0.00000000E+00  0.00000000E+00  0.00000000E+00  0.00000000E+00  0.10000000E-01  0.10000000E+01
 0.16200200E-08  0.21457307E-02  0.00000000E+00  0.29654300E+00  0.00000000E+00  0.00000000E+00  0.19088221E+09  0.00000000E+00  0.00000000E+00  0.00000000E+00  0.00000000E+00  0.00000000E+00  0.10000000E-01  0.10000000E+01
 0.16300200E-08  0.21457307E-02  0.00000000E+00  0.29845182E+00  0.00000000E+00  0.00000000E+00  0.19088221E+09  0.00000000E+00  0.00000000E+00  0.00000000E+00  0.00000000E+00  0.00000000E+00  0.10000000E-01  0.10000000E+01
 0.16400200E-08  0.21457307E-02  0.00000000E+00  0.30036064E+00  0.00000000E+00  0.00000000E+00  0.19088221E+09  0.00000000E+00  0.00000000E+00  0.00000000E+00  0.00000000E+00  0.00000000E+00  0.10000000E-01  0.10000000E+01
 0.16500200E-08  0.21457307E-02  0.00000000E+00  0.30226946E+00  0.00000000E+00  0.00000000E+00  0.19088221E+09  0.00000000E+00  0.00000000E+00  0.00000000E+00  0.00000000E+00  0.00000000E+00  0.10000000E-01  0.10000000E+01
 0.16600200E-08  0.21457307E-02  0.00000000E+00  0.30417829E+00  0.00000000E+00  0.00000000E+00  0.19088221E+09  0.00000000E+00  0.00000000E+00  0.00000000E+00  0.00000000E+00  0.00000000E+00  0.10000000E-01  0.10000000E+01
 0.16700200E-08  0.21457307E-02  0.00000000E+00  0.30608711E+00  0.00000000E+00  0.00000000E+00  0.19088221E+09  0.00000000E+00  0.00000000E+00  0.00000000E+00  0.00000000E+00  0.00000000E+00  0.10000000E-01  0.10000000E+01
 0.16800200E-08  0.21457307E-02  0.00000000E+00  0.30799593E+00  0.00000000E+00  0.00000000E+00  0.19088221E+09  0.00000000E+00  0.00000000E+00  0.00000000E+00  0.00000000E+00  0.00000000E+00  0.10000000E-01  0.10000000E+01
 0.16900200E-08  0.21457307E-02  0.00000000E+00  0.30990475E+00  0.00000000E+00  0.00000000E+00  0.19088221E+09  0.00000000E+00  0.00000000E+00  0.00000000E+00  0.00000000E+00  0.00000000E+00  0.10000000E-01  0.10000000E+01
 0.17000200E-08  0.21457307E-02  0.00000000E+00  0.31181357E+00  0.00000000E+00  0.00000000E+00  0.19088221E+09  0.00000000E+00  0.00000000E+00  0.00000000E+00  0.00000000E+00  0.00000000E+00  0.10000000E-01  0.10000000E+01
 0.17100200E-08  0.21457307E-02  0.00000000E+00  0.31372240E+00  0.00000000E+00  0.00000000E+00  0.19088221E+09  0.00000000E+00  0.00000000E+00  0.00000000E+00  0.00000000E+00  0.00000000E+00  0.10000000E-01  0.10000000E+01
 0.17200200E-08  0.21457307E-02  0.00000000E+00  0.31563122E+00  0.00000000E+00  0.00000000E+00  0.19088221E+09  0.00000000E+00  0.00000000E+00  0.00000000E+00  0.00000000E+00  0.00000000E+00  0.10000000E-01  0.10000000E+01
 0.17300200E-08  0.21457307E-02  0.00000000E+00  0.31754004E+00  0.00000000E+00  0.00000000E+00  0.19088221E+09  0.00000000E+00  0.00000000E+00  0.00000000E+00  0.00000000E+00  0.00000000E+00  0.10000000E-01  0.10000000E+01
 0.17400200E-08  0.21457307E-02  0.00000000E+00  0.31944886E+00  0.00000000E+00  0.00000000E+00  0.19088221E+09  0.00000000E+00  0.00000000E+00  0.00000000E+00  0.00000000E+00  0.00000000E+00  0.10000000E-01  0.10000000E+01
 0.17500200E-08  0.21457307E-02  0.00000000E+00  0.32135768E+00  0.00000000E+00  0.00000000E+00  0.19088221E+09  0.00000000E+00  0.00000000E+00  0.00000000E+00  0.00000000E+00  0.00000000E+00  0.10000000E-01  0.10000000E+01
 0.17600200E-08  0.21457307E-02  0.00000000E+00  0.32326651E+00  0.00000000E+00  0.00000000E+00  0.19088221E+09  0.00000000E+00  0.00000000E+00  0.00000000E+00  0.00000000E+00  0.00000000E+00  0.10000000E-01  0.10000000E+01
 0.17700200E-08  0.21457307E-02  0.00000000E+00  0.32517533E+00  0.00000000E+00  0.00000000E+00  0.19088221E+09  0.00000000E+00  0.00000000E+00  0.00000000E+00  0.00000000E+00  0.00000000E+00  0.10000000E-01  0.10000000E+01
 0.17800200E-08  0.21457307E-02  0.00000000E+00  0.32708415E+00  0.00000000E+00  0.00000000E+00  0.19088221E+09  0.00000000E+00  0.00000000E+00  0.00000000E+00  0.00000000E+00  0.00000000E+00  0.10000000E-01  0.10000000E+01
 0.17900200E-08  0.21457307E-02  0.00000000E+00  0.32899297E+00  0.00000000E+00  0.00000000E+00  0.19088221E+09  0.00000000E+00  0.00000000E+00  0.00000000E+00  0.00000000E+00  0.00000000E+00  0.10000000E-01  0.10000000E+01
 0.18000200E-08  0.21457307E-02  0.00000000E+00  0.33090179E+00  0.00000000E+00  0.00000000E+00  0.19088221E+09  0.00000000E+00  0.00000000E+00  0.00000000E+00  0.00000000E+00  0.00000000E+00  0.10000000E-01  0.10000000E+01
 0.18100200E-08  0.21457307E-02  0.00000000E+00  0.33281062E+00  0.00000000E+00  0.00000000E+00  0.19088221E+09  0.00000000E+00  0.00000000E+00  0.00000000E+00  0.00000000E+00  0.00000000E+00  0.10000000E-01  0.10000000E+01
 0.18200200E-08  0.21457307E-02  0.00000000E+00  0.33471944E+00  0.00000000E+00  0.00000000E+00  0.19088221E+09  0.00000000E+00  0.00000000E+00  0.00000000E+00  0.00000000E+00  0.00000000E+00  0.10000000E-01  0.10000000E+01
 0.18300200E-08  0.21457307E-02  0.00000000E+00  0.33662826E+00  0.00000000E+00  0.00000000E+00  0.19088221E+09  0.00000000E+00  0.00000000E+00  0.00000000E+00  0.00000000E+00  0.00000000E+00  0.10000000E-01  0.10000000E+01
 0.18400200E-08  0.21457307E-02  0.00000000E+00  0.33853708E+00  0.00000000E+00  0.00000000E+00  0.19088221E+09  0.00000000E+00  0.00000000E+00  0.00000000E+00  0.00000000E+00  0.00000000E+00  0.10000000E-01  0.10000000E+01
 0.18500200E-08  0.21457307E-02  0.00000000E+00  0.34044591E+00  0.00000000E+00  0.00000000E+00  0.19088221E+09  0.00000000E+00  0.00000000E+00  0.00000000E+00  0.00000000E+00  0.00000000E+00  0.10000000E-01  0.10000000E+01
 0.18600200E-08  0.21457307E-02  0.00000000E+00  0.34235473E+00  0.00000000E+00  0.00000000E+00  0.19088221E+09  0.00000000E+00  0.00000000E+00  0.00000000E+00  0.00000000E+00  0.00000000E+00  0.10000000E-01  0.10000000E+01
 0.18700200E-08  0.21457307E-02  0.00000000E+00  0.34426355E+00  0.00000000E+00  0.00000000E+00  0.19088221E+09  0.00000000E+00  0.00000000E+00  0.00000000E+00  0.00000000E+00  0.00000000E+00  0.10000000E-01  0.10000000E+01
 0.18800200E-08  0.21457307E-02  0.00000000E+00  0.34617237E+00  0.00000000E+00  0.00000000E+00  0.19088221E+09  0.00000000E+00  0.00000000E+00  0.00000000E+00  0.00000000E+00  0.00000000E+00  0.10000000E-01  0.10000000E+01
 0.18900200E-08  0.21457307E-02  0.00000000E+00  0.34808119E+00  0.00000000E+00  0.00000000E+00  0.19088221E+09  0.00000000E+00  0.00000000E+00  0.00000000E+00  0.00000000E+00  0.00000000E+00  0.10000000E-01  0.10000000E+01
 0.19000200E-08  0.21457307E-02  0.00000000E+00  0.34999002E+00  0.00000000E+00  0.00000000E+00  0.19088221E+09  0.00000000E+00  0.00000000E+00  0.00000000E+00  0.00000000E+00  0.00000000E+00  0.10000000E-01  0.10000000E+01
 0.19100200E-08  0.21457307E-02  0.00000000E+00  0.35189884E+00  0.00000000E+00  0.00000000E+00  0.19088221E+09  0.00000000E+00  0.00000000E+00  0.00000000E+00  0.00000000E+00  0.00000000E+00  0.10000000E-01  0.10000000E+01
 0.19200200E-08  0.21457307E-02  0.00000000E+00  0.35380766E+00  0.00000000E+00  0.00000000E+00  0.19088221E+09  0.00000000E+00  0.00000000E+00  0.00000000E+00  0.00000000E+00  0.00000000E+00  0.10000000E-01  0.10000000E+01
 0.19300200E-08  0.21457307E-02  0.00000000E+00  0.35571648E+00  0.00000000E+00  0.00000000E+00  0.19088221E+09  0.00000000E+00  0.00000000E+00  0.00000000E+00  0.00000000E+00  0.00000000E+00  0.10000000E-01  0.10000000E+01
 0.19400200E-08  0.21457307E-02  0.00000000E+00  0.35762530E+00  0.00000000E+00  0.00000000E+00  0.19088221E+09  0.00000000E+00  0.00000000E+00  0.00000000E+00  0.00000000E+00  0.00000000E+00  0.10000000E-01  0.10000000E+01
 0.19500200E-08  0.21457307E-02  0.00000000E+00  0.35953413E+00  0.00000000E+00  0.00000000E+00  0.19088221E+09  0.00000000E+00  0.00000000E+00  0.00000000E+00  0.00000000E+00  0.00000000E+00  0.10000000E-01  0.10000000E+01
 0.19600200E-08  0.21457307E-02  0.00000000E+00  0.36144295E+00  0.00000000E+00  0.00000000E+00  0.19088221E+09  0.00000000E+00  0.00000000E+00  0.00000000E+00  0.00000000E+00  0.00000000E+00  0.10000000E-01  0.10000000E+01
 0.19700200E-08  0.21457307E-02  0.00000000E+00  0.36335177E+00  0.00000000E+00  0.00000000E+00  0.19088221E+09  0.00000000E+00  0.00000000E+00  0.00000000E+00  0.00000000E+00  0.00000000E+00  0.10000000E-01  0.10000000E+01
 0.19800200E-08  0.21457307E-02  0.00000000E+00  0.36526059E+00  0.00000000E+00  0.00000000E+00  0.19088221E+09  0.00000000E+00  0.00000000E+00  0.00000000E+00  0.00000000E+00  0.00000000E+00  0.10000000E-01  0.10000000E+01
 0.19900200E-08  0.21457307E-02  0.00000000E+00  0.36716941E+00  0.00000000E+00  0.00000000E+00  0.19088221E+09  0.00000000E+00  0.00000000E+00  0.00000000E+00  0.00000000E+00  0.00000000E+00  0.10000000E-01  0.10000000E+01
