# ptime xp yp zp vx vy vz ex ey ez bx by bz wt
 0.20000000E-13  0.47244531E-02  0.00000000E+00 -0.17470367E-01  0.00000000E+00  0.00000000E+00  0.18241350E+09  0.00000000E+00  0.00000000E+00  0.00000000E+00  0.00000000E+00  0.00000000E+00  0.10000000E-01  0.10000000E+01
 0.10000000E-10  0.47244531E-02  0.00000000E+00 -0.15649880E-01  0.00000000E+00  0.00000000E+00  0.18241350E+09  0.00000000E+00  0.00000000E+00  0.00000000E+00  0.00000000E+00  0.00000000E+00  0.10000000E-01  0.10000000E+01
 0.20000000E-10  0.47244531E-02  0.00000000E+00 -0.13825745E-01  0.00000000E+00  0.00000000E+00  0.18241350E+09  0.00000000E+00  0.00000000E+00  0.00000000E+00  0.00000000E+00  0.00000000E+00  0.10000000E-01  0.10000000E+01
 0.30000000E-10  0.47244531E-02  0.00000000E+00 -0.12001610E-01  0.00000000E+00  0.00000000E+00  0.18241350E+09  0.00000000E+00  0.00000000E+00  0.00000000E+00  0.00000000E+00  0.00000000E+00  0.10000000E-01  0.10000000E+01
 0.40020000E-10  0.47244531E-02  0.00000000E+00 -0.10173827E-01  0.00000000E+00  0.00000000E+00  0.18241350E+09  0.00000000E+00  0.00000000E+00  0.00000000E+00  0.00000000E+00  0.00000000E+00  0.10000000E-01  0.10000000E+01
 0.50020000E-10  0.47244531E-02  0.00000000E+00 -0.83496919E-02  0.00000000E+00  0.00000000E+00  0.18241350E+09  0.00000000E+00  0.00000000E+00  0.00000000E+00  0.00000000E+00  0.00000000E+00  0.10000000E-01  0.10000000E+01
 0.60020000E-10  0.47244531E-02  0.00000000E+00 -0.65255569E-02  0.00000000E+00  0.00000000E+00  0.18241350E+09  0.00000000E+00  0.00000000E+00  0.00000000E+00  0.00000000E+00  0.00000000E+00  0.10000000E-01  0.10000000E+01
 0.70020000E-10  0.47244531E-02  0.00000000E+00 -0.47014218E-02  0.00000000E+00  0.00000000E+00  0.18241350E+09  0.00000000E+00  0.00000000E+00  0.00000000E+00  0.00000000E+00  0.00000000E+00  0.10000000E-01  0.10000000E+01
 0.80000000E-10  0.47244531E-02  0.00000000E+00 -0.28809351E-02  0.00000000E+00  0.00000000E+00  0.18241350E+09  0.00000000E+00  0.00000000E+00  0.00000000E+00  0.00000000E+00  0.00000000E+00  0.10000000E-01  0.10000000E+01
 0.90000000E-10  0.47244531E-02  0.00000000E+00 -0.10568000E-02  0.00000000E+00  0.00000000E+00  0.18241350E+09  0.00000000E+00  0.00000000E+00  0.00000000E+00  0.00000000E+00  0.00000000E+00  0.10000000E-01  0.10000000E+01
 0.10000000E-09  0.47244531E-02  0.00000000E+00  0.76733500E-03  0.00000000E+00  0.00000000E+00  0.18241350E+09  0.00000000E+00  0.00000000E+00  0.00000000E+00  0.00000000E+00  0.00000000E+00  0.10000000E-01  0.10000000E+01
 0.11000000E-09  0.47244531E-02  0.00000000E+00  0.25914700E-02  0.00000000E+00  0.00000000E+00  0.18241350E+09  0.00000000E+00  0.00000000E+00  0.00000000E+00  0.00000000E+00  0.00000000E+00  0.10000000E-01  0.10000000E+01
 0.12000000E-09  0.47244531E-02  0.00000000E+00  0.44156051E-02  0.00000000E+00  0.00000000E+00  0.18241350E+09  0.00000000E+00  0.00000000E+00  0.00000000E+00  0.00000000E+00  0.00000000E+00  0.10000000E-01  0.10000000E+01
 0.13000000E-09  0.47244531E-02  0.00000000E+00  0.62397401E-02  0.00000000E+00  0.00000000E+00  0.18241350E+09  0.00000000E+00  0.00000000E+00  0.00000000E+00  0.00000000E+00  0.00000000E+00  0.10000000E-01  0.10000000E+01
 0.14002000E-09  0.47244531E-02  0.00000000E+00  0.80675234E-02  0.00000000E+00  0.00000000E+00  0.18241350E+09  0.00000000E+00  0.00000000E+00  0.00000000E+00  0.00000000E+00  0.00000000E+00  0.10000000E-01  0.10000000E+01
 0.15002000E-09  0.47244531E-02  0.00000000E+00  0.98916585E-02  0.00000000E+00  0.00000000E+00  0.18241350E+09  0.00000000E+00  0.00000000E+00  0.00000000E+00  0.00000000E+00  0.00000000E+00  0.10000000E-01  0.10000000E+01
 0.16002000E-09  0.47244531E-02  0.00000000E+00  0.11715794E-01  0.00000000E+00  0.00000000E+00  0.18241350E+09  0.00000000E+00  0.00000000E+00  0.00000000E+00  0.00000000E+00  0.00000000E+00  0.10000000E-01  0.10000000E+01
 0.17002000E-09  0.47244531E-02  0.00000000E+00  0.13539929E-01  0.00000000E+00  0.00000000E+00  0.18241350E+09  0.00000000E+00  0.00000000E+00  0.00000000E+00  0.00000000E+00  0.00000000E+00  0.10000000E-01  0.10000000E+01
 0.18002000E-09  0.47244531E-02  0.00000000E+00  0.15364064E-01  0.00000000E+00  0.00000000E+00  0.18241350E+09  0.00000000E+00  0.00000000E+00  0.00000000E+00  0.00000000E+00  0.00000000E+00  0.10000000E-01  0.10000000E+01
 0.19002000E-09  0.47244531E-02  0.00000000E+00  0.17188199E-01  0.00000000E+00  0.00000000E+00  0.18241350E+09  0.00000000E+00  0.00000000E+00  0.00000000E+00  0.00000000E+00  0.00000000E+00  0.10000000E-01  0.10000000E+01
 0.20002000E-09  0.47244531E-02  0.00000000E+00  0.19012334E-01  0.00000000E+00  0.00000000E+00  0.18241350E+09  0.00000000E+00  0.00000000E+00  0.00000000E+00  0.00000000E+00  0.00000000E+00  0.10000000E-01  0.10000000E+01
 0.21002000E-09  0.47244531E-02  0.00000000E+00  0.20836469E-01  0.00000000E+00  0.00000000E+00  0.18241350E+09  0.00000000E+00  0.00000000E+00  0.00000000E+00  0.00000000E+00  0.00000000E+00  0.10000000E-01  0.10000000E+01
 0.22002000E-09  0.47244531E-02  0.00000000E+00  0.22660604E-01  0.00000000E+00  0.00000000E+00  0.18241350E+09  0.00000000E+00  0.00000000E+00  0.00000000E+00  0.00000000E+00  0.00000000E+00  0.10000000E-01  0.10000000E+01
 0.23002000E-09  0.47244531E-02  0.00000000E+00  0.24484739E-01  0.00000000E+00  0.00000000E+00  0.18241350E+09  0.00000000E+00  0.00000000E+00  0.00000000E+00  0.00000000E+00  0.00000000E+00  0.10000000E-01  0.10000000E+01
 0.24002000E-09  0.47244531E-02  0.00000000E+00  0.26308874E-01  0.00000000E+00  0.00000000E+00  0.18241350E+09  0.00000000E+00  0.00000000E+00  0.00000000E+00  0.00000000E+00  0.00000000E+00  0.10000000E-01  0.10000000E+01
 0.25002000E-09  0.47244531E-02  0.00000000E+00  0.28133009E-01  0.00000000E+00  0.00000000E+00  0.18241350E+09  0.00000000E+00  0.00000000E+00  0.00000000E+00  0.00000000E+00  0.00000000E+00  0.10000000E-01  0.10000000E+01
 0.26002000E-09  0.47244531E-02  0.00000000E+00  0.29957144E-01  0.00000000E+00  0.00000000E+00  0.18241350E+09  0.00000000E+00  0.00000000E+00  0.00000000E+00  0.00000000E+00  0.00000000E+00  0.10000000E-01  0.10000000E+01
 0.27002000E-09  0.47244531E-02  0.00000000E+00  0.31781279E-01  0.00000000E+00  0.00000000E+00  0.18241350E+09  0.00000000E+00  0.00000000E+00  0.00000000E+00  0.00000000E+00  0.00000000E+00  0.10000000E-01  0.10000000E+01
 0.28002000E-09  0.47244531E-02  0.00000000E+00  0.33605414E-01  0.00000000E+00  0.00000000E+00  0.18241350E+09  0.00000000E+00  0.00000000E+00  0.00000000E+00  0.00000000E+00  0.00000000E+00  0.10000000E-01  0.10000000E+01
 0.29002000E-09  0.47244531E-02  0.00000000E+00  0.35429549E-01  0.00000000E+00  0.00000000E+00  0.18241350E+09  0.00000000E+00  0.00000000E+00  0.00000000E+00  0.00000000E+00  0.00000000E+00  0.10000000E-01  0.10000000E+01
 0.30000000E-09  0.47244531E-02  0.00000000E+00  0.37250036E-01  0.00000000E+00  0.00000000E+00  0.18241350E+09  0.00000000E+00  0.00000000E+00  0.00000000E+00  0.00000000E+00  0.00000000E+00  0.10000000E-01  0.10000000E+01
 0.31000000E-09  0.47244531E-02  0.00000000E+00  0.39074171E-01  0.00000000E+00  0.00000000E+00  0.18241350E+09  0.00000000E+00  0.00000000E+00  0.00000000E+00  0.00000000E+00  0.00000000E+00  0.10000000E-01  0.10000000E+01
 0.32000000E-09  0.47244531E-02  0.00000000E+00  0.40898306E-01  0.00000000E+00  0.00000000E+00  0.18241350E+09  0.00000000E+00  0.00000000E+00  0.00000000E+00  0.00000000E+00  0.00000000E+00  0.10000000E-01  0.10000000E+01
 0.33000000E-09  0.47244531E-02  0.00000000E+00  0.42722441E-01  0.00000000E+00  0.00000000E+00  0.18241350E+09  0.00000000E+00  0.00000000E+00  0.00000000E+00  0.00000000E+00  0.00000000E+00  0.10000000E-01  0.10000000E+01
 0.34000000E-09  0.47244531E-02  0.00000000E+00  0.44546576E-01  0.00000000E+00  0.00000000E+00  0.18241350E+09  0.00000000E+00  0.00000000E+00  0.00000000E+00  0.00000000E+00  0.00000000E+00  0.10000000E-01  0.10000000E+01
 0.35000000E-09  0.47244531E-02  0.00000000E+00  0.46370711E-01  0.00000000E+00  0.00000000E+00  0.18241350E+09  0.00000000E+00  0.00000000E+00  0.00000000E+00  0.00000000E+00  0.00000000E+00  0.10000000E-01  0.10000000E+01
 0.36000000E-09  0.47244531E-02  0.00000000E+00  0.48194846E-01  0.00000000E+00  0.00000000E+00  0.18241350E+09  0.00000000E+00  0.00000000E+00  0.00000000E+00  0.00000000E+00  0.00000000E+00  0.10000000E-01  0.10000000E+01
 0.37000000E-09  0.47244531E-02  0.00000000E+00  0.50018981E-01  0.00000000E+00  0.00000000E+00  0.18241350E+09  0.00000000E+00  0.00000000E+00  0.00000000E+00  0.00000000E+00  0.00000000E+00  0.10000000E-01  0.10000000E+01
 0.38000000E-09  0.47244531E-02  0.00000000E+00  0.51843116E-01  0.00000000E+00  0.00000000E+00  0.18241350E+09  0.00000000E+00  0.00000000E+00  0.00000000E+00  0.00000000E+00  0.00000000E+00  0.10000000E-01  0.10000000E+01
 0.39000000E-09  0.47244531E-02  0.00000000E+00  0.53667251E-01  0.00000000E+00  0.00000000E+00  0.18241350E+09  0.00000000E+00  0.00000000E+00  0.00000000E+00  0.00000000E+00  0.00000000E+00  0.10000000E-01  0.10000000E+01
 0.40000000E-09  0.47244531E-02  0.00000000E+00  0.55491386E-01  0.00000000E+00  0.00000000E+00  0.18241350E+09  0.00000000E+00  0.00000000E+00  0.00000000E+00  0.00000000E+00  0.00000000E+00  0.10000000E-01  0.10000000E+01
 0.41000000E-09  0.47244531E-02  0.00000000E+00  0.57315521E-01  0.00000000E+00  0.00000000E+00  0.18241350E+09  0.00000000E+00  0.00000000E+00  0.00000000E+00  0.00000000E+00  0.00000000E+00  0.10000000E-01  0.10000000E+01
 0.42000000E-09  0.47244531E-02  0.00000000E+00  0.59139656E-01  0.00000000E+00  0.00000000E+00  0.18241350E+09  0.00000000E+00  0.00000000E+00  0.00000000E+00  0.00000000E+00  0.00000000E+00  0.10000000E-01  0.10000000E+01
 0.43000000E-09  0.47244531E-02  0.00000000E+00  0.60963791E-01  0.00000000E+00  0.00000000E+00  0.18241350E+09  0.00000000E+00  0.00000000E+00  0.00000000E+00  0.00000000E+00  0.00000000E+00  0.10000000E-01  0.10000000E+01
 0.44000000E-09  0.47244531E-02  0.00000000E+00  0.62787926E-01  0.00000000E+00  0.00000000E+00  0.18241350E+09  0.00000000E+00  0.00000000E+00  0.00000000E+00  0.00000000E+00  0.00000000E+00  0.10000000E-01  0.10000000E+01
 0.45000000E-09  0.47244531E-02  0.00000000E+00  0.64612061E-01  0.00000000E+00  0.00000000E+00  0.18241350E+09  0.00000000E+00  0.00000000E+00  0.00000000E+00  0.00000000E+00  0.00000000E+00  0.10000000E-01  0.10000000E+01
 0.46000000E-09  0.47244531E-02  0.00000000E+00  0.66436196E-01  0.00000000E+00  0.00000000E+00  0.18241350E+09  0.00000000E+00  0.00000000E+00  0.00000000E+00  0.00000000E+00  0.00000000E+00  0.10000000E-01  0.10000000E+01
 0.47000000E-09  0.47244531E-02  0.00000000E+00  0.68260331E-01  0.00000000E+00  0.00000000E+00  0.18241350E+09  0.00000000E+00  0.00000000E+00  0.00000000E+00  0.00000000E+00  0.00000000E+00  0.10000000E-01  0.10000000E+01
 0.48000000E-09  0.47244531E-02  0.00000000E+00  0.70084467E-01  0.00000000E+00  0.00000000E+00  0.18241350E+09  0.00000000E+00  0.00000000E+00  0.00000000E+00  0.00000000E+00  0.00000000E+00  0.10000000E-01  0.10000000E+01
 0.49000000E-09  0.47244531E-02  0.00000000E+00  0.71908602E-01  0.00000000E+00  0.00000000E+00  0.18241350E+09  0.00000000E+00  0.00000000E+00  0.00000000E+00  0.00000000E+00  0.00000000E+00  0.10000000E-01  0.10000000E+01
 0.50000000E-09  0.47244531E-02  0.00000000E+00  0.73732737E-01  0.00000000E+00  0.00000000E+00  0.18241350E+09  0.00000000E+00  0.00000000E+00  0.00000000E+00  0.00000000E+00  0.00000000E+00  0.10000000E-01  0.10000000E+01
 0.51000000E-09  0.47244531E-02  0.00000000E+00  0.75556872E-01  0.00000000E+00  0.00000000E+00  0.18241350E+09  0.00000000E+00  0.00000000E+00  0.00000000E+00  0.00000000E+00  0.00000000E+00  0.10000000E-01  0.10000000E+01
 0.52000000E-09  0.47244531E-02  0.00000000E+00  0.77381007E-01  0.00000000E+00  0.00000000E+00  0.18241350E+09  0.00000000E+00  0.00000000E+00  0.00000000E+00  0.00000000E+00  0.00000000E+00  0.10000000E-01  0.10000000E+01
 0.53000000E-09  0.47244531E-02  0.00000000E+00  0.79205142E-01  0.00000000E+00  0.00000000E+00  0.18241350E+09  0.00000000E+00  0.00000000E+00  0.00000000E+00  0.00000000E+00  0.00000000E+00  0.10000000E-01  0.10000000E+01
 0.54000000E-09  0.47244531E-02  0.00000000E+00  0.81029277E-01  0.00000000E+00  0.00000000E+00  0.18241350E+09  0.00000000E+00  0.00000000E+00  0.00000000E+00  0.00000000E+00  0.00000000E+00  0.10000000E-01  0.10000000E+01
 0.55002000E-09  0.47244531E-02  0.00000000E+00  0.82857060E-01  0.00000000E+00  0.00000000E+00  0.18241350E+09  0.00000000E+00  0.00000000E+00  0.00000000E+00  0.00000000E+00  0.00000000E+00  0.10000000E-01  0.10000000E+01
 0.56002000E-09  0.47244531E-02  0.00000000E+00  0.84681195E-01  0.00000000E+00  0.00000000E+00  0.18241350E+09  0.00000000E+00  0.00000000E+00  0.00000000E+00  0.00000000E+00  0.00000000E+00  0.10000000E-01  0.10000000E+01
 0.57002000E-09  0.47244531E-02  0.00000000E+00  0.86505330E-01  0.00000000E+00  0.00000000E+00  0.18241350E+09  0.00000000E+00  0.00000000E+00  0.00000000E+00  0.00000000E+00  0.00000000E+00  0.10000000E-01  0.10000000E+01
 0.58002000E-09  0.47244531E-02  0.00000000E+00  0.88329465E-01  0.00000000E+00  0.00000000E+00  0.18241350E+09  0.00000000E+00  0.00000000E+00  0.00000000E+00  0.00000000E+00  0.00000000E+00  0.10000000E-01  0.10000000E+01
 0.59002000E-09  0.47244531E-02  0.00000000E+00  0.90153600E-01  0.00000000E+00  0.00000000E+00  0.18241350E+09  0.00000000E+00  0.00000000E+00  0.00000000E+00  0.00000000E+00  0.00000000E+00  0.10000000E-01  0.10000000E+01
 0.60002000E-09  0.47244531E-02  0.00000000E+00  0.91977735E-01  0.00000000E+00  0.00000000E+00  0.18241350E+09  0.00000000E+00  0.00000000E+00  0.00000000E+00  0.00000000E+00  0.00000000E+00  0.10000000E-01  0.10000000E+01
 0.61002000E-09  0.47244531E-02  0.00000000E+00  0.93801870E-01  0.00000000E+00  0.00000000E+00  0.18241350E+09  0.00000000E+00  0.00000000E+00  0.00000000E+00  0.00000000E+00  0.00000000E+00  0.10000000E-01  0.10000000E+01
 0.62002000E-09  0.47244531E-02  0.00000000E+00  0.95626005E-01  0.00000000E+00  0.00000000E+00  0.18241350E+09  0.00000000E+00  0.00000000E+00  0.00000000E+00  0.00000000E+00  0.00000000E+00  0.10000000E-01  0.10000000E+01
 0.63002000E-09  0.47244531E-02  0.00000000E+00  0.97450140E-01  0.00000000E+00  0.00000000E+00  0.18241350E+09  0.00000000E+00  0.00000000E+00  0.00000000E+00  0.00000000E+00  0.00000000E+00  0.10000000E-01  0.10000000E+01
 0.64002000E-09  0.47244531E-02  0.00000000E+00  0.99274275E-01  0.00000000E+00  0.00000000E+00  0.18241350E+09  0.00000000E+00  0.00000000E+00  0.00000000E+00  0.00000000E+00  0.00000000E+00  0.10000000E-01  0.10000000E+01
 0.65002000E-09  0.47244531E-02  0.00000000E+00  0.10109841E+00  0.00000000E+00  0.00000000E+00  0.18241350E+09  0.00000000E+00  0.00000000E+00  0.00000000E+00  0.00000000E+00  0.00000000E+00  0.10000000E-01  0.10000000E+01
 0.66002000E-09  0.47244531E-02  0.00000000E+00  0.10292255E+00  0.00000000E+00  0.00000000E+00  0.18241350E+09  0.00000000E+00  0.00000000E+00  0.00000000E+00  0.00000000E+00  0.00000000E+00  0.10000000E-01  0.10000000E+01
 0.67002000E-09  0.47244531E-02  0.00000000E+00  0.10474668E+00  0.00000000E+00  0.00000000E+00  0.18241350E+09  0.00000000E+00  0.00000000E+00  0.00000000E+00  0.00000000E+00  0.00000000E+00  0.10000000E-01  0.10000000E+01
 0.68002000E-09  0.47244531E-02  0.00000000E+00  0.10657082E+00  0.00000000E+00  0.00000000E+00  0.18241350E+09  0.00000000E+00  0.00000000E+00  0.00000000E+00  0.00000000E+00  0.00000000E+00  0.10000000E-01  0.10000000E+01
 0.69002000E-09  0.47244531E-02  0.00000000E+00  0.10839495E+00  0.00000000E+00  0.00000000E+00  0.18241350E+09  0.00000000E+00  0.00000000E+00  0.00000000E+00  0.00000000E+00  0.00000000E+00  0.10000000E-01  0.10000000E+01
 0.70002000E-09  0.47244531E-02  0.00000000E+00  0.11021909E+00  0.00000000E+00  0.00000000E+00  0.18241350E+09  0.00000000E+00  0.00000000E+00  0.00000000E+00  0.00000000E+00  0.00000000E+00  0.10000000E-01  0.10000000E+01
 0.71002000E-09  0.47244531E-02  0.00000000E+00  0.11204322E+00  0.00000000E+00  0.00000000E+00  0.18241350E+09  0.00000000E+00  0.00000000E+00  0.00000000E+00  0.00000000E+00  0.00000000E+00  0.10000000E-01  0.10000000E+01
 0.72002000E-09  0.47244531E-02  0.00000000E+00  0.11386736E+00  0.00000000E+00  0.00000000E+00  0.18241350E+09  0.00000000E+00  0.00000000E+00  0.00000000E+00  0.00000000E+00  0.00000000E+00  0.10000000E-01  0.10000000E+01
 0.73002000E-09  0.47244531E-02  0.00000000E+00  0.11569149E+00  0.00000000E+00  0.00000000E+00  0.18241350E+09  0.00000000E+00  0.00000000E+00  0.00000000E+00  0.00000000E+00  0.00000000E+00  0.10000000E-01  0.10000000E+01
 0.74002000E-09  0.47244531E-02  0.00000000E+00  0.11751563E+00  0.00000000E+00  0.00000000E+00  0.18241350E+09  0.00000000E+00  0.00000000E+00  0.00000000E+00  0.00000000E+00  0.00000000E+00  0.10000000E-01  0.10000000E+01
 0.75002000E-09  0.47244531E-02  0.00000000E+00  0.11933976E+00  0.00000000E+00  0.00000000E+00  0.18241350E+09  0.00000000E+00  0.00000000E+00  0.00000000E+00  0.00000000E+00  0.00000000E+00  0.10000000E-01  0.10000000E+01
 0.76002000E-09  0.47244531E-02  0.00000000E+00  0.12116390E+00  0.00000000E+00  0.00000000E+00  0.18241350E+09  0.00000000E+00  0.00000000E+00  0.00000000E+00  0.00000000E+00  0.00000000E+00  0.10000000E-01  0.10000000E+01
 0.77002000E-09  0.47244531E-02  0.00000000E+00  0.12298803E+00  0.00000000E+00  0.00000000E+00  0.18241350E+09  0.00000000E+00  0.00000000E+00  0.00000000E+00  0.00000000E+00  0.00000000E+00  0.10000000E-01  0.10000000E+01
 0.78002000E-09  0.47244531E-02  0.00000000E+00  0.12481217E+00  0.00000000E+00  0.00000000E+00  0.18241350E+09  0.00000000E+00  0.00000000E+00  0.00000000E+00  0.00000000E+00  0.00000000E+00  0.10000000E-01  0.10000000E+01
 0.79002000E-09  0.47244531E-02  0.00000000E+00  0.12663630E+00  0.00000000E+00  0.00000000E+00  0.18241350E+09  0.00000000E+00  0.00000000E+00  0.00000000E+00  0.00000000E+00  0.00000000E+00  0.10000000E-01  0.10000000E+01
 0.80002000E-09  0.47244531E-02  0.00000000E+00  0.12846044E+00  0.00000000E+00  0.00000000E+00  0.18241350E+09  0.00000000E+00  0.00000000E+00  0.00000000E+00  0.00000000E+00  0.00000000E+00  0.10000000E-01  0.10000000E+01
 0.81002000E-09  0.47244531E-02  0.00000000E+00  0.13028457E+00  0.00000000E+00  0.00000000E+00  0.18241350E+09  0.00000000E+00  0.00000000E+00  0.00000000E+00  0.00000000E+00  0.00000000E+00  0.10000000E-01  0.10000000E+01
 0.82002000E-09  0.47244531E-02  0.00000000E+00  0.13210871E+00  0.00000000E+00  0.00000000E+00  0.18241350E+09  0.00000000E+00  0.00000000E+00  0.00000000E+00  0.00000000E+00  0.00000000E+00  0.10000000E-01  0.10000000E+01
 0.83002000E-09  0.47244531E-02  0.00000000E+00  0.13393284E+00  0.00000000E+00  0.00000000E+00  0.18241350E+09  0.00000000E+00  0.00000000E+00  0.00000000E+00  0.00000000E+00  0.00000000E+00  0.10000000E-01  0.10000000E+01
 0.84002000E-09  0.47244531E-02  0.00000000E+00  0.13575698E+00  0.00000000E+00  0.00000000E+00  0.18241350E+09  0.00000000E+00  0.00000000E+00  0.00000000E+00  0.00000000E+00  0.00000000E+00  0.10000000E-01  0.10000000E+01
 0.85002000E-09  0.47244531E-02  0.00000000E+00  0.13758111E+00  0.00000000E+00  0.00000000E+00  0.18241350E+09  0.00000000E+00  0.00000000E+00  0.00000000E+00  0.00000000E+00  0.00000000E+00  0.10000000E-01  0.10000000E+01
 0.86002000E-09  0.47244531E-02  0.00000000E+00  0.13940525E+00  0.00000000E+00  0.00000000E+00  0.18241350E+09  0.00000000E+00  0.00000000E+00  0.00000000E+00  0.00000000E+00  0.00000000E+00  0.10000000E-01  0.10000000E+01
 0.87002000E-09  0.47244531E-02  0.00000000E+00  0.14122938E+00  0.00000000E+00  0.00000000E+00  0.18241350E+09  0.00000000E+00  0.00000000E+00  0.00000000E+00  0.00000000E+00  0.00000000E+00  0.10000000E-01  0.10000000E+01
 0.88002000E-09  0.47244531E-02  0.00000000E+00  0.14305352E+00  0.00000000E+00  0.00000000E+00  0.18241350E+09  0.00000000E+00  0.00000000E+00  0.00000000E+00  0.00000000E+00  0.00000000E+00  0.10000000E-01  0.10000000E+01
 0.89002000E-09  0.47244531E-02  0.00000000E+00  0.14487765E+00  0.00000000E+00  0.00000000E+00  0.18241350E+09  0.00000000E+00  0.00000000E+00  0.00000000E+00  0.00000000E+00  0.00000000E+00  0.10000000E-01  0.10000000E+01
 0.90002000E-09  0.47244531E-02  0.00000000E+00  0.14670179E+00  0.00000000E+00  0.00000000E+00  0.18241350E+09  0.00000000E+00  0.00000000E+00  0.00000000E+00  0.00000000E+00  0.00000000E+00  0.10000000E-01  0.10000000E+01
 0.91002000E-09  0.47244531E-02  0.00000000E+00  0.14852592E+00  0.00000000E+00  0.00000000E+00  0.18241350E+09  0.00000000E+00  0.00000000E+00  0.00000000E+00  0.00000000E+00  0.00000000E+00  0.10000000E-01  0.10000000E+01
 0.92002000E-09  0.47244531E-02  0.00000000E+00  0.15035006E+00  0.00000000E+00  0.00000000E+00  0.18241350E+09  0.00000000E+00  0.00000000E+00  0.00000000E+00  0.00000000E+00  0.00000000E+00  0.10000000E-01  0.10000000E+01
 0.93002000E-09  0.47244531E-02  0.00000000E+00  0.15217419E+00  0.00000000E+00  0.00000000E+00  0.18241350E+09  0.00000000E+00  0.00000000E+00  0.00000000E+00  0.00000000E+00  0.00000000E+00  0.10000000E-01  0.10000000E+01
 0.94002000E-09  0.47244531E-02  0.00000000E+00  0.15399833E+00  0.00000000E+00  0.00000000E+00  0.18241350E+09  0.00000000E+00  0.00000000E+00  0.00000000E+00  0.00000000E+00  0.00000000E+00  0.10000000E-01  0.10000000E+01
 0.95002000E-09  0.47244531E-02  0.00000000E+00  0.15582246E+00  0.00000000E+00  0.00000000E+00  0.18241350E+09  0.00000000E+00  0.00000000E+00  0.00000000E+00  0.00000000E+00  0.00000000E+00  0.10000000E-01  0.10000000E+01
 0.96002000E-09  0.47244531E-02  0.00000000E+00  0.15764660E+00  0.00000000E+00  0.00000000E+00  0.18241350E+09  0.00000000E+00  0.00000000E+00  0.00000000E+00  0.00000000E+00  0.00000000E+00  0.10000000E-01  0.10000000E+01
 0.97002000E-09  0.47244531E-02  0.00000000E+00  0.15947073E+00  0.00000000E+00  0.00000000E+00  0.18241350E+09  0.00000000E+00  0.00000000E+00  0.00000000E+00  0.00000000E+00  0.00000000E+00  0.10000000E-01  0.10000000E+01
 0.98002000E-09  0.47244531E-02  0.00000000E+00  0.16129487E+00  0.00000000E+00  0.00000000E+00  0.18241350E+09  0.00000000E+00  0.00000000E+00  0.00000000E+00  0.00000000E+00  0.00000000E+00  0.10000000E-01  0.10000000E+01
 0.99002000E-09  0.47244531E-02  0.00000000E+00  0.16311900E+00  0.00000000E+00  0.00000000E+00  0.18241350E+09  0.00000000E+00  0.00000000E+00  0.00000000E+00  0.00000000E+00  0.00000000E+00  0.10000000E-01  0.10000000E+01
 0.10000200E-08  0.47244531E-02  0.00000000E+00  0.16494314E+00  0.00000000E+00  0.00000000E+00  0.18241350E+09  0.00000000E+00  0.00000000E+00  0.00000000E+00  0.00000000E+00  0.00000000E+00  0.10000000E-01  0.10000000E+01
 0.10100200E-08  0.47244531E-02  0.00000000E+00  0.16676727E+00  0.00000000E+00  0.00000000E+00  0.18241350E+09  0.00000000E+00  0.00000000E+00  0.00000000E+00  0.00000000E+00  0.00000000E+00  0.10000000E-01  0.10000000E+01
 0.10200200E-08  0.47244531E-02  0.00000000E+00  0.16859141E+00  0.00000000E+00  0.00000000E+00  0.18241350E+09  0.00000000E+00  0.00000000E+00  0.00000000E+00  0.00000000E+00  0.00000000E+00  0.10000000E-01  0.10000000E+01
 0.10300200E-08  0.47244531E-02  0.00000000E+00  0.17041554E+00  0.00000000E+00  0.00000000E+00  0.18241350E+09  0.00000000E+00  0.00000000E+00  0.00000000E+00  0.00000000E+00  0.00000000E+00  0.10000000E-01  0.10000000E+01
 0.10400200E-08  0.47244531E-02  0.00000000E+00  0.17223968E+00  0.00000000E+00  0.00000000E+00  0.18241350E+09  0.00000000E+00  0.00000000E+00  0.00000000E+00  0.00000000E+00  0.00000000E+00  0.10000000E-01  0.10000000E+01
 0.10500200E-08  0.47244531E-02  0.00000000E+00  0.17406381E+00  0.00000000E+00  0.00000000E+00  0.18241350E+09  0.00000000E+00  0.00000000E+00  0.00000000E+00  0.00000000E+00  0.00000000E+00  0.10000000E-01  0.10000000E+01
 0.10600200E-08  0.47244531E-02  0.00000000E+00  0.17588795E+00  0.00000000E+00  0.00000000E+00  0.18241350E+09  0.00000000E+00  0.00000000E+00  0.00000000E+00  0.00000000E+00  0.00000000E+00  0.10000000E-01  0.10000000E+01
 0.10700200E-08  0.47244531E-02  0.00000000E+00  0.17771208E+00  0.00000000E+00  0.00000000E+00  0.18241350E+09  0.00000000E+00  0.00000000E+00  0.00000000E+00  0.00000000E+00  0.00000000E+00  0.10000000E-01  0.10000000E+01
 0.10800200E-08  0.47244531E-02  0.00000000E+00  0.17953622E+00  0.00000000E+00  0.00000000E+00  0.18241350E+09  0.00000000E+00  0.00000000E+00  0.00000000E+00  0.00000000E+00  0.00000000E+00  0.10000000E-01  0.10000000E+01
 0.10900200E-08  0.47244531E-02  0.00000000E+00  0.18136035E+00  0.00000000E+00  0.00000000E+00  0.18241350E+09  0.00000000E+00  0.00000000E+00  0.00000000E+00  0.00000000E+00  0.00000000E+00  0.10000000E-01  0.10000000E+01
 0.11000200E-08  0.47244531E-02  0.00000000E+00  0.18318449E+00  0.00000000E+00  0.00000000E+00  0.18241350E+09  0.00000000E+00  0.00000000E+00  0.00000000E+00  0.00000000E+00  0.00000000E+00  0.10000000E-01  0.10000000E+01
 0.11100200E-08  0.47244531E-02  0.00000000E+00  0.18500862E+00  0.00000000E+00  0.00000000E+00  0.18241350E+09  0.00000000E+00  0.00000000E+00  0.00000000E+00  0.00000000E+00  0.00000000E+00  0.10000000E-01  0.10000000E+01
 0.11200200E-08  0.47244531E-02  0.00000000E+00  0.18683276E+00  0.00000000E+00  0.00000000E+00  0.18241350E+09  0.00000000E+00  0.00000000E+00  0.00000000E+00  0.00000000E+00  0.00000000E+00  0.10000000E-01  0.10000000E+01
 0.11300200E-08  0.47244531E-02  0.00000000E+00  0.18865689E+00  0.00000000E+00  0.00000000E+00  0.18241350E+09  0.00000000E+00  0.00000000E+00  0.00000000E+00  0.00000000E+00  0.00000000E+00  0.10000000E-01  0.10000000E+01
 0.11400200E-08  0.47244531E-02  0.00000000E+00  0.19048103E+00  0.00000000E+00  0.00000000E+00  0.18241350E+09  0.00000000E+00  0.00000000E+00  0.00000000E+00  0.00000000E+00  0.00000000E+00  0.10000000E-01  0.10000000E+01
 0.11500200E-08  0.47244531E-02  0.00000000E+00  0.19230516E+00  0.00000000E+00  0.00000000E+00  0.18241350E+09  0.00000000E+00  0.00000000E+00  0.00000000E+00  0.00000000E+00  0.00000000E+00  0.10000000E-01  0.10000000E+01
 0.11600200E-08  0.47244531E-02  0.00000000E+00  0.19412930E+00  0.00000000E+00  0.00000000E+00  0.18241350E+09  0.00000000E+00  0.00000000E+00  0.00000000E+00  0.00000000E+00  0.00000000E+00  0.10000000E-01  0.10000000E+01
 0.11700200E-08  0.47244531E-02  0.00000000E+00  0.19595343E+00  0.00000000E+00  0.00000000E+00  0.18241350E+09  0.00000000E+00  0.00000000E+00  0.00000000E+00  0.00000000E+00  0.00000000E+00  0.10000000E-01  0.10000000E+01
 0.11800200E-08  0.47244531E-02  0.00000000E+00  0.19777757E+00  0.00000000E+00  0.00000000E+00  0.18241350E+09  0.00000000E+00  0.00000000E+00  0.00000000E+00  0.00000000E+00  0.00000000E+00  0.10000000E-01  0.10000000E+01
 0.11900200E-08  0.47244531E-02  0.00000000E+00  0.19960170E+00  0.00000000E+00  0.00000000E+00  0.18241350E+09  0.00000000E+00  0.00000000E+00  0.00000000E+00  0.00000000E+00  0.00000000E+00  0.10000000E-01  0.10000000E+01
 0.12000200E-08  0.47244531E-02  0.00000000E+00  0.20142584E+00  0.00000000E+00  0.00000000E+00  0.18241350E+09  0.00000000E+00  0.00000000E+00  0.00000000E+00  0.00000000E+00  0.00000000E+00  0.10000000E-01  0.10000000E+01
 0.12100200E-08  0.47244531E-02  0.00000000E+00  0.20324997E+00  0.00000000E+00  0.00000000E+00  0.18241350E+09  0.00000000E+00  0.00000000E+00  0.00000000E+00  0.00000000E+00  0.00000000E+00  0.10000000E-01  0.10000000E+01
 0.12200200E-08  0.47244531E-02  0.00000000E+00  0.20507411E+00  0.00000000E+00  0.00000000E+00  0.18241350E+09  0.00000000E+00  0.00000000E+00  0.00000000E+00  0.00000000E+00  0.00000000E+00  0.10000000E-01  0.10000000E+01
 0.12300200E-08  0.47244531E-02  0.00000000E+00  0.20689824E+00  0.00000000E+00  0.00000000E+00  0.18241350E+09  0.00000000E+00  0.00000000E+00  0.00000000E+00  0.00000000E+00  0.00000000E+00  0.10000000E-01  0.10000000E+01
 0.12400200E-08  0.47244531E-02  0.00000000E+00  0.20872238E+00  0.00000000E+00  0.00000000E+00  0.18241350E+09  0.00000000E+00  0.00000000E+00  0.00000000E+00  0.00000000E+00  0.00000000E+00  0.10000000E-01  0.10000000E+01
 0.12500200E-08  0.47244531E-02  0.00000000E+00  0.21054651E+00  0.00000000E+00  0.00000000E+00  0.18241350E+09  0.00000000E+00  0.00000000E+00  0.00000000E+00  0.00000000E+00  0.00000000E+00  0.10000000E-01  0.10000000E+01
 0.12600200E-08  0.47244531E-02  0.00000000E+00  0.21237065E+00  0.00000000E+00  0.00000000E+00  0.18241350E+09  0.00000000E+00  0.00000000E+00  0.00000000E+00  0.00000000E+00  0.00000000E+00  0.10000000E-01  0.10000000E+01
 0.12700200E-08  0.47244531E-02  0.00000000E+00  0.21419478E+00  0.00000000E+00  0.00000000E+00  0.18241350E+09  0.00000000E+00  0.00000000E+00  0.00000000E+00  0.00000000E+00  0.00000000E+00  0.10000000E-01  0.10000000E+01
 0.12800200E-08  0.47244531E-02  0.00000000E+00  0.21601892E+00  0.00000000E+00  0.00000000E+00  0.18241350E+09  0.00000000E+00  0.00000000E+00  0.00000000E+00  0.00000000E+00  0.00000000E+00  0.10000000E-01  0.10000000E+01
 0.12900200E-08  0.47244531E-02  0.00000000E+00  0.21784305E+00  0.00000000E+00  0.00000000E+00  0.18241350E+09  0.00000000E+00  0.00000000E+00  0.00000000E+00  0.00000000E+00  0.00000000E+00  0.10000000E-01  0.10000000E+01
 0.13000200E-08  0.47244531E-02  0.00000000E+00  0.21966719E+00  0.00000000E+00  0.00000000E+00  0.18241350E+09  0.00000000E+00  0.00000000E+00  0.00000000E+00  0.00000000E+00  0.00000000E+00  0.10000000E-01  0.10000000E+01
 0.13100200E-08  0.47244531E-02  0.00000000E+00  0.22149132E+00  0.00000000E+00  0.00000000E+00  0.18241350E+09  0.00000000E+00  0.00000000E+00  0.00000000E+00  0.00000000E+00  0.00000000E+00  0.10000000E-01  0.10000000E+01
 0.13200200E-08  0.47244531E-02  0.00000000E+00  0.22331546E+00  0.00000000E+00  0.00000000E+00  0.18241350E+09  0.00000000E+00  0.00000000E+00  0.00000000E+00  0.00000000E+00  0.00000000E+00  0.10000000E-01  0.10000000E+01
 0.13300200E-08  0.47244531E-02  0.00000000E+00  0.22513959E+00  0.00000000E+00  0.00000000E+00  0.18241350E+09  0.00000000E+00  0.00000000E+00  0.00000000E+00  0.00000000E+00  0.00000000E+00  0.10000000E-01  0.10000000E+01
 0.13400200E-08  0.47244531E-02  0.00000000E+00  0.22696373E+00  0.00000000E+00  0.00000000E+00  0.18241350E+09  0.00000000E+00  0.00000000E+00  0.00000000E+00  0.00000000E+00  0.00000000E+00  0.10000000E-01  0.10000000E+01
 0.13500200E-08  0.47244531E-02  0.00000000E+00  0.22878786E+00  0.00000000E+00  0.00000000E+00  0.18241350E+09  0.00000000E+00  0.00000000E+00  0.00000000E+00  0.00000000E+00  0.00000000E+00  0.10000000E-01  0.10000000E+01
 0.13600200E-08  0.47244531E-02  0.00000000E+00  0.23061200E+00  0.00000000E+00  0.00000000E+00  0.18241350E+09  0.00000000E+00  0.00000000E+00  0.00000000E+00  0.00000000E+00  0.00000000E+00  0.10000000E-01  0.10000000E+01
 0.13700200E-08  0.47244531E-02  0.00000000E+00  0.23243613E+00  0.00000000E+00  0.00000000E+00  0.18241350E+09  0.00000000E+00  0.00000000E+00  0.00000000E+00  0.00000000E+00  0.00000000E+00  0.10000000E-01  0.10000000E+01
 0.13800200E-08  0.47244531E-02  0.00000000E+00  0.23426027E+00  0.00000000E+00  0.00000000E+00  0.18241350E+09  0.00000000E+00  0.00000000E+00  0.00000000E+00  0.00000000E+00  0.00000000E+00  0.10000000E-01  0.10000000E+01
 0.13900200E-08  0.47244531E-02  0.00000000E+00  0.23608440E+00  0.00000000E+00  0.00000000E+00  0.18241350E+09  0.00000000E+00  0.00000000E+00  0.00000000E+00  0.00000000E+00  0.00000000E+00  0.10000000E-01  0.10000000E+01
 0.14000200E-08  0.47244531E-02  0.00000000E+00  0.23790854E+00  0.00000000E+00  0.00000000E+00  0.18241350E+09  0.00000000E+00  0.00000000E+00  0.00000000E+00  0.00000000E+00  0.00000000E+00  0.10000000E-01  0.10000000E+01
 0.14100200E-08  0.47244531E-02  0.00000000E+00  0.23973267E+00  0.00000000E+00  0.00000000E+00  0.18241350E+09  0.00000000E+00  0.00000000E+00  0.00000000E+00  0.00000000E+00  0.00000000E+00  0.10000000E-01  0.10000000E+01
 0.14200200E-08  0.47244531E-02  0.00000000E+00  0.24155681E+00  0.00000000E+00  0.00000000E+00  0.18241350E+09  0.00000000E+00  0.00000000E+00  0.00000000E+00  0.00000000E+00  0.00000000E+00  0.10000000E-01  0.10000000E+01
 0.14300200E-08  0.47244531E-02  0.00000000E+00  0.24338094E+00  0.00000000E+00  0.00000000E+00  0.18241350E+09  0.00000000E+00  0.00000000E+00  0.00000000E+00  0.00000000E+00  0.00000000E+00  0.10000000E-01  0.10000000E+01
 0.14400200E-08  0.47244531E-02  0.00000000E+00  0.24520508E+00  0.00000000E+00  0.00000000E+00  0.18241350E+09  0.00000000E+00  0.00000000E+00  0.00000000E+00  0.00000000E+00  0.00000000E+00  0.10000000E-01  0.10000000E+01
 0.14500200E-08  0.47244531E-02  0.00000000E+00  0.24702921E+00  0.00000000E+00  0.00000000E+00  0.18241350E+09  0.00000000E+00  0.00000000E+00  0.00000000E+00  0.00000000E+00  0.00000000E+00  0.10000000E-01  0.10000000E+01
 0.14600200E-08  0.47244531E-02  0.00000000E+00  0.24885335E+00  0.00000000E+00  0.00000000E+00  0.18241350E+09  0.00000000E+00  0.00000000E+00  0.00000000E+00  0.00000000E+00  0.00000000E+00  0.10000000E-01  0.10000000E+01
 0.14700200E-08  0.47244531E-02  0.00000000E+00  0.25067748E+00  0.00000000E+00  0.00000000E+00  0.18241350E+09  0.00000000E+00  0.00000000E+00  0.00000000E+00  0.00000000E+00  0.00000000E+00  0.10000000E-01  0.10000000E+01
 0.14800200E-08  0.47244531E-02  0.00000000E+00  0.25250162E+00  0.00000000E+00  0.00000000E+00  0.18241350E+09  0.00000000E+00  0.00000000E+00  0.00000000E+00  0.00000000E+00  0.00000000E+00  0.10000000E-01  0.10000000E+01
 0.14900200E-08  0.47244531E-02  0.00000000E+00  0.25432575E+00  0.00000000E+00  0.00000000E+00  0.18241350E+09  0.00000000E+00  0.00000000E+00  0.00000000E+00  0.00000000E+00  0.00000000E+00  0.10000000E-01  0.10000000E+01
 0.15000200E-08  0.47244531E-02  0.00000000E+00  0.25614989E+00  0.00000000E+00  0.00000000E+00  0.18241350E+09  0.00000000E+00  0.00000000E+00  0.00000000E+00  0.00000000E+00  0.00000000E+00  0.10000000E-01  0.10000000E+01
 0.15100200E-08  0.47244531E-02  0.00000000E+00  0.25797402E+00  0.00000000E+00  0.00000000E+00  0.18241350E+09  0.00000000E+00  0.00000000E+00  0.00000000E+00  0.00000000E+00  0.00000000E+00  0.10000000E-01  0.10000000E+01
 0.15200200E-08  0.47244531E-02  0.00000000E+00  0.25979816E+00  0.00000000E+00  0.00000000E+00  0.18241350E+09  0.00000000E+00  0.00000000E+00  0.00000000E+00  0.00000000E+00  0.00000000E+00  0.10000000E-01  0.10000000E+01
 0.15300200E-08  0.47244531E-02  0.00000000E+00  0.26162229E+00  0.00000000E+00  0.00000000E+00  0.18241350E+09  0.00000000E+00  0.00000000E+00  0.00000000E+00  0.00000000E+00  0.00000000E+00  0.10000000E-01  0.10000000E+01
 0.15400200E-08  0.47244531E-02  0.00000000E+00  0.26344643E+00  0.00000000E+00  0.00000000E+00  0.18241350E+09  0.00000000E+00  0.00000000E+00  0.00000000E+00  0.00000000E+00  0.00000000E+00  0.10000000E-01  0.10000000E+01
 0.15500200E-08  0.47244531E-02  0.00000000E+00  0.26527056E+00  0.00000000E+00  0.00000000E+00  0.18241350E+09  0.00000000E+00  0.00000000E+00  0.00000000E+00  0.00000000E+00  0.00000000E+00  0.10000000E-01  0.10000000E+01
 0.15600200E-08  0.47244531E-02  0.00000000E+00  0.26709470E+00  0.00000000E+00  0.00000000E+00  0.18241350E+09  0.00000000E+00  0.00000000E+00  0.00000000E+00  0.00000000E+00  0.00000000E+00  0.10000000E-01  0.10000000E+01
 0.15700200E-08  0.47244531E-02  0.00000000E+00  0.26891883E+00  0.00000000E+00  0.00000000E+00  0.18241350E+09  0.00000000E+00  0.00000000E+00  0.00000000E+00  0.00000000E+00  0.00000000E+00  0.10000000E-01  0.10000000E+01
 0.15800200E-08  0.47244531E-02  0.00000000E+00  0.27074297E+00  0.00000000E+00  0.00000000E+00  0.18241350E+09  0.00000000E+00  0.00000000E+00  0.00000000E+00  0.00000000E+00  0.00000000E+00  0.10000000E-01  0.10000000E+01
 0.15900200E-08  0.47244531E-02  0.00000000E+00  0.27256710E+00  0.00000000E+00  0.00000000E+00  0.18241350E+09  0.00000000E+00  0.00000000E+00  0.00000000E+00  0.00000000E+00  0.00000000E+00  0.10000000E-01  0.10000000E+01
 0.16000200E-08  0.47244531E-02  0.00000000E+00  0.27439124E+00  0.00000000E+00  0.00000000E+00  0.18241350E+09  0.00000000E+00  0.00000000E+00  0.00000000E+00  0.00000000E+00  0.00000000E+00  0.10000000E-01  0.10000000E+01
 0.16100200E-08  0.47244531E-02  0.00000000E+00  0.27621537E+00  0.00000000E+00  0.00000000E+00  0.18241350E+09  0.00000000E+00  0.00000000E+00  0.00000000E+00  0.00000000E+00  0.00000000E+00  0.10000000E-01  0.10000000E+01
 0.16200200E-08  0.47244531E-02  0.00000000E+00  0.27803951E+00  0.00000000E+00  0.00000000E+00  0.18241350E+09  0.00000000E+00  0.00000000E+00  0.00000000E+00  0.00000000E+00  0.00000000E+00  0.10000000E-01  0.10000000E+01
 0.16300200E-08  0.47244531E-02  0.00000000E+00  0.27986364E+00  0.00000000E+00  0.00000000E+00  0.18241350E+09  0.00000000E+00  0.00000000E+00  0.00000000E+00  0.00000000E+00  0.00000000E+00  0.10000000E-01  0.10000000E+01
 0.16400200E-08  0.47244531E-02  0.00000000E+00  0.28168778E+00  0.00000000E+00  0.00000000E+00  0.18241350E+09  0.00000000E+00  0.00000000E+00  0.00000000E+00  0.00000000E+00  0.00000000E+00  0.10000000E-01  0.10000000E+01
 0.16500200E-08  0.47244531E-02  0.00000000E+00  0.28351191E+00  0.00000000E+00  0.00000000E+00  0.18241350E+09  0.00000000E+00  0.00000000E+00  0.00000000E+00  0.00000000E+00  0.00000000E+00  0.10000000E-01  0.10000000E+01
 0.16600200E-08  0.47244531E-02  0.00000000E+00  0.28533605E+00  0.00000000E+00  0.00000000E+00  0.18241350E+09  0.00000000E+00  0.00000000E+00  0.00000000E+00  0.00000000E+00  0.00000000E+00  0.10000000E-01  0.10000000E+01
 0.16700200E-08  0.47244531E-02  0.00000000E+00  0.28716018E+00  0.00000000E+00  0.00000000E+00  0.18241350E+09  0.00000000E+00  0.00000000E+00  0.00000000E+00  0.00000000E+00  0.00000000E+00  0.10000000E-01  0.10000000E+01
 0.16800200E-08  0.47244531E-02  0.00000000E+00  0.28898432E+00  0.00000000E+00  0.00000000E+00  0.18241350E+09  0.00000000E+00  0.00000000E+00  0.00000000E+00  0.00000000E+00  0.00000000E+00  0.10000000E-01  0.10000000E+01
 0.16900200E-08  0.47244531E-02  0.00000000E+00  0.29080845E+00  0.00000000E+00  0.00000000E+00  0.18241350E+09  0.00000000E+00  0.00000000E+00  0.00000000E+00  0.00000000E+00  0.00000000E+00  0.10000000E-01  0.10000000E+01
 0.17000200E-08  0.47244531E-02  0.00000000E+00  0.29263259E+00  0.00000000E+00  0.00000000E+00  0.18241350E+09  0.00000000E+00  0.00000000E+00  0.00000000E+00  0.00000000E+00  0.00000000E+00  0.10000000E-01  0.10000000E+01
 0.17100200E-08  0.47244531E-02  0.00000000E+00  0.29445672E+00  0.00000000E+00  0.00000000E+00  0.18241350E+09  0.00000000E+00  0.00000000E+00  0.00000000E+00  0.00000000E+00  0.00000000E+00  0.10000000E-01  0.10000000E+01
 0.17200200E-08  0.47244531E-02  0.00000000E+00  0.29628086E+00  0.00000000E+00  0.00000000E+00  0.18241350E+09  0.00000000E+00  0.00000000E+00  0.00000000E+00  0.00000000E+00  0.00000000E+00  0.10000000E-01  0.10000000E+01
 0.17300200E-08  0.47244531E-02  0.00000000E+00  0.29810499E+00  0.00000000E+00  0.00000000E+00  0.18241350E+09  0.00000000E+00  0.00000000E+00  0.00000000E+00  0.00000000E+00  0.00000000E+00  0.10000000E-01  0.10000000E+01
 0.17400200E-08  0.47244531E-02  0.00000000E+00  0.29992913E+00  0.00000000E+00  0.00000000E+00  0.18241350E+09  0.00000000E+00  0.00000000E+00  0.00000000E+00  0.00000000E+00  0.00000000E+00  0.10000000E-01  0.10000000E+01
 0.17500200E-08  0.47244531E-02  0.00000000E+00  0.30175326E+00  0.00000000E+00  0.00000000E+00  0.18241350E+09  0.00000000E+00  0.00000000E+00  0.00000000E+00  0.00000000E+00  0.00000000E+00  0.10000000E-01  0.10000000E+01
 0.17600200E-08  0.47244531E-02  0.00000000E+00  0.30357740E+00  0.00000000E+00  0.00000000E+00  0.18241350E+09  0.00000000E+00  0.00000000E+00  0.00000000E+00  0.00000000E+00  0.00000000E+00  0.10000000E-01  0.10000000E+01
 0.17700200E-08  0.47244531E-02  0.00000000E+00  0.30540153E+00  0.00000000E+00  0.00000000E+00  0.18241350E+09  0.00000000E+00  0.00000000E+00  0.00000000E+00  0.00000000E+00  0.00000000E+00  0.10000000E-01  0.10000000E+01
 0.17800200E-08  0.47244531E-02  0.00000000E+00  0.30722567E+00  0.00000000E+00  0.00000000E+00  0.18241350E+09  0.00000000E+00  0.00000000E+00  0.00000000E+00  0.00000000E+00  0.00000000E+00  0.10000000E-01  0.10000000E+01
 0.17900200E-08  0.47244531E-02  0.00000000E+00  0.30904981E+00  0.00000000E+00  0.00000000E+00  0.18241350E+09  0.00000000E+00  0.00000000E+00  0.00000000E+00  0.00000000E+00  0.00000000E+00  0.10000000E-01  0.10000000E+01
 0.18000200E-08  0.47244531E-02  0.00000000E+00  0.31087394E+00  0.00000000E+00  0.00000000E+00  0.18241350E+09  0.00000000E+00  0.00000000E+00  0.00000000E+00  0.00000000E+00  0.00000000E+00  0.10000000E-01  0.10000000E+01
 0.18100200E-08  0.47244531E-02  0.00000000E+00  0.31269808E+00  0.00000000E+00  0.00000000E+00  0.18241350E+09  0.00000000E+00  0.00000000E+00  0.00000000E+00  0.00000000E+00  0.00000000E+00  0.10000000E-01  0.10000000E+01
 0.18200200E-08  0.47244531E-02  0.00000000E+00  0.31452221E+00  0.00000000E+00  0.00000000E+00  0.18241350E+09  0.00000000E+00  0.00000000E+00  0.00000000E+00  0.00000000E+00  0.00000000E+00  0.10000000E-01  0.10000000E+01
 0.18300200E-08  0.47244531E-02  0.00000000E+00  0.31634635E+00  0.00000000E+00  0.00000000E+00  0.18241350E+09  0.00000000E+00  0.00000000E+00  0.00000000E+00  0.00000000E+00  0.00000000E+00  0.10000000E-01  0.10000000E+01
 0.18400200E-08  0.47244531E-02  0.00000000E+00  0.31817048E+00  0.00000000E+00  0.00000000E+00  0.18241350E+09  0.00000000E+00  0.00000000E+00  0.00000000E+00  0.00000000E+00  0.00000000E+00  0.10000000E-01  0.10000000E+01
 0.18500200E-08  0.47244531E-02  0.00000000E+00  0.31999462E+00  0.00000000E+00  0.00000000E+00  0.18241350E+09  0.00000000E+00  0.00000000E+00  0.00000000E+00  0.00000000E+00  0.00000000E+00  0.10000000E-01  0.10000000E+01
 0.18600200E-08  0.47244531E-02  0.00000000E+00  0.32181875E+00  0.00000000E+00  0.00000000E+00  0.18241350E+09  0.00000000E+00  0.00000000E+00  0.00000000E+00  0.00000000E+00  0.00000000E+00  0.10000000E-01  0.10000000E+01
 0.18700200E-08  0.47244531E-02  0.00000000E+00  0.32364289E+00  0.00000000E+00  0.00000000E+00  0.18241350E+09  0.00000000E+00  0.00000000E+00  0.00000000E+00  0.00000000E+00  0.00000000E+00  0.10000000E-01  0.10000000E+01
 0.18800200E-08  0.47244531E-02  0.00000000E+00  0.32546702E+00  0.00000000E+00  0.00000000E+00  0.18241350E+09  0.00000000E+00  0.00000000E+00  0.00000000E+00  0.00000000E+00  0.00000000E+00  0.10000000E-01  0.10000000E+01
 0.18900200E-08  0.47244531E-02  0.00000000E+00  0.32729116E+00  0.00000000E+00  0.00000000E+00  0.18241350E+09  0.00000000E+00  0.00000000E+00  0.00000000E+00  0.00000000E+00  0.00000000E+00  0.10000000E-01  0.10000000E+01
 0.19000200E-08  0.47244531E-02  0.00000000E+00  0.32911529E+00  0.00000000E+00  0.00000000E+00  0.18241350E+09  0.00000000E+00  0.00000000E+00  0.00000000E+00  0.00000000E+00  0.00000000E+00  0.10000000E-01  0.10000000E+01
 0.19100200E-08  0.47244531E-02  0.00000000E+00  0.33093943E+00  0.00000000E+00  0.00000000E+00  0.18241350E+09  0.00000000E+00  0.00000000E+00  0.00000000E+00  0.00000000E+00  0.00000000E+00  0.10000000E-01  0.10000000E+01
 0.19200200E-08  0.47244531E-02  0.00000000E+00  0.33276356E+00  0.00000000E+00  0.00000000E+00  0.18241350E+09  0.00000000E+00  0.00000000E+00  0.00000000E+00  0.00000000E+00  0.00000000E+00  0.10000000E-01  0.10000000E+01
 0.19300200E-08  0.47244531E-02  0.00000000E+00  0.33458770E+00  0.00000000E+00  0.00000000E+00  0.18241350E+09  0.00000000E+00  0.00000000E+00  0.00000000E+00  0.00000000E+00  0.00000000E+00  0.10000000E-01  0.10000000E+01
 0.19400200E-08  0.47244531E-02  0.00000000E+00  0.33641183E+00  0.00000000E+00  0.00000000E+00  0.18241350E+09  0.00000000E+00  0.00000000E+00  0.00000000E+00  0.00000000E+00  0.00000000E+00  0.10000000E-01  0.10000000E+01
 0.19500200E-08  0.47244531E-02  0.00000000E+00  0.33823597E+00  0.00000000E+00  0.00000000E+00  0.18241350E+09  0.00000000E+00  0.00000000E+00  0.00000000E+00  0.00000000E+00  0.00000000E+00  0.10000000E-01  0.10000000E+01
 0.19600200E-08  0.47244531E-02  0.00000000E+00  0.34006010E+00  0.00000000E+00  0.00000000E+00  0.18241350E+09  0.00000000E+00  0.00000000E+00  0.00000000E+00  0.00000000E+00  0.00000000E+00  0.10000000E-01  0.10000000E+01
 0.19700200E-08  0.47244531E-02  0.00000000E+00  0.34188424E+00  0.00000000E+00  0.00000000E+00  0.18241350E+09  0.00000000E+00  0.00000000E+00  0.00000000E+00  0.00000000E+00  0.00000000E+00  0.10000000E-01  0.10000000E+01
 0.19800200E-08  0.47244531E-02  0.00000000E+00  0.34370837E+00  0.00000000E+00  0.00000000E+00  0.18241350E+09  0.00000000E+00  0.00000000E+00  0.00000000E+00  0.00000000E+00  0.00000000E+00  0.10000000E-01  0.10000000E+01
 0.19900200E-08  0.47244531E-02  0.00000000E+00  0.34553251E+00  0.00000000E+00  0.00000000E+00  0.18241350E+09  0.00000000E+00  0.00000000E+00  0.00000000E+00  0.00000000E+00  0.00000000E+00  0.10000000E-01  0.10000000E+01
