# ptime xp yp zp vx vy vz ex ey ez bx by bz wt
 0.20000000E-13  0.82041923E-02  0.00000000E+00 -0.19686920E-01  0.00000000E+00  0.00000000E+00  0.19432198E+09  0.00000000E+00  0.00000000E+00  0.00000000E+00  0.00000000E+00  0.00000000E+00  0.10000000E-01  0.10000000E+01
 0.10000000E-10  0.82041923E-02  0.00000000E+00 -0.17747586E-01  0.00000000E+00  0.00000000E+00  0.19432198E+09  0.00000000E+00  0.00000000E+00  0.00000000E+00  0.00000000E+00  0.00000000E+00  0.10000000E-01  0.10000000E+01
 0.20000000E-10  0.82041923E-02  0.00000000E+00 -0.15804366E-01  0.00000000E+00  0.00000000E+00  0.19432198E+09  0.00000000E+00  0.00000000E+00  0.00000000E+00  0.00000000E+00  0.00000000E+00  0.10000000E-01  0.10000000E+01
 0.30000000E-10  0.82041923E-02  0.00000000E+00 -0.13861147E-01  0.00000000E+00  0.00000000E+00  0.19432198E+09  0.00000000E+00  0.00000000E+00  0.00000000E+00  0.00000000E+00  0.00000000E+00  0.10000000E-01  0.10000000E+01
 0.40020000E-10  0.82041923E-02  0.00000000E+00 -0.11914040E-01  0.00000000E+00  0.00000000E+00  0.19432198E+09  0.00000000E+00  0.00000000E+00  0.00000000E+00  0.00000000E+00  0.00000000E+00  0.10000000E-01  0.10000000E+01
 0.50020000E-10  0.82041923E-02  0.00000000E+00 -0.99708207E-02  0.00000000E+00  0.00000000E+00  0.19432198E+09  0.00000000E+00  0.00000000E+00  0.00000000E+00  0.00000000E+00  0.00000000E+00  0.10000000E-01  0.10000000E+01
 0.60020000E-10  0.82041923E-02  0.00000000E+00 -0.80276009E-02  0.00000000E+00  0.00000000E+00  0.19432198E+09  0.00000000E+00  0.00000000E+00  0.00000000E+00  0.00000000E+00  0.00000000E+00  0.10000000E-01  0.10000000E+01
 0.70020000E-10  0.82041923E-02  0.00000000E+00 -0.60843812E-02  0.00000000E+00  0.00000000E+00  0.19432198E+09  0.00000000E+00  0.00000000E+00  0.00000000E+00  0.00000000E+00  0.00000000E+00  0.10000000E-01  0.10000000E+01
 0.80000000E-10  0.82041923E-02  0.00000000E+00 -0.41450478E-02  0.00000000E+00  0.00000000E+00  0.19432198E+09  0.00000000E+00  0.00000000E+00  0.00000000E+00  0.00000000E+00  0.00000000E+00  0.10000000E-01  0.10000000E+01
 0.90000000E-10  0.82041923E-02  0.00000000E+00 -0.22018281E-02  0.00000000E+00  0.00000000E+00  0.19432198E+09  0.00000000E+00  0.00000000E+00  0.00000000E+00  0.00000000E+00  0.00000000E+00  0.10000000E-01  0.10000000E+01
 0.10000000E-09  0.82041923E-02  0.00000000E+00 -0.25860830E-03  0.00000000E+00  0.00000000E+00  0.19432198E+09  0.00000000E+00  0.00000000E+00  0.00000000E+00  0.00000000E+00  0.00000000E+00  0.10000000E-01  0.10000000E+01
 0.11000000E-09  0.82041923E-02  0.00000000E+00  0.16846115E-02  0.00000000E+00  0.00000000E+00  0.19432198E+09  0.00000000E+00  0.00000000E+00  0.00000000E+00  0.00000000E+00  0.00000000E+00  0.10000000E-01  0.10000000E+01
 0.12000000E-09  0.82041923E-02  0.00000000E+00  0.36278312E-02  0.00000000E+00  0.00000000E+00  0.19432198E+09  0.00000000E+00  0.00000000E+00  0.00000000E+00  0.00000000E+00  0.00000000E+00  0.10000000E-01  0.10000000E+01
 0.13000000E-09  0.82041923E-02  0.00000000E+00  0.55710510E-02  0.00000000E+00  0.00000000E+00  0.19432198E+09  0.00000000E+00  0.00000000E+00  0.00000000E+00  0.00000000E+00  0.00000000E+00  0.10000000E-01  0.10000000E+01
 0.14002000E-09  0.82041923E-02  0.00000000E+00  0.75181572E-02  0.00000000E+00  0.00000000E+00  0.19432198E+09  0.00000000E+00  0.00000000E+00  0.00000000E+00  0.00000000E+00  0.00000000E+00  0.10000000E-01  0.10000000E+01
 0.15002000E-09  0.82041923E-02  0.00000000E+00  0.94613770E-02  0.00000000E+00  0.00000000E+00  0.19432198E+09  0.00000000E+00  0.00000000E+00  0.00000000E+00  0.00000000E+00  0.00000000E+00  0.10000000E-01  0.10000000E+01
 0.16002000E-09  0.82041923E-02  0.00000000E+00  0.11404597E-01  0.00000000E+00  0.00000000E+00  0.19432198E+09  0.00000000E+00  0.00000000E+00  0.00000000E+00  0.00000000E+00  0.00000000E+00  0.10000000E-01  0.10000000E+01
 0.17002000E-09  0.82041923E-02  0.00000000E+00  0.13347817E-01  0.00000000E+00  0.00000000E+00  0.19432198E+09  0.00000000E+00  0.00000000E+00  0.00000000E+00  0.00000000E+00  0.00000000E+00  0.10000000E-01  0.10000000E+01
 0.18002000E-09  0.82041923E-02  0.00000000E+00  0.15291036E-01  0.00000000E+00  0.00000000E+00  0.19432198E+09  0.00000000E+00  0.00000000E+00  0.00000000E+00  0.00000000E+00  0.00000000E+00  0.10000000E-01  0.10000000E+01
 0.19002000E-09  0.82041923E-02  0.00000000E+00  0.17234256E-01  0.00000000E+00  0.00000000E+00  0.19432198E+09  0.00000000E+00  0.00000000E+00  0.00000000E+00  0.00000000E+00  0.00000000E+00  0.10000000E-01  0.10000000E+01
 0.20002000E-09  0.82041923E-02  0.00000000E+00  0.19177476E-01  0.00000000E+00  0.00000000E+00  0.19432198E+09  0.00000000E+00  0.00000000E+00  0.00000000E+00  0.00000000E+00  0.00000000E+00  0.10000000E-01  0.10000000E+01
 0.21002000E-09  0.82041923E-02  0.00000000E+00  0.21120696E-01  0.00000000E+00  0.00000000E+00  0.19432198E+09  0.00000000E+00  0.00000000E+00  0.00000000E+00  0.00000000E+00  0.00000000E+00  0.10000000E-01  0.10000000E+01
 0.22002000E-09  0.82041923E-02  0.00000000E+00  0.23063915E-01  0.00000000E+00  0.00000000E+00  0.19432198E+09  0.00000000E+00  0.00000000E+00  0.00000000E+00  0.00000000E+00  0.00000000E+00  0.10000000E-01  0.10000000E+01
 0.23002000E-09  0.82041923E-02  0.00000000E+00  0.25007135E-01  0.00000000E+00  0.00000000E+00  0.19432198E+09  0.00000000E+00  0.00000000E+00  0.00000000E+00  0.00000000E+00  0.00000000E+00  0.10000000E-01  0.10000000E+01
 0.24002000E-09  0.82041923E-02  0.00000000E+00  0.26950355E-01  0.00000000E+00  0.00000000E+00  0.19432198E+09  0.00000000E+00  0.00000000E+00  0.00000000E+00  0.00000000E+00  0.00000000E+00  0.10000000E-01  0.10000000E+01
 0.25002000E-09  0.82041923E-02  0.00000000E+00  0.28893575E-01  0.00000000E+00  0.00000000E+00  0.19432198E+09  0.00000000E+00  0.00000000E+00  0.00000000E+00  0.00000000E+00  0.00000000E+00  0.10000000E-01  0.10000000E+01
 0.26002000E-09  0.82041923E-02  0.00000000E+00  0.30836794E-01  0.00000000E+00  0.00000000E+00  0.19432198E+09  0.00000000E+00  0.00000000E+00  0.00000000E+00  0.00000000E+00  0.00000000E+00  0.10000000E-01  0.10000000E+01
 0.27002000E-09  0.82041923E-02  0.00000000E+00  0.32780014E-01  0.00000000E+00  0.00000000E+00  0.19432198E+09  0.00000000E+00  0.00000000E+00  0.00000000E+00  0.00000000E+00  0.00000000E+00  0.10000000E-01  0.10000000E+01
 0.28002000E-09  0.82041923E-02  0.00000000E+00  0.34723234E-01  0.00000000E+00  0.00000000E+00  0.19432198E+09  0.00000000E+00  0.00000000E+00  0.00000000E+00  0.00000000E+00  0.00000000E+00  0.10000000E-01  0.10000000E+01
 0.29002000E-09  0.82041923E-02  0.00000000E+00  0.36666454E-01  0.00000000E+00  0.00000000E+00  0.19432198E+09  0.00000000E+00  0.00000000E+00  0.00000000E+00  0.00000000E+00  0.00000000E+00  0.10000000E-01  0.10000000E+01
 0.30000000E-09  0.82041923E-02  0.00000000E+00  0.38605787E-01  0.00000000E+00  0.00000000E+00  0.19432198E+09  0.00000000E+00  0.00000000E+00  0.00000000E+00  0.00000000E+00  0.00000000E+00  0.10000000E-01  0.10000000E+01
 0.31000000E-09  0.82041923E-02  0.00000000E+00  0.40549007E-01  0.00000000E+00  0.00000000E+00  0.19432198E+09  0.00000000E+00  0.00000000E+00  0.00000000E+00  0.00000000E+00  0.00000000E+00  0.10000000E-01  0.10000000E+01
 0.32000000E-09  0.82041923E-02  0.00000000E+00  0.42492227E-01  0.00000000E+00  0.00000000E+00  0.19432198E+09  0.00000000E+00  0.00000000E+00  0.00000000E+00  0.00000000E+00  0.00000000E+00  0.10000000E-01  0.10000000E+01
 0.33000000E-09  0.82041923E-02  0.00000000E+00  0.44435446E-01  0.00000000E+00  0.00000000E+00  0.19432198E+09  0.00000000E+00  0.00000000E+00  0.00000000E+00  0.00000000E+00  0.00000000E+00  0.10000000E-01  0.10000000E+01
 0.34000000E-09  0.82041923E-02  0.00000000E+00  0.46378666E-01  0.00000000E+00  0.00000000E+00  0.19432198E+09  0.00000000E+00  0.00000000E+00  0.00000000E+00  0.00000000E+00  0.00000000E+00  0.10000000E-01  0.10000000E+01
 0.35000000E-09  0.82041923E-02  0.00000000E+00  0.48321886E-01  0.00000000E+00  0.00000000E+00  0.19432198E+09  0.00000000E+00  0.00000000E+00  0.00000000E+00  0.00000000E+00  0.00000000E+00  0.10000000E-01  0.10000000E+01
 0.36000000E-09  0.82041923E-02  0.00000000E+00  0.50265106E-01  0.00000000E+00  0.00000000E+00  0.19432198E+09  0.00000000E+00  0.00000000E+00  0.00000000E+00  0.00000000E+00  0.00000000E+00  0.10000000E-01  0.10000000E+01
 0.37000000E-09  0.82041923E-02  0.00000000E+00  0.52208325E-01  0.00000000E+00  0.00000000E+00  0.19432198E+09  0.00000000E+00  0.00000000E+00  0.00000000E+00  0.00000000E+00  0.00000000E+00  0.10000000E-01  0.10000000E+01
 0.38000000E-09  0.82041923E-02  0.00000000E+00  0.54151545E-01  0.00000000E+00  0.00000000E+00  0.19432198E+09  0.00000000E+00  0.00000000E+00  0.00000000E+00  0.00000000E+00  0.00000000E+00  0.10000000E-01  0.10000000E+01
 0.39000000E-09  0.82041923E-02  0.00000000E+00  0.56094765E-01  0.00000000E+00  0.00000000E+00  0.19432198E+09  0.00000000E+00  0.00000000E+00  0.00000000E+00  0.00000000E+00  0.00000000E+00  0.10000000E-01  0.10000000E+01
 0.40000000E-09  0.82041923E-02  0.00000000E+00  0.58037985E-01  0.00000000E+00  0.00000000E+00  0.19432198E+09  0.00000000E+00  0.00000000E+00  0.00000000E+00  0.00000000E+00  0.00000000E+00  0.10000000E-01  0.10000000E+01
 0.41000000E-09  0.82041923E-02  0.00000000E+00  0.59981205E-01  0.00000000E+00  0.00000000E+00  0.19432198E+09  0.00000000E+00  0.00000000E+00  0.00000000E+00  0.00000000E+00  0.00000000E+00  0.10000000E-01  0.10000000E+01
 0.42000000E-09  0.82041923E-02  0.00000000E+00  0.61924424E-01  0.00000000E+00  0.00000000E+00  0.19432198E+09  0.00000000E+00  0.00000000E+00  0.00000000E+00  0.00000000E+00  0.00000000E+00  0.10000000E-01  0.10000000E+01
 0.43000000E-09  0.82041923E-02  0.00000000E+00  0.63867644E-01  0.00000000E+00  0.00000000E+00  0.19432198E+09  0.00000000E+00  0.00000000E+00  0.00000000E+00  0.00000000E+00  0.00000000E+00  0.10000000E-01  0.10000000E+01
 0.44000000E-09  0.82041923E-02  0.00000000E+00  0.65810864E-01  0.00000000E+00  0.00000000E+00  0.19432198E+09  0.00000000E+00  0.00000000E+00  0.00000000E+00  0.00000000E+00  0.00000000E+00  0.10000000E-01  0.10000000E+01
 0.45000000E-09  0.82041923E-02  0.00000000E+00  0.67754084E-01  0.00000000E+00  0.00000000E+00  0.19432198E+09  0.00000000E+00  0.00000000E+00  0.00000000E+00  0.00000000E+00  0.00000000E+00  0.10000000E-01  0.10000000E+01
 0.46000000E-09  0.82041923E-02  0.00000000E+00  0.69697303E-01  0.00000000E+00  0.00000000E+00  0.19432198E+09  0.00000000E+00  0.00000000E+00  0.00000000E+00  0.00000000E+00  0.00000000E+00  0.10000000E-01  0.10000000E+01
 0.47000000E-09  0.82041923E-02  0.00000000E+00  0.71640523E-01  0.00000000E+00  0.00000000E+00  0.19432198E+09  0.00000000E+00  0.00000000E+00  0.00000000E+00  0.00000000E+00  0.00000000E+00  0.10000000E-01  0.10000000E+01
 0.48000000E-09  0.82041923E-02  0.00000000E+00  0.73583743E-01  0.00000000E+00  0.00000000E+00  0.19432198E+09  0.00000000E+00  0.00000000E+00  0.00000000E+00  0.00000000E+00  0.00000000E+00  0.10000000E-01  0.10000000E+01
 0.49000000E-09  0.82041923E-02  0.00000000E+00  0.75526963E-01  0.00000000E+00  0.00000000E+00  0.19432198E+09  0.00000000E+00  0.00000000E+00  0.00000000E+00  0.00000000E+00  0.00000000E+00  0.10000000E-01  0.10000000E+01
 0.50000000E-09  0.82041923E-02  0.00000000E+00  0.77470183E-01  0.00000000E+00  0.00000000E+00  0.19432198E+09  0.00000000E+00  0.00000000E+00  0.00000000E+00  0.00000000E+00  0.00000000E+00  0.10000000E-01  0.10000000E+01
 0.51000000E-09  0.82041923E-02  0.00000000E+00  0.79413402E-01  0.00000000E+00  0.00000000E+00  0.19432198E+09  0.00000000E+00  0.00000000E+00  0.00000000E+00  0.00000000E+00  0.00000000E+00  0.10000000E-01  0.10000000E+01
 0.52000000E-09  0.82041923E-02  0.00000000E+00  0.81356622E-01  0.00000000E+00  0.00000000E+00  0.19432198E+09  0.00000000E+00  0.00000000E+00  0.00000000E+00  0.00000000E+00  0.00000000E+00  0.10000000E-01  0.10000000E+01
 0.53000000E-09  0.82041923E-02  0.00000000E+00  0.83299842E-01  0.00000000E+00  0.00000000E+00  0.19432198E+09  0.00000000E+00  0.00000000E+00  0.00000000E+00  0.00000000E+00  0.00000000E+00  0.10000000E-01  0.10000000E+01
 0.54000000E-09  0.82041923E-02  0.00000000E+00  0.85243062E-01  0.00000000E+00  0.00000000E+00  0.19432198E+09  0.00000000E+00  0.00000000E+00  0.00000000E+00  0.00000000E+00  0.00000000E+00  0.10000000E-01  0.10000000E+01
 0.55002000E-09  0.82041923E-02  0.00000000E+00  0.87190168E-01  0.00000000E+00  0.00000000E+00  0.19432198E+09  0.00000000E+00  0.00000000E+00  0.00000000E+00  0.00000000E+00  0.00000000E+00  0.10000000E-01  0.10000000E+01
 0.56002000E-09  0.82041923E-02  0.00000000E+00  0.89133388E-01  0.00000000E+00  0.00000000E+00  0.19432198E+09  0.00000000E+00  0.00000000E+00  0.00000000E+00  0.00000000E+00  0.00000000E+00  0.10000000E-01  0.10000000E+01
 0.57002000E-09  0.82041923E-02  0.00000000E+00  0.91076607E-01  0.00000000E+00  0.00000000E+00  0.19432198E+09  0.00000000E+00  0.00000000E+00  0.00000000E+00  0.00000000E+00  0.00000000E+00  0.10000000E-01  0.10000000E+01
 0.58002000E-09  0.82041923E-02  0.00000000E+00  0.93019827E-01  0.00000000E+00  0.00000000E+00  0.19432198E+09  0.00000000E+00  0.00000000E+00  0.00000000E+00  0.00000000E+00  0.00000000E+00  0.10000000E-01  0.10000000E+01
 0.59002000E-09  0.82041923E-02  0.00000000E+00  0.94963047E-01  0.00000000E+00  0.00000000E+00  0.19432198E+09  0.00000000E+00  0.00000000E+00  0.00000000E+00  0.00000000E+00  0.00000000E+00  0.10000000E-01  0.10000000E+01
 0.60002000E-09  0.82041923E-02  0.00000000E+00  0.96906267E-01  0.00000000E+00  0.00000000E+00  0.19432198E+09  0.00000000E+00  0.00000000E+00  0.00000000E+00  0.00000000E+00  0.00000000E+00  0.10000000E-01  0.10000000E+01
 0.61002000E-09  0.82041923E-02  0.00000000E+00  0.98849486E-01  0.00000000E+00  0.00000000E+00  0.19432198E+09  0.00000000E+00  0.00000000E+00  0.00000000E+00  0.00000000E+00  0.00000000E+00  0.10000000E-01  0.10000000E+01
 0.62002000E-09  0.82041923E-02  0.00000000E+00  0.10079271E+00  0.00000000E+00  0.00000000E+00  0.19432198E+09  0.00000000E+00  0.00000000E+00  0.00000000E+00  0.00000000E+00  0.00000000E+00  0.10000000E-01  0.10000000E+01
 0.63002000E-09  0.82041923E-02  0.00000000E+00  0.10273593E+00  0.00000000E+00  0.00000000E+00  0.19432198E+09  0.00000000E+00  0.00000000E+00  0.00000000E+00  0.00000000E+00  0.00000000E+00  0.10000000E-01  0.10000000E+01
 0.64002000E-09  0.82041923E-02  0.00000000E+00  0.10467915E+00  0.00000000E+00  0.00000000E+00  0.19432198E+09  0.00000000E+00  0.00000000E+00  0.00000000E+00  0.00000000E+00  0.00000000E+00  0.10000000E-01  0.10000000E+01
 0.65002000E-09  0.82041923E-02  0.00000000E+00  0.10662237E+00  0.00000000E+00  0.00000000E+00  0.19432198E+09  0.00000000E+00  0.00000000E+00  0.00000000E+00  0.00000000E+00  0.00000000E+00  0.10000000E-01  0.10000000E+01
 0.66002000E-09  0.82041923E-02  0.00000000E+00  0.10856559E+00  0.00000000E+00  0.00000000E+00  0.19432198E+09  0.00000000E+00  0.00000000E+00  0.00000000E+00  0.00000000E+00  0.00000000E+00  0.10000000E-01  0.10000000E+01
 0.67002000E-09  0.82041923E-02  0.00000000E+00  0.11050881E+00  0.00000000E+00  0.00000000E+00  0.19432198E+09  0.00000000E+00  0.00000000E+00  0.00000000E+00  0.00000000E+00  0.00000000E+00  0.10000000E-01  0.10000000E+01
 0.68002000E-09  0.82041923E-02  0.00000000E+00  0.11245202E+00  0.00000000E+00  0.00000000E+00  0.19432198E+09  0.00000000E+00  0.00000000E+00  0.00000000E+00  0.00000000E+00  0.00000000E+00  0.10000000E-01  0.10000000E+01
 0.69002000E-09  0.82041923E-02  0.00000000E+00  0.11439524E+00  0.00000000E+00  0.00000000E+00  0.19432198E+09  0.00000000E+00  0.00000000E+00  0.00000000E+00  0.00000000E+00  0.00000000E+00  0.10000000E-01  0.10000000E+01
 0.70002000E-09  0.82041923E-02  0.00000000E+00  0.11633846E+00  0.00000000E+00  0.00000000E+00  0.19432198E+09  0.00000000E+00  0.00000000E+00  0.00000000E+00  0.00000000E+00  0.00000000E+00  0.10000000E-01  0.10000000E+01
 0.71002000E-09  0.82041923E-02  0.00000000E+00  0.11828168E+00  0.00000000E+00  0.00000000E+00  0.19432198E+09  0.00000000E+00  0.00000000E+00  0.00000000E+00  0.00000000E+00  0.00000000E+00  0.10000000E-01  0.10000000E+01
 0.72002000E-09  0.82041923E-02  0.00000000E+00  0.12022490E+00  0.00000000E+00  0.00000000E+00  0.19432198E+09  0.00000000E+00  0.00000000E+00  0.00000000E+00  0.00000000E+00  0.00000000E+00  0.10000000E-01  0.10000000E+01
 0.73002000E-09  0.82041923E-02  0.00000000E+00  0.12216812E+00  0.00000000E+00  0.00000000E+00  0.19432198E+09  0.00000000E+00  0.00000000E+00  0.00000000E+00  0.00000000E+00  0.00000000E+00  0.10000000E-01  0.10000000E+01
 0.74002000E-09  0.82041923E-02  0.00000000E+00  0.12411134E+00  0.00000000E+00  0.00000000E+00  0.19432198E+09  0.00000000E+00  0.00000000E+00  0.00000000E+00  0.00000000E+00  0.00000000E+00  0.10000000E-01  0.10000000E+01
 0.75002000E-09  0.82041923E-02  0.00000000E+00  0.12605456E+00  0.00000000E+00  0.00000000E+00  0.19432198E+09  0.00000000E+00  0.00000000E+00  0.00000000E+00  0.00000000E+00  0.00000000E+00  0.10000000E-01  0.10000000E+01
 0.76002000E-09  0.82041923E-02  0.00000000E+00  0.12799778E+00  0.00000000E+00  0.00000000E+00  0.19432198E+09  0.00000000E+00  0.00000000E+00  0.00000000E+00  0.00000000E+00  0.00000000E+00  0.10000000E-01  0.10000000E+01
 0.77002000E-09  0.82041923E-02  0.00000000E+00  0.12994100E+00  0.00000000E+00  0.00000000E+00  0.19432198E+09  0.00000000E+00  0.00000000E+00  0.00000000E+00  0.00000000E+00  0.00000000E+00  0.10000000E-01  0.10000000E+01
 0.78002000E-09  0.82041923E-02  0.00000000E+00  0.13188422E+00  0.00000000E+00  0.00000000E+00  0.19432198E+09  0.00000000E+00  0.00000000E+00  0.00000000E+00  0.00000000E+00  0.00000000E+00  0.10000000E-01  0.10000000E+01
 0.79002000E-09  0.82041923E-02  0.00000000E+00  0.13382744E+00  0.00000000E+00  0.00000000E+00  0.19432198E+09  0.00000000E+00  0.00000000E+00  0.00000000E+00  0.00000000E+00  0.00000000E+00  0.10000000E-01  0.10000000E+01
 0.80002000E-09  0.82041923E-02  0.00000000E+00  0.13577066E+00  0.00000000E+00  0.00000000E+00  0.19432198E+09  0.00000000E+00  0.00000000E+00  0.00000000E+00  0.00000000E+00  0.00000000E+00  0.10000000E-01  0.10000000E+01
 0.81002000E-09  0.82041923E-02  0.00000000E+00  0.13771388E+00  0.00000000E+00  0.00000000E+00  0.19432198E+09  0.00000000E+00  0.00000000E+00  0.00000000E+00  0.00000000E+00  0.00000000E+00  0.10000000E-01  0.10000000E+01
 0.82002000E-09  0.82041923E-02  0.00000000E+00  0.13965710E+00  0.00000000E+00  0.00000000E+00  0.19432198E+09  0.00000000E+00  0.00000000E+00  0.00000000E+00  0.00000000E+00  0.00000000E+00  0.10000000E-01  0.10000000E+01
 0.83002000E-09  0.82041923E-02  0.00000000E+00  0.14160032E+00  0.00000000E+00  0.00000000E+00  0.19432198E+09  0.00000000E+00  0.00000000E+00  0.00000000E+00  0.00000000E+00  0.00000000E+00  0.10000000E-01  0.10000000E+01
 0.84002000E-09  0.82041923E-02  0.00000000E+00  0.14354354E+00  0.00000000E+00  0.00000000E+00  0.19432198E+09  0.00000000E+00  0.00000000E+00  0.00000000E+00  0.00000000E+00  0.00000000E+00  0.10000000E-01  0.10000000E+01
 0.85002000E-09  0.82041923E-02  0.00000000E+00  0.14548676E+00  0.00000000E+00  0.00000000E+00  0.19432198E+09  0.00000000E+00  0.00000000E+00  0.00000000E+00  0.00000000E+00  0.00000000E+00  0.10000000E-01  0.10000000E+01
 0.86002000E-09  0.82041923E-02  0.00000000E+00  0.14742998E+00  0.00000000E+00  0.00000000E+00  0.19432198E+09  0.00000000E+00  0.00000000E+00  0.00000000E+00  0.00000000E+00  0.00000000E+00  0.10000000E-01  0.10000000E+01
 0.87002000E-09  0.82041923E-02  0.00000000E+00  0.14937320E+00  0.00000000E+00  0.00000000E+00  0.19432198E+09  0.00000000E+00  0.00000000E+00  0.00000000E+00  0.00000000E+00  0.00000000E+00  0.10000000E-01  0.10000000E+01
 0.88002000E-09  0.82041923E-02  0.00000000E+00  0.15131642E+00  0.00000000E+00  0.00000000E+00  0.19432198E+09  0.00000000E+00  0.00000000E+00  0.00000000E+00  0.00000000E+00  0.00000000E+00  0.10000000E-01  0.10000000E+01
 0.89002000E-09  0.82041923E-02  0.00000000E+00  0.15325964E+00  0.00000000E+00  0.00000000E+00  0.19432198E+09  0.00000000E+00  0.00000000E+00  0.00000000E+00  0.00000000E+00  0.00000000E+00  0.10000000E-01  0.10000000E+01
 0.90002000E-09  0.82041923E-02  0.00000000E+00  0.15520286E+00  0.00000000E+00  0.00000000E+00  0.19432198E+09  0.00000000E+00  0.00000000E+00  0.00000000E+00  0.00000000E+00  0.00000000E+00  0.10000000E-01  0.10000000E+01
 0.91002000E-09  0.82041923E-02  0.00000000E+00  0.15714608E+00  0.00000000E+00  0.00000000E+00  0.19432198E+09  0.00000000E+00  0.00000000E+00  0.00000000E+00  0.00000000E+00  0.00000000E+00  0.10000000E-01  0.10000000E+01
 0.92002000E-09  0.82041923E-02  0.00000000E+00  0.15908930E+00  0.00000000E+00  0.00000000E+00  0.19432198E+09  0.00000000E+00  0.00000000E+00  0.00000000E+00  0.00000000E+00  0.00000000E+00  0.10000000E-01  0.10000000E+01
 0.93002000E-09  0.82041923E-02  0.00000000E+00  0.16103252E+00  0.00000000E+00  0.00000000E+00  0.19432198E+09  0.00000000E+00  0.00000000E+00  0.00000000E+00  0.00000000E+00  0.00000000E+00  0.10000000E-01  0.10000000E+01
 0.94002000E-09  0.82041923E-02  0.00000000E+00  0.16297574E+00  0.00000000E+00  0.00000000E+00  0.19432198E+09  0.00000000E+00  0.00000000E+00  0.00000000E+00  0.00000000E+00  0.00000000E+00  0.10000000E-01  0.10000000E+01
 0.95002000E-09  0.82041923E-02  0.00000000E+00  0.16491896E+00  0.00000000E+00  0.00000000E+00  0.19432198E+09  0.00000000E+00  0.00000000E+00  0.00000000E+00  0.00000000E+00  0.00000000E+00  0.10000000E-01  0.10000000E+01
 0.96002000E-09  0.82041923E-02  0.00000000E+00  0.16686218E+00  0.00000000E+00  0.00000000E+00  0.19432198E+09  0.00000000E+00  0.00000000E+00  0.00000000E+00  0.00000000E+00  0.00000000E+00  0.10000000E-01  0.10000000E+01
 0.97002000E-09  0.82041923E-02  0.00000000E+00  0.16880540E+00  0.00000000E+00  0.00000000E+00  0.19432198E+09  0.00000000E+00  0.00000000E+00  0.00000000E+00  0.00000000E+00  0.00000000E+00  0.10000000E-01  0.10000000E+01
 0.98002000E-09  0.82041923E-02  0.00000000E+00  0.17074862E+00  0.00000000E+00  0.00000000E+00  0.19432198E+09  0.00000000E+00  0.00000000E+00  0.00000000E+00  0.00000000E+00  0.00000000E+00  0.10000000E-01  0.10000000E+01
 0.99002000E-09  0.82041923E-02  0.00000000E+00  0.17269184E+00  0.00000000E+00  0.00000000E+00  0.19432198E+09  0.00000000E+00  0.00000000E+00  0.00000000E+00  0.00000000E+00  0.00000000E+00  0.10000000E-01  0.10000000E+01
 0.10000200E-08  0.82041923E-02  0.00000000E+00  0.17463506E+00  0.00000000E+00  0.00000000E+00  0.19432198E+09  0.00000000E+00  0.00000000E+00  0.00000000E+00  0.00000000E+00  0.00000000E+00  0.10000000E-01  0.10000000E+01
 0.10100200E-08  0.82041923E-02  0.00000000E+00  0.17657828E+00  0.00000000E+00  0.00000000E+00  0.19432198E+09  0.00000000E+00  0.00000000E+00  0.00000000E+00  0.00000000E+00  0.00000000E+00  0.10000000E-01  0.10000000E+01
 0.10200200E-08  0.82041923E-02  0.00000000E+00  0.17852150E+00  0.00000000E+00  0.00000000E+00  0.19432198E+09  0.00000000E+00  0.00000000E+00  0.00000000E+00  0.00000000E+00  0.00000000E+00  0.10000000E-01  0.10000000E+01
 0.10300200E-08  0.82041923E-02  0.00000000E+00  0.18046472E+00  0.00000000E+00  0.00000000E+00  0.19432198E+09  0.00000000E+00  0.00000000E+00  0.00000000E+00  0.00000000E+00  0.00000000E+00  0.10000000E-01  0.10000000E+01
 0.10400200E-08  0.82041923E-02  0.00000000E+00  0.18240794E+00  0.00000000E+00  0.00000000E+00  0.19432198E+09  0.00000000E+00  0.00000000E+00  0.00000000E+00  0.00000000E+00  0.00000000E+00  0.10000000E-01  0.10000000E+01
 0.10500200E-08  0.82041923E-02  0.00000000E+00  0.18435116E+00  0.00000000E+00  0.00000000E+00  0.19432198E+09  0.00000000E+00  0.00000000E+00  0.00000000E+00  0.00000000E+00  0.00000000E+00  0.10000000E-01  0.10000000E+01
 0.10600200E-08  0.82041923E-02  0.00000000E+00  0.18629438E+00  0.00000000E+00  0.00000000E+00  0.19432198E+09  0.00000000E+00  0.00000000E+00  0.00000000E+00  0.00000000E+00  0.00000000E+00  0.10000000E-01  0.10000000E+01
 0.10700200E-08  0.82041923E-02  0.00000000E+00  0.18823760E+00  0.00000000E+00  0.00000000E+00  0.19432198E+09  0.00000000E+00  0.00000000E+00  0.00000000E+00  0.00000000E+00  0.00000000E+00  0.10000000E-01  0.10000000E+01
 0.10800200E-08  0.82041923E-02  0.00000000E+00  0.19018082E+00  0.00000000E+00  0.00000000E+00  0.19432198E+09  0.00000000E+00  0.00000000E+00  0.00000000E+00  0.00000000E+00  0.00000000E+00  0.10000000E-01  0.10000000E+01
 0.10900200E-08  0.82041923E-02  0.00000000E+00  0.19212404E+00  0.00000000E+00  0.00000000E+00  0.19432198E+09  0.00000000E+00  0.00000000E+00  0.00000000E+00  0.00000000E+00  0.00000000E+00  0.10000000E-01  0.10000000E+01
 0.11000200E-08  0.82041923E-02  0.00000000E+00  0.19406726E+00  0.00000000E+00  0.00000000E+00  0.19432198E+09  0.00000000E+00  0.00000000E+00  0.00000000E+00  0.00000000E+00  0.00000000E+00  0.10000000E-01  0.10000000E+01
 0.11100200E-08  0.82041923E-02  0.00000000E+00  0.19601047E+00  0.00000000E+00  0.00000000E+00  0.19432198E+09  0.00000000E+00  0.00000000E+00  0.00000000E+00  0.00000000E+00  0.00000000E+00  0.10000000E-01  0.10000000E+01
 0.11200200E-08  0.82041923E-02  0.00000000E+00  0.19795369E+00  0.00000000E+00  0.00000000E+00  0.19432198E+09  0.00000000E+00  0.00000000E+00  0.00000000E+00  0.00000000E+00  0.00000000E+00  0.10000000E-01  0.10000000E+01
 0.11300200E-08  0.82041923E-02  0.00000000E+00  0.19989691E+00  0.00000000E+00  0.00000000E+00  0.19432198E+09  0.00000000E+00  0.00000000E+00  0.00000000E+00  0.00000000E+00  0.00000000E+00  0.10000000E-01  0.10000000E+01
 0.11400200E-08  0.82041923E-02  0.00000000E+00  0.20184013E+00  0.00000000E+00  0.00000000E+00  0.19432198E+09  0.00000000E+00  0.00000000E+00  0.00000000E+00  0.00000000E+00  0.00000000E+00  0.10000000E-01  0.10000000E+01
 0.11500200E-08  0.82041923E-02  0.00000000E+00  0.20378335E+00  0.00000000E+00  0.00000000E+00  0.19432198E+09  0.00000000E+00  0.00000000E+00  0.00000000E+00  0.00000000E+00  0.00000000E+00  0.10000000E-01  0.10000000E+01
 0.11600200E-08  0.82041923E-02  0.00000000E+00  0.20572657E+00  0.00000000E+00  0.00000000E+00  0.19432198E+09  0.00000000E+00  0.00000000E+00  0.00000000E+00  0.00000000E+00  0.00000000E+00  0.10000000E-01  0.10000000E+01
 0.11700200E-08  0.82041923E-02  0.00000000E+00  0.20766979E+00  0.00000000E+00  0.00000000E+00  0.19432198E+09  0.00000000E+00  0.00000000E+00  0.00000000E+00  0.00000000E+00  0.00000000E+00  0.10000000E-01  0.10000000E+01
 0.11800200E-08  0.82041923E-02  0.00000000E+00  0.20961301E+00  0.00000000E+00  0.00000000E+00  0.19432198E+09  0.00000000E+00  0.00000000E+00  0.00000000E+00  0.00000000E+00  0.00000000E+00  0.10000000E-01  0.10000000E+01
 0.11900200E-08  0.82041923E-02  0.00000000E+00  0.21155623E+00  0.00000000E+00  0.00000000E+00  0.19432198E+09  0.00000000E+00  0.00000000E+00  0.00000000E+00  0.00000000E+00  0.00000000E+00  0.10000000E-01  0.10000000E+01
 0.12000200E-08  0.82041923E-02  0.00000000E+00  0.21349945E+00  0.00000000E+00  0.00000000E+00  0.19432198E+09  0.00000000E+00  0.00000000E+00  0.00000000E+00  0.00000000E+00  0.00000000E+00  0.10000000E-01  0.10000000E+01
 0.12100200E-08  0.82041923E-02  0.00000000E+00  0.21544267E+00  0.00000000E+00  0.00000000E+00  0.19432198E+09  0.00000000E+00  0.00000000E+00  0.00000000E+00  0.00000000E+00  0.00000000E+00  0.10000000E-01  0.10000000E+01
 0.12200200E-08  0.82041923E-02  0.00000000E+00  0.21738589E+00  0.00000000E+00  0.00000000E+00  0.19432198E+09  0.00000000E+00  0.00000000E+00  0.00000000E+00  0.00000000E+00  0.00000000E+00  0.10000000E-01  0.10000000E+01
 0.12300200E-08  0.82041923E-02  0.00000000E+00  0.21932911E+00  0.00000000E+00  0.00000000E+00  0.19432198E+09  0.00000000E+00  0.00000000E+00  0.00000000E+00  0.00000000E+00  0.00000000E+00  0.10000000E-01  0.10000000E+01
 0.12400200E-08  0.82041923E-02  0.00000000E+00  0.22127233E+00  0.00000000E+00  0.00000000E+00  0.19432198E+09  0.00000000E+00  0.00000000E+00  0.00000000E+00  0.00000000E+00  0.00000000E+00  0.10000000E-01  0.10000000E+01
 0.12500200E-08  0.82041923E-02  0.00000000E+00  0.22321555E+00  0.00000000E+00  0.00000000E+00  0.19432198E+09  0.00000000E+00  0.00000000E+00  0.00000000E+00  0.00000000E+00  0.00000000E+00  0.10000000E-01  0.10000000E+01
 0.12600200E-08  0.82041923E-02  0.00000000E+00  0.22515877E+00  0.00000000E+00  0.00000000E+00  0.19432198E+09  0.00000000E+00  0.00000000E+00  0.00000000E+00  0.00000000E+00  0.00000000E+00  0.10000000E-01  0.10000000E+01
 0.12700200E-08  0.82041923E-02  0.00000000E+00  0.22710199E+00  0.00000000E+00  0.00000000E+00  0.19432198E+09  0.00000000E+00  0.00000000E+00  0.00000000E+00  0.00000000E+00  0.00000000E+00  0.10000000E-01  0.10000000E+01
 0.12800200E-08  0.82041923E-02  0.00000000E+00  0.22904521E+00  0.00000000E+00  0.00000000E+00  0.19432198E+09  0.00000000E+00  0.00000000E+00  0.00000000E+00  0.00000000E+00  0.00000000E+00  0.10000000E-01  0.10000000E+01
 0.12900200E-08  0.82041923E-02  0.00000000E+00  0.23098843E+00  0.00000000E+00  0.00000000E+00  0.19432198E+09  0.00000000E+00  0.00000000E+00  0.00000000E+00  0.00000000E+00  0.00000000E+00  0.10000000E-01  0.10000000E+01
 0.13000200E-08  0.82041923E-02  0.00000000E+00  0.23293165E+00  0.00000000E+00  0.00000000E+00  0.19432198E+09  0.00000000E+00  0.00000000E+00  0.00000000E+00  0.00000000E+00  0.00000000E+00  0.10000000E-01  0.10000000E+01
 0.13100200E-08  0.82041923E-02  0.00000000E+00  0.23487487E+00  0.00000000E+00  0.00000000E+00  0.19432198E+09  0.00000000E+00  0.00000000E+00  0.00000000E+00  0.00000000E+00  0.00000000E+00  0.10000000E-01  0.10000000E+01
 0.13200200E-08  0.82041923E-02  0.00000000E+00  0.23681809E+00  0.00000000E+00  0.00000000E+00  0.19432198E+09  0.00000000E+00  0.00000000E+00  0.00000000E+00  0.00000000E+00  0.00000000E+00  0.10000000E-01  0.10000000E+01
 0.13300200E-08  0.82041923E-02  0.00000000E+00  0.23876131E+00  0.00000000E+00  0.00000000E+00  0.19432198E+09  0.00000000E+00  0.00000000E+00  0.00000000E+00  0.00000000E+00  0.00000000E+00  0.10000000E-01  0.10000000E+01
 0.13400200E-08  0.82041923E-02  0.00000000E+00  0.24070453E+00  0.00000000E+00  0.00000000E+00  0.19432198E+09  0.00000000E+00  0.00000000E+00  0.00000000E+00  0.00000000E+00  0.00000000E+00  0.10000000E-01  0.10000000E+01
 0.13500200E-08  0.82041923E-02  0.00000000E+00  0.24264775E+00  0.00000000E+00  0.00000000E+00  0.19432198E+09  0.00000000E+00  0.00000000E+00  0.00000000E+00  0.00000000E+00  0.00000000E+00  0.10000000E-01  0.10000000E+01
 0.13600200E-08  0.82041923E-02  0.00000000E+00  0.24459097E+00  0.00000000E+00  0.00000000E+00  0.19432198E+09  0.00000000E+00  0.00000000E+00  0.00000000E+00  0.00000000E+00  0.00000000E+00  0.10000000E-01  0.10000000E+01
 0.13700200E-08  0.82041923E-02  0.00000000E+00  0.24653419E+00  0.00000000E+00  0.00000000E+00  0.19432198E+09  0.00000000E+00  0.00000000E+00  0.00000000E+00  0.00000000E+00  0.00000000E+00  0.10000000E-01  0.10000000E+01
 0.13800200E-08  0.82041923E-02  0.00000000E+00  0.24847741E+00  0.00000000E+00  0.00000000E+00  0.19432198E+09  0.00000000E+00  0.00000000E+00  0.00000000E+00  0.00000000E+00  0.00000000E+00  0.10000000E-01  0.10000000E+01
 0.13900200E-08  0.82041923E-02  0.00000000E+00  0.25042063E+00  0.00000000E+00  0.00000000E+00  0.19432198E+09  0.00000000E+00  0.00000000E+00  0.00000000E+00  0.00000000E+00  0.00000000E+00  0.10000000E-01  0.10000000E+01
 0.14000200E-08  0.82041923E-02  0.00000000E+00  0.25236385E+00  0.00000000E+00  0.00000000E+00  0.19432198E+09  0.00000000E+00  0.00000000E+00  0.00000000E+00  0.00000000E+00  0.00000000E+00  0.10000000E-01  0.10000000E+01
 0.14100200E-08  0.82041923E-02  0.00000000E+00  0.25430707E+00  0.00000000E+00  0.00000000E+00  0.19432198E+09  0.00000000E+00  0.00000000E+00  0.00000000E+00  0.00000000E+00  0.00000000E+00  0.10000000E-01  0.10000000E+01
 0.14200200E-08  0.82041923E-02  0.00000000E+00  0.25625029E+00  0.00000000E+00  0.00000000E+00  0.19432198E+09  0.00000000E+00  0.00000000E+00  0.00000000E+00  0.00000000E+00  0.00000000E+00  0.10000000E-01  0.10000000E+01
 0.14300200E-08  0.82041923E-02  0.00000000E+00  0.25819351E+00  0.00000000E+00  0.00000000E+00  0.19432198E+09  0.00000000E+00  0.00000000E+00  0.00000000E+00  0.00000000E+00  0.00000000E+00  0.10000000E-01  0.10000000E+01
 0.14400200E-08  0.82041923E-02  0.00000000E+00  0.26013673E+00  0.00000000E+00  0.00000000E+00  0.19432198E+09  0.00000000E+00  0.00000000E+00  0.00000000E+00  0.00000000E+00  0.00000000E+00  0.10000000E-01  0.10000000E+01
 0.14500200E-08  0.82041923E-02  0.00000000E+00  0.26207995E+00  0.00000000E+00  0.00000000E+00  0.19432198E+09  0.00000000E+00  0.00000000E+00  0.00000000E+00  0.00000000E+00  0.00000000E+00  0.10000000E-01  0.10000000E+01
 0.14600200E-08  0.82041923E-02  0.00000000E+00  0.26402317E+00  0.00000000E+00  0.00000000E+00  0.19432198E+09  0.00000000E+00  0.00000000E+00  0.00000000E+00  0.00000000E+00  0.00000000E+00  0.10000000E-01  0.10000000E+01
 0.14700200E-08  0.82041923E-02  0.00000000E+00  0.26596639E+00  0.00000000E+00  0.00000000E+00  0.19432198E+09  0.00000000E+00  0.00000000E+00  0.00000000E+00  0.00000000E+00  0.00000000E+00  0.10000000E-01  0.10000000E+01
 0.14800200E-08  0.82041923E-02  0.00000000E+00  0.26790961E+00  0.00000000E+00  0.00000000E+00  0.19432198E+09  0.00000000E+00  0.00000000E+00  0.00000000E+00  0.00000000E+00  0.00000000E+00  0.10000000E-01  0.10000000E+01
 0.14900200E-08  0.82041923E-02  0.00000000E+00  0.26985283E+00  0.00000000E+00  0.00000000E+00  0.19432198E+09  0.00000000E+00  0.00000000E+00  0.00000000E+00  0.00000000E+00  0.00000000E+00  0.10000000E-01  0.10000000E+01
 0.15000200E-08  0.82041923E-02  0.00000000E+00  0.27179605E+00  0.00000000E+00  0.00000000E+00  0.19432198E+09  0.00000000E+00  0.00000000E+00  0.00000000E+00  0.00000000E+00  0.00000000E+00  0.10000000E-01  0.10000000E+01
 0.15100200E-08  0.82041923E-02  0.00000000E+00  0.27373927E+00  0.00000000E+00  0.00000000E+00  0.19432198E+09  0.00000000E+00  0.00000000E+00  0.00000000E+00  0.00000000E+00  0.00000000E+00  0.10000000E-01  0.10000000E+01
 0.15200200E-08  0.82041923E-02  0.00000000E+00  0.27568249E+00  0.00000000E+00  0.00000000E+00  0.19432198E+09  0.00000000E+00  0.00000000E+00  0.00000000E+00  0.00000000E+00  0.00000000E+00  0.10000000E-01  0.10000000E+01
 0.15300200E-08  0.82041923E-02  0.00000000E+00  0.27762571E+00  0.00000000E+00  0.00000000E+00  0.19432198E+09  0.00000000E+00  0.00000000E+00  0.00000000E+00  0.00000000E+00  0.00000000E+00  0.10000000E-01  0.10000000E+01
 0.15400200E-08  0.82041923E-02  0.00000000E+00  0.27956893E+00  0.00000000E+00  0.00000000E+00  0.19432198E+09  0.00000000E+00  0.00000000E+00  0.00000000E+00  0.00000000E+00  0.00000000E+00  0.10000000E-01  0.10000000E+01
 0.15500200E-08  0.82041923E-02  0.00000000E+00  0.28151214E+00  0.00000000E+00  0.00000000E+00  0.19432198E+09  0.00000000E+00  0.00000000E+00  0.00000000E+00  0.00000000E+00  0.00000000E+00  0.10000000E-01  0.10000000E+01
 0.15600200E-08  0.82041923E-02  0.00000000E+00  0.28345536E+00  0.00000000E+00  0.00000000E+00  0.19432198E+09  0.00000000E+00  0.00000000E+00  0.00000000E+00  0.00000000E+00  0.00000000E+00  0.10000000E-01  0.10000000E+01
 0.15700200E-08  0.82041923E-02  0.00000000E+00  0.28539858E+00  0.00000000E+00  0.00000000E+00  0.19432198E+09  0.00000000E+00  0.00000000E+00  0.00000000E+00  0.00000000E+00  0.00000000E+00  0.10000000E-01  0.10000000E+01
 0.15800200E-08  0.82041923E-02  0.00000000E+00  0.28734180E+00  0.00000000E+00  0.00000000E+00  0.19432198E+09  0.00000000E+00  0.00000000E+00  0.00000000E+00  0.00000000E+00  0.00000000E+00  0.10000000E-01  0.10000000E+01
 0.15900200E-08  0.82041923E-02  0.00000000E+00  0.28928502E+00  0.00000000E+00  0.00000000E+00  0.19432198E+09  0.00000000E+00  0.00000000E+00  0.00000000E+00  0.00000000E+00  0.00000000E+00  0.10000000E-01  0.10000000E+01
 0.16000200E-08  0.82041923E-02  0.00000000E+00  0.29122824E+00  0.00000000E+00  0.00000000E+00  0.19432198E+09  0.00000000E+00  0.00000000E+00  0.00000000E+00  0.00000000E+00  0.00000000E+00  0.10000000E-01  0.10000000E+01
 0.16100200E-08  0.82041923E-02  0.00000000E+00  0.29317146E+00  0.00000000E+00  0.00000000E+00  0.19432198E+09  0.00000000E+00  0.00000000E+00  0.00000000E+00  0.00000000E+00  0.00000000E+00  0.10000000E-01  0.10000000E+01
 0.16200200E-08  0.82041923E-02  0.00000000E+00  0.29511468E+00  0.00000000E+00  0.00000000E+00  0.19432198E+09  0.00000000E+00  0.00000000E+00  0.00000000E+00  0.00000000E+00  0.00000000E+00  0.10000000E-01  0.10000000E+01
 0.16300200E-08  0.82041923E-02  0.00000000E+00  0.29705790E+00  0.00000000E+00  0.00000000E+00  0.19432198E+09  0.00000000E+00  0.00000000E+00  0.00000000E+00  0.00000000E+00  0.00000000E+00  0.10000000E-01  0.10000000E+01
 0.16400200E-08  0.82041923E-02  0.00000000E+00  0.29900112E+00  0.00000000E+00  0.00000000E+00  0.19432198E+09  0.00000000E+00  0.00000000E+00  0.00000000E+00  0.00000000E+00  0.00000000E+00  0.10000000E-01  0.10000000E+01
 0.16500200E-08  0.82041923E-02  0.00000000E+00  0.30094434E+00  0.00000000E+00  0.00000000E+00  0.19432198E+09  0.00000000E+00  0.00000000E+00  0.00000000E+00  0.00000000E+00  0.00000000E+00  0.10000000E-01  0.10000000E+01
 0.16600200E-08  0.82041923E-02  0.00000000E+00  0.30288756E+00  0.00000000E+00  0.00000000E+00  0.19432198E+09  0.00000000E+00  0.00000000E+00  0.00000000E+00  0.00000000E+00  0.00000000E+00  0.10000000E-01  0.10000000E+01
 0.16700200E-08  0.82041923E-02  0.00000000E+00  0.30483078E+00  0.00000000E+00  0.00000000E+00  0.19432198E+09  0.00000000E+00  0.00000000E+00  0.00000000E+00  0.00000000E+00  0.00000000E+00  0.10000000E-01  0.10000000E+01
 0.16800200E-08  0.82041923E-02  0.00000000E+00  0.30677400E+00  0.00000000E+00  0.00000000E+00  0.19432198E+09  0.00000000E+00  0.00000000E+00  0.00000000E+00  0.00000000E+00  0.00000000E+00  0.10000000E-01  0.10000000E+01
 0.16900200E-08  0.82041923E-02  0.00000000E+00  0.30871722E+00  0.00000000E+00  0.00000000E+00  0.19432198E+09  0.00000000E+00  0.00000000E+00  0.00000000E+00  0.00000000E+00  0.00000000E+00  0.10000000E-01  0.10000000E+01
 0.17000200E-08  0.82041923E-02  0.00000000E+00  0.31066044E+00  0.00000000E+00  0.00000000E+00  0.19432198E+09  0.00000000E+00  0.00000000E+00  0.00000000E+00  0.00000000E+00  0.00000000E+00  0.10000000E-01  0.10000000E+01
 0.17100200E-08  0.82041923E-02  0.00000000E+00  0.31260366E+00  0.00000000E+00  0.00000000E+00  0.19432198E+09  0.00000000E+00  0.00000000E+00  0.00000000E+00  0.00000000E+00  0.00000000E+00  0.10000000E-01  0.10000000E+01
 0.17200200E-08  0.82041923E-02  0.00000000E+00  0.31454688E+00  0.00000000E+00  0.00000000E+00  0.19432198E+09  0.00000000E+00  0.00000000E+00  0.00000000E+00  0.00000000E+00  0.00000000E+00  0.10000000E-01  0.10000000E+01
 0.17300200E-08  0.82041923E-02  0.00000000E+00  0.31649010E+00  0.00000000E+00  0.00000000E+00  0.19432198E+09  0.00000000E+00  0.00000000E+00  0.00000000E+00  0.00000000E+00  0.00000000E+00  0.10000000E-01  0.10000000E+01
 0.17400200E-08  0.82041923E-02  0.00000000E+00  0.31843332E+00  0.00000000E+00  0.00000000E+00  0.19432198E+09  0.00000000E+00  0.00000000E+00  0.00000000E+00  0.00000000E+00  0.00000000E+00  0.10000000E-01  0.10000000E+01
 0.17500200E-08  0.82041923E-02  0.00000000E+00  0.32037654E+00  0.00000000E+00  0.00000000E+00  0.19432198E+09  0.00000000E+00  0.00000000E+00  0.00000000E+00  0.00000000E+00  0.00000000E+00  0.10000000E-01  0.10000000E+01
 0.17600200E-08  0.82041923E-02  0.00000000E+00  0.32231976E+00  0.00000000E+00  0.00000000E+00  0.19432198E+09  0.00000000E+00  0.00000000E+00  0.00000000E+00  0.00000000E+00  0.00000000E+00  0.10000000E-01  0.10000000E+01
 0.17700200E-08  0.82041923E-02  0.00000000E+00  0.32426298E+00  0.00000000E+00  0.00000000E+00  0.19432198E+09  0.00000000E+00  0.00000000E+00  0.00000000E+00  0.00000000E+00  0.00000000E+00  0.10000000E-01  0.10000000E+01
 0.17800200E-08  0.82041923E-02  0.00000000E+00  0.32620620E+00  0.00000000E+00  0.00000000E+00  0.19432198E+09  0.00000000E+00  0.00000000E+00  0.00000000E+00  0.00000000E+00  0.00000000E+00  0.10000000E-01  0.10000000E+01
 0.17900200E-08  0.82041923E-02  0.00000000E+00  0.32814942E+00  0.00000000E+00  0.00000000E+00  0.19432198E+09  0.00000000E+00  0.00000000E+00  0.00000000E+00  0.00000000E+00  0.00000000E+00  0.10000000E-01  0.10000000E+01
 0.18000200E-08  0.82041923E-02  0.00000000E+00  0.33009264E+00  0.00000000E+00  0.00000000E+00  0.19432198E+09  0.00000000E+00  0.00000000E+00  0.00000000E+00  0.00000000E+00  0.00000000E+00  0.10000000E-01  0.10000000E+01
 0.18100200E-08  0.82041923E-02  0.00000000E+00  0.33203586E+00  0.00000000E+00  0.00000000E+00  0.19432198E+09  0.00000000E+00  0.00000000E+00  0.00000000E+00  0.00000000E+00  0.00000000E+00  0.10000000E-01  0.10000000E+01
 0.18200200E-08  0.82041923E-02  0.00000000E+00  0.33397908E+00  0.00000000E+00  0.00000000E+00  0.19432198E+09  0.00000000E+00  0.00000000E+00  0.00000000E+00  0.00000000E+00  0.00000000E+00  0.10000000E-01  0.10000000E+01
 0.18300200E-08  0.82041923E-02  0.00000000E+00  0.33592230E+00  0.00000000E+00  0.00000000E+00  0.19432198E+09  0.00000000E+00  0.00000000E+00  0.00000000E+00  0.00000000E+00  0.00000000E+00  0.10000000E-01  0.10000000E+01
 0.18400200E-08  0.82041923E-02  0.00000000E+00  0.33786552E+00  0.00000000E+00  0.00000000E+00  0.19432198E+09  0.00000000E+00  0.00000000E+00  0.00000000E+00  0.00000000E+00  0.00000000E+00  0.10000000E-01  0.10000000E+01
 0.18500200E-08  0.82041923E-02  0.00000000E+00  0.33980874E+00  0.00000000E+00  0.00000000E+00  0.19432198E+09  0.00000000E+00  0.00000000E+00  0.00000000E+00  0.00000000E+00  0.00000000E+00  0.10000000E-01  0.10000000E+01
 0.18600200E-08  0.82041923E-02  0.00000000E+00  0.34175196E+00  0.00000000E+00  0.00000000E+00  0.19432198E+09  0.00000000E+00  0.00000000E+00  0.00000000E+00  0.00000000E+00  0.00000000E+00  0.10000000E-01  0.10000000E+01
 0.18700200E-08  0.82041923E-02  0.00000000E+00  0.34369518E+00  0.00000000E+00  0.00000000E+00  0.19432198E+09  0.00000000E+00  0.00000000E+00  0.00000000E+00  0.00000000E+00  0.00000000E+00  0.10000000E-01  0.10000000E+01
 0.18800200E-08  0.82041923E-02  0.00000000E+00  0.34563840E+00  0.00000000E+00  0.00000000E+00  0.19432198E+09  0.00000000E+00  0.00000000E+00  0.00000000E+00  0.00000000E+00  0.00000000E+00  0.10000000E-01  0.10000000E+01
 0.18900200E-08  0.82041923E-02  0.00000000E+00  0.34758162E+00  0.00000000E+00  0.00000000E+00  0.19432198E+09  0.00000000E+00  0.00000000E+00  0.00000000E+00  0.00000000E+00  0.00000000E+00  0.10000000E-01  0.10000000E+01
 0.19000200E-08  0.82041923E-02  0.00000000E+00  0.34952484E+00  0.00000000E+00  0.00000000E+00  0.19432198E+09  0.00000000E+00  0.00000000E+00  0.00000000E+00  0.00000000E+00  0.00000000E+00  0.10000000E-01  0.10000000E+01
 0.19100200E-08  0.82041923E-02  0.00000000E+00  0.35146806E+00  0.00000000E+00  0.00000000E+00  0.19432198E+09  0.00000000E+00  0.00000000E+00  0.00000000E+00  0.00000000E+00  0.00000000E+00  0.10000000E-01  0.10000000E+01
 0.19200200E-08  0.82041923E-02  0.00000000E+00  0.35341128E+00  0.00000000E+00  0.00000000E+00  0.19432198E+09  0.00000000E+00  0.00000000E+00  0.00000000E+00  0.00000000E+00  0.00000000E+00  0.10000000E-01  0.10000000E+01
 0.19300200E-08  0.82041923E-02  0.00000000E+00  0.35535450E+00  0.00000000E+00  0.00000000E+00  0.19432198E+09  0.00000000E+00  0.00000000E+00  0.00000000E+00  0.00000000E+00  0.00000000E+00  0.10000000E-01  0.10000000E+01
 0.19400200E-08  0.82041923E-02  0.00000000E+00  0.35729772E+00  0.00000000E+00  0.00000000E+00  0.19432198E+09  0.00000000E+00  0.00000000E+00  0.00000000E+00  0.00000000E+00  0.00000000E+00  0.10000000E-01  0.10000000E+01
 0.19500200E-08  0.82041923E-02  0.00000000E+00  0.35924094E+00  0.00000000E+00  0.00000000E+00  0.19432198E+09  0.00000000E+00  0.00000000E+00  0.00000000E+00  0.00000000E+00  0.00000000E+00  0.10000000E-01  0.10000000E+01
 0.19600200E-08  0.82041923E-02  0.00000000E+00  0.36118416E+00  0.00000000E+00  0.00000000E+00  0.19432198E+09  0.00000000E+00  0.00000000E+00  0.00000000E+00  0.00000000E+00  0.00000000E+00  0.10000000E-01  0.10000000E+01
 0.19700200E-08  0.82041923E-02  0.00000000E+00  0.36312738E+00  0.00000000E+00  0.00000000E+00  0.19432198E+09  0.00000000E+00  0.00000000E+00  0.00000000E+00  0.00000000E+00  0.00000000E+00  0.10000000E-01  0.10000000E+01
 0.19800200E-08  0.82041923E-02  0.00000000E+00  0.36507059E+00  0.00000000E+00  0.00000000E+00  0.19432198E+09  0.00000000E+00  0.00000000E+00  0.00000000E+00  0.00000000E+00  0.00000000E+00  0.10000000E-01  0.10000000E+01
 0.19900200E-08  0.82041923E-02  0.00000000E+00  0.36701381E+00  0.00000000E+00  0.00000000E+00  0.19432198E+09  0.00000000E+00  0.00000000E+00  0.00000000E+00  0.00000000E+00  0.00000000E+00  0.10000000E-01  0.10000000E+01
