# ptime xp yp zp vx vy vz ex ey ez bx by bz wt
 0.20000000E-13  0.90494939E-02  0.00000000E+00 -0.10617734E-01  0.00000000E+00  0.00000000E+00  0.19554864E+09  0.00000000E+00  0.00000000E+00  0.00000000E+00  0.00000000E+00  0.00000000E+00  0.10000000E-01  0.10000000E+01
 0.10000000E-10  0.90494939E-02  0.00000000E+00 -0.86661585E-02  0.00000000E+00  0.00000000E+00  0.19554864E+09  0.00000000E+00  0.00000000E+00  0.00000000E+00  0.00000000E+00  0.00000000E+00  0.10000000E-01  0.10000000E+01
 0.20000000E-10  0.90494939E-02  0.00000000E+00 -0.67106721E-02  0.00000000E+00  0.00000000E+00  0.19554864E+09  0.00000000E+00  0.00000000E+00  0.00000000E+00  0.00000000E+00  0.00000000E+00  0.10000000E-01  0.10000000E+01
 0.30000000E-10  0.90494939E-02  0.00000000E+00 -0.47551858E-02  0.00000000E+00  0.00000000E+00  0.19554864E+09  0.00000000E+00  0.00000000E+00  0.00000000E+00  0.00000000E+00  0.00000000E+00  0.10000000E-01  0.10000000E+01
 0.40020000E-10  0.90494939E-02  0.00000000E+00 -0.27957884E-02  0.00000000E+00  0.00000000E+00  0.19554864E+09  0.00000000E+00  0.00000000E+00  0.00000000E+00  0.00000000E+00  0.00000000E+00  0.10000000E-01  0.10000000E+01
 0.50020000E-10  0.90494939E-02  0.00000000E+00 -0.84030203E-03  0.00000000E+00  0.00000000E+00  0.19554864E+09  0.00000000E+00  0.00000000E+00  0.00000000E+00  0.00000000E+00  0.00000000E+00  0.10000000E-01  0.10000000E+01
 0.60020000E-10  0.90494939E-02  0.00000000E+00  0.11151844E-02  0.00000000E+00  0.00000000E+00  0.19554864E+09  0.00000000E+00  0.00000000E+00  0.00000000E+00  0.00000000E+00  0.00000000E+00  0.10000000E-01  0.10000000E+01
 0.70020000E-10  0.90494939E-02  0.00000000E+00  0.30706707E-02  0.00000000E+00  0.00000000E+00  0.19554864E+09  0.00000000E+00  0.00000000E+00  0.00000000E+00  0.00000000E+00  0.00000000E+00  0.10000000E-01  0.10000000E+01
 0.80000000E-10  0.90494939E-02  0.00000000E+00  0.50222461E-02  0.00000000E+00  0.00000000E+00  0.19554864E+09  0.00000000E+00  0.00000000E+00  0.00000000E+00  0.00000000E+00  0.00000000E+00  0.10000000E-01  0.10000000E+01
 0.90000000E-10  0.90494939E-02  0.00000000E+00  0.69777325E-02  0.00000000E+00  0.00000000E+00  0.19554864E+09  0.00000000E+00  0.00000000E+00  0.00000000E+00  0.00000000E+00  0.00000000E+00  0.10000000E-01  0.10000000E+01
 0.10000000E-09  0.90494939E-02  0.00000000E+00  0.89332189E-02  0.00000000E+00  0.00000000E+00  0.19554864E+09  0.00000000E+00  0.00000000E+00  0.00000000E+00  0.00000000E+00  0.00000000E+00  0.10000000E-01  0.10000000E+01
 0.11000000E-09  0.90494939E-02  0.00000000E+00  0.10888705E-01  0.00000000E+00  0.00000000E+00  0.19554864E+09  0.00000000E+00  0.00000000E+00  0.00000000E+00  0.00000000E+00  0.00000000E+00  0.10000000E-01  0.10000000E+01
 0.12000000E-09  0.90494939E-02  0.00000000E+00  0.12844192E-01  0.00000000E+00  0.00000000E+00  0.19554864E+09  0.00000000E+00  0.00000000E+00  0.00000000E+00  0.00000000E+00  0.00000000E+00  0.10000000E-01  0.10000000E+01
 0.13000000E-09  0.90494939E-02  0.00000000E+00  0.14799678E-01  0.00000000E+00  0.00000000E+00  0.19554864E+09  0.00000000E+00  0.00000000E+00  0.00000000E+00  0.00000000E+00  0.00000000E+00  0.10000000E-01  0.10000000E+01
 0.14002000E-09  0.90494939E-02  0.00000000E+00  0.16759075E-01  0.00000000E+00  0.00000000E+00  0.19554864E+09  0.00000000E+00  0.00000000E+00  0.00000000E+00  0.00000000E+00  0.00000000E+00  0.10000000E-01  0.10000000E+01
 0.15002000E-09  0.90494939E-02  0.00000000E+00  0.18714562E-01  0.00000000E+00  0.00000000E+00  0.19554864E+09  0.00000000E+00  0.00000000E+00  0.00000000E+00  0.00000000E+00  0.00000000E+00  0.10000000E-01  0.10000000E+01
 0.16002000E-09  0.90494939E-02  0.00000000E+00  0.20670048E-01  0.00000000E+00  0.00000000E+00  0.19554864E+09  0.00000000E+00  0.00000000E+00  0.00000000E+00  0.00000000E+00  0.00000000E+00  0.10000000E-01  0.10000000E+01
 0.17002000E-09  0.90494939E-02  0.00000000E+00  0.22625535E-01  0.00000000E+00  0.00000000E+00  0.19554864E+09  0.00000000E+00  0.00000000E+00  0.00000000E+00  0.00000000E+00  0.00000000E+00  0.10000000E-01  0.10000000E+01
 0.18002000E-09  0.90494939E-02  0.00000000E+00  0.24581021E-01  0.00000000E+00  0.00000000E+00  0.19554864E+09  0.00000000E+00  0.00000000E+00  0.00000000E+00  0.00000000E+00  0.00000000E+00  0.10000000E-01  0.10000000E+01
 0.19002000E-09  0.90494939E-02  0.00000000E+00  0.26536507E-01  0.00000000E+00  0.00000000E+00  0.19554864E+09  0.00000000E+00  0.00000000E+00  0.00000000E+00  0.00000000E+00  0.00000000E+00  0.10000000E-01  0.10000000E+01
 0.20002000E-09  0.90494939E-02  0.00000000E+00  0.28491994E-01  0.00000000E+00  0.00000000E+00  0.19554864E+09  0.00000000E+00  0.00000000E+00  0.00000000E+00  0.00000000E+00  0.00000000E+00  0.10000000E-01  0.10000000E+01
 0.21002000E-09  0.90494939E-02  0.00000000E+00  0.30447480E-01  0.00000000E+00  0.00000000E+00  0.19554864E+09  0.00000000E+00  0.00000000E+00  0.00000000E+00  0.00000000E+00  0.00000000E+00  0.10000000E-01  0.10000000E+01
 0.22002000E-09  0.90494939E-02  0.00000000E+00  0.32402966E-01  0.00000000E+00  0.00000000E+00  0.19554864E+09  0.00000000E+00  0.00000000E+00  0.00000000E+00  0.00000000E+00  0.00000000E+00  0.10000000E-01  0.10000000E+01
 0.23002000E-09  0.90494939E-02  0.00000000E+00  0.34358453E-01  0.00000000E+00  0.00000000E+00  0.19554864E+09  0.00000000E+00  0.00000000E+00  0.00000000E+00  0.00000000E+00  0.00000000E+00  0.10000000E-01  0.10000000E+01
 0.24002000E-09  0.90494939E-02  0.00000000E+00  0.36313939E-01  0.00000000E+00  0.00000000E+00  0.19554864E+09  0.00000000E+00  0.00000000E+00  0.00000000E+00  0.00000000E+00  0.00000000E+00  0.10000000E-01  0.10000000E+01
 0.25002000E-09  0.90494939E-02  0.00000000E+00  0.38269426E-01  0.00000000E+00  0.00000000E+00  0.19554864E+09  0.00000000E+00  0.00000000E+00  0.00000000E+00  0.00000000E+00  0.00000000E+00  0.10000000E-01  0.10000000E+01
 0.26002000E-09  0.90494939E-02  0.00000000E+00  0.40224912E-01  0.00000000E+00  0.00000000E+00  0.19554864E+09  0.00000000E+00  0.00000000E+00  0.00000000E+00  0.00000000E+00  0.00000000E+00  0.10000000E-01  0.10000000E+01
 0.27002000E-09  0.90494939E-02  0.00000000E+00  0.42180398E-01  0.00000000E+00  0.00000000E+00  0.19554864E+09  0.00000000E+00  0.00000000E+00  0.00000000E+00  0.00000000E+00  0.00000000E+00  0.10000000E-01  0.10000000E+01
 0.28002000E-09  0.90494939E-02  0.00000000E+00  0.44135885E-01  0.00000000E+00  0.00000000E+00  0.19554864E+09  0.00000000E+00  0.00000000E+00  0.00000000E+00  0.00000000E+00  0.00000000E+00  0.10000000E-01  0.10000000E+01
 0.29002000E-09  0.90494939E-02  0.00000000E+00  0.46091371E-01  0.00000000E+00  0.00000000E+00  0.19554864E+09  0.00000000E+00  0.00000000E+00  0.00000000E+00  0.00000000E+00  0.00000000E+00  0.10000000E-01  0.10000000E+01
 0.30000000E-09  0.90494939E-02  0.00000000E+00  0.48042947E-01  0.00000000E+00  0.00000000E+00  0.19554864E+09  0.00000000E+00  0.00000000E+00  0.00000000E+00  0.00000000E+00  0.00000000E+00  0.10000000E-01  0.10000000E+01
 0.31000000E-09  0.90494939E-02  0.00000000E+00  0.49998433E-01  0.00000000E+00  0.00000000E+00  0.19554864E+09  0.00000000E+00  0.00000000E+00  0.00000000E+00  0.00000000E+00  0.00000000E+00  0.10000000E-01  0.10000000E+01
 0.32000000E-09  0.90494939E-02  0.00000000E+00  0.51953919E-01  0.00000000E+00  0.00000000E+00  0.19554864E+09  0.00000000E+00  0.00000000E+00  0.00000000E+00  0.00000000E+00  0.00000000E+00  0.10000000E-01  0.10000000E+01
 0.33000000E-09  0.90494939E-02  0.00000000E+00  0.53909406E-01  0.00000000E+00  0.00000000E+00  0.19554864E+09  0.00000000E+00  0.00000000E+00  0.00000000E+00  0.00000000E+00  0.00000000E+00  0.10000000E-01  0.10000000E+01
 0.34000000E-09  0.90494939E-02  0.00000000E+00  0.55864892E-01  0.00000000E+00  0.00000000E+00  0.19554864E+09  0.00000000E+00  0.00000000E+00  0.00000000E+00  0.00000000E+00  0.00000000E+00  0.10000000E-01  0.10000000E+01
 0.35000000E-09  0.90494939E-02  0.00000000E+00  0.57820378E-01  0.00000000E+00  0.00000000E+00  0.19554864E+09  0.00000000E+00  0.00000000E+00  0.00000000E+00  0.00000000E+00  0.00000000E+00  0.10000000E-01  0.10000000E+01
 0.36000000E-09  0.90494939E-02  0.00000000E+00  0.59775865E-01  0.00000000E+00  0.00000000E+00  0.19554864E+09  0.00000000E+00  0.00000000E+00  0.00000000E+00  0.00000000E+00  0.00000000E+00  0.10000000E-01  0.10000000E+01
 0.37000000E-09  0.90494939E-02  0.00000000E+00  0.61731351E-01  0.00000000E+00  0.00000000E+00  0.19554864E+09  0.00000000E+00  0.00000000E+00  0.00000000E+00  0.00000000E+00  0.00000000E+00  0.10000000E-01  0.10000000E+01
 0.38000000E-09  0.90494939E-02  0.00000000E+00  0.63686838E-01  0.00000000E+00  0.00000000E+00  0.19554864E+09  0.00000000E+00  0.00000000E+00  0.00000000E+00  0.00000000E+00  0.00000000E+00  0.10000000E-01  0.10000000E+01
 0.39000000E-09  0.90494939E-02  0.00000000E+00  0.65642324E-01  0.00000000E+00  0.00000000E+00  0.19554864E+09  0.00000000E+00  0.00000000E+00  0.00000000E+00  0.00000000E+00  0.00000000E+00  0.10000000E-01  0.10000000E+01
 0.40000000E-09  0.90494939E-02  0.00000000E+00  0.67597810E-01  0.00000000E+00  0.00000000E+00  0.19554864E+09  0.00000000E+00  0.00000000E+00  0.00000000E+00  0.00000000E+00  0.00000000E+00  0.10000000E-01  0.10000000E+01
 0.41000000E-09  0.90494939E-02  0.00000000E+00  0.69553297E-01  0.00000000E+00  0.00000000E+00  0.19554864E+09  0.00000000E+00  0.00000000E+00  0.00000000E+00  0.00000000E+00  0.00000000E+00  0.10000000E-01  0.10000000E+01
 0.42000000E-09  0.90494939E-02  0.00000000E+00  0.71508783E-01  0.00000000E+00  0.00000000E+00  0.19554864E+09  0.00000000E+00  0.00000000E+00  0.00000000E+00  0.00000000E+00  0.00000000E+00  0.10000000E-01  0.10000000E+01
 0.43000000E-09  0.90494939E-02  0.00000000E+00  0.73464269E-01  0.00000000E+00  0.00000000E+00  0.19554864E+09  0.00000000E+00  0.00000000E+00  0.00000000E+00  0.00000000E+00  0.00000000E+00  0.10000000E-01  0.10000000E+01
 0.44000000E-09  0.90494939E-02  0.00000000E+00  0.75419756E-01  0.00000000E+00  0.00000000E+00  0.19554864E+09  0.00000000E+00  0.00000000E+00  0.00000000E+00  0.00000000E+00  0.00000000E+00  0.10000000E-01  0.10000000E+01
 0.45000000E-09  0.90494939E-02  0.00000000E+00  0.77375242E-01  0.00000000E+00  0.00000000E+00  0.19554864E+09  0.00000000E+00  0.00000000E+00  0.00000000E+00  0.00000000E+00  0.00000000E+00  0.10000000E-01  0.10000000E+01
 0.46000000E-09  0.90494939E-02  0.00000000E+00  0.79330729E-01  0.00000000E+00  0.00000000E+00  0.19554864E+09  0.00000000E+00  0.00000000E+00  0.00000000E+00  0.00000000E+00  0.00000000E+00  0.10000000E-01  0.10000000E+01
 0.47000000E-09  0.90494939E-02  0.00000000E+00  0.81286215E-01  0.00000000E+00  0.00000000E+00  0.19554864E+09  0.00000000E+00  0.00000000E+00  0.00000000E+00  0.00000000E+00  0.00000000E+00  0.10000000E-01  0.10000000E+01
 0.48000000E-09  0.90494939E-02  0.00000000E+00  0.83241701E-01  0.00000000E+00  0.00000000E+00  0.19554864E+09  0.00000000E+00  0.00000000E+00  0.00000000E+00  0.00000000E+00  0.00000000E+00  0.10000000E-01  0.10000000E+01
 0.49000000E-09  0.90494939E-02  0.00000000E+00  0.85197188E-01  0.00000000E+00  0.00000000E+00  0.19554864E+09  0.00000000E+00  0.00000000E+00  0.00000000E+00  0.00000000E+00  0.00000000E+00  0.10000000E-01  0.10000000E+01
 0.50000000E-09  0.90494939E-02  0.00000000E+00  0.87152674E-01  0.00000000E+00  0.00000000E+00  0.19554864E+09  0.00000000E+00  0.00000000E+00  0.00000000E+00  0.00000000E+00  0.00000000E+00  0.10000000E-01  0.10000000E+01
 0.51000000E-09  0.90494939E-02  0.00000000E+00  0.89108160E-01  0.00000000E+00  0.00000000E+00  0.19554864E+09  0.00000000E+00  0.00000000E+00  0.00000000E+00  0.00000000E+00  0.00000000E+00  0.10000000E-01  0.10000000E+01
 0.52000000E-09  0.90494939E-02  0.00000000E+00  0.91063647E-01  0.00000000E+00  0.00000000E+00  0.19554864E+09  0.00000000E+00  0.00000000E+00  0.00000000E+00  0.00000000E+00  0.00000000E+00  0.10000000E-01  0.10000000E+01
 0.53000000E-09  0.90494939E-02  0.00000000E+00  0.93019133E-01  0.00000000E+00  0.00000000E+00  0.19554864E+09  0.00000000E+00  0.00000000E+00  0.00000000E+00  0.00000000E+00  0.00000000E+00  0.10000000E-01  0.10000000E+01
 0.54000000E-09  0.90494939E-02  0.00000000E+00  0.94974620E-01  0.00000000E+00  0.00000000E+00  0.19554864E+09  0.00000000E+00  0.00000000E+00  0.00000000E+00  0.00000000E+00  0.00000000E+00  0.10000000E-01  0.10000000E+01
 0.55002000E-09  0.90494939E-02  0.00000000E+00  0.96934017E-01  0.00000000E+00  0.00000000E+00  0.19554864E+09  0.00000000E+00  0.00000000E+00  0.00000000E+00  0.00000000E+00  0.00000000E+00  0.10000000E-01  0.10000000E+01
 0.56002000E-09  0.90494939E-02  0.00000000E+00  0.98889503E-01  0.00000000E+00  0.00000000E+00  0.19554864E+09  0.00000000E+00  0.00000000E+00  0.00000000E+00  0.00000000E+00  0.00000000E+00  0.10000000E-01  0.10000000E+01
 0.57002000E-09  0.90494939E-02  0.00000000E+00  0.10084499E+00  0.00000000E+00  0.00000000E+00  0.19554864E+09  0.00000000E+00  0.00000000E+00  0.00000000E+00  0.00000000E+00  0.00000000E+00  0.10000000E-01  0.10000000E+01
 0.58002000E-09  0.90494939E-02  0.00000000E+00  0.10280048E+00  0.00000000E+00  0.00000000E+00  0.19554864E+09  0.00000000E+00  0.00000000E+00  0.00000000E+00  0.00000000E+00  0.00000000E+00  0.10000000E-01  0.10000000E+01
 0.59002000E-09  0.90494939E-02  0.00000000E+00  0.10475596E+00  0.00000000E+00  0.00000000E+00  0.19554864E+09  0.00000000E+00  0.00000000E+00  0.00000000E+00  0.00000000E+00  0.00000000E+00  0.10000000E-01  0.10000000E+01
 0.60002000E-09  0.90494939E-02  0.00000000E+00  0.10671145E+00  0.00000000E+00  0.00000000E+00  0.19554864E+09  0.00000000E+00  0.00000000E+00  0.00000000E+00  0.00000000E+00  0.00000000E+00  0.10000000E-01  0.10000000E+01
 0.61002000E-09  0.90494939E-02  0.00000000E+00  0.10866694E+00  0.00000000E+00  0.00000000E+00  0.19554864E+09  0.00000000E+00  0.00000000E+00  0.00000000E+00  0.00000000E+00  0.00000000E+00  0.10000000E-01  0.10000000E+01
 0.62002000E-09  0.90494939E-02  0.00000000E+00  0.11062242E+00  0.00000000E+00  0.00000000E+00  0.19554864E+09  0.00000000E+00  0.00000000E+00  0.00000000E+00  0.00000000E+00  0.00000000E+00  0.10000000E-01  0.10000000E+01
 0.63002000E-09  0.90494939E-02  0.00000000E+00  0.11257791E+00  0.00000000E+00  0.00000000E+00  0.19554864E+09  0.00000000E+00  0.00000000E+00  0.00000000E+00  0.00000000E+00  0.00000000E+00  0.10000000E-01  0.10000000E+01
 0.64002000E-09  0.90494939E-02  0.00000000E+00  0.11453339E+00  0.00000000E+00  0.00000000E+00  0.19554864E+09  0.00000000E+00  0.00000000E+00  0.00000000E+00  0.00000000E+00  0.00000000E+00  0.10000000E-01  0.10000000E+01
 0.65002000E-09  0.90494939E-02  0.00000000E+00  0.11648888E+00  0.00000000E+00  0.00000000E+00  0.19554864E+09  0.00000000E+00  0.00000000E+00  0.00000000E+00  0.00000000E+00  0.00000000E+00  0.10000000E-01  0.10000000E+01
 0.66002000E-09  0.90494939E-02  0.00000000E+00  0.11844437E+00  0.00000000E+00  0.00000000E+00  0.19554864E+09  0.00000000E+00  0.00000000E+00  0.00000000E+00  0.00000000E+00  0.00000000E+00  0.10000000E-01  0.10000000E+01
 0.67002000E-09  0.90494939E-02  0.00000000E+00  0.12039985E+00  0.00000000E+00  0.00000000E+00  0.19554864E+09  0.00000000E+00  0.00000000E+00  0.00000000E+00  0.00000000E+00  0.00000000E+00  0.10000000E-01  0.10000000E+01
 0.68002000E-09  0.90494939E-02  0.00000000E+00  0.12235534E+00  0.00000000E+00  0.00000000E+00  0.19554864E+09  0.00000000E+00  0.00000000E+00  0.00000000E+00  0.00000000E+00  0.00000000E+00  0.10000000E-01  0.10000000E+01
 0.69002000E-09  0.90494939E-02  0.00000000E+00  0.12431083E+00  0.00000000E+00  0.00000000E+00  0.19554864E+09  0.00000000E+00  0.00000000E+00  0.00000000E+00  0.00000000E+00  0.00000000E+00  0.10000000E-01  0.10000000E+01
 0.70002000E-09  0.90494939E-02  0.00000000E+00  0.12626631E+00  0.00000000E+00  0.00000000E+00  0.19554864E+09  0.00000000E+00  0.00000000E+00  0.00000000E+00  0.00000000E+00  0.00000000E+00  0.10000000E-01  0.10000000E+01
 0.71002000E-09  0.90494939E-02  0.00000000E+00  0.12822180E+00  0.00000000E+00  0.00000000E+00  0.19554864E+09  0.00000000E+00  0.00000000E+00  0.00000000E+00  0.00000000E+00  0.00000000E+00  0.10000000E-01  0.10000000E+01
 0.72002000E-09  0.90494939E-02  0.00000000E+00  0.13017729E+00  0.00000000E+00  0.00000000E+00  0.19554864E+09  0.00000000E+00  0.00000000E+00  0.00000000E+00  0.00000000E+00  0.00000000E+00  0.10000000E-01  0.10000000E+01
 0.73002000E-09  0.90494939E-02  0.00000000E+00  0.13213277E+00  0.00000000E+00  0.00000000E+00  0.19554864E+09  0.00000000E+00  0.00000000E+00  0.00000000E+00  0.00000000E+00  0.00000000E+00  0.10000000E-01  0.10000000E+01
 0.74002000E-09  0.90494939E-02  0.00000000E+00  0.13408826E+00  0.00000000E+00  0.00000000E+00  0.19554864E+09  0.00000000E+00  0.00000000E+00  0.00000000E+00  0.00000000E+00  0.00000000E+00  0.10000000E-01  0.10000000E+01
 0.75002000E-09  0.90494939E-02  0.00000000E+00  0.13604374E+00  0.00000000E+00  0.00000000E+00  0.19554864E+09  0.00000000E+00  0.00000000E+00  0.00000000E+00  0.00000000E+00  0.00000000E+00  0.10000000E-01  0.10000000E+01
 0.76002000E-09  0.90494939E-02  0.00000000E+00  0.13799923E+00  0.00000000E+00  0.00000000E+00  0.19554864E+09  0.00000000E+00  0.00000000E+00  0.00000000E+00  0.00000000E+00  0.00000000E+00  0.10000000E-01  0.10000000E+01
 0.77002000E-09  0.90494939E-02  0.00000000E+00  0.13995472E+00  0.00000000E+00  0.00000000E+00  0.19554864E+09  0.00000000E+00  0.00000000E+00  0.00000000E+00  0.00000000E+00  0.00000000E+00  0.10000000E-01  0.10000000E+01
 0.78002000E-09  0.90494939E-02  0.00000000E+00  0.14191020E+00  0.00000000E+00  0.00000000E+00  0.19554864E+09  0.00000000E+00  0.00000000E+00  0.00000000E+00  0.00000000E+00  0.00000000E+00  0.10000000E-01  0.10000000E+01
 0.79002000E-09  0.90494939E-02  0.00000000E+00  0.14386569E+00  0.00000000E+00  0.00000000E+00  0.19554864E+09  0.00000000E+00  0.00000000E+00  0.00000000E+00  0.00000000E+00  0.00000000E+00  0.10000000E-01  0.10000000E+01
 0.80002000E-09  0.90494939E-02  0.00000000E+00  0.14582118E+00  0.00000000E+00  0.00000000E+00  0.19554864E+09  0.00000000E+00  0.00000000E+00  0.00000000E+00  0.00000000E+00  0.00000000E+00  0.10000000E-01  0.10000000E+01
 0.81002000E-09  0.90494939E-02  0.00000000E+00  0.14777666E+00  0.00000000E+00  0.00000000E+00  0.19554864E+09  0.00000000E+00  0.00000000E+00  0.00000000E+00  0.00000000E+00  0.00000000E+00  0.10000000E-01  0.10000000E+01
 0.82002000E-09  0.90494939E-02  0.00000000E+00  0.14973215E+00  0.00000000E+00  0.00000000E+00  0.19554864E+09  0.00000000E+00  0.00000000E+00  0.00000000E+00  0.00000000E+00  0.00000000E+00  0.10000000E-01  0.10000000E+01
 0.83002000E-09  0.90494939E-02  0.00000000E+00  0.15168764E+00  0.00000000E+00  0.00000000E+00  0.19554864E+09  0.00000000E+00  0.00000000E+00  0.00000000E+00  0.00000000E+00  0.00000000E+00  0.10000000E-01  0.10000000E+01
 0.84002000E-09  0.90494939E-02  0.00000000E+00  0.15364312E+00  0.00000000E+00  0.00000000E+00  0.19554864E+09  0.00000000E+00  0.00000000E+00  0.00000000E+00  0.00000000E+00  0.00000000E+00  0.10000000E-01  0.10000000E+01
 0.85002000E-09  0.90494939E-02  0.00000000E+00  0.15559861E+00  0.00000000E+00  0.00000000E+00  0.19554864E+09  0.00000000E+00  0.00000000E+00  0.00000000E+00  0.00000000E+00  0.00000000E+00  0.10000000E-01  0.10000000E+01
 0.86002000E-09  0.90494939E-02  0.00000000E+00  0.15755409E+00  0.00000000E+00  0.00000000E+00  0.19554864E+09  0.00000000E+00  0.00000000E+00  0.00000000E+00  0.00000000E+00  0.00000000E+00  0.10000000E-01  0.10000000E+01
 0.87002000E-09  0.90494939E-02  0.00000000E+00  0.15950958E+00  0.00000000E+00  0.00000000E+00  0.19554864E+09  0.00000000E+00  0.00000000E+00  0.00000000E+00  0.00000000E+00  0.00000000E+00  0.10000000E-01  0.10000000E+01
 0.88002000E-09  0.90494939E-02  0.00000000E+00  0.16146507E+00  0.00000000E+00  0.00000000E+00  0.19554864E+09  0.00000000E+00  0.00000000E+00  0.00000000E+00  0.00000000E+00  0.00000000E+00  0.10000000E-01  0.10000000E+01
 0.89002000E-09  0.90494939E-02  0.00000000E+00  0.16342055E+00  0.00000000E+00  0.00000000E+00  0.19554864E+09  0.00000000E+00  0.00000000E+00  0.00000000E+00  0.00000000E+00  0.00000000E+00  0.10000000E-01  0.10000000E+01
 0.90002000E-09  0.90494939E-02  0.00000000E+00  0.16537604E+00  0.00000000E+00  0.00000000E+00  0.19554864E+09  0.00000000E+00  0.00000000E+00  0.00000000E+00  0.00000000E+00  0.00000000E+00  0.10000000E-01  0.10000000E+01
 0.91002000E-09  0.90494939E-02  0.00000000E+00  0.16733153E+00  0.00000000E+00  0.00000000E+00  0.19554864E+09  0.00000000E+00  0.00000000E+00  0.00000000E+00  0.00000000E+00  0.00000000E+00  0.10000000E-01  0.10000000E+01
 0.92002000E-09  0.90494939E-02  0.00000000E+00  0.16928701E+00  0.00000000E+00  0.00000000E+00  0.19554864E+09  0.00000000E+00  0.00000000E+00  0.00000000E+00  0.00000000E+00  0.00000000E+00  0.10000000E-01  0.10000000E+01
 0.93002000E-09  0.90494939E-02  0.00000000E+00  0.17124250E+00  0.00000000E+00  0.00000000E+00  0.19554864E+09  0.00000000E+00  0.00000000E+00  0.00000000E+00  0.00000000E+00  0.00000000E+00  0.10000000E-01  0.10000000E+01
 0.94002000E-09  0.90494939E-02  0.00000000E+00  0.17319799E+00  0.00000000E+00  0.00000000E+00  0.19554864E+09  0.00000000E+00  0.00000000E+00  0.00000000E+00  0.00000000E+00  0.00000000E+00  0.10000000E-01  0.10000000E+01
 0.95002000E-09  0.90494939E-02  0.00000000E+00  0.17515347E+00  0.00000000E+00  0.00000000E+00  0.19554864E+09  0.00000000E+00  0.00000000E+00  0.00000000E+00  0.00000000E+00  0.00000000E+00  0.10000000E-01  0.10000000E+01
 0.96002000E-09  0.90494939E-02  0.00000000E+00  0.17710896E+00  0.00000000E+00  0.00000000E+00  0.19554864E+09  0.00000000E+00  0.00000000E+00  0.00000000E+00  0.00000000E+00  0.00000000E+00  0.10000000E-01  0.10000000E+01
 0.97002000E-09  0.90494939E-02  0.00000000E+00  0.17906444E+00  0.00000000E+00  0.00000000E+00  0.19554864E+09  0.00000000E+00  0.00000000E+00  0.00000000E+00  0.00000000E+00  0.00000000E+00  0.10000000E-01  0.10000000E+01
 0.98002000E-09  0.90494939E-02  0.00000000E+00  0.18101993E+00  0.00000000E+00  0.00000000E+00  0.19554864E+09  0.00000000E+00  0.00000000E+00  0.00000000E+00  0.00000000E+00  0.00000000E+00  0.10000000E-01  0.10000000E+01
 0.99002000E-09  0.90494939E-02  0.00000000E+00  0.18297542E+00  0.00000000E+00  0.00000000E+00  0.19554864E+09  0.00000000E+00  0.00000000E+00  0.00000000E+00  0.00000000E+00  0.00000000E+00  0.10000000E-01  0.10000000E+01
 0.10000200E-08  0.90494939E-02  0.00000000E+00  0.18493090E+00  0.00000000E+00  0.00000000E+00  0.19554864E+09  0.00000000E+00  0.00000000E+00  0.00000000E+00  0.00000000E+00  0.00000000E+00  0.10000000E-01  0.10000000E+01
 0.10100200E-08  0.90494939E-02  0.00000000E+00  0.18688639E+00  0.00000000E+00  0.00000000E+00  0.19554864E+09  0.00000000E+00  0.00000000E+00  0.00000000E+00  0.00000000E+00  0.00000000E+00  0.10000000E-01  0.10000000E+01
 0.10200200E-08  0.90494939E-02  0.00000000E+00  0.18884188E+00  0.00000000E+00  0.00000000E+00  0.19554864E+09  0.00000000E+00  0.00000000E+00  0.00000000E+00  0.00000000E+00  0.00000000E+00  0.10000000E-01  0.10000000E+01
 0.10300200E-08  0.90494939E-02  0.00000000E+00  0.19079736E+00  0.00000000E+00  0.00000000E+00  0.19554864E+09  0.00000000E+00  0.00000000E+00  0.00000000E+00  0.00000000E+00  0.00000000E+00  0.10000000E-01  0.10000000E+01
 0.10400200E-08  0.90494939E-02  0.00000000E+00  0.19275285E+00  0.00000000E+00  0.00000000E+00  0.19554864E+09  0.00000000E+00  0.00000000E+00  0.00000000E+00  0.00000000E+00  0.00000000E+00  0.10000000E-01  0.10000000E+01
 0.10500200E-08  0.90494939E-02  0.00000000E+00  0.19470834E+00  0.00000000E+00  0.00000000E+00  0.19554864E+09  0.00000000E+00  0.00000000E+00  0.00000000E+00  0.00000000E+00  0.00000000E+00  0.10000000E-01  0.10000000E+01
 0.10600200E-08  0.90494939E-02  0.00000000E+00  0.19666382E+00  0.00000000E+00  0.00000000E+00  0.19554864E+09  0.00000000E+00  0.00000000E+00  0.00000000E+00  0.00000000E+00  0.00000000E+00  0.10000000E-01  0.10000000E+01
 0.10700200E-08  0.90494939E-02  0.00000000E+00  0.19861931E+00  0.00000000E+00  0.00000000E+00  0.19554864E+09  0.00000000E+00  0.00000000E+00  0.00000000E+00  0.00000000E+00  0.00000000E+00  0.10000000E-01  0.10000000E+01
 0.10800200E-08  0.90494939E-02  0.00000000E+00  0.20057480E+00  0.00000000E+00  0.00000000E+00  0.19554864E+09  0.00000000E+00  0.00000000E+00  0.00000000E+00  0.00000000E+00  0.00000000E+00  0.10000000E-01  0.10000000E+01
 0.10900200E-08  0.90494939E-02  0.00000000E+00  0.20253028E+00  0.00000000E+00  0.00000000E+00  0.19554864E+09  0.00000000E+00  0.00000000E+00  0.00000000E+00  0.00000000E+00  0.00000000E+00  0.10000000E-01  0.10000000E+01
 0.11000200E-08  0.90494939E-02  0.00000000E+00  0.20448577E+00  0.00000000E+00  0.00000000E+00  0.19554864E+09  0.00000000E+00  0.00000000E+00  0.00000000E+00  0.00000000E+00  0.00000000E+00  0.10000000E-01  0.10000000E+01
 0.11100200E-08  0.90494939E-02  0.00000000E+00  0.20644125E+00  0.00000000E+00  0.00000000E+00  0.19554864E+09  0.00000000E+00  0.00000000E+00  0.00000000E+00  0.00000000E+00  0.00000000E+00  0.10000000E-01  0.10000000E+01
 0.11200200E-08  0.90494939E-02  0.00000000E+00  0.20839674E+00  0.00000000E+00  0.00000000E+00  0.19554864E+09  0.00000000E+00  0.00000000E+00  0.00000000E+00  0.00000000E+00  0.00000000E+00  0.10000000E-01  0.10000000E+01
 0.11300200E-08  0.90494939E-02  0.00000000E+00  0.21035223E+00  0.00000000E+00  0.00000000E+00  0.19554864E+09  0.00000000E+00  0.00000000E+00  0.00000000E+00  0.00000000E+00  0.00000000E+00  0.10000000E-01  0.10000000E+01
 0.11400200E-08  0.90494939E-02  0.00000000E+00  0.21230771E+00  0.00000000E+00  0.00000000E+00  0.19554864E+09  0.00000000E+00  0.00000000E+00  0.00000000E+00  0.00000000E+00  0.00000000E+00  0.10000000E-01  0.10000000E+01
 0.11500200E-08  0.90494939E-02  0.00000000E+00  0.21426320E+00  0.00000000E+00  0.00000000E+00  0.19554864E+09  0.00000000E+00  0.00000000E+00  0.00000000E+00  0.00000000E+00  0.00000000E+00  0.10000000E-01  0.10000000E+01
 0.11600200E-08  0.90494939E-02  0.00000000E+00  0.21621869E+00  0.00000000E+00  0.00000000E+00  0.19554864E+09  0.00000000E+00  0.00000000E+00  0.00000000E+00  0.00000000E+00  0.00000000E+00  0.10000000E-01  0.10000000E+01
 0.11700200E-08  0.90494939E-02  0.00000000E+00  0.21817417E+00  0.00000000E+00  0.00000000E+00  0.19554864E+09  0.00000000E+00  0.00000000E+00  0.00000000E+00  0.00000000E+00  0.00000000E+00  0.10000000E-01  0.10000000E+01
 0.11800200E-08  0.90494939E-02  0.00000000E+00  0.22012966E+00  0.00000000E+00  0.00000000E+00  0.19554864E+09  0.00000000E+00  0.00000000E+00  0.00000000E+00  0.00000000E+00  0.00000000E+00  0.10000000E-01  0.10000000E+01
 0.11900200E-08  0.90494939E-02  0.00000000E+00  0.22208515E+00  0.00000000E+00  0.00000000E+00  0.19554864E+09  0.00000000E+00  0.00000000E+00  0.00000000E+00  0.00000000E+00  0.00000000E+00  0.10000000E-01  0.10000000E+01
 0.12000200E-08  0.90494939E-02  0.00000000E+00  0.22404063E+00  0.00000000E+00  0.00000000E+00  0.19554864E+09  0.00000000E+00  0.00000000E+00  0.00000000E+00  0.00000000E+00  0.00000000E+00  0.10000000E-01  0.10000000E+01
 0.12100200E-08  0.90494939E-02  0.00000000E+00  0.22599612E+00  0.00000000E+00  0.00000000E+00  0.19554864E+09  0.00000000E+00  0.00000000E+00  0.00000000E+00  0.00000000E+00  0.00000000E+00  0.10000000E-01  0.10000000E+01
 0.12200200E-08  0.90494939E-02  0.00000000E+00  0.22795160E+00  0.00000000E+00  0.00000000E+00  0.19554864E+09  0.00000000E+00  0.00000000E+00  0.00000000E+00  0.00000000E+00  0.00000000E+00  0.10000000E-01  0.10000000E+01
 0.12300200E-08  0.90494939E-02  0.00000000E+00  0.22990709E+00  0.00000000E+00  0.00000000E+00  0.19554864E+09  0.00000000E+00  0.00000000E+00  0.00000000E+00  0.00000000E+00  0.00000000E+00  0.10000000E-01  0.10000000E+01
 0.12400200E-08  0.90494939E-02  0.00000000E+00  0.23186258E+00  0.00000000E+00  0.00000000E+00  0.19554864E+09  0.00000000E+00  0.00000000E+00  0.00000000E+00  0.00000000E+00  0.00000000E+00  0.10000000E-01  0.10000000E+01
 0.12500200E-08  0.90494939E-02  0.00000000E+00  0.23381806E+00  0.00000000E+00  0.00000000E+00  0.19554864E+09  0.00000000E+00  0.00000000E+00  0.00000000E+00  0.00000000E+00  0.00000000E+00  0.10000000E-01  0.10000000E+01
 0.12600200E-08  0.90494939E-02  0.00000000E+00  0.23577355E+00  0.00000000E+00  0.00000000E+00  0.19554864E+09  0.00000000E+00  0.00000000E+00  0.00000000E+00  0.00000000E+00  0.00000000E+00  0.10000000E-01  0.10000000E+01
 0.12700200E-08  0.90494939E-02  0.00000000E+00  0.23772904E+00  0.00000000E+00  0.00000000E+00  0.19554864E+09  0.00000000E+00  0.00000000E+00  0.00000000E+00  0.00000000E+00  0.00000000E+00  0.10000000E-01  0.10000000E+01
 0.12800200E-08  0.90494939E-02  0.00000000E+00  0.23968452E+00  0.00000000E+00  0.00000000E+00  0.19554864E+09  0.00000000E+00  0.00000000E+00  0.00000000E+00  0.00000000E+00  0.00000000E+00  0.10000000E-01  0.10000000E+01
 0.12900200E-08  0.90494939E-02  0.00000000E+00  0.24164001E+00  0.00000000E+00  0.00000000E+00  0.19554864E+09  0.00000000E+00  0.00000000E+00  0.00000000E+00  0.00000000E+00  0.00000000E+00  0.10000000E-01  0.10000000E+01
 0.13000200E-08  0.90494939E-02  0.00000000E+00  0.24359550E+00  0.00000000E+00  0.00000000E+00  0.19554864E+09  0.00000000E+00  0.00000000E+00  0.00000000E+00  0.00000000E+00  0.00000000E+00  0.10000000E-01  0.10000000E+01
 0.13100200E-08  0.90494939E-02  0.00000000E+00  0.24555098E+00  0.00000000E+00  0.00000000E+00  0.19554864E+09  0.00000000E+00  0.00000000E+00  0.00000000E+00  0.00000000E+00  0.00000000E+00  0.10000000E-01  0.10000000E+01
 0.13200200E-08  0.90494939E-02  0.00000000E+00  0.24750647E+00  0.00000000E+00  0.00000000E+00  0.19554864E+09  0.00000000E+00  0.00000000E+00  0.00000000E+00  0.00000000E+00  0.00000000E+00  0.10000000E-01  0.10000000E+01
 0.13300200E-08  0.90494939E-02  0.00000000E+00  0.24946195E+00  0.00000000E+00  0.00000000E+00  0.19554864E+09  0.00000000E+00  0.00000000E+00  0.00000000E+00  0.00000000E+00  0.00000000E+00  0.10000000E-01  0.10000000E+01
 0.13400200E-08  0.90494939E-02  0.00000000E+00  0.25141744E+00  0.00000000E+00  0.00000000E+00  0.19554864E+09  0.00000000E+00  0.00000000E+00  0.00000000E+00  0.00000000E+00  0.00000000E+00  0.10000000E-01  0.10000000E+01
 0.13500200E-08  0.90494939E-02  0.00000000E+00  0.25337293E+00  0.00000000E+00  0.00000000E+00  0.19554864E+09  0.00000000E+00  0.00000000E+00  0.00000000E+00  0.00000000E+00  0.00000000E+00  0.10000000E-01  0.10000000E+01
 0.13600200E-08  0.90494939E-02  0.00000000E+00  0.25532841E+00  0.00000000E+00  0.00000000E+00  0.19554864E+09  0.00000000E+00  0.00000000E+00  0.00000000E+00  0.00000000E+00  0.00000000E+00  0.10000000E-01  0.10000000E+01
 0.13700200E-08  0.90494939E-02  0.00000000E+00  0.25728390E+00  0.00000000E+00  0.00000000E+00  0.19554864E+09  0.00000000E+00  0.00000000E+00  0.00000000E+00  0.00000000E+00  0.00000000E+00  0.10000000E-01  0.10000000E+01
 0.13800200E-08  0.90494939E-02  0.00000000E+00  0.25923939E+00  0.00000000E+00  0.00000000E+00  0.19554864E+09  0.00000000E+00  0.00000000E+00  0.00000000E+00  0.00000000E+00  0.00000000E+00  0.10000000E-01  0.10000000E+01
 0.13900200E-08  0.90494939E-02  0.00000000E+00  0.26119487E+00  0.00000000E+00  0.00000000E+00  0.19554864E+09  0.00000000E+00  0.00000000E+00  0.00000000E+00  0.00000000E+00  0.00000000E+00  0.10000000E-01  0.10000000E+01
 0.14000200E-08  0.90494939E-02  0.00000000E+00  0.26315036E+00  0.00000000E+00  0.00000000E+00  0.19554864E+09  0.00000000E+00  0.00000000E+00  0.00000000E+00  0.00000000E+00  0.00000000E+00  0.10000000E-01  0.10000000E+01
 0.14100200E-08  0.90494939E-02  0.00000000E+00  0.26510585E+00  0.00000000E+00  0.00000000E+00  0.19554864E+09  0.00000000E+00  0.00000000E+00  0.00000000E+00  0.00000000E+00  0.00000000E+00  0.10000000E-01  0.10000000E+01
 0.14200200E-08  0.90494939E-02  0.00000000E+00  0.26706133E+00  0.00000000E+00  0.00000000E+00  0.19554864E+09  0.00000000E+00  0.00000000E+00  0.00000000E+00  0.00000000E+00  0.00000000E+00  0.10000000E-01  0.10000000E+01
 0.14300200E-08  0.90494939E-02  0.00000000E+00  0.26901682E+00  0.00000000E+00  0.00000000E+00  0.19554864E+09  0.00000000E+00  0.00000000E+00  0.00000000E+00  0.00000000E+00  0.00000000E+00  0.10000000E-01  0.10000000E+01
 0.14400200E-08  0.90494939E-02  0.00000000E+00  0.27097230E+00  0.00000000E+00  0.00000000E+00  0.19554864E+09  0.00000000E+00  0.00000000E+00  0.00000000E+00  0.00000000E+00  0.00000000E+00  0.10000000E-01  0.10000000E+01
 0.14500200E-08  0.90494939E-02  0.00000000E+00  0.27292779E+00  0.00000000E+00  0.00000000E+00  0.19554864E+09  0.00000000E+00  0.00000000E+00  0.00000000E+00  0.00000000E+00  0.00000000E+00  0.10000000E-01  0.10000000E+01
 0.14600200E-08  0.90494939E-02  0.00000000E+00  0.27488328E+00  0.00000000E+00  0.00000000E+00  0.19554864E+09  0.00000000E+00  0.00000000E+00  0.00000000E+00  0.00000000E+00  0.00000000E+00  0.10000000E-01  0.10000000E+01
 0.14700200E-08  0.90494939E-02  0.00000000E+00  0.27683876E+00  0.00000000E+00  0.00000000E+00  0.19554864E+09  0.00000000E+00  0.00000000E+00  0.00000000E+00  0.00000000E+00  0.00000000E+00  0.10000000E-01  0.10000000E+01
 0.14800200E-08  0.90494939E-02  0.00000000E+00  0.27879425E+00  0.00000000E+00  0.00000000E+00  0.19554864E+09  0.00000000E+00  0.00000000E+00  0.00000000E+00  0.00000000E+00  0.00000000E+00  0.10000000E-01  0.10000000E+01
 0.14900200E-08  0.90494939E-02  0.00000000E+00  0.28074974E+00  0.00000000E+00  0.00000000E+00  0.19554864E+09  0.00000000E+00  0.00000000E+00  0.00000000E+00  0.00000000E+00  0.00000000E+00  0.10000000E-01  0.10000000E+01
 0.15000200E-08  0.90494939E-02  0.00000000E+00  0.28270522E+00  0.00000000E+00  0.00000000E+00  0.19554864E+09  0.00000000E+00  0.00000000E+00  0.00000000E+00  0.00000000E+00  0.00000000E+00  0.10000000E-01  0.10000000E+01
 0.15100200E-08  0.90494939E-02  0.00000000E+00  0.28466071E+00  0.00000000E+00  0.00000000E+00  0.19554864E+09  0.00000000E+00  0.00000000E+00  0.00000000E+00  0.00000000E+00  0.00000000E+00  0.10000000E-01  0.10000000E+01
 0.15200200E-08  0.90494939E-02  0.00000000E+00  0.28661620E+00  0.00000000E+00  0.00000000E+00  0.19554864E+09  0.00000000E+00  0.00000000E+00  0.00000000E+00  0.00000000E+00  0.00000000E+00  0.10000000E-01  0.10000000E+01
 0.15300200E-08  0.90494939E-02  0.00000000E+00  0.28857168E+00  0.00000000E+00  0.00000000E+00  0.19554864E+09  0.00000000E+00  0.00000000E+00  0.00000000E+00  0.00000000E+00  0.00000000E+00  0.10000000E-01  0.10000000E+01
 0.15400200E-08  0.90494939E-02  0.00000000E+00  0.29052717E+00  0.00000000E+00  0.00000000E+00  0.19554864E+09  0.00000000E+00  0.00000000E+00  0.00000000E+00  0.00000000E+00  0.00000000E+00  0.10000000E-01  0.10000000E+01
 0.15500200E-08  0.90494939E-02  0.00000000E+00  0.29248265E+00  0.00000000E+00  0.00000000E+00  0.19554864E+09  0.00000000E+00  0.00000000E+00  0.00000000E+00  0.00000000E+00  0.00000000E+00  0.10000000E-01  0.10000000E+01
 0.15600200E-08  0.90494939E-02  0.00000000E+00  0.29443814E+00  0.00000000E+00  0.00000000E+00  0.19554864E+09  0.00000000E+00  0.00000000E+00  0.00000000E+00  0.00000000E+00  0.00000000E+00  0.10000000E-01  0.10000000E+01
 0.15700200E-08  0.90494939E-02  0.00000000E+00  0.29639363E+00  0.00000000E+00  0.00000000E+00  0.19554864E+09  0.00000000E+00  0.00000000E+00  0.00000000E+00  0.00000000E+00  0.00000000E+00  0.10000000E-01  0.10000000E+01
 0.15800200E-08  0.90494939E-02  0.00000000E+00  0.29834911E+00  0.00000000E+00  0.00000000E+00  0.19554864E+09  0.00000000E+00  0.00000000E+00  0.00000000E+00  0.00000000E+00  0.00000000E+00  0.10000000E-01  0.10000000E+01
 0.15900200E-08  0.90494939E-02  0.00000000E+00  0.30030460E+00  0.00000000E+00  0.00000000E+00  0.19554864E+09  0.00000000E+00  0.00000000E+00  0.00000000E+00  0.00000000E+00  0.00000000E+00  0.10000000E-01  0.10000000E+01
 0.16000200E-08  0.90494939E-02  0.00000000E+00  0.30226009E+00  0.00000000E+00  0.00000000E+00  0.19554864E+09  0.00000000E+00  0.00000000E+00  0.00000000E+00  0.00000000E+00  0.00000000E+00  0.10000000E-01  0.10000000E+01
 0.16100200E-08  0.90494939E-02  0.00000000E+00  0.30421557E+00  0.00000000E+00  0.00000000E+00  0.19554864E+09  0.00000000E+00  0.00000000E+00  0.00000000E+00  0.00000000E+00  0.00000000E+00  0.10000000E-01  0.10000000E+01
 0.16200200E-08  0.90494939E-02  0.00000000E+00  0.30617106E+00  0.00000000E+00  0.00000000E+00  0.19554864E+09  0.00000000E+00  0.00000000E+00  0.00000000E+00  0.00000000E+00  0.00000000E+00  0.10000000E-01  0.10000000E+01
 0.16300200E-08  0.90494939E-02  0.00000000E+00  0.30812655E+00  0.00000000E+00  0.00000000E+00  0.19554864E+09  0.00000000E+00  0.00000000E+00  0.00000000E+00  0.00000000E+00  0.00000000E+00  0.10000000E-01  0.10000000E+01
 0.16400200E-08  0.90494939E-02  0.00000000E+00  0.31008203E+00  0.00000000E+00  0.00000000E+00  0.19554864E+09  0.00000000E+00  0.00000000E+00  0.00000000E+00  0.00000000E+00  0.00000000E+00  0.10000000E-01  0.10000000E+01
 0.16500200E-08  0.90494939E-02  0.00000000E+00  0.31203752E+00  0.00000000E+00  0.00000000E+00  0.19554864E+09  0.00000000E+00  0.00000000E+00  0.00000000E+00  0.00000000E+00  0.00000000E+00  0.10000000E-01  0.10000000E+01
 0.16600200E-08  0.90494939E-02  0.00000000E+00  0.31399301E+00  0.00000000E+00  0.00000000E+00  0.19554864E+09  0.00000000E+00  0.00000000E+00  0.00000000E+00  0.00000000E+00  0.00000000E+00  0.10000000E-01  0.10000000E+01
 0.16700200E-08  0.90494939E-02  0.00000000E+00  0.31594849E+00  0.00000000E+00  0.00000000E+00  0.19554864E+09  0.00000000E+00  0.00000000E+00  0.00000000E+00  0.00000000E+00  0.00000000E+00  0.10000000E-01  0.10000000E+01
 0.16800200E-08  0.90494939E-02  0.00000000E+00  0.31790398E+00  0.00000000E+00  0.00000000E+00  0.19554864E+09  0.00000000E+00  0.00000000E+00  0.00000000E+00  0.00000000E+00  0.00000000E+00  0.10000000E-01  0.10000000E+01
 0.16900200E-08  0.90494939E-02  0.00000000E+00  0.31985946E+00  0.00000000E+00  0.00000000E+00  0.19554864E+09  0.00000000E+00  0.00000000E+00  0.00000000E+00  0.00000000E+00  0.00000000E+00  0.10000000E-01  0.10000000E+01
 0.17000200E-08  0.90494939E-02  0.00000000E+00  0.32181495E+00  0.00000000E+00  0.00000000E+00  0.19554864E+09  0.00000000E+00  0.00000000E+00  0.00000000E+00  0.00000000E+00  0.00000000E+00  0.10000000E-01  0.10000000E+01
 0.17100200E-08  0.90494939E-02  0.00000000E+00  0.32377044E+00  0.00000000E+00  0.00000000E+00  0.19554864E+09  0.00000000E+00  0.00000000E+00  0.00000000E+00  0.00000000E+00  0.00000000E+00  0.10000000E-01  0.10000000E+01
 0.17200200E-08  0.90494939E-02  0.00000000E+00  0.32572592E+00  0.00000000E+00  0.00000000E+00  0.19554864E+09  0.00000000E+00  0.00000000E+00  0.00000000E+00  0.00000000E+00  0.00000000E+00  0.10000000E-01  0.10000000E+01
 0.17300200E-08  0.90494939E-02  0.00000000E+00  0.32768141E+00  0.00000000E+00  0.00000000E+00  0.19554864E+09  0.00000000E+00  0.00000000E+00  0.00000000E+00  0.00000000E+00  0.00000000E+00  0.10000000E-01  0.10000000E+01
 0.17400200E-08  0.90494939E-02  0.00000000E+00  0.32963690E+00  0.00000000E+00  0.00000000E+00  0.19554864E+09  0.00000000E+00  0.00000000E+00  0.00000000E+00  0.00000000E+00  0.00000000E+00  0.10000000E-01  0.10000000E+01
 0.17500200E-08  0.90494939E-02  0.00000000E+00  0.33159238E+00  0.00000000E+00  0.00000000E+00  0.19554864E+09  0.00000000E+00  0.00000000E+00  0.00000000E+00  0.00000000E+00  0.00000000E+00  0.10000000E-01  0.10000000E+01
 0.17600200E-08  0.90494939E-02  0.00000000E+00  0.33354787E+00  0.00000000E+00  0.00000000E+00  0.19554864E+09  0.00000000E+00  0.00000000E+00  0.00000000E+00  0.00000000E+00  0.00000000E+00  0.10000000E-01  0.10000000E+01
 0.17700200E-08  0.90494939E-02  0.00000000E+00  0.33550336E+00  0.00000000E+00  0.00000000E+00  0.19554864E+09  0.00000000E+00  0.00000000E+00  0.00000000E+00  0.00000000E+00  0.00000000E+00  0.10000000E-01  0.10000000E+01
 0.17800200E-08  0.90494939E-02  0.00000000E+00  0.33745884E+00  0.00000000E+00  0.00000000E+00  0.19554864E+09  0.00000000E+00  0.00000000E+00  0.00000000E+00  0.00000000E+00  0.00000000E+00  0.10000000E-01  0.10000000E+01
 0.17900200E-08  0.90494939E-02  0.00000000E+00  0.33941433E+00  0.00000000E+00  0.00000000E+00  0.19554864E+09  0.00000000E+00  0.00000000E+00  0.00000000E+00  0.00000000E+00  0.00000000E+00  0.10000000E-01  0.10000000E+01
 0.18000200E-08  0.90494939E-02  0.00000000E+00  0.34136981E+00  0.00000000E+00  0.00000000E+00  0.19554864E+09  0.00000000E+00  0.00000000E+00  0.00000000E+00  0.00000000E+00  0.00000000E+00  0.10000000E-01  0.10000000E+01
 0.18100200E-08  0.90494939E-02  0.00000000E+00  0.34332530E+00  0.00000000E+00  0.00000000E+00  0.19554864E+09  0.00000000E+00  0.00000000E+00  0.00000000E+00  0.00000000E+00  0.00000000E+00  0.10000000E-01  0.10000000E+01
 0.18200200E-08  0.90494939E-02  0.00000000E+00  0.34528079E+00  0.00000000E+00  0.00000000E+00  0.19554864E+09  0.00000000E+00  0.00000000E+00  0.00000000E+00  0.00000000E+00  0.00000000E+00  0.10000000E-01  0.10000000E+01
 0.18300200E-08  0.90494939E-02  0.00000000E+00  0.34723627E+00  0.00000000E+00  0.00000000E+00  0.19554864E+09  0.00000000E+00  0.00000000E+00  0.00000000E+00  0.00000000E+00  0.00000000E+00  0.10000000E-01  0.10000000E+01
 0.18400200E-08  0.90494939E-02  0.00000000E+00  0.34919176E+00  0.00000000E+00  0.00000000E+00  0.19554864E+09  0.00000000E+00  0.00000000E+00  0.00000000E+00  0.00000000E+00  0.00000000E+00  0.10000000E-01  0.10000000E+01
 0.18500200E-08  0.90494939E-02  0.00000000E+00  0.35114725E+00  0.00000000E+00  0.00000000E+00  0.19554864E+09  0.00000000E+00  0.00000000E+00  0.00000000E+00  0.00000000E+00  0.00000000E+00  0.10000000E-01  0.10000000E+01
 0.18600200E-08  0.90494939E-02  0.00000000E+00  0.35310273E+00  0.00000000E+00  0.00000000E+00  0.19554864E+09  0.00000000E+00  0.00000000E+00  0.00000000E+00  0.00000000E+00  0.00000000E+00  0.10000000E-01  0.10000000E+01
 0.18700200E-08  0.90494939E-02  0.00000000E+00  0.35505822E+00  0.00000000E+00  0.00000000E+00  0.19554864E+09  0.00000000E+00  0.00000000E+00  0.00000000E+00  0.00000000E+00  0.00000000E+00  0.10000000E-01  0.10000000E+01
 0.18800200E-08  0.90494939E-02  0.00000000E+00  0.35701371E+00  0.00000000E+00  0.00000000E+00  0.19554864E+09  0.00000000E+00  0.00000000E+00  0.00000000E+00  0.00000000E+00  0.00000000E+00  0.10000000E-01  0.10000000E+01
 0.18900200E-08  0.90494939E-02  0.00000000E+00  0.35896919E+00  0.00000000E+00  0.00000000E+00  0.19554864E+09  0.00000000E+00  0.00000000E+00  0.00000000E+00  0.00000000E+00  0.00000000E+00  0.10000000E-01  0.10000000E+01
 0.19000200E-08  0.90494939E-02  0.00000000E+00  0.36092468E+00  0.00000000E+00  0.00000000E+00  0.19554864E+09  0.00000000E+00  0.00000000E+00  0.00000000E+00  0.00000000E+00  0.00000000E+00  0.10000000E-01  0.10000000E+01
 0.19100200E-08  0.90494939E-02  0.00000000E+00  0.36288016E+00  0.00000000E+00  0.00000000E+00  0.19554864E+09  0.00000000E+00  0.00000000E+00  0.00000000E+00  0.00000000E+00  0.00000000E+00  0.10000000E-01  0.10000000E+01
 0.19200200E-08  0.90494939E-02  0.00000000E+00  0.36483565E+00  0.00000000E+00  0.00000000E+00  0.19554864E+09  0.00000000E+00  0.00000000E+00  0.00000000E+00  0.00000000E+00  0.00000000E+00  0.10000000E-01  0.10000000E+01
 0.19300200E-08  0.90494939E-02  0.00000000E+00  0.36679114E+00  0.00000000E+00  0.00000000E+00  0.19554864E+09  0.00000000E+00  0.00000000E+00  0.00000000E+00  0.00000000E+00  0.00000000E+00  0.10000000E-01  0.10000000E+01
 0.19400200E-08  0.90494939E-02  0.00000000E+00  0.36874662E+00  0.00000000E+00  0.00000000E+00  0.19554864E+09  0.00000000E+00  0.00000000E+00  0.00000000E+00  0.00000000E+00  0.00000000E+00  0.10000000E-01  0.10000000E+01
 0.19500200E-08  0.90494939E-02  0.00000000E+00  0.37070211E+00  0.00000000E+00  0.00000000E+00  0.19554864E+09  0.00000000E+00  0.00000000E+00  0.00000000E+00  0.00000000E+00  0.00000000E+00  0.10000000E-01  0.10000000E+01
 0.19600200E-08  0.90494939E-02  0.00000000E+00  0.37265760E+00  0.00000000E+00  0.00000000E+00  0.19554864E+09  0.00000000E+00  0.00000000E+00  0.00000000E+00  0.00000000E+00  0.00000000E+00  0.10000000E-01  0.10000000E+01
 0.19700200E-08  0.90494939E-02  0.00000000E+00  0.37461308E+00  0.00000000E+00  0.00000000E+00  0.19554864E+09  0.00000000E+00  0.00000000E+00  0.00000000E+00  0.00000000E+00  0.00000000E+00  0.10000000E-01  0.10000000E+01
 0.19800200E-08  0.90494939E-02  0.00000000E+00  0.37656857E+00  0.00000000E+00  0.00000000E+00  0.19554864E+09  0.00000000E+00  0.00000000E+00  0.00000000E+00  0.00000000E+00  0.00000000E+00  0.10000000E-01  0.10000000E+01
 0.19900200E-08  0.90494939E-02  0.00000000E+00  0.37852406E+00  0.00000000E+00  0.00000000E+00  0.19554864E+09  0.00000000E+00  0.00000000E+00  0.00000000E+00  0.00000000E+00  0.00000000E+00  0.10000000E-01  0.10000000E+01
