# ptime xp yp zp vx vy vz ex ey ez bx by bz wt
 0.20000000E-13  0.14525308E-01  0.00000000E+00 -0.27013652E-01  0.00000000E+00  0.00000000E+00  0.17465175E+09  0.00000000E+00  0.00000000E+00  0.00000000E+00  0.00000000E+00  0.00000000E+00  0.10000000E-01  0.10000000E+01
 0.10000000E-10  0.14525308E-01  0.00000000E+00 -0.25270627E-01  0.00000000E+00  0.00000000E+00  0.17465175E+09  0.00000000E+00  0.00000000E+00  0.00000000E+00  0.00000000E+00  0.00000000E+00  0.10000000E-01  0.10000000E+01
 0.20000000E-10  0.14525308E-01  0.00000000E+00 -0.23524110E-01  0.00000000E+00  0.00000000E+00  0.17465175E+09  0.00000000E+00  0.00000000E+00  0.00000000E+00  0.00000000E+00  0.00000000E+00  0.10000000E-01  0.10000000E+01
 0.30000000E-10  0.14525308E-01  0.00000000E+00 -0.21777592E-01  0.00000000E+00  0.00000000E+00  0.17465175E+09  0.00000000E+00  0.00000000E+00  0.00000000E+00  0.00000000E+00  0.00000000E+00  0.10000000E-01  0.10000000E+01
 0.40020000E-10  0.14525308E-01  0.00000000E+00 -0.20027582E-01  0.00000000E+00  0.00000000E+00  0.17465175E+09  0.00000000E+00  0.00000000E+00  0.00000000E+00  0.00000000E+00  0.00000000E+00  0.10000000E-01  0.10000000E+01
 0.50020000E-10  0.14525308E-01  0.00000000E+00 -0.18281064E-01  0.00000000E+00  0.00000000E+00  0.17465175E+09  0.00000000E+00  0.00000000E+00  0.00000000E+00  0.00000000E+00  0.00000000E+00  0.10000000E-01  0.10000000E+01
 0.60020000E-10  0.14525308E-01  0.00000000E+00 -0.16534547E-01  0.00000000E+00  0.00000000E+00  0.17465175E+09  0.00000000E+00  0.00000000E+00  0.00000000E+00  0.00000000E+00  0.00000000E+00  0.10000000E-01  0.10000000E+01
 0.70020000E-10  0.14525308E-01  0.00000000E+00 -0.14788029E-01  0.00000000E+00  0.00000000E+00  0.17465175E+09  0.00000000E+00  0.00000000E+00  0.00000000E+00  0.00000000E+00  0.00000000E+00  0.10000000E-01  0.10000000E+01
 0.80000000E-10  0.14525308E-01  0.00000000E+00 -0.13045005E-01  0.00000000E+00  0.00000000E+00  0.17465175E+09  0.00000000E+00  0.00000000E+00  0.00000000E+00  0.00000000E+00  0.00000000E+00  0.10000000E-01  0.10000000E+01
 0.90000000E-10  0.14525308E-01  0.00000000E+00 -0.11298487E-01  0.00000000E+00  0.00000000E+00  0.17465175E+09  0.00000000E+00  0.00000000E+00  0.00000000E+00  0.00000000E+00  0.00000000E+00  0.10000000E-01  0.10000000E+01
 0.10000000E-09  0.14525308E-01  0.00000000E+00 -0.95519697E-02  0.00000000E+00  0.00000000E+00  0.17465175E+09  0.00000000E+00  0.00000000E+00  0.00000000E+00  0.00000000E+00  0.00000000E+00  0.10000000E-01  0.10000000E+01
 0.11000000E-09  0.14525308E-01  0.00000000E+00 -0.78054522E-02  0.00000000E+00  0.00000000E+00  0.17465175E+09  0.00000000E+00  0.00000000E+00  0.00000000E+00  0.00000000E+00  0.00000000E+00  0.10000000E-01  0.10000000E+01
 0.12000000E-09  0.14525308E-01  0.00000000E+00 -0.60589347E-02  0.00000000E+00  0.00000000E+00  0.17465175E+09  0.00000000E+00  0.00000000E+00  0.00000000E+00  0.00000000E+00  0.00000000E+00  0.10000000E-01  0.10000000E+01
 0.13000000E-09  0.14525308E-01  0.00000000E+00 -0.43124172E-02  0.00000000E+00  0.00000000E+00  0.17465175E+09  0.00000000E+00  0.00000000E+00  0.00000000E+00  0.00000000E+00  0.00000000E+00  0.10000000E-01  0.10000000E+01
 0.14002000E-09  0.14525308E-01  0.00000000E+00 -0.25624067E-02  0.00000000E+00  0.00000000E+00  0.17465175E+09  0.00000000E+00  0.00000000E+00  0.00000000E+00  0.00000000E+00  0.00000000E+00  0.10000000E-01  0.10000000E+01
 0.15002000E-09  0.14525308E-01  0.00000000E+00 -0.81588917E-03  0.00000000E+00  0.00000000E+00  0.17465175E+09  0.00000000E+00  0.00000000E+00  0.00000000E+00  0.00000000E+00  0.00000000E+00  0.10000000E-01  0.10000000E+01
 0.16002000E-09  0.14525308E-01  0.00000000E+00  0.93062833E-03  0.00000000E+00  0.00000000E+00  0.17465175E+09  0.00000000E+00  0.00000000E+00  0.00000000E+00  0.00000000E+00  0.00000000E+00  0.10000000E-01  0.10000000E+01
 0.17002000E-09  0.14525308E-01  0.00000000E+00  0.26771458E-02  0.00000000E+00  0.00000000E+00  0.17465175E+09  0.00000000E+00  0.00000000E+00  0.00000000E+00  0.00000000E+00  0.00000000E+00  0.10000000E-01  0.10000000E+01
 0.18002000E-09  0.14525308E-01  0.00000000E+00  0.44236633E-02  0.00000000E+00  0.00000000E+00  0.17465175E+09  0.00000000E+00  0.00000000E+00  0.00000000E+00  0.00000000E+00  0.00000000E+00  0.10000000E-01  0.10000000E+01
 0.19002000E-09  0.14525308E-01  0.00000000E+00  0.61701808E-02  0.00000000E+00  0.00000000E+00  0.17465175E+09  0.00000000E+00  0.00000000E+00  0.00000000E+00  0.00000000E+00  0.00000000E+00  0.10000000E-01  0.10000000E+01
 0.20002000E-09  0.14525308E-01  0.00000000E+00  0.79166983E-02  0.00000000E+00  0.00000000E+00  0.17465175E+09  0.00000000E+00  0.00000000E+00  0.00000000E+00  0.00000000E+00  0.00000000E+00  0.10000000E-01  0.10000000E+01
 0.21002000E-09  0.14525308E-01  0.00000000E+00  0.96632158E-02  0.00000000E+00  0.00000000E+00  0.17465175E+09  0.00000000E+00  0.00000000E+00  0.00000000E+00  0.00000000E+00  0.00000000E+00  0.10000000E-01  0.10000000E+01
 0.22002000E-09  0.14525308E-01  0.00000000E+00  0.11409733E-01  0.00000000E+00  0.00000000E+00  0.17465175E+09  0.00000000E+00  0.00000000E+00  0.00000000E+00  0.00000000E+00  0.00000000E+00  0.10000000E-01  0.10000000E+01
 0.23002000E-09  0.14525308E-01  0.00000000E+00  0.13156251E-01  0.00000000E+00  0.00000000E+00  0.17465175E+09  0.00000000E+00  0.00000000E+00  0.00000000E+00  0.00000000E+00  0.00000000E+00  0.10000000E-01  0.10000000E+01
 0.24002000E-09  0.14525308E-01  0.00000000E+00  0.14902768E-01  0.00000000E+00  0.00000000E+00  0.17465175E+09  0.00000000E+00  0.00000000E+00  0.00000000E+00  0.00000000E+00  0.00000000E+00  0.10000000E-01  0.10000000E+01
 0.25002000E-09  0.14525308E-01  0.00000000E+00  0.16649286E-01  0.00000000E+00  0.00000000E+00  0.17465175E+09  0.00000000E+00  0.00000000E+00  0.00000000E+00  0.00000000E+00  0.00000000E+00  0.10000000E-01  0.10000000E+01
 0.26002000E-09  0.14525308E-01  0.00000000E+00  0.18395803E-01  0.00000000E+00  0.00000000E+00  0.17465175E+09  0.00000000E+00  0.00000000E+00  0.00000000E+00  0.00000000E+00  0.00000000E+00  0.10000000E-01  0.10000000E+01
 0.27002000E-09  0.14525308E-01  0.00000000E+00  0.20142321E-01  0.00000000E+00  0.00000000E+00  0.17465175E+09  0.00000000E+00  0.00000000E+00  0.00000000E+00  0.00000000E+00  0.00000000E+00  0.10000000E-01  0.10000000E+01
 0.28002000E-09  0.14525308E-01  0.00000000E+00  0.21888838E-01  0.00000000E+00  0.00000000E+00  0.17465175E+09  0.00000000E+00  0.00000000E+00  0.00000000E+00  0.00000000E+00  0.00000000E+00  0.10000000E-01  0.10000000E+01
 0.29002000E-09  0.14525308E-01  0.00000000E+00  0.23635356E-01  0.00000000E+00  0.00000000E+00  0.17465175E+09  0.00000000E+00  0.00000000E+00  0.00000000E+00  0.00000000E+00  0.00000000E+00  0.10000000E-01  0.10000000E+01
 0.30000000E-09  0.14525308E-01  0.00000000E+00  0.25378380E-01  0.00000000E+00  0.00000000E+00  0.17465175E+09  0.00000000E+00  0.00000000E+00  0.00000000E+00  0.00000000E+00  0.00000000E+00  0.10000000E-01  0.10000000E+01
 0.31000000E-09  0.14525308E-01  0.00000000E+00  0.27124898E-01  0.00000000E+00  0.00000000E+00  0.17465175E+09  0.00000000E+00  0.00000000E+00  0.00000000E+00  0.00000000E+00  0.00000000E+00  0.10000000E-01  0.10000000E+01
 0.32000000E-09  0.14525308E-01  0.00000000E+00  0.28871415E-01  0.00000000E+00  0.00000000E+00  0.17465175E+09  0.00000000E+00  0.00000000E+00  0.00000000E+00  0.00000000E+00  0.00000000E+00  0.10000000E-01  0.10000000E+01
 0.33000000E-09  0.14525308E-01  0.00000000E+00  0.30617933E-01  0.00000000E+00  0.00000000E+00  0.17465175E+09  0.00000000E+00  0.00000000E+00  0.00000000E+00  0.00000000E+00  0.00000000E+00  0.10000000E-01  0.10000000E+01
 0.34000000E-09  0.14525308E-01  0.00000000E+00  0.32364450E-01  0.00000000E+00  0.00000000E+00  0.17465175E+09  0.00000000E+00  0.00000000E+00  0.00000000E+00  0.00000000E+00  0.00000000E+00  0.10000000E-01  0.10000000E+01
 0.35000000E-09  0.14525308E-01  0.00000000E+00  0.34110968E-01  0.00000000E+00  0.00000000E+00  0.17465175E+09  0.00000000E+00  0.00000000E+00  0.00000000E+00  0.00000000E+00  0.00000000E+00  0.10000000E-01  0.10000000E+01
 0.36000000E-09  0.14525308E-01  0.00000000E+00  0.35857485E-01  0.00000000E+00  0.00000000E+00  0.17465175E+09  0.00000000E+00  0.00000000E+00  0.00000000E+00  0.00000000E+00  0.00000000E+00  0.10000000E-01  0.10000000E+01
 0.37000000E-09  0.14525308E-01  0.00000000E+00  0.37604003E-01  0.00000000E+00  0.00000000E+00  0.17465175E+09  0.00000000E+00  0.00000000E+00  0.00000000E+00  0.00000000E+00  0.00000000E+00  0.10000000E-01  0.10000000E+01
 0.38000000E-09  0.14525308E-01  0.00000000E+00  0.39350520E-01  0.00000000E+00  0.00000000E+00  0.17465175E+09  0.00000000E+00  0.00000000E+00  0.00000000E+00  0.00000000E+00  0.00000000E+00  0.10000000E-01  0.10000000E+01
 0.39000000E-09  0.14525308E-01  0.00000000E+00  0.41097038E-01  0.00000000E+00  0.00000000E+00  0.17465175E+09  0.00000000E+00  0.00000000E+00  0.00000000E+00  0.00000000E+00  0.00000000E+00  0.10000000E-01  0.10000000E+01
 0.40000000E-09  0.14525308E-01  0.00000000E+00  0.42843555E-01  0.00000000E+00  0.00000000E+00  0.17465175E+09  0.00000000E+00  0.00000000E+00  0.00000000E+00  0.00000000E+00  0.00000000E+00  0.10000000E-01  0.10000000E+01
 0.41000000E-09  0.14525308E-01  0.00000000E+00  0.44590073E-01  0.00000000E+00  0.00000000E+00  0.17465175E+09  0.00000000E+00  0.00000000E+00  0.00000000E+00  0.00000000E+00  0.00000000E+00  0.10000000E-01  0.10000000E+01
 0.42000000E-09  0.14525308E-01  0.00000000E+00  0.46336590E-01  0.00000000E+00  0.00000000E+00  0.17465175E+09  0.00000000E+00  0.00000000E+00  0.00000000E+00  0.00000000E+00  0.00000000E+00  0.10000000E-01  0.10000000E+01
 0.43000000E-09  0.14525308E-01  0.00000000E+00  0.48083108E-01  0.00000000E+00  0.00000000E+00  0.17465175E+09  0.00000000E+00  0.00000000E+00  0.00000000E+00  0.00000000E+00  0.00000000E+00  0.10000000E-01  0.10000000E+01
 0.44000000E-09  0.14525308E-01  0.00000000E+00  0.49829625E-01  0.00000000E+00  0.00000000E+00  0.17465175E+09  0.00000000E+00  0.00000000E+00  0.00000000E+00  0.00000000E+00  0.00000000E+00  0.10000000E-01  0.10000000E+01
 0.45000000E-09  0.14525308E-01  0.00000000E+00  0.51576143E-01  0.00000000E+00  0.00000000E+00  0.17465175E+09  0.00000000E+00  0.00000000E+00  0.00000000E+00  0.00000000E+00  0.00000000E+00  0.10000000E-01  0.10000000E+01
 0.46000000E-09  0.14525308E-01  0.00000000E+00  0.53322660E-01  0.00000000E+00  0.00000000E+00  0.17465175E+09  0.00000000E+00  0.00000000E+00  0.00000000E+00  0.00000000E+00  0.00000000E+00  0.10000000E-01  0.10000000E+01
 0.47000000E-09  0.14525308E-01  0.00000000E+00  0.55069178E-01  0.00000000E+00  0.00000000E+00  0.17465175E+09  0.00000000E+00  0.00000000E+00  0.00000000E+00  0.00000000E+00  0.00000000E+00  0.10000000E-01  0.10000000E+01
 0.48000000E-09  0.14525308E-01  0.00000000E+00  0.56815695E-01  0.00000000E+00  0.00000000E+00  0.17465175E+09  0.00000000E+00  0.00000000E+00  0.00000000E+00  0.00000000E+00  0.00000000E+00  0.10000000E-01  0.10000000E+01
 0.49000000E-09  0.14525308E-01  0.00000000E+00  0.58562213E-01  0.00000000E+00  0.00000000E+00  0.17465175E+09  0.00000000E+00  0.00000000E+00  0.00000000E+00  0.00000000E+00  0.00000000E+00  0.10000000E-01  0.10000000E+01
 0.50000000E-09  0.14525308E-01  0.00000000E+00  0.60308730E-01  0.00000000E+00  0.00000000E+00  0.17465175E+09  0.00000000E+00  0.00000000E+00  0.00000000E+00  0.00000000E+00  0.00000000E+00  0.10000000E-01  0.10000000E+01
 0.51000000E-09  0.14525308E-01  0.00000000E+00  0.62055248E-01  0.00000000E+00  0.00000000E+00  0.17465175E+09  0.00000000E+00  0.00000000E+00  0.00000000E+00  0.00000000E+00  0.00000000E+00  0.10000000E-01  0.10000000E+01
 0.52000000E-09  0.14525308E-01  0.00000000E+00  0.63801765E-01  0.00000000E+00  0.00000000E+00  0.17465175E+09  0.00000000E+00  0.00000000E+00  0.00000000E+00  0.00000000E+00  0.00000000E+00  0.10000000E-01  0.10000000E+01
 0.53000000E-09  0.14525308E-01  0.00000000E+00  0.65548283E-01  0.00000000E+00  0.00000000E+00  0.17465175E+09  0.00000000E+00  0.00000000E+00  0.00000000E+00  0.00000000E+00  0.00000000E+00  0.10000000E-01  0.10000000E+01
 0.54000000E-09  0.14525308E-01  0.00000000E+00  0.67294800E-01  0.00000000E+00  0.00000000E+00  0.17465175E+09  0.00000000E+00  0.00000000E+00  0.00000000E+00  0.00000000E+00  0.00000000E+00  0.10000000E-01  0.10000000E+01
 0.55002000E-09  0.14525308E-01  0.00000000E+00  0.69044811E-01  0.00000000E+00  0.00000000E+00  0.17465175E+09  0.00000000E+00  0.00000000E+00  0.00000000E+00  0.00000000E+00  0.00000000E+00  0.10000000E-01  0.10000000E+01
 0.56002000E-09  0.14525308E-01  0.00000000E+00  0.70791328E-01  0.00000000E+00  0.00000000E+00  0.17465175E+09  0.00000000E+00  0.00000000E+00  0.00000000E+00  0.00000000E+00  0.00000000E+00  0.10000000E-01  0.10000000E+01
 0.57002000E-09  0.14525308E-01  0.00000000E+00  0.72537846E-01  0.00000000E+00  0.00000000E+00  0.17465175E+09  0.00000000E+00  0.00000000E+00  0.00000000E+00  0.00000000E+00  0.00000000E+00  0.10000000E-01  0.10000000E+01
 0.58002000E-09  0.14525308E-01  0.00000000E+00  0.74284363E-01  0.00000000E+00  0.00000000E+00  0.17465175E+09  0.00000000E+00  0.00000000E+00  0.00000000E+00  0.00000000E+00  0.00000000E+00  0.10000000E-01  0.10000000E+01
 0.59002000E-09  0.14525308E-01  0.00000000E+00  0.76030881E-01  0.00000000E+00  0.00000000E+00  0.17465175E+09  0.00000000E+00  0.00000000E+00  0.00000000E+00  0.00000000E+00  0.00000000E+00  0.10000000E-01  0.10000000E+01
 0.60002000E-09  0.14525308E-01  0.00000000E+00  0.77777398E-01  0.00000000E+00  0.00000000E+00  0.17465175E+09  0.00000000E+00  0.00000000E+00  0.00000000E+00  0.00000000E+00  0.00000000E+00  0.10000000E-01  0.10000000E+01
 0.61002000E-09  0.14525308E-01  0.00000000E+00  0.79523916E-01  0.00000000E+00  0.00000000E+00  0.17465175E+09  0.00000000E+00  0.00000000E+00  0.00000000E+00  0.00000000E+00  0.00000000E+00  0.10000000E-01  0.10000000E+01
 0.62002000E-09  0.14525308E-01  0.00000000E+00  0.81270433E-01  0.00000000E+00  0.00000000E+00  0.17465175E+09  0.00000000E+00  0.00000000E+00  0.00000000E+00  0.00000000E+00  0.00000000E+00  0.10000000E-01  0.10000000E+01
 0.63002000E-09  0.14525308E-01  0.00000000E+00  0.83016951E-01  0.00000000E+00  0.00000000E+00  0.17465175E+09  0.00000000E+00  0.00000000E+00  0.00000000E+00  0.00000000E+00  0.00000000E+00  0.10000000E-01  0.10000000E+01
 0.64002000E-09  0.14525308E-01  0.00000000E+00  0.84763468E-01  0.00000000E+00  0.00000000E+00  0.17465175E+09  0.00000000E+00  0.00000000E+00  0.00000000E+00  0.00000000E+00  0.00000000E+00  0.10000000E-01  0.10000000E+01
 0.65002000E-09  0.14525308E-01  0.00000000E+00  0.86509986E-01  0.00000000E+00  0.00000000E+00  0.17465175E+09  0.00000000E+00  0.00000000E+00  0.00000000E+00  0.00000000E+00  0.00000000E+00  0.10000000E-01  0.10000000E+01
 0.66002000E-09  0.14525308E-01  0.00000000E+00  0.88256503E-01  0.00000000E+00  0.00000000E+00  0.17465175E+09  0.00000000E+00  0.00000000E+00  0.00000000E+00  0.00000000E+00  0.00000000E+00  0.10000000E-01  0.10000000E+01
 0.67002000E-09  0.14525308E-01  0.00000000E+00  0.90003021E-01  0.00000000E+00  0.00000000E+00  0.17465175E+09  0.00000000E+00  0.00000000E+00  0.00000000E+00  0.00000000E+00  0.00000000E+00  0.10000000E-01  0.10000000E+01
 0.68002000E-09  0.14525308E-01  0.00000000E+00  0.91749538E-01  0.00000000E+00  0.00000000E+00  0.17465175E+09  0.00000000E+00  0.00000000E+00  0.00000000E+00  0.00000000E+00  0.00000000E+00  0.10000000E-01  0.10000000E+01
 0.69002000E-09  0.14525308E-01  0.00000000E+00  0.93496056E-01  0.00000000E+00  0.00000000E+00  0.17465175E+09  0.00000000E+00  0.00000000E+00  0.00000000E+00  0.00000000E+00  0.00000000E+00  0.10000000E-01  0.10000000E+01
 0.70002000E-09  0.14525308E-01  0.00000000E+00  0.95242573E-01  0.00000000E+00  0.00000000E+00  0.17465175E+09  0.00000000E+00  0.00000000E+00  0.00000000E+00  0.00000000E+00  0.00000000E+00  0.10000000E-01  0.10000000E+01
 0.71002000E-09  0.14525308E-01  0.00000000E+00  0.96989091E-01  0.00000000E+00  0.00000000E+00  0.17465175E+09  0.00000000E+00  0.00000000E+00  0.00000000E+00  0.00000000E+00  0.00000000E+00  0.10000000E-01  0.10000000E+01
 0.72002000E-09  0.14525308E-01  0.00000000E+00  0.98735608E-01  0.00000000E+00  0.00000000E+00  0.17465175E+09  0.00000000E+00  0.00000000E+00  0.00000000E+00  0.00000000E+00  0.00000000E+00  0.10000000E-01  0.10000000E+01
 0.73002000E-09  0.14525308E-01  0.00000000E+00  0.10048213E+00  0.00000000E+00  0.00000000E+00  0.17465175E+09  0.00000000E+00  0.00000000E+00  0.00000000E+00  0.00000000E+00  0.00000000E+00  0.10000000E-01  0.10000000E+01
 0.74002000E-09  0.14525308E-01  0.00000000E+00  0.10222864E+00  0.00000000E+00  0.00000000E+00  0.17465175E+09  0.00000000E+00  0.00000000E+00  0.00000000E+00  0.00000000E+00  0.00000000E+00  0.10000000E-01  0.10000000E+01
 0.75002000E-09  0.14525308E-01  0.00000000E+00  0.10397516E+00  0.00000000E+00  0.00000000E+00  0.17465175E+09  0.00000000E+00  0.00000000E+00  0.00000000E+00  0.00000000E+00  0.00000000E+00  0.10000000E-01  0.10000000E+01
 0.76002000E-09  0.14525308E-01  0.00000000E+00  0.10572168E+00  0.00000000E+00  0.00000000E+00  0.17465175E+09  0.00000000E+00  0.00000000E+00  0.00000000E+00  0.00000000E+00  0.00000000E+00  0.10000000E-01  0.10000000E+01
 0.77002000E-09  0.14525308E-01  0.00000000E+00  0.10746820E+00  0.00000000E+00  0.00000000E+00  0.17465175E+09  0.00000000E+00  0.00000000E+00  0.00000000E+00  0.00000000E+00  0.00000000E+00  0.10000000E-01  0.10000000E+01
 0.78002000E-09  0.14525308E-01  0.00000000E+00  0.10921471E+00  0.00000000E+00  0.00000000E+00  0.17465175E+09  0.00000000E+00  0.00000000E+00  0.00000000E+00  0.00000000E+00  0.00000000E+00  0.10000000E-01  0.10000000E+01
 0.79002000E-09  0.14525308E-01  0.00000000E+00  0.11096123E+00  0.00000000E+00  0.00000000E+00  0.17465175E+09  0.00000000E+00  0.00000000E+00  0.00000000E+00  0.00000000E+00  0.00000000E+00  0.10000000E-01  0.10000000E+01
 0.80002000E-09  0.14525308E-01  0.00000000E+00  0.11270775E+00  0.00000000E+00  0.00000000E+00  0.17465175E+09  0.00000000E+00  0.00000000E+00  0.00000000E+00  0.00000000E+00  0.00000000E+00  0.10000000E-01  0.10000000E+01
 0.81002000E-09  0.14525308E-01  0.00000000E+00  0.11445427E+00  0.00000000E+00  0.00000000E+00  0.17465175E+09  0.00000000E+00  0.00000000E+00  0.00000000E+00  0.00000000E+00  0.00000000E+00  0.10000000E-01  0.10000000E+01
 0.82002000E-09  0.14525308E-01  0.00000000E+00  0.11620078E+00  0.00000000E+00  0.00000000E+00  0.17465175E+09  0.00000000E+00  0.00000000E+00  0.00000000E+00  0.00000000E+00  0.00000000E+00  0.10000000E-01  0.10000000E+01
 0.83002000E-09  0.14525308E-01  0.00000000E+00  0.11794730E+00  0.00000000E+00  0.00000000E+00  0.17465175E+09  0.00000000E+00  0.00000000E+00  0.00000000E+00  0.00000000E+00  0.00000000E+00  0.10000000E-01  0.10000000E+01
 0.84002000E-09  0.14525308E-01  0.00000000E+00  0.11969382E+00  0.00000000E+00  0.00000000E+00  0.17465175E+09  0.00000000E+00  0.00000000E+00  0.00000000E+00  0.00000000E+00  0.00000000E+00  0.10000000E-01  0.10000000E+01
 0.85002000E-09  0.14525308E-01  0.00000000E+00  0.12144034E+00  0.00000000E+00  0.00000000E+00  0.17465175E+09  0.00000000E+00  0.00000000E+00  0.00000000E+00  0.00000000E+00  0.00000000E+00  0.10000000E-01  0.10000000E+01
 0.86002000E-09  0.14525308E-01  0.00000000E+00  0.12318685E+00  0.00000000E+00  0.00000000E+00  0.17465175E+09  0.00000000E+00  0.00000000E+00  0.00000000E+00  0.00000000E+00  0.00000000E+00  0.10000000E-01  0.10000000E+01
 0.87002000E-09  0.14525308E-01  0.00000000E+00  0.12493337E+00  0.00000000E+00  0.00000000E+00  0.17465175E+09  0.00000000E+00  0.00000000E+00  0.00000000E+00  0.00000000E+00  0.00000000E+00  0.10000000E-01  0.10000000E+01
 0.88002000E-09  0.14525308E-01  0.00000000E+00  0.12667989E+00  0.00000000E+00  0.00000000E+00  0.17465175E+09  0.00000000E+00  0.00000000E+00  0.00000000E+00  0.00000000E+00  0.00000000E+00  0.10000000E-01  0.10000000E+01
 0.89002000E-09  0.14525308E-01  0.00000000E+00  0.12842641E+00  0.00000000E+00  0.00000000E+00  0.17465175E+09  0.00000000E+00  0.00000000E+00  0.00000000E+00  0.00000000E+00  0.00000000E+00  0.10000000E-01  0.10000000E+01
 0.90002000E-09  0.14525308E-01  0.00000000E+00  0.13017292E+00  0.00000000E+00  0.00000000E+00  0.17465175E+09  0.00000000E+00  0.00000000E+00  0.00000000E+00  0.00000000E+00  0.00000000E+00  0.10000000E-01  0.10000000E+01
 0.91002000E-09  0.14525308E-01  0.00000000E+00  0.13191944E+00  0.00000000E+00  0.00000000E+00  0.17465175E+09  0.00000000E+00  0.00000000E+00  0.00000000E+00  0.00000000E+00  0.00000000E+00  0.10000000E-01  0.10000000E+01
 0.92002000E-09  0.14525308E-01  0.00000000E+00  0.13366596E+00  0.00000000E+00  0.00000000E+00  0.17465175E+09  0.00000000E+00  0.00000000E+00  0.00000000E+00  0.00000000E+00  0.00000000E+00  0.10000000E-01  0.10000000E+01
 0.93002000E-09  0.14525308E-01  0.00000000E+00  0.13541248E+00  0.00000000E+00  0.00000000E+00  0.17465175E+09  0.00000000E+00  0.00000000E+00  0.00000000E+00  0.00000000E+00  0.00000000E+00  0.10000000E-01  0.10000000E+01
 0.94002000E-09  0.14525308E-01  0.00000000E+00  0.13715899E+00  0.00000000E+00  0.00000000E+00  0.17465175E+09  0.00000000E+00  0.00000000E+00  0.00000000E+00  0.00000000E+00  0.00000000E+00  0.10000000E-01  0.10000000E+01
 0.95002000E-09  0.14525308E-01  0.00000000E+00  0.13890551E+00  0.00000000E+00  0.00000000E+00  0.17465175E+09  0.00000000E+00  0.00000000E+00  0.00000000E+00  0.00000000E+00  0.00000000E+00  0.10000000E-01  0.10000000E+01
 0.96002000E-09  0.14525308E-01  0.00000000E+00  0.14065203E+00  0.00000000E+00  0.00000000E+00  0.17465175E+09  0.00000000E+00  0.00000000E+00  0.00000000E+00  0.00000000E+00  0.00000000E+00  0.10000000E-01  0.10000000E+01
 0.97002000E-09  0.14525308E-01  0.00000000E+00  0.14239855E+00  0.00000000E+00  0.00000000E+00  0.17465175E+09  0.00000000E+00  0.00000000E+00  0.00000000E+00  0.00000000E+00  0.00000000E+00  0.10000000E-01  0.10000000E+01
 0.98002000E-09  0.14525308E-01  0.00000000E+00  0.14414506E+00  0.00000000E+00  0.00000000E+00  0.17465175E+09  0.00000000E+00  0.00000000E+00  0.00000000E+00  0.00000000E+00  0.00000000E+00  0.10000000E-01  0.10000000E+01
 0.99002000E-09  0.14525308E-01  0.00000000E+00  0.14589158E+00  0.00000000E+00  0.00000000E+00  0.17465175E+09  0.00000000E+00  0.00000000E+00  0.00000000E+00  0.00000000E+00  0.00000000E+00  0.10000000E-01  0.10000000E+01
 0.10000200E-08  0.14525308E-01  0.00000000E+00  0.14763810E+00  0.00000000E+00  0.00000000E+00  0.17465175E+09  0.00000000E+00  0.00000000E+00  0.00000000E+00  0.00000000E+00  0.00000000E+00  0.10000000E-01  0.10000000E+01
 0.10100200E-08  0.14525308E-01  0.00000000E+00  0.14938462E+00  0.00000000E+00  0.00000000E+00  0.17465175E+09  0.00000000E+00  0.00000000E+00  0.00000000E+00  0.00000000E+00  0.00000000E+00  0.10000000E-01  0.10000000E+01
 0.10200200E-08  0.14525308E-01  0.00000000E+00  0.15113113E+00  0.00000000E+00  0.00000000E+00  0.17465175E+09  0.00000000E+00  0.00000000E+00  0.00000000E+00  0.00000000E+00  0.00000000E+00  0.10000000E-01  0.10000000E+01
 0.10300200E-08  0.14525308E-01  0.00000000E+00  0.15287765E+00  0.00000000E+00  0.00000000E+00  0.17465175E+09  0.00000000E+00  0.00000000E+00  0.00000000E+00  0.00000000E+00  0.00000000E+00  0.10000000E-01  0.10000000E+01
 0.10400200E-08  0.14525308E-01  0.00000000E+00  0.15462417E+00  0.00000000E+00  0.00000000E+00  0.17465175E+09  0.00000000E+00  0.00000000E+00  0.00000000E+00  0.00000000E+00  0.00000000E+00  0.10000000E-01  0.10000000E+01
 0.10500200E-08  0.14525308E-01  0.00000000E+00  0.15637069E+00  0.00000000E+00  0.00000000E+00  0.17465175E+09  0.00000000E+00  0.00000000E+00  0.00000000E+00  0.00000000E+00  0.00000000E+00  0.10000000E-01  0.10000000E+01
 0.10600200E-08  0.14525308E-01  0.00000000E+00  0.15811720E+00  0.00000000E+00  0.00000000E+00  0.17465175E+09  0.00000000E+00  0.00000000E+00  0.00000000E+00  0.00000000E+00  0.00000000E+00  0.10000000E-01  0.10000000E+01
 0.10700200E-08  0.14525308E-01  0.00000000E+00  0.15986372E+00  0.00000000E+00  0.00000000E+00  0.17465175E+09  0.00000000E+00  0.00000000E+00  0.00000000E+00  0.00000000E+00  0.00000000E+00  0.10000000E-01  0.10000000E+01
 0.10800200E-08  0.14525308E-01  0.00000000E+00  0.16161024E+00  0.00000000E+00  0.00000000E+00  0.17465175E+09  0.00000000E+00  0.00000000E+00  0.00000000E+00  0.00000000E+00  0.00000000E+00  0.10000000E-01  0.10000000E+01
 0.10900200E-08  0.14525308E-01  0.00000000E+00  0.16335676E+00  0.00000000E+00  0.00000000E+00  0.17465175E+09  0.00000000E+00  0.00000000E+00  0.00000000E+00  0.00000000E+00  0.00000000E+00  0.10000000E-01  0.10000000E+01
 0.11000200E-08  0.14525308E-01  0.00000000E+00  0.16510327E+00  0.00000000E+00  0.00000000E+00  0.17465175E+09  0.00000000E+00  0.00000000E+00  0.00000000E+00  0.00000000E+00  0.00000000E+00  0.10000000E-01  0.10000000E+01
 0.11100200E-08  0.14525308E-01  0.00000000E+00  0.16684979E+00  0.00000000E+00  0.00000000E+00  0.17465175E+09  0.00000000E+00  0.00000000E+00  0.00000000E+00  0.00000000E+00  0.00000000E+00  0.10000000E-01  0.10000000E+01
 0.11200200E-08  0.14525308E-01  0.00000000E+00  0.16859631E+00  0.00000000E+00  0.00000000E+00  0.17465175E+09  0.00000000E+00  0.00000000E+00  0.00000000E+00  0.00000000E+00  0.00000000E+00  0.10000000E-01  0.10000000E+01
 0.11300200E-08  0.14525308E-01  0.00000000E+00  0.17034283E+00  0.00000000E+00  0.00000000E+00  0.17465175E+09  0.00000000E+00  0.00000000E+00  0.00000000E+00  0.00000000E+00  0.00000000E+00  0.10000000E-01  0.10000000E+01
 0.11400200E-08  0.14525308E-01  0.00000000E+00  0.17208934E+00  0.00000000E+00  0.00000000E+00  0.17465175E+09  0.00000000E+00  0.00000000E+00  0.00000000E+00  0.00000000E+00  0.00000000E+00  0.10000000E-01  0.10000000E+01
 0.11500200E-08  0.14525308E-01  0.00000000E+00  0.17383586E+00  0.00000000E+00  0.00000000E+00  0.17465175E+09  0.00000000E+00  0.00000000E+00  0.00000000E+00  0.00000000E+00  0.00000000E+00  0.10000000E-01  0.10000000E+01
 0.11600200E-08  0.14525308E-01  0.00000000E+00  0.17558238E+00  0.00000000E+00  0.00000000E+00  0.17465175E+09  0.00000000E+00  0.00000000E+00  0.00000000E+00  0.00000000E+00  0.00000000E+00  0.10000000E-01  0.10000000E+01
 0.11700200E-08  0.14525308E-01  0.00000000E+00  0.17732890E+00  0.00000000E+00  0.00000000E+00  0.17465175E+09  0.00000000E+00  0.00000000E+00  0.00000000E+00  0.00000000E+00  0.00000000E+00  0.10000000E-01  0.10000000E+01
 0.11800200E-08  0.14525308E-01  0.00000000E+00  0.17907541E+00  0.00000000E+00  0.00000000E+00  0.17465175E+09  0.00000000E+00  0.00000000E+00  0.00000000E+00  0.00000000E+00  0.00000000E+00  0.10000000E-01  0.10000000E+01
 0.11900200E-08  0.14525308E-01  0.00000000E+00  0.18082193E+00  0.00000000E+00  0.00000000E+00  0.17465175E+09  0.00000000E+00  0.00000000E+00  0.00000000E+00  0.00000000E+00  0.00000000E+00  0.10000000E-01  0.10000000E+01
 0.12000200E-08  0.14525308E-01  0.00000000E+00  0.18256845E+00  0.00000000E+00  0.00000000E+00  0.17465175E+09  0.00000000E+00  0.00000000E+00  0.00000000E+00  0.00000000E+00  0.00000000E+00  0.10000000E-01  0.10000000E+01
 0.12100200E-08  0.14525308E-01  0.00000000E+00  0.18431497E+00  0.00000000E+00  0.00000000E+00  0.17465175E+09  0.00000000E+00  0.00000000E+00  0.00000000E+00  0.00000000E+00  0.00000000E+00  0.10000000E-01  0.10000000E+01
 0.12200200E-08  0.14525308E-01  0.00000000E+00  0.18606148E+00  0.00000000E+00  0.00000000E+00  0.17465175E+09  0.00000000E+00  0.00000000E+00  0.00000000E+00  0.00000000E+00  0.00000000E+00  0.10000000E-01  0.10000000E+01
 0.12300200E-08  0.14525308E-01  0.00000000E+00  0.18780800E+00  0.00000000E+00  0.00000000E+00  0.17465175E+09  0.00000000E+00  0.00000000E+00  0.00000000E+00  0.00000000E+00  0.00000000E+00  0.10000000E-01  0.10000000E+01
 0.12400200E-08  0.14525308E-01  0.00000000E+00  0.18955452E+00  0.00000000E+00  0.00000000E+00  0.17465175E+09  0.00000000E+00  0.00000000E+00  0.00000000E+00  0.00000000E+00  0.00000000E+00  0.10000000E-01  0.10000000E+01
 0.12500200E-08  0.14525308E-01  0.00000000E+00  0.19130104E+00  0.00000000E+00  0.00000000E+00  0.17465175E+09  0.00000000E+00  0.00000000E+00  0.00000000E+00  0.00000000E+00  0.00000000E+00  0.10000000E-01  0.10000000E+01
 0.12600200E-08  0.14525308E-01  0.00000000E+00  0.19304755E+00  0.00000000E+00  0.00000000E+00  0.17465175E+09  0.00000000E+00  0.00000000E+00  0.00000000E+00  0.00000000E+00  0.00000000E+00  0.10000000E-01  0.10000000E+01
 0.12700200E-08  0.14525308E-01  0.00000000E+00  0.19479407E+00  0.00000000E+00  0.00000000E+00  0.17465175E+09  0.00000000E+00  0.00000000E+00  0.00000000E+00  0.00000000E+00  0.00000000E+00  0.10000000E-01  0.10000000E+01
 0.12800200E-08  0.14525308E-01  0.00000000E+00  0.19654059E+00  0.00000000E+00  0.00000000E+00  0.17465175E+09  0.00000000E+00  0.00000000E+00  0.00000000E+00  0.00000000E+00  0.00000000E+00  0.10000000E-01  0.10000000E+01
 0.12900200E-08  0.14525308E-01  0.00000000E+00  0.19828711E+00  0.00000000E+00  0.00000000E+00  0.17465175E+09  0.00000000E+00  0.00000000E+00  0.00000000E+00  0.00000000E+00  0.00000000E+00  0.10000000E-01  0.10000000E+01
 0.13000200E-08  0.14525308E-01  0.00000000E+00  0.20003362E+00  0.00000000E+00  0.00000000E+00  0.17465175E+09  0.00000000E+00  0.00000000E+00  0.00000000E+00  0.00000000E+00  0.00000000E+00  0.10000000E-01  0.10000000E+01
 0.13100200E-08  0.14525308E-01  0.00000000E+00  0.20178014E+00  0.00000000E+00  0.00000000E+00  0.17465175E+09  0.00000000E+00  0.00000000E+00  0.00000000E+00  0.00000000E+00  0.00000000E+00  0.10000000E-01  0.10000000E+01
 0.13200200E-08  0.14525308E-01  0.00000000E+00  0.20352666E+00  0.00000000E+00  0.00000000E+00  0.17465175E+09  0.00000000E+00  0.00000000E+00  0.00000000E+00  0.00000000E+00  0.00000000E+00  0.10000000E-01  0.10000000E+01
 0.13300200E-08  0.14525308E-01  0.00000000E+00  0.20527318E+00  0.00000000E+00  0.00000000E+00  0.17465175E+09  0.00000000E+00  0.00000000E+00  0.00000000E+00  0.00000000E+00  0.00000000E+00  0.10000000E-01  0.10000000E+01
 0.13400200E-08  0.14525308E-01  0.00000000E+00  0.20701969E+00  0.00000000E+00  0.00000000E+00  0.17465175E+09  0.00000000E+00  0.00000000E+00  0.00000000E+00  0.00000000E+00  0.00000000E+00  0.10000000E-01  0.10000000E+01
 0.13500200E-08  0.14525308E-01  0.00000000E+00  0.20876621E+00  0.00000000E+00  0.00000000E+00  0.17465175E+09  0.00000000E+00  0.00000000E+00  0.00000000E+00  0.00000000E+00  0.00000000E+00  0.10000000E-01  0.10000000E+01
 0.13600200E-08  0.14525308E-01  0.00000000E+00  0.21051273E+00  0.00000000E+00  0.00000000E+00  0.17465175E+09  0.00000000E+00  0.00000000E+00  0.00000000E+00  0.00000000E+00  0.00000000E+00  0.10000000E-01  0.10000000E+01
 0.13700200E-08  0.14525308E-01  0.00000000E+00  0.21225925E+00  0.00000000E+00  0.00000000E+00  0.17465175E+09  0.00000000E+00  0.00000000E+00  0.00000000E+00  0.00000000E+00  0.00000000E+00  0.10000000E-01  0.10000000E+01
 0.13800200E-08  0.14525308E-01  0.00000000E+00  0.21400576E+00  0.00000000E+00  0.00000000E+00  0.17465175E+09  0.00000000E+00  0.00000000E+00  0.00000000E+00  0.00000000E+00  0.00000000E+00  0.10000000E-01  0.10000000E+01
 0.13900200E-08  0.14525308E-01  0.00000000E+00  0.21575228E+00  0.00000000E+00  0.00000000E+00  0.17465175E+09  0.00000000E+00  0.00000000E+00  0.00000000E+00  0.00000000E+00  0.00000000E+00  0.10000000E-01  0.10000000E+01
 0.14000200E-08  0.14525308E-01  0.00000000E+00  0.21749880E+00  0.00000000E+00  0.00000000E+00  0.17465175E+09  0.00000000E+00  0.00000000E+00  0.00000000E+00  0.00000000E+00  0.00000000E+00  0.10000000E-01  0.10000000E+01
 0.14100200E-08  0.14525308E-01  0.00000000E+00  0.21924532E+00  0.00000000E+00  0.00000000E+00  0.17465175E+09  0.00000000E+00  0.00000000E+00  0.00000000E+00  0.00000000E+00  0.00000000E+00  0.10000000E-01  0.10000000E+01
 0.14200200E-08  0.14525308E-01  0.00000000E+00  0.22099183E+00  0.00000000E+00  0.00000000E+00  0.17465175E+09  0.00000000E+00  0.00000000E+00  0.00000000E+00  0.00000000E+00  0.00000000E+00  0.10000000E-01  0.10000000E+01
 0.14300200E-08  0.14525308E-01  0.00000000E+00  0.22273835E+00  0.00000000E+00  0.00000000E+00  0.17465175E+09  0.00000000E+00  0.00000000E+00  0.00000000E+00  0.00000000E+00  0.00000000E+00  0.10000000E-01  0.10000000E+01
 0.14400200E-08  0.14525308E-01  0.00000000E+00  0.22448487E+00  0.00000000E+00  0.00000000E+00  0.17465175E+09  0.00000000E+00  0.00000000E+00  0.00000000E+00  0.00000000E+00  0.00000000E+00  0.10000000E-01  0.10000000E+01
 0.14500200E-08  0.14525308E-01  0.00000000E+00  0.22623139E+00  0.00000000E+00  0.00000000E+00  0.17465175E+09  0.00000000E+00  0.00000000E+00  0.00000000E+00  0.00000000E+00  0.00000000E+00  0.10000000E-01  0.10000000E+01
 0.14600200E-08  0.14525308E-01  0.00000000E+00  0.22797790E+00  0.00000000E+00  0.00000000E+00  0.17465175E+09  0.00000000E+00  0.00000000E+00  0.00000000E+00  0.00000000E+00  0.00000000E+00  0.10000000E-01  0.10000000E+01
 0.14700200E-08  0.14525308E-01  0.00000000E+00  0.22972442E+00  0.00000000E+00  0.00000000E+00  0.17465175E+09  0.00000000E+00  0.00000000E+00  0.00000000E+00  0.00000000E+00  0.00000000E+00  0.10000000E-01  0.10000000E+01
 0.14800200E-08  0.14525308E-01  0.00000000E+00  0.23147094E+00  0.00000000E+00  0.00000000E+00  0.17465175E+09  0.00000000E+00  0.00000000E+00  0.00000000E+00  0.00000000E+00  0.00000000E+00  0.10000000E-01  0.10000000E+01
 0.14900200E-08  0.14525308E-01  0.00000000E+00  0.23321746E+00  0.00000000E+00  0.00000000E+00  0.17465175E+09  0.00000000E+00  0.00000000E+00  0.00000000E+00  0.00000000E+00  0.00000000E+00  0.10000000E-01  0.10000000E+01
 0.15000200E-08  0.14525308E-01  0.00000000E+00  0.23496397E+00  0.00000000E+00  0.00000000E+00  0.17465175E+09  0.00000000E+00  0.00000000E+00  0.00000000E+00  0.00000000E+00  0.00000000E+00  0.10000000E-01  0.10000000E+01
 0.15100200E-08  0.14525308E-01  0.00000000E+00  0.23671049E+00  0.00000000E+00  0.00000000E+00  0.17465175E+09  0.00000000E+00  0.00000000E+00  0.00000000E+00  0.00000000E+00  0.00000000E+00  0.10000000E-01  0.10000000E+01
 0.15200200E-08  0.14525308E-01  0.00000000E+00  0.23845701E+00  0.00000000E+00  0.00000000E+00  0.17465175E+09  0.00000000E+00  0.00000000E+00  0.00000000E+00  0.00000000E+00  0.00000000E+00  0.10000000E-01  0.10000000E+01
 0.15300200E-08  0.14525308E-01  0.00000000E+00  0.24020353E+00  0.00000000E+00  0.00000000E+00  0.17465175E+09  0.00000000E+00  0.00000000E+00  0.00000000E+00  0.00000000E+00  0.00000000E+00  0.10000000E-01  0.10000000E+01
 0.15400200E-08  0.14525308E-01  0.00000000E+00  0.24195004E+00  0.00000000E+00  0.00000000E+00  0.17465175E+09  0.00000000E+00  0.00000000E+00  0.00000000E+00  0.00000000E+00  0.00000000E+00  0.10000000E-01  0.10000000E+01
 0.15500200E-08  0.14525308E-01  0.00000000E+00  0.24369656E+00  0.00000000E+00  0.00000000E+00  0.17465175E+09  0.00000000E+00  0.00000000E+00  0.00000000E+00  0.00000000E+00  0.00000000E+00  0.10000000E-01  0.10000000E+01
 0.15600200E-08  0.14525308E-01  0.00000000E+00  0.24544308E+00  0.00000000E+00  0.00000000E+00  0.17465175E+09  0.00000000E+00  0.00000000E+00  0.00000000E+00  0.00000000E+00  0.00000000E+00  0.10000000E-01  0.10000000E+01
 0.15700200E-08  0.14525308E-01  0.00000000E+00  0.24718960E+00  0.00000000E+00  0.00000000E+00  0.17465175E+09  0.00000000E+00  0.00000000E+00  0.00000000E+00  0.00000000E+00  0.00000000E+00  0.10000000E-01  0.10000000E+01
 0.15800200E-08  0.14525308E-01  0.00000000E+00  0.24893611E+00  0.00000000E+00  0.00000000E+00  0.17465175E+09  0.00000000E+00  0.00000000E+00  0.00000000E+00  0.00000000E+00  0.00000000E+00  0.10000000E-01  0.10000000E+01
 0.15900200E-08  0.14525308E-01  0.00000000E+00  0.25068263E+00  0.00000000E+00  0.00000000E+00  0.17465175E+09  0.00000000E+00  0.00000000E+00  0.00000000E+00  0.00000000E+00  0.00000000E+00  0.10000000E-01  0.10000000E+01
 0.16000200E-08  0.14525308E-01  0.00000000E+00  0.25242915E+00  0.00000000E+00  0.00000000E+00  0.17465175E+09  0.00000000E+00  0.00000000E+00  0.00000000E+00  0.00000000E+00  0.00000000E+00  0.10000000E-01  0.10000000E+01
 0.16100200E-08  0.14525308E-01  0.00000000E+00  0.25417567E+00  0.00000000E+00  0.00000000E+00  0.17465175E+09  0.00000000E+00  0.00000000E+00  0.00000000E+00  0.00000000E+00  0.00000000E+00  0.10000000E-01  0.10000000E+01
 0.16200200E-08  0.14525308E-01  0.00000000E+00  0.25592218E+00  0.00000000E+00  0.00000000E+00  0.17465175E+09  0.00000000E+00  0.00000000E+00  0.00000000E+00  0.00000000E+00  0.00000000E+00  0.10000000E-01  0.10000000E+01
 0.16300200E-08  0.14525308E-01  0.00000000E+00  0.25766870E+00  0.00000000E+00  0.00000000E+00  0.17465175E+09  0.00000000E+00  0.00000000E+00  0.00000000E+00  0.00000000E+00  0.00000000E+00  0.10000000E-01  0.10000000E+01
 0.16400200E-08  0.14525308E-01  0.00000000E+00  0.25941522E+00  0.00000000E+00  0.00000000E+00  0.17465175E+09  0.00000000E+00  0.00000000E+00  0.00000000E+00  0.00000000E+00  0.00000000E+00  0.10000000E-01  0.10000000E+01
 0.16500200E-08  0.14525308E-01  0.00000000E+00  0.26116174E+00  0.00000000E+00  0.00000000E+00  0.17465175E+09  0.00000000E+00  0.00000000E+00  0.00000000E+00  0.00000000E+00  0.00000000E+00  0.10000000E-01  0.10000000E+01
 0.16600200E-08  0.14525308E-01  0.00000000E+00  0.26290825E+00  0.00000000E+00  0.00000000E+00  0.17465175E+09  0.00000000E+00  0.00000000E+00  0.00000000E+00  0.00000000E+00  0.00000000E+00  0.10000000E-01  0.10000000E+01
 0.16700200E-08  0.14525308E-01  0.00000000E+00  0.26465477E+00  0.00000000E+00  0.00000000E+00  0.17465175E+09  0.00000000E+00  0.00000000E+00  0.00000000E+00  0.00000000E+00  0.00000000E+00  0.10000000E-01  0.10000000E+01
 0.16800200E-08  0.14525308E-01  0.00000000E+00  0.26640129E+00  0.00000000E+00  0.00000000E+00  0.17465175E+09  0.00000000E+00  0.00000000E+00  0.00000000E+00  0.00000000E+00  0.00000000E+00  0.10000000E-01  0.10000000E+01
 0.16900200E-08  0.14525308E-01  0.00000000E+00  0.26814781E+00  0.00000000E+00  0.00000000E+00  0.17465175E+09  0.00000000E+00  0.00000000E+00  0.00000000E+00  0.00000000E+00  0.00000000E+00  0.10000000E-01  0.10000000E+01
 0.17000200E-08  0.14525308E-01  0.00000000E+00  0.26989432E+00  0.00000000E+00  0.00000000E+00  0.17465175E+09  0.00000000E+00  0.00000000E+00  0.00000000E+00  0.00000000E+00  0.00000000E+00  0.10000000E-01  0.10000000E+01
 0.17100200E-08  0.14525308E-01  0.00000000E+00  0.27164084E+00  0.00000000E+00  0.00000000E+00  0.17465175E+09  0.00000000E+00  0.00000000E+00  0.00000000E+00  0.00000000E+00  0.00000000E+00  0.10000000E-01  0.10000000E+01
 0.17200200E-08  0.14525308E-01  0.00000000E+00  0.27338736E+00  0.00000000E+00  0.00000000E+00  0.17465175E+09  0.00000000E+00  0.00000000E+00  0.00000000E+00  0.00000000E+00  0.00000000E+00  0.10000000E-01  0.10000000E+01
 0.17300200E-08  0.14525308E-01  0.00000000E+00  0.27513388E+00  0.00000000E+00  0.00000000E+00  0.17465175E+09  0.00000000E+00  0.00000000E+00  0.00000000E+00  0.00000000E+00  0.00000000E+00  0.10000000E-01  0.10000000E+01
 0.17400200E-08  0.14525308E-01  0.00000000E+00  0.27688039E+00  0.00000000E+00  0.00000000E+00  0.17465175E+09  0.00000000E+00  0.00000000E+00  0.00000000E+00  0.00000000E+00  0.00000000E+00  0.10000000E-01  0.10000000E+01
 0.17500200E-08  0.14525308E-01  0.00000000E+00  0.27862691E+00  0.00000000E+00  0.00000000E+00  0.17465175E+09  0.00000000E+00  0.00000000E+00  0.00000000E+00  0.00000000E+00  0.00000000E+00  0.10000000E-01  0.10000000E+01
 0.17600200E-08  0.14525308E-01  0.00000000E+00  0.28037343E+00  0.00000000E+00  0.00000000E+00  0.17465175E+09  0.00000000E+00  0.00000000E+00  0.00000000E+00  0.00000000E+00  0.00000000E+00  0.10000000E-01  0.10000000E+01
 0.17700200E-08  0.14525308E-01  0.00000000E+00  0.28211995E+00  0.00000000E+00  0.00000000E+00  0.17465175E+09  0.00000000E+00  0.00000000E+00  0.00000000E+00  0.00000000E+00  0.00000000E+00  0.10000000E-01  0.10000000E+01
 0.17800200E-08  0.14525308E-01  0.00000000E+00  0.28386646E+00  0.00000000E+00  0.00000000E+00  0.17465175E+09  0.00000000E+00  0.00000000E+00  0.00000000E+00  0.00000000E+00  0.00000000E+00  0.10000000E-01  0.10000000E+01
 0.17900200E-08  0.14525308E-01  0.00000000E+00  0.28561298E+00  0.00000000E+00  0.00000000E+00  0.17465175E+09  0.00000000E+00  0.00000000E+00  0.00000000E+00  0.00000000E+00  0.00000000E+00  0.10000000E-01  0.10000000E+01
 0.18000200E-08  0.14525308E-01  0.00000000E+00  0.28735950E+00  0.00000000E+00  0.00000000E+00  0.17465175E+09  0.00000000E+00  0.00000000E+00  0.00000000E+00  0.00000000E+00  0.00000000E+00  0.10000000E-01  0.10000000E+01
 0.18100200E-08  0.14525308E-01  0.00000000E+00  0.28910602E+00  0.00000000E+00  0.00000000E+00  0.17465175E+09  0.00000000E+00  0.00000000E+00  0.00000000E+00  0.00000000E+00  0.00000000E+00  0.10000000E-01  0.10000000E+01
 0.18200200E-08  0.14525308E-01  0.00000000E+00  0.29085253E+00  0.00000000E+00  0.00000000E+00  0.17465175E+09  0.00000000E+00  0.00000000E+00  0.00000000E+00  0.00000000E+00  0.00000000E+00  0.10000000E-01  0.10000000E+01
 0.18300200E-08  0.14525308E-01  0.00000000E+00  0.29259905E+00  0.00000000E+00  0.00000000E+00  0.17465175E+09  0.00000000E+00  0.00000000E+00  0.00000000E+00  0.00000000E+00  0.00000000E+00  0.10000000E-01  0.10000000E+01
 0.18400200E-08  0.14525308E-01  0.00000000E+00  0.29434557E+00  0.00000000E+00  0.00000000E+00  0.17465175E+09  0.00000000E+00  0.00000000E+00  0.00000000E+00  0.00000000E+00  0.00000000E+00  0.10000000E-01  0.10000000E+01
 0.18500200E-08  0.14525308E-01  0.00000000E+00  0.29609209E+00  0.00000000E+00  0.00000000E+00  0.17465175E+09  0.00000000E+00  0.00000000E+00  0.00000000E+00  0.00000000E+00  0.00000000E+00  0.10000000E-01  0.10000000E+01
 0.18600200E-08  0.14525308E-01  0.00000000E+00  0.29783860E+00  0.00000000E+00  0.00000000E+00  0.17465175E+09  0.00000000E+00  0.00000000E+00  0.00000000E+00  0.00000000E+00  0.00000000E+00  0.10000000E-01  0.10000000E+01
 0.18700200E-08  0.14525308E-01  0.00000000E+00  0.29958512E+00  0.00000000E+00  0.00000000E+00  0.17465175E+09  0.00000000E+00  0.00000000E+00  0.00000000E+00  0.00000000E+00  0.00000000E+00  0.10000000E-01  0.10000000E+01
 0.18800200E-08  0.14525308E-01  0.00000000E+00  0.30133164E+00  0.00000000E+00  0.00000000E+00  0.17465175E+09  0.00000000E+00  0.00000000E+00  0.00000000E+00  0.00000000E+00  0.00000000E+00  0.10000000E-01  0.10000000E+01
 0.18900200E-08  0.14525308E-01  0.00000000E+00  0.30307816E+00  0.00000000E+00  0.00000000E+00  0.17465175E+09  0.00000000E+00  0.00000000E+00  0.00000000E+00  0.00000000E+00  0.00000000E+00  0.10000000E-01  0.10000000E+01
 0.19000200E-08  0.14525308E-01  0.00000000E+00  0.30482467E+00  0.00000000E+00  0.00000000E+00  0.17465175E+09  0.00000000E+00  0.00000000E+00  0.00000000E+00  0.00000000E+00  0.00000000E+00  0.10000000E-01  0.10000000E+01
 0.19100200E-08  0.14525308E-01  0.00000000E+00  0.30657119E+00  0.00000000E+00  0.00000000E+00  0.17465175E+09  0.00000000E+00  0.00000000E+00  0.00000000E+00  0.00000000E+00  0.00000000E+00  0.10000000E-01  0.10000000E+01
 0.19200200E-08  0.14525308E-01  0.00000000E+00  0.30831771E+00  0.00000000E+00  0.00000000E+00  0.17465175E+09  0.00000000E+00  0.00000000E+00  0.00000000E+00  0.00000000E+00  0.00000000E+00  0.10000000E-01  0.10000000E+01
 0.19300200E-08  0.14525308E-01  0.00000000E+00  0.31006423E+00  0.00000000E+00  0.00000000E+00  0.17465175E+09  0.00000000E+00  0.00000000E+00  0.00000000E+00  0.00000000E+00  0.00000000E+00  0.10000000E-01  0.10000000E+01
 0.19400200E-08  0.14525308E-01  0.00000000E+00  0.31181074E+00  0.00000000E+00  0.00000000E+00  0.17465175E+09  0.00000000E+00  0.00000000E+00  0.00000000E+00  0.00000000E+00  0.00000000E+00  0.10000000E-01  0.10000000E+01
 0.19500200E-08  0.14525308E-01  0.00000000E+00  0.31355726E+00  0.00000000E+00  0.00000000E+00  0.17465175E+09  0.00000000E+00  0.00000000E+00  0.00000000E+00  0.00000000E+00  0.00000000E+00  0.10000000E-01  0.10000000E+01
 0.19600200E-08  0.14525308E-01  0.00000000E+00  0.31530378E+00  0.00000000E+00  0.00000000E+00  0.17465175E+09  0.00000000E+00  0.00000000E+00  0.00000000E+00  0.00000000E+00  0.00000000E+00  0.10000000E-01  0.10000000E+01
 0.19700200E-08  0.14525308E-01  0.00000000E+00  0.31705030E+00  0.00000000E+00  0.00000000E+00  0.17465175E+09  0.00000000E+00  0.00000000E+00  0.00000000E+00  0.00000000E+00  0.00000000E+00  0.10000000E-01  0.10000000E+01
 0.19800200E-08  0.14525308E-01  0.00000000E+00  0.31879681E+00  0.00000000E+00  0.00000000E+00  0.17465175E+09  0.00000000E+00  0.00000000E+00  0.00000000E+00  0.00000000E+00  0.00000000E+00  0.10000000E-01  0.10000000E+01
 0.19900200E-08  0.14525308E-01  0.00000000E+00  0.32054333E+00  0.00000000E+00  0.00000000E+00  0.17465175E+09  0.00000000E+00  0.00000000E+00  0.00000000E+00  0.00000000E+00  0.00000000E+00  0.10000000E-01  0.10000000E+01
