# ptime xp yp zp vx vy vz ex ey ez bx by bz wt
 0.20000000E-13  0.57334613E-02  0.00000000E+00 -0.10439611E-01  0.00000000E+00  0.00000000E+00  0.16839906E+09  0.00000000E+00  0.00000000E+00  0.00000000E+00  0.00000000E+00  0.00000000E+00  0.10000000E-01  0.10000000E+01
 0.10000000E-10  0.57334613E-02  0.00000000E+00 -0.87589879E-02  0.00000000E+00  0.00000000E+00  0.16839906E+09  0.00000000E+00  0.00000000E+00  0.00000000E+00  0.00000000E+00  0.00000000E+00  0.10000000E-01  0.10000000E+01
 0.20000000E-10  0.57334613E-02  0.00000000E+00 -0.70749973E-02  0.00000000E+00  0.00000000E+00  0.16839906E+09  0.00000000E+00  0.00000000E+00  0.00000000E+00  0.00000000E+00  0.00000000E+00  0.10000000E-01  0.10000000E+01
 0.30000000E-10  0.57334613E-02  0.00000000E+00 -0.53910067E-02  0.00000000E+00  0.00000000E+00  0.16839906E+09  0.00000000E+00  0.00000000E+00  0.00000000E+00  0.00000000E+00  0.00000000E+00  0.10000000E-01  0.10000000E+01
 0.40020000E-10  0.57334613E-02  0.00000000E+00 -0.37036481E-02  0.00000000E+00  0.00000000E+00  0.16839906E+09  0.00000000E+00  0.00000000E+00  0.00000000E+00  0.00000000E+00  0.00000000E+00  0.10000000E-01  0.10000000E+01
 0.50020000E-10  0.57334613E-02  0.00000000E+00 -0.20196575E-02  0.00000000E+00  0.00000000E+00  0.16839906E+09  0.00000000E+00  0.00000000E+00  0.00000000E+00  0.00000000E+00  0.00000000E+00  0.10000000E-01  0.10000000E+01
 0.60020000E-10  0.57334613E-02  0.00000000E+00 -0.33566686E-03  0.00000000E+00  0.00000000E+00  0.16839906E+09  0.00000000E+00  0.00000000E+00  0.00000000E+00  0.00000000E+00  0.00000000E+00  0.10000000E-01  0.10000000E+01
 0.70020000E-10  0.57334613E-02  0.00000000E+00  0.13483238E-02  0.00000000E+00  0.00000000E+00  0.16839906E+09  0.00000000E+00  0.00000000E+00  0.00000000E+00  0.00000000E+00  0.00000000E+00  0.10000000E-01  0.10000000E+01
 0.80000000E-10  0.57334613E-02  0.00000000E+00  0.30289464E-02  0.00000000E+00  0.00000000E+00  0.16839906E+09  0.00000000E+00  0.00000000E+00  0.00000000E+00  0.00000000E+00  0.00000000E+00  0.10000000E-01  0.10000000E+01
 0.90000000E-10  0.57334613E-02  0.00000000E+00  0.47129370E-02  0.00000000E+00  0.00000000E+00  0.16839906E+09  0.00000000E+00  0.00000000E+00  0.00000000E+00  0.00000000E+00  0.00000000E+00  0.10000000E-01  0.10000000E+01
 0.10000000E-09  0.57334613E-02  0.00000000E+00  0.63969276E-02  0.00000000E+00  0.00000000E+00  0.16839906E+09  0.00000000E+00  0.00000000E+00  0.00000000E+00  0.00000000E+00  0.00000000E+00  0.10000000E-01  0.10000000E+01
 0.11000000E-09  0.57334613E-02  0.00000000E+00  0.80809182E-02  0.00000000E+00  0.00000000E+00  0.16839906E+09  0.00000000E+00  0.00000000E+00  0.00000000E+00  0.00000000E+00  0.00000000E+00  0.10000000E-01  0.10000000E+01
 0.12000000E-09  0.57334613E-02  0.00000000E+00  0.97649088E-02  0.00000000E+00  0.00000000E+00  0.16839906E+09  0.00000000E+00  0.00000000E+00  0.00000000E+00  0.00000000E+00  0.00000000E+00  0.10000000E-01  0.10000000E+01
 0.13000000E-09  0.57334613E-02  0.00000000E+00  0.11448899E-01  0.00000000E+00  0.00000000E+00  0.16839906E+09  0.00000000E+00  0.00000000E+00  0.00000000E+00  0.00000000E+00  0.00000000E+00  0.10000000E-01  0.10000000E+01
 0.14002000E-09  0.57334613E-02  0.00000000E+00  0.13136258E-01  0.00000000E+00  0.00000000E+00  0.16839906E+09  0.00000000E+00  0.00000000E+00  0.00000000E+00  0.00000000E+00  0.00000000E+00  0.10000000E-01  0.10000000E+01
 0.15002000E-09  0.57334613E-02  0.00000000E+00  0.14820249E-01  0.00000000E+00  0.00000000E+00  0.16839906E+09  0.00000000E+00  0.00000000E+00  0.00000000E+00  0.00000000E+00  0.00000000E+00  0.10000000E-01  0.10000000E+01
 0.16002000E-09  0.57334613E-02  0.00000000E+00  0.16504239E-01  0.00000000E+00  0.00000000E+00  0.16839906E+09  0.00000000E+00  0.00000000E+00  0.00000000E+00  0.00000000E+00  0.00000000E+00  0.10000000E-01  0.10000000E+01
 0.17002000E-09  0.57334613E-02  0.00000000E+00  0.18188230E-01  0.00000000E+00  0.00000000E+00  0.16839906E+09  0.00000000E+00  0.00000000E+00  0.00000000E+00  0.00000000E+00  0.00000000E+00  0.10000000E-01  0.10000000E+01
 0.18002000E-09  0.57334613E-02  0.00000000E+00  0.19872220E-01  0.00000000E+00  0.00000000E+00  0.16839906E+09  0.00000000E+00  0.00000000E+00  0.00000000E+00  0.00000000E+00  0.00000000E+00  0.10000000E-01  0.10000000E+01
 0.19002000E-09  0.57334613E-02  0.00000000E+00  0.21556211E-01  0.00000000E+00  0.00000000E+00  0.16839906E+09  0.00000000E+00  0.00000000E+00  0.00000000E+00  0.00000000E+00  0.00000000E+00  0.10000000E-01  0.10000000E+01
 0.20002000E-09  0.57334613E-02  0.00000000E+00  0.23240202E-01  0.00000000E+00  0.00000000E+00  0.16839906E+09  0.00000000E+00  0.00000000E+00  0.00000000E+00  0.00000000E+00  0.00000000E+00  0.10000000E-01  0.10000000E+01
 0.21002000E-09  0.57334613E-02  0.00000000E+00  0.24924192E-01  0.00000000E+00  0.00000000E+00  0.16839906E+09  0.00000000E+00  0.00000000E+00  0.00000000E+00  0.00000000E+00  0.00000000E+00  0.10000000E-01  0.10000000E+01
 0.22002000E-09  0.57334613E-02  0.00000000E+00  0.26608183E-01  0.00000000E+00  0.00000000E+00  0.16839906E+09  0.00000000E+00  0.00000000E+00  0.00000000E+00  0.00000000E+00  0.00000000E+00  0.10000000E-01  0.10000000E+01
 0.23002000E-09  0.57334613E-02  0.00000000E+00  0.28292174E-01  0.00000000E+00  0.00000000E+00  0.16839906E+09  0.00000000E+00  0.00000000E+00  0.00000000E+00  0.00000000E+00  0.00000000E+00  0.10000000E-01  0.10000000E+01
 0.24002000E-09  0.57334613E-02  0.00000000E+00  0.29976164E-01  0.00000000E+00  0.00000000E+00  0.16839906E+09  0.00000000E+00  0.00000000E+00  0.00000000E+00  0.00000000E+00  0.00000000E+00  0.10000000E-01  0.10000000E+01
 0.25002000E-09  0.57334613E-02  0.00000000E+00  0.31660155E-01  0.00000000E+00  0.00000000E+00  0.16839906E+09  0.00000000E+00  0.00000000E+00  0.00000000E+00  0.00000000E+00  0.00000000E+00  0.10000000E-01  0.10000000E+01
 0.26002000E-09  0.57334613E-02  0.00000000E+00  0.33344145E-01  0.00000000E+00  0.00000000E+00  0.16839906E+09  0.00000000E+00  0.00000000E+00  0.00000000E+00  0.00000000E+00  0.00000000E+00  0.10000000E-01  0.10000000E+01
 0.27002000E-09  0.57334613E-02  0.00000000E+00  0.35028136E-01  0.00000000E+00  0.00000000E+00  0.16839906E+09  0.00000000E+00  0.00000000E+00  0.00000000E+00  0.00000000E+00  0.00000000E+00  0.10000000E-01  0.10000000E+01
 0.28002000E-09  0.57334613E-02  0.00000000E+00  0.36712127E-01  0.00000000E+00  0.00000000E+00  0.16839906E+09  0.00000000E+00  0.00000000E+00  0.00000000E+00  0.00000000E+00  0.00000000E+00  0.10000000E-01  0.10000000E+01
 0.29002000E-09  0.57334613E-02  0.00000000E+00  0.38396117E-01  0.00000000E+00  0.00000000E+00  0.16839906E+09  0.00000000E+00  0.00000000E+00  0.00000000E+00  0.00000000E+00  0.00000000E+00  0.10000000E-01  0.10000000E+01
 0.30000000E-09  0.57334613E-02  0.00000000E+00  0.40076740E-01  0.00000000E+00  0.00000000E+00  0.16839906E+09  0.00000000E+00  0.00000000E+00  0.00000000E+00  0.00000000E+00  0.00000000E+00  0.10000000E-01  0.10000000E+01
 0.31000000E-09  0.57334613E-02  0.00000000E+00  0.41760730E-01  0.00000000E+00  0.00000000E+00  0.16839906E+09  0.00000000E+00  0.00000000E+00  0.00000000E+00  0.00000000E+00  0.00000000E+00  0.10000000E-01  0.10000000E+01
 0.32000000E-09  0.57334613E-02  0.00000000E+00  0.43444721E-01  0.00000000E+00  0.00000000E+00  0.16839906E+09  0.00000000E+00  0.00000000E+00  0.00000000E+00  0.00000000E+00  0.00000000E+00  0.10000000E-01  0.10000000E+01
 0.33000000E-09  0.57334613E-02  0.00000000E+00  0.45128712E-01  0.00000000E+00  0.00000000E+00  0.16839906E+09  0.00000000E+00  0.00000000E+00  0.00000000E+00  0.00000000E+00  0.00000000E+00  0.10000000E-01  0.10000000E+01
 0.34000000E-09  0.57334613E-02  0.00000000E+00  0.46812702E-01  0.00000000E+00  0.00000000E+00  0.16839906E+09  0.00000000E+00  0.00000000E+00  0.00000000E+00  0.00000000E+00  0.00000000E+00  0.10000000E-01  0.10000000E+01
 0.35000000E-09  0.57334613E-02  0.00000000E+00  0.48496693E-01  0.00000000E+00  0.00000000E+00  0.16839906E+09  0.00000000E+00  0.00000000E+00  0.00000000E+00  0.00000000E+00  0.00000000E+00  0.10000000E-01  0.10000000E+01
 0.36000000E-09  0.57334613E-02  0.00000000E+00  0.50180683E-01  0.00000000E+00  0.00000000E+00  0.16839906E+09  0.00000000E+00  0.00000000E+00  0.00000000E+00  0.00000000E+00  0.00000000E+00  0.10000000E-01  0.10000000E+01
 0.37000000E-09  0.57334613E-02  0.00000000E+00  0.51864674E-01  0.00000000E+00  0.00000000E+00  0.16839906E+09  0.00000000E+00  0.00000000E+00  0.00000000E+00  0.00000000E+00  0.00000000E+00  0.10000000E-01  0.10000000E+01
 0.38000000E-09  0.57334613E-02  0.00000000E+00  0.53548665E-01  0.00000000E+00  0.00000000E+00  0.16839906E+09  0.00000000E+00  0.00000000E+00  0.00000000E+00  0.00000000E+00  0.00000000E+00  0.10000000E-01  0.10000000E+01
 0.39000000E-09  0.57334613E-02  0.00000000E+00  0.55232655E-01  0.00000000E+00  0.00000000E+00  0.16839906E+09  0.00000000E+00  0.00000000E+00  0.00000000E+00  0.00000000E+00  0.00000000E+00  0.10000000E-01  0.10000000E+01
 0.40000000E-09  0.57334613E-02  0.00000000E+00  0.56916646E-01  0.00000000E+00  0.00000000E+00  0.16839906E+09  0.00000000E+00  0.00000000E+00  0.00000000E+00  0.00000000E+00  0.00000000E+00  0.10000000E-01  0.10000000E+01
 0.41000000E-09  0.57334613E-02  0.00000000E+00  0.58600637E-01  0.00000000E+00  0.00000000E+00  0.16839906E+09  0.00000000E+00  0.00000000E+00  0.00000000E+00  0.00000000E+00  0.00000000E+00  0.10000000E-01  0.10000000E+01
 0.42000000E-09  0.57334613E-02  0.00000000E+00  0.60284627E-01  0.00000000E+00  0.00000000E+00  0.16839906E+09  0.00000000E+00  0.00000000E+00  0.00000000E+00  0.00000000E+00  0.00000000E+00  0.10000000E-01  0.10000000E+01
 0.43000000E-09  0.57334613E-02  0.00000000E+00  0.61968618E-01  0.00000000E+00  0.00000000E+00  0.16839906E+09  0.00000000E+00  0.00000000E+00  0.00000000E+00  0.00000000E+00  0.00000000E+00  0.10000000E-01  0.10000000E+01
 0.44000000E-09  0.57334613E-02  0.00000000E+00  0.63652608E-01  0.00000000E+00  0.00000000E+00  0.16839906E+09  0.00000000E+00  0.00000000E+00  0.00000000E+00  0.00000000E+00  0.00000000E+00  0.10000000E-01  0.10000000E+01
 0.45000000E-09  0.57334613E-02  0.00000000E+00  0.65336599E-01  0.00000000E+00  0.00000000E+00  0.16839906E+09  0.00000000E+00  0.00000000E+00  0.00000000E+00  0.00000000E+00  0.00000000E+00  0.10000000E-01  0.10000000E+01
 0.46000000E-09  0.57334613E-02  0.00000000E+00  0.67020590E-01  0.00000000E+00  0.00000000E+00  0.16839906E+09  0.00000000E+00  0.00000000E+00  0.00000000E+00  0.00000000E+00  0.00000000E+00  0.10000000E-01  0.10000000E+01
 0.47000000E-09  0.57334613E-02  0.00000000E+00  0.68704580E-01  0.00000000E+00  0.00000000E+00  0.16839906E+09  0.00000000E+00  0.00000000E+00  0.00000000E+00  0.00000000E+00  0.00000000E+00  0.10000000E-01  0.10000000E+01
 0.48000000E-09  0.57334613E-02  0.00000000E+00  0.70388571E-01  0.00000000E+00  0.00000000E+00  0.16839906E+09  0.00000000E+00  0.00000000E+00  0.00000000E+00  0.00000000E+00  0.00000000E+00  0.10000000E-01  0.10000000E+01
 0.49000000E-09  0.57334613E-02  0.00000000E+00  0.72072561E-01  0.00000000E+00  0.00000000E+00  0.16839906E+09  0.00000000E+00  0.00000000E+00  0.00000000E+00  0.00000000E+00  0.00000000E+00  0.10000000E-01  0.10000000E+01
 0.50000000E-09  0.57334613E-02  0.00000000E+00  0.73756552E-01  0.00000000E+00  0.00000000E+00  0.16839906E+09  0.00000000E+00  0.00000000E+00  0.00000000E+00  0.00000000E+00  0.00000000E+00  0.10000000E-01  0.10000000E+01
 0.51000000E-09  0.57334613E-02  0.00000000E+00  0.75440543E-01  0.00000000E+00  0.00000000E+00  0.16839906E+09  0.00000000E+00  0.00000000E+00  0.00000000E+00  0.00000000E+00  0.00000000E+00  0.10000000E-01  0.10000000E+01
 0.52000000E-09  0.57334613E-02  0.00000000E+00  0.77124533E-01  0.00000000E+00  0.00000000E+00  0.16839906E+09  0.00000000E+00  0.00000000E+00  0.00000000E+00  0.00000000E+00  0.00000000E+00  0.10000000E-01  0.10000000E+01
 0.53000000E-09  0.57334613E-02  0.00000000E+00  0.78808524E-01  0.00000000E+00  0.00000000E+00  0.16839906E+09  0.00000000E+00  0.00000000E+00  0.00000000E+00  0.00000000E+00  0.00000000E+00  0.10000000E-01  0.10000000E+01
 0.54000000E-09  0.57334613E-02  0.00000000E+00  0.80492514E-01  0.00000000E+00  0.00000000E+00  0.16839906E+09  0.00000000E+00  0.00000000E+00  0.00000000E+00  0.00000000E+00  0.00000000E+00  0.10000000E-01  0.10000000E+01
 0.55002000E-09  0.57334613E-02  0.00000000E+00  0.82179873E-01  0.00000000E+00  0.00000000E+00  0.16839906E+09  0.00000000E+00  0.00000000E+00  0.00000000E+00  0.00000000E+00  0.00000000E+00  0.10000000E-01  0.10000000E+01
 0.56002000E-09  0.57334613E-02  0.00000000E+00  0.83863864E-01  0.00000000E+00  0.00000000E+00  0.16839906E+09  0.00000000E+00  0.00000000E+00  0.00000000E+00  0.00000000E+00  0.00000000E+00  0.10000000E-01  0.10000000E+01
 0.57002000E-09  0.57334613E-02  0.00000000E+00  0.85547854E-01  0.00000000E+00  0.00000000E+00  0.16839906E+09  0.00000000E+00  0.00000000E+00  0.00000000E+00  0.00000000E+00  0.00000000E+00  0.10000000E-01  0.10000000E+01
 0.58002000E-09  0.57334613E-02  0.00000000E+00  0.87231845E-01  0.00000000E+00  0.00000000E+00  0.16839906E+09  0.00000000E+00  0.00000000E+00  0.00000000E+00  0.00000000E+00  0.00000000E+00  0.10000000E-01  0.10000000E+01
 0.59002000E-09  0.57334613E-02  0.00000000E+00  0.88915835E-01  0.00000000E+00  0.00000000E+00  0.16839906E+09  0.00000000E+00  0.00000000E+00  0.00000000E+00  0.00000000E+00  0.00000000E+00  0.10000000E-01  0.10000000E+01
 0.60002000E-09  0.57334613E-02  0.00000000E+00  0.90599826E-01  0.00000000E+00  0.00000000E+00  0.16839906E+09  0.00000000E+00  0.00000000E+00  0.00000000E+00  0.00000000E+00  0.00000000E+00  0.10000000E-01  0.10000000E+01
 0.61002000E-09  0.57334613E-02  0.00000000E+00  0.92283817E-01  0.00000000E+00  0.00000000E+00  0.16839906E+09  0.00000000E+00  0.00000000E+00  0.00000000E+00  0.00000000E+00  0.00000000E+00  0.10000000E-01  0.10000000E+01
 0.62002000E-09  0.57334613E-02  0.00000000E+00  0.93967807E-01  0.00000000E+00  0.00000000E+00  0.16839906E+09  0.00000000E+00  0.00000000E+00  0.00000000E+00  0.00000000E+00  0.00000000E+00  0.10000000E-01  0.10000000E+01
 0.63002000E-09  0.57334613E-02  0.00000000E+00  0.95651798E-01  0.00000000E+00  0.00000000E+00  0.16839906E+09  0.00000000E+00  0.00000000E+00  0.00000000E+00  0.00000000E+00  0.00000000E+00  0.10000000E-01  0.10000000E+01
 0.64002000E-09  0.57334613E-02  0.00000000E+00  0.97335789E-01  0.00000000E+00  0.00000000E+00  0.16839906E+09  0.00000000E+00  0.00000000E+00  0.00000000E+00  0.00000000E+00  0.00000000E+00  0.10000000E-01  0.10000000E+01
 0.65002000E-09  0.57334613E-02  0.00000000E+00  0.99019779E-01  0.00000000E+00  0.00000000E+00  0.16839906E+09  0.00000000E+00  0.00000000E+00  0.00000000E+00  0.00000000E+00  0.00000000E+00  0.10000000E-01  0.10000000E+01
 0.66002000E-09  0.57334613E-02  0.00000000E+00  0.10070377E+00  0.00000000E+00  0.00000000E+00  0.16839906E+09  0.00000000E+00  0.00000000E+00  0.00000000E+00  0.00000000E+00  0.00000000E+00  0.10000000E-01  0.10000000E+01
 0.67002000E-09  0.57334613E-02  0.00000000E+00  0.10238776E+00  0.00000000E+00  0.00000000E+00  0.16839906E+09  0.00000000E+00  0.00000000E+00  0.00000000E+00  0.00000000E+00  0.00000000E+00  0.10000000E-01  0.10000000E+01
 0.68002000E-09  0.57334613E-02  0.00000000E+00  0.10407175E+00  0.00000000E+00  0.00000000E+00  0.16839906E+09  0.00000000E+00  0.00000000E+00  0.00000000E+00  0.00000000E+00  0.00000000E+00  0.10000000E-01  0.10000000E+01
 0.69002000E-09  0.57334613E-02  0.00000000E+00  0.10575574E+00  0.00000000E+00  0.00000000E+00  0.16839906E+09  0.00000000E+00  0.00000000E+00  0.00000000E+00  0.00000000E+00  0.00000000E+00  0.10000000E-01  0.10000000E+01
 0.70002000E-09  0.57334613E-02  0.00000000E+00  0.10743973E+00  0.00000000E+00  0.00000000E+00  0.16839906E+09  0.00000000E+00  0.00000000E+00  0.00000000E+00  0.00000000E+00  0.00000000E+00  0.10000000E-01  0.10000000E+01
 0.71002000E-09  0.57334613E-02  0.00000000E+00  0.10912372E+00  0.00000000E+00  0.00000000E+00  0.16839906E+09  0.00000000E+00  0.00000000E+00  0.00000000E+00  0.00000000E+00  0.00000000E+00  0.10000000E-01  0.10000000E+01
 0.72002000E-09  0.57334613E-02  0.00000000E+00  0.11080771E+00  0.00000000E+00  0.00000000E+00  0.16839906E+09  0.00000000E+00  0.00000000E+00  0.00000000E+00  0.00000000E+00  0.00000000E+00  0.10000000E-01  0.10000000E+01
 0.73002000E-09  0.57334613E-02  0.00000000E+00  0.11249170E+00  0.00000000E+00  0.00000000E+00  0.16839906E+09  0.00000000E+00  0.00000000E+00  0.00000000E+00  0.00000000E+00  0.00000000E+00  0.10000000E-01  0.10000000E+01
 0.74002000E-09  0.57334613E-02  0.00000000E+00  0.11417569E+00  0.00000000E+00  0.00000000E+00  0.16839906E+09  0.00000000E+00  0.00000000E+00  0.00000000E+00  0.00000000E+00  0.00000000E+00  0.10000000E-01  0.10000000E+01
 0.75002000E-09  0.57334613E-02  0.00000000E+00  0.11585969E+00  0.00000000E+00  0.00000000E+00  0.16839906E+09  0.00000000E+00  0.00000000E+00  0.00000000E+00  0.00000000E+00  0.00000000E+00  0.10000000E-01  0.10000000E+01
 0.76002000E-09  0.57334613E-02  0.00000000E+00  0.11754368E+00  0.00000000E+00  0.00000000E+00  0.16839906E+09  0.00000000E+00  0.00000000E+00  0.00000000E+00  0.00000000E+00  0.00000000E+00  0.10000000E-01  0.10000000E+01
 0.77002000E-09  0.57334613E-02  0.00000000E+00  0.11922767E+00  0.00000000E+00  0.00000000E+00  0.16839906E+09  0.00000000E+00  0.00000000E+00  0.00000000E+00  0.00000000E+00  0.00000000E+00  0.10000000E-01  0.10000000E+01
 0.78002000E-09  0.57334613E-02  0.00000000E+00  0.12091166E+00  0.00000000E+00  0.00000000E+00  0.16839906E+09  0.00000000E+00  0.00000000E+00  0.00000000E+00  0.00000000E+00  0.00000000E+00  0.10000000E-01  0.10000000E+01
 0.79002000E-09  0.57334613E-02  0.00000000E+00  0.12259565E+00  0.00000000E+00  0.00000000E+00  0.16839906E+09  0.00000000E+00  0.00000000E+00  0.00000000E+00  0.00000000E+00  0.00000000E+00  0.10000000E-01  0.10000000E+01
 0.80002000E-09  0.57334613E-02  0.00000000E+00  0.12427964E+00  0.00000000E+00  0.00000000E+00  0.16839906E+09  0.00000000E+00  0.00000000E+00  0.00000000E+00  0.00000000E+00  0.00000000E+00  0.10000000E-01  0.10000000E+01
 0.81002000E-09  0.57334613E-02  0.00000000E+00  0.12596363E+00  0.00000000E+00  0.00000000E+00  0.16839906E+09  0.00000000E+00  0.00000000E+00  0.00000000E+00  0.00000000E+00  0.00000000E+00  0.10000000E-01  0.10000000E+01
 0.82002000E-09  0.57334613E-02  0.00000000E+00  0.12764762E+00  0.00000000E+00  0.00000000E+00  0.16839906E+09  0.00000000E+00  0.00000000E+00  0.00000000E+00  0.00000000E+00  0.00000000E+00  0.10000000E-01  0.10000000E+01
 0.83002000E-09  0.57334613E-02  0.00000000E+00  0.12933161E+00  0.00000000E+00  0.00000000E+00  0.16839906E+09  0.00000000E+00  0.00000000E+00  0.00000000E+00  0.00000000E+00  0.00000000E+00  0.10000000E-01  0.10000000E+01
 0.84002000E-09  0.57334613E-02  0.00000000E+00  0.13101560E+00  0.00000000E+00  0.00000000E+00  0.16839906E+09  0.00000000E+00  0.00000000E+00  0.00000000E+00  0.00000000E+00  0.00000000E+00  0.10000000E-01  0.10000000E+01
 0.85002000E-09  0.57334613E-02  0.00000000E+00  0.13269959E+00  0.00000000E+00  0.00000000E+00  0.16839906E+09  0.00000000E+00  0.00000000E+00  0.00000000E+00  0.00000000E+00  0.00000000E+00  0.10000000E-01  0.10000000E+01
 0.86002000E-09  0.57334613E-02  0.00000000E+00  0.13438358E+00  0.00000000E+00  0.00000000E+00  0.16839906E+09  0.00000000E+00  0.00000000E+00  0.00000000E+00  0.00000000E+00  0.00000000E+00  0.10000000E-01  0.10000000E+01
 0.87002000E-09  0.57334613E-02  0.00000000E+00  0.13606757E+00  0.00000000E+00  0.00000000E+00  0.16839906E+09  0.00000000E+00  0.00000000E+00  0.00000000E+00  0.00000000E+00  0.00000000E+00  0.10000000E-01  0.10000000E+01
 0.88002000E-09  0.57334613E-02  0.00000000E+00  0.13775156E+00  0.00000000E+00  0.00000000E+00  0.16839906E+09  0.00000000E+00  0.00000000E+00  0.00000000E+00  0.00000000E+00  0.00000000E+00  0.10000000E-01  0.10000000E+01
 0.89002000E-09  0.57334613E-02  0.00000000E+00  0.13943555E+00  0.00000000E+00  0.00000000E+00  0.16839906E+09  0.00000000E+00  0.00000000E+00  0.00000000E+00  0.00000000E+00  0.00000000E+00  0.10000000E-01  0.10000000E+01
 0.90002000E-09  0.57334613E-02  0.00000000E+00  0.14111954E+00  0.00000000E+00  0.00000000E+00  0.16839906E+09  0.00000000E+00  0.00000000E+00  0.00000000E+00  0.00000000E+00  0.00000000E+00  0.10000000E-01  0.10000000E+01
 0.91002000E-09  0.57334613E-02  0.00000000E+00  0.14280353E+00  0.00000000E+00  0.00000000E+00  0.16839906E+09  0.00000000E+00  0.00000000E+00  0.00000000E+00  0.00000000E+00  0.00000000E+00  0.10000000E-01  0.10000000E+01
 0.92002000E-09  0.57334613E-02  0.00000000E+00  0.14448753E+00  0.00000000E+00  0.00000000E+00  0.16839906E+09  0.00000000E+00  0.00000000E+00  0.00000000E+00  0.00000000E+00  0.00000000E+00  0.10000000E-01  0.10000000E+01
 0.93002000E-09  0.57334613E-02  0.00000000E+00  0.14617152E+00  0.00000000E+00  0.00000000E+00  0.16839906E+09  0.00000000E+00  0.00000000E+00  0.00000000E+00  0.00000000E+00  0.00000000E+00  0.10000000E-01  0.10000000E+01
 0.94002000E-09  0.57334613E-02  0.00000000E+00  0.14785551E+00  0.00000000E+00  0.00000000E+00  0.16839906E+09  0.00000000E+00  0.00000000E+00  0.00000000E+00  0.00000000E+00  0.00000000E+00  0.10000000E-01  0.10000000E+01
 0.95002000E-09  0.57334613E-02  0.00000000E+00  0.14953950E+00  0.00000000E+00  0.00000000E+00  0.16839906E+09  0.00000000E+00  0.00000000E+00  0.00000000E+00  0.00000000E+00  0.00000000E+00  0.10000000E-01  0.10000000E+01
 0.96002000E-09  0.57334613E-02  0.00000000E+00  0.15122349E+00  0.00000000E+00  0.00000000E+00  0.16839906E+09  0.00000000E+00  0.00000000E+00  0.00000000E+00  0.00000000E+00  0.00000000E+00  0.10000000E-01  0.10000000E+01
 0.97002000E-09  0.57334613E-02  0.00000000E+00  0.15290748E+00  0.00000000E+00  0.00000000E+00  0.16839906E+09  0.00000000E+00  0.00000000E+00  0.00000000E+00  0.00000000E+00  0.00000000E+00  0.10000000E-01  0.10000000E+01
 0.98002000E-09  0.57334613E-02  0.00000000E+00  0.15459147E+00  0.00000000E+00  0.00000000E+00  0.16839906E+09  0.00000000E+00  0.00000000E+00  0.00000000E+00  0.00000000E+00  0.00000000E+00  0.10000000E-01  0.10000000E+01
 0.99002000E-09  0.57334613E-02  0.00000000E+00  0.15627546E+00  0.00000000E+00  0.00000000E+00  0.16839906E+09  0.00000000E+00  0.00000000E+00  0.00000000E+00  0.00000000E+00  0.00000000E+00  0.10000000E-01  0.10000000E+01
 0.10000200E-08  0.57334613E-02  0.00000000E+00  0.15795945E+00  0.00000000E+00  0.00000000E+00  0.16839906E+09  0.00000000E+00  0.00000000E+00  0.00000000E+00  0.00000000E+00  0.00000000E+00  0.10000000E-01  0.10000000E+01
 0.10100200E-08  0.57334613E-02  0.00000000E+00  0.15964344E+00  0.00000000E+00  0.00000000E+00  0.16839906E+09  0.00000000E+00  0.00000000E+00  0.00000000E+00  0.00000000E+00  0.00000000E+00  0.10000000E-01  0.10000000E+01
 0.10200200E-08  0.57334613E-02  0.00000000E+00  0.16132743E+00  0.00000000E+00  0.00000000E+00  0.16839906E+09  0.00000000E+00  0.00000000E+00  0.00000000E+00  0.00000000E+00  0.00000000E+00  0.10000000E-01  0.10000000E+01
 0.10300200E-08  0.57334613E-02  0.00000000E+00  0.16301142E+00  0.00000000E+00  0.00000000E+00  0.16839906E+09  0.00000000E+00  0.00000000E+00  0.00000000E+00  0.00000000E+00  0.00000000E+00  0.10000000E-01  0.10000000E+01
 0.10400200E-08  0.57334613E-02  0.00000000E+00  0.16469541E+00  0.00000000E+00  0.00000000E+00  0.16839906E+09  0.00000000E+00  0.00000000E+00  0.00000000E+00  0.00000000E+00  0.00000000E+00  0.10000000E-01  0.10000000E+01
 0.10500200E-08  0.57334613E-02  0.00000000E+00  0.16637940E+00  0.00000000E+00  0.00000000E+00  0.16839906E+09  0.00000000E+00  0.00000000E+00  0.00000000E+00  0.00000000E+00  0.00000000E+00  0.10000000E-01  0.10000000E+01
 0.10600200E-08  0.57334613E-02  0.00000000E+00  0.16806339E+00  0.00000000E+00  0.00000000E+00  0.16839906E+09  0.00000000E+00  0.00000000E+00  0.00000000E+00  0.00000000E+00  0.00000000E+00  0.10000000E-01  0.10000000E+01
 0.10700200E-08  0.57334613E-02  0.00000000E+00  0.16974738E+00  0.00000000E+00  0.00000000E+00  0.16839906E+09  0.00000000E+00  0.00000000E+00  0.00000000E+00  0.00000000E+00  0.00000000E+00  0.10000000E-01  0.10000000E+01
 0.10800200E-08  0.57334613E-02  0.00000000E+00  0.17143138E+00  0.00000000E+00  0.00000000E+00  0.16839906E+09  0.00000000E+00  0.00000000E+00  0.00000000E+00  0.00000000E+00  0.00000000E+00  0.10000000E-01  0.10000000E+01
 0.10900200E-08  0.57334613E-02  0.00000000E+00  0.17311537E+00  0.00000000E+00  0.00000000E+00  0.16839906E+09  0.00000000E+00  0.00000000E+00  0.00000000E+00  0.00000000E+00  0.00000000E+00  0.10000000E-01  0.10000000E+01
 0.11000200E-08  0.57334613E-02  0.00000000E+00  0.17479936E+00  0.00000000E+00  0.00000000E+00  0.16839906E+09  0.00000000E+00  0.00000000E+00  0.00000000E+00  0.00000000E+00  0.00000000E+00  0.10000000E-01  0.10000000E+01
 0.11100200E-08  0.57334613E-02  0.00000000E+00  0.17648335E+00  0.00000000E+00  0.00000000E+00  0.16839906E+09  0.00000000E+00  0.00000000E+00  0.00000000E+00  0.00000000E+00  0.00000000E+00  0.10000000E-01  0.10000000E+01
 0.11200200E-08  0.57334613E-02  0.00000000E+00  0.17816734E+00  0.00000000E+00  0.00000000E+00  0.16839906E+09  0.00000000E+00  0.00000000E+00  0.00000000E+00  0.00000000E+00  0.00000000E+00  0.10000000E-01  0.10000000E+01
 0.11300200E-08  0.57334613E-02  0.00000000E+00  0.17985133E+00  0.00000000E+00  0.00000000E+00  0.16839906E+09  0.00000000E+00  0.00000000E+00  0.00000000E+00  0.00000000E+00  0.00000000E+00  0.10000000E-01  0.10000000E+01
 0.11400200E-08  0.57334613E-02  0.00000000E+00  0.18153532E+00  0.00000000E+00  0.00000000E+00  0.16839906E+09  0.00000000E+00  0.00000000E+00  0.00000000E+00  0.00000000E+00  0.00000000E+00  0.10000000E-01  0.10000000E+01
 0.11500200E-08  0.57334613E-02  0.00000000E+00  0.18321931E+00  0.00000000E+00  0.00000000E+00  0.16839906E+09  0.00000000E+00  0.00000000E+00  0.00000000E+00  0.00000000E+00  0.00000000E+00  0.10000000E-01  0.10000000E+01
 0.11600200E-08  0.57334613E-02  0.00000000E+00  0.18490330E+00  0.00000000E+00  0.00000000E+00  0.16839906E+09  0.00000000E+00  0.00000000E+00  0.00000000E+00  0.00000000E+00  0.00000000E+00  0.10000000E-01  0.10000000E+01
 0.11700200E-08  0.57334613E-02  0.00000000E+00  0.18658729E+00  0.00000000E+00  0.00000000E+00  0.16839906E+09  0.00000000E+00  0.00000000E+00  0.00000000E+00  0.00000000E+00  0.00000000E+00  0.10000000E-01  0.10000000E+01
 0.11800200E-08  0.57334613E-02  0.00000000E+00  0.18827128E+00  0.00000000E+00  0.00000000E+00  0.16839906E+09  0.00000000E+00  0.00000000E+00  0.00000000E+00  0.00000000E+00  0.00000000E+00  0.10000000E-01  0.10000000E+01
 0.11900200E-08  0.57334613E-02  0.00000000E+00  0.18995527E+00  0.00000000E+00  0.00000000E+00  0.16839906E+09  0.00000000E+00  0.00000000E+00  0.00000000E+00  0.00000000E+00  0.00000000E+00  0.10000000E-01  0.10000000E+01
 0.12000200E-08  0.57334613E-02  0.00000000E+00  0.19163926E+00  0.00000000E+00  0.00000000E+00  0.16839906E+09  0.00000000E+00  0.00000000E+00  0.00000000E+00  0.00000000E+00  0.00000000E+00  0.10000000E-01  0.10000000E+01
 0.12100200E-08  0.57334613E-02  0.00000000E+00  0.19332325E+00  0.00000000E+00  0.00000000E+00  0.16839906E+09  0.00000000E+00  0.00000000E+00  0.00000000E+00  0.00000000E+00  0.00000000E+00  0.10000000E-01  0.10000000E+01
 0.12200200E-08  0.57334613E-02  0.00000000E+00  0.19500724E+00  0.00000000E+00  0.00000000E+00  0.16839906E+09  0.00000000E+00  0.00000000E+00  0.00000000E+00  0.00000000E+00  0.00000000E+00  0.10000000E-01  0.10000000E+01
 0.12300200E-08  0.57334613E-02  0.00000000E+00  0.19669123E+00  0.00000000E+00  0.00000000E+00  0.16839906E+09  0.00000000E+00  0.00000000E+00  0.00000000E+00  0.00000000E+00  0.00000000E+00  0.10000000E-01  0.10000000E+01
 0.12400200E-08  0.57334613E-02  0.00000000E+00  0.19837523E+00  0.00000000E+00  0.00000000E+00  0.16839906E+09  0.00000000E+00  0.00000000E+00  0.00000000E+00  0.00000000E+00  0.00000000E+00  0.10000000E-01  0.10000000E+01
 0.12500200E-08  0.57334613E-02  0.00000000E+00  0.20005922E+00  0.00000000E+00  0.00000000E+00  0.16839906E+09  0.00000000E+00  0.00000000E+00  0.00000000E+00  0.00000000E+00  0.00000000E+00  0.10000000E-01  0.10000000E+01
 0.12600200E-08  0.57334613E-02  0.00000000E+00  0.20174321E+00  0.00000000E+00  0.00000000E+00  0.16839906E+09  0.00000000E+00  0.00000000E+00  0.00000000E+00  0.00000000E+00  0.00000000E+00  0.10000000E-01  0.10000000E+01
 0.12700200E-08  0.57334613E-02  0.00000000E+00  0.20342720E+00  0.00000000E+00  0.00000000E+00  0.16839906E+09  0.00000000E+00  0.00000000E+00  0.00000000E+00  0.00000000E+00  0.00000000E+00  0.10000000E-01  0.10000000E+01
 0.12800200E-08  0.57334613E-02  0.00000000E+00  0.20511119E+00  0.00000000E+00  0.00000000E+00  0.16839906E+09  0.00000000E+00  0.00000000E+00  0.00000000E+00  0.00000000E+00  0.00000000E+00  0.10000000E-01  0.10000000E+01
 0.12900200E-08  0.57334613E-02  0.00000000E+00  0.20679518E+00  0.00000000E+00  0.00000000E+00  0.16839906E+09  0.00000000E+00  0.00000000E+00  0.00000000E+00  0.00000000E+00  0.00000000E+00  0.10000000E-01  0.10000000E+01
 0.13000200E-08  0.57334613E-02  0.00000000E+00  0.20847917E+00  0.00000000E+00  0.00000000E+00  0.16839906E+09  0.00000000E+00  0.00000000E+00  0.00000000E+00  0.00000000E+00  0.00000000E+00  0.10000000E-01  0.10000000E+01
 0.13100200E-08  0.57334613E-02  0.00000000E+00  0.21016316E+00  0.00000000E+00  0.00000000E+00  0.16839906E+09  0.00000000E+00  0.00000000E+00  0.00000000E+00  0.00000000E+00  0.00000000E+00  0.10000000E-01  0.10000000E+01
 0.13200200E-08  0.57334613E-02  0.00000000E+00  0.21184715E+00  0.00000000E+00  0.00000000E+00  0.16839906E+09  0.00000000E+00  0.00000000E+00  0.00000000E+00  0.00000000E+00  0.00000000E+00  0.10000000E-01  0.10000000E+01
 0.13300200E-08  0.57334613E-02  0.00000000E+00  0.21353114E+00  0.00000000E+00  0.00000000E+00  0.16839906E+09  0.00000000E+00  0.00000000E+00  0.00000000E+00  0.00000000E+00  0.00000000E+00  0.10000000E-01  0.10000000E+01
 0.13400200E-08  0.57334613E-02  0.00000000E+00  0.21521513E+00  0.00000000E+00  0.00000000E+00  0.16839906E+09  0.00000000E+00  0.00000000E+00  0.00000000E+00  0.00000000E+00  0.00000000E+00  0.10000000E-01  0.10000000E+01
 0.13500200E-08  0.57334613E-02  0.00000000E+00  0.21689912E+00  0.00000000E+00  0.00000000E+00  0.16839906E+09  0.00000000E+00  0.00000000E+00  0.00000000E+00  0.00000000E+00  0.00000000E+00  0.10000000E-01  0.10000000E+01
 0.13600200E-08  0.57334613E-02  0.00000000E+00  0.21858311E+00  0.00000000E+00  0.00000000E+00  0.16839906E+09  0.00000000E+00  0.00000000E+00  0.00000000E+00  0.00000000E+00  0.00000000E+00  0.10000000E-01  0.10000000E+01
 0.13700200E-08  0.57334613E-02  0.00000000E+00  0.22026710E+00  0.00000000E+00  0.00000000E+00  0.16839906E+09  0.00000000E+00  0.00000000E+00  0.00000000E+00  0.00000000E+00  0.00000000E+00  0.10000000E-01  0.10000000E+01
 0.13800200E-08  0.57334613E-02  0.00000000E+00  0.22195109E+00  0.00000000E+00  0.00000000E+00  0.16839906E+09  0.00000000E+00  0.00000000E+00  0.00000000E+00  0.00000000E+00  0.00000000E+00  0.10000000E-01  0.10000000E+01
 0.13900200E-08  0.57334613E-02  0.00000000E+00  0.22363508E+00  0.00000000E+00  0.00000000E+00  0.16839906E+09  0.00000000E+00  0.00000000E+00  0.00000000E+00  0.00000000E+00  0.00000000E+00  0.10000000E-01  0.10000000E+01
 0.14000200E-08  0.57334613E-02  0.00000000E+00  0.22531907E+00  0.00000000E+00  0.00000000E+00  0.16839906E+09  0.00000000E+00  0.00000000E+00  0.00000000E+00  0.00000000E+00  0.00000000E+00  0.10000000E-01  0.10000000E+01
 0.14100200E-08  0.57334613E-02  0.00000000E+00  0.22700307E+00  0.00000000E+00  0.00000000E+00  0.16839906E+09  0.00000000E+00  0.00000000E+00  0.00000000E+00  0.00000000E+00  0.00000000E+00  0.10000000E-01  0.10000000E+01
 0.14200200E-08  0.57334613E-02  0.00000000E+00  0.22868706E+00  0.00000000E+00  0.00000000E+00  0.16839906E+09  0.00000000E+00  0.00000000E+00  0.00000000E+00  0.00000000E+00  0.00000000E+00  0.10000000E-01  0.10000000E+01
 0.14300200E-08  0.57334613E-02  0.00000000E+00  0.23037105E+00  0.00000000E+00  0.00000000E+00  0.16839906E+09  0.00000000E+00  0.00000000E+00  0.00000000E+00  0.00000000E+00  0.00000000E+00  0.10000000E-01  0.10000000E+01
 0.14400200E-08  0.57334613E-02  0.00000000E+00  0.23205504E+00  0.00000000E+00  0.00000000E+00  0.16839906E+09  0.00000000E+00  0.00000000E+00  0.00000000E+00  0.00000000E+00  0.00000000E+00  0.10000000E-01  0.10000000E+01
 0.14500200E-08  0.57334613E-02  0.00000000E+00  0.23373903E+00  0.00000000E+00  0.00000000E+00  0.16839906E+09  0.00000000E+00  0.00000000E+00  0.00000000E+00  0.00000000E+00  0.00000000E+00  0.10000000E-01  0.10000000E+01
 0.14600200E-08  0.57334613E-02  0.00000000E+00  0.23542302E+00  0.00000000E+00  0.00000000E+00  0.16839906E+09  0.00000000E+00  0.00000000E+00  0.00000000E+00  0.00000000E+00  0.00000000E+00  0.10000000E-01  0.10000000E+01
 0.14700200E-08  0.57334613E-02  0.00000000E+00  0.23710701E+00  0.00000000E+00  0.00000000E+00  0.16839906E+09  0.00000000E+00  0.00000000E+00  0.00000000E+00  0.00000000E+00  0.00000000E+00  0.10000000E-01  0.10000000E+01
 0.14800200E-08  0.57334613E-02  0.00000000E+00  0.23879100E+00  0.00000000E+00  0.00000000E+00  0.16839906E+09  0.00000000E+00  0.00000000E+00  0.00000000E+00  0.00000000E+00  0.00000000E+00  0.10000000E-01  0.10000000E+01
 0.14900200E-08  0.57334613E-02  0.00000000E+00  0.24047499E+00  0.00000000E+00  0.00000000E+00  0.16839906E+09  0.00000000E+00  0.00000000E+00  0.00000000E+00  0.00000000E+00  0.00000000E+00  0.10000000E-01  0.10000000E+01
 0.15000200E-08  0.57334613E-02  0.00000000E+00  0.24215898E+00  0.00000000E+00  0.00000000E+00  0.16839906E+09  0.00000000E+00  0.00000000E+00  0.00000000E+00  0.00000000E+00  0.00000000E+00  0.10000000E-01  0.10000000E+01
 0.15100200E-08  0.57334613E-02  0.00000000E+00  0.24384297E+00  0.00000000E+00  0.00000000E+00  0.16839906E+09  0.00000000E+00  0.00000000E+00  0.00000000E+00  0.00000000E+00  0.00000000E+00  0.10000000E-01  0.10000000E+01
 0.15200200E-08  0.57334613E-02  0.00000000E+00  0.24552696E+00  0.00000000E+00  0.00000000E+00  0.16839906E+09  0.00000000E+00  0.00000000E+00  0.00000000E+00  0.00000000E+00  0.00000000E+00  0.10000000E-01  0.10000000E+01
 0.15300200E-08  0.57334613E-02  0.00000000E+00  0.24721095E+00  0.00000000E+00  0.00000000E+00  0.16839906E+09  0.00000000E+00  0.00000000E+00  0.00000000E+00  0.00000000E+00  0.00000000E+00  0.10000000E-01  0.10000000E+01
 0.15400200E-08  0.57334613E-02  0.00000000E+00  0.24889494E+00  0.00000000E+00  0.00000000E+00  0.16839906E+09  0.00000000E+00  0.00000000E+00  0.00000000E+00  0.00000000E+00  0.00000000E+00  0.10000000E-01  0.10000000E+01
 0.15500200E-08  0.57334613E-02  0.00000000E+00  0.25057893E+00  0.00000000E+00  0.00000000E+00  0.16839906E+09  0.00000000E+00  0.00000000E+00  0.00000000E+00  0.00000000E+00  0.00000000E+00  0.10000000E-01  0.10000000E+01
 0.15600200E-08  0.57334613E-02  0.00000000E+00  0.25226292E+00  0.00000000E+00  0.00000000E+00  0.16839906E+09  0.00000000E+00  0.00000000E+00  0.00000000E+00  0.00000000E+00  0.00000000E+00  0.10000000E-01  0.10000000E+01
 0.15700200E-08  0.57334613E-02  0.00000000E+00  0.25394692E+00  0.00000000E+00  0.00000000E+00  0.16839906E+09  0.00000000E+00  0.00000000E+00  0.00000000E+00  0.00000000E+00  0.00000000E+00  0.10000000E-01  0.10000000E+01
 0.15800200E-08  0.57334613E-02  0.00000000E+00  0.25563091E+00  0.00000000E+00  0.00000000E+00  0.16839906E+09  0.00000000E+00  0.00000000E+00  0.00000000E+00  0.00000000E+00  0.00000000E+00  0.10000000E-01  0.10000000E+01
 0.15900200E-08  0.57334613E-02  0.00000000E+00  0.25731490E+00  0.00000000E+00  0.00000000E+00  0.16839906E+09  0.00000000E+00  0.00000000E+00  0.00000000E+00  0.00000000E+00  0.00000000E+00  0.10000000E-01  0.10000000E+01
 0.16000200E-08  0.57334613E-02  0.00000000E+00  0.25899889E+00  0.00000000E+00  0.00000000E+00  0.16839906E+09  0.00000000E+00  0.00000000E+00  0.00000000E+00  0.00000000E+00  0.00000000E+00  0.10000000E-01  0.10000000E+01
 0.16100200E-08  0.57334613E-02  0.00000000E+00  0.26068288E+00  0.00000000E+00  0.00000000E+00  0.16839906E+09  0.00000000E+00  0.00000000E+00  0.00000000E+00  0.00000000E+00  0.00000000E+00  0.10000000E-01  0.10000000E+01
 0.16200200E-08  0.57334613E-02  0.00000000E+00  0.26236687E+00  0.00000000E+00  0.00000000E+00  0.16839906E+09  0.00000000E+00  0.00000000E+00  0.00000000E+00  0.00000000E+00  0.00000000E+00  0.10000000E-01  0.10000000E+01
 0.16300200E-08  0.57334613E-02  0.00000000E+00  0.26405086E+00  0.00000000E+00  0.00000000E+00  0.16839906E+09  0.00000000E+00  0.00000000E+00  0.00000000E+00  0.00000000E+00  0.00000000E+00  0.10000000E-01  0.10000000E+01
 0.16400200E-08  0.57334613E-02  0.00000000E+00  0.26573485E+00  0.00000000E+00  0.00000000E+00  0.16839906E+09  0.00000000E+00  0.00000000E+00  0.00000000E+00  0.00000000E+00  0.00000000E+00  0.10000000E-01  0.10000000E+01
 0.16500200E-08  0.57334613E-02  0.00000000E+00  0.26741884E+00  0.00000000E+00  0.00000000E+00  0.16839906E+09  0.00000000E+00  0.00000000E+00  0.00000000E+00  0.00000000E+00  0.00000000E+00  0.10000000E-01  0.10000000E+01
 0.16600200E-08  0.57334613E-02  0.00000000E+00  0.26910283E+00  0.00000000E+00  0.00000000E+00  0.16839906E+09  0.00000000E+00  0.00000000E+00  0.00000000E+00  0.00000000E+00  0.00000000E+00  0.10000000E-01  0.10000000E+01
 0.16700200E-08  0.57334613E-02  0.00000000E+00  0.27078682E+00  0.00000000E+00  0.00000000E+00  0.16839906E+09  0.00000000E+00  0.00000000E+00  0.00000000E+00  0.00000000E+00  0.00000000E+00  0.10000000E-01  0.10000000E+01
 0.16800200E-08  0.57334613E-02  0.00000000E+00  0.27247081E+00  0.00000000E+00  0.00000000E+00  0.16839906E+09  0.00000000E+00  0.00000000E+00  0.00000000E+00  0.00000000E+00  0.00000000E+00  0.10000000E-01  0.10000000E+01
 0.16900200E-08  0.57334613E-02  0.00000000E+00  0.27415480E+00  0.00000000E+00  0.00000000E+00  0.16839906E+09  0.00000000E+00  0.00000000E+00  0.00000000E+00  0.00000000E+00  0.00000000E+00  0.10000000E-01  0.10000000E+01
 0.17000200E-08  0.57334613E-02  0.00000000E+00  0.27583879E+00  0.00000000E+00  0.00000000E+00  0.16839906E+09  0.00000000E+00  0.00000000E+00  0.00000000E+00  0.00000000E+00  0.00000000E+00  0.10000000E-01  0.10000000E+01
 0.17100200E-08  0.57334613E-02  0.00000000E+00  0.27752278E+00  0.00000000E+00  0.00000000E+00  0.16839906E+09  0.00000000E+00  0.00000000E+00  0.00000000E+00  0.00000000E+00  0.00000000E+00  0.10000000E-01  0.10000000E+01
 0.17200200E-08  0.57334613E-02  0.00000000E+00  0.27920677E+00  0.00000000E+00  0.00000000E+00  0.16839906E+09  0.00000000E+00  0.00000000E+00  0.00000000E+00  0.00000000E+00  0.00000000E+00  0.10000000E-01  0.10000000E+01
 0.17300200E-08  0.57334613E-02  0.00000000E+00  0.28089077E+00  0.00000000E+00  0.00000000E+00  0.16839906E+09  0.00000000E+00  0.00000000E+00  0.00000000E+00  0.00000000E+00  0.00000000E+00  0.10000000E-01  0.10000000E+01
 0.17400200E-08  0.57334613E-02  0.00000000E+00  0.28257476E+00  0.00000000E+00  0.00000000E+00  0.16839906E+09  0.00000000E+00  0.00000000E+00  0.00000000E+00  0.00000000E+00  0.00000000E+00  0.10000000E-01  0.10000000E+01
 0.17500200E-08  0.57334613E-02  0.00000000E+00  0.28425875E+00  0.00000000E+00  0.00000000E+00  0.16839906E+09  0.00000000E+00  0.00000000E+00  0.00000000E+00  0.00000000E+00  0.00000000E+00  0.10000000E-01  0.10000000E+01
 0.17600200E-08  0.57334613E-02  0.00000000E+00  0.28594274E+00  0.00000000E+00  0.00000000E+00  0.16839906E+09  0.00000000E+00  0.00000000E+00  0.00000000E+00  0.00000000E+00  0.00000000E+00  0.10000000E-01  0.10000000E+01
 0.17700200E-08  0.57334613E-02  0.00000000E+00  0.28762673E+00  0.00000000E+00  0.00000000E+00  0.16839906E+09  0.00000000E+00  0.00000000E+00  0.00000000E+00  0.00000000E+00  0.00000000E+00  0.10000000E-01  0.10000000E+01
 0.17800200E-08  0.57334613E-02  0.00000000E+00  0.28931072E+00  0.00000000E+00  0.00000000E+00  0.16839906E+09  0.00000000E+00  0.00000000E+00  0.00000000E+00  0.00000000E+00  0.00000000E+00  0.10000000E-01  0.10000000E+01
 0.17900200E-08  0.57334613E-02  0.00000000E+00  0.29099471E+00  0.00000000E+00  0.00000000E+00  0.16839906E+09  0.00000000E+00  0.00000000E+00  0.00000000E+00  0.00000000E+00  0.00000000E+00  0.10000000E-01  0.10000000E+01
 0.18000200E-08  0.57334613E-02  0.00000000E+00  0.29267870E+00  0.00000000E+00  0.00000000E+00  0.16839906E+09  0.00000000E+00  0.00000000E+00  0.00000000E+00  0.00000000E+00  0.00000000E+00  0.10000000E-01  0.10000000E+01
 0.18100200E-08  0.57334613E-02  0.00000000E+00  0.29436269E+00  0.00000000E+00  0.00000000E+00  0.16839906E+09  0.00000000E+00  0.00000000E+00  0.00000000E+00  0.00000000E+00  0.00000000E+00  0.10000000E-01  0.10000000E+01
 0.18200200E-08  0.57334613E-02  0.00000000E+00  0.29604668E+00  0.00000000E+00  0.00000000E+00  0.16839906E+09  0.00000000E+00  0.00000000E+00  0.00000000E+00  0.00000000E+00  0.00000000E+00  0.10000000E-01  0.10000000E+01
 0.18300200E-08  0.57334613E-02  0.00000000E+00  0.29773067E+00  0.00000000E+00  0.00000000E+00  0.16839906E+09  0.00000000E+00  0.00000000E+00  0.00000000E+00  0.00000000E+00  0.00000000E+00  0.10000000E-01  0.10000000E+01
 0.18400200E-08  0.57334613E-02  0.00000000E+00  0.29941466E+00  0.00000000E+00  0.00000000E+00  0.16839906E+09  0.00000000E+00  0.00000000E+00  0.00000000E+00  0.00000000E+00  0.00000000E+00  0.10000000E-01  0.10000000E+01
 0.18500200E-08  0.57334613E-02  0.00000000E+00  0.30109865E+00  0.00000000E+00  0.00000000E+00  0.16839906E+09  0.00000000E+00  0.00000000E+00  0.00000000E+00  0.00000000E+00  0.00000000E+00  0.10000000E-01  0.10000000E+01
 0.18600200E-08  0.57334613E-02  0.00000000E+00  0.30278264E+00  0.00000000E+00  0.00000000E+00  0.16839906E+09  0.00000000E+00  0.00000000E+00  0.00000000E+00  0.00000000E+00  0.00000000E+00  0.10000000E-01  0.10000000E+01
 0.18700200E-08  0.57334613E-02  0.00000000E+00  0.30446663E+00  0.00000000E+00  0.00000000E+00  0.16839906E+09  0.00000000E+00  0.00000000E+00  0.00000000E+00  0.00000000E+00  0.00000000E+00  0.10000000E-01  0.10000000E+01
 0.18800200E-08  0.57334613E-02  0.00000000E+00  0.30615062E+00  0.00000000E+00  0.00000000E+00  0.16839906E+09  0.00000000E+00  0.00000000E+00  0.00000000E+00  0.00000000E+00  0.00000000E+00  0.10000000E-01  0.10000000E+01
 0.18900200E-08  0.57334613E-02  0.00000000E+00  0.30783461E+00  0.00000000E+00  0.00000000E+00  0.16839906E+09  0.00000000E+00  0.00000000E+00  0.00000000E+00  0.00000000E+00  0.00000000E+00  0.10000000E-01  0.10000000E+01
 0.19000200E-08  0.57334613E-02  0.00000000E+00  0.30951861E+00  0.00000000E+00  0.00000000E+00  0.16839906E+09  0.00000000E+00  0.00000000E+00  0.00000000E+00  0.00000000E+00  0.00000000E+00  0.10000000E-01  0.10000000E+01
 0.19100200E-08  0.57334613E-02  0.00000000E+00  0.31120260E+00  0.00000000E+00  0.00000000E+00  0.16839906E+09  0.00000000E+00  0.00000000E+00  0.00000000E+00  0.00000000E+00  0.00000000E+00  0.10000000E-01  0.10000000E+01
 0.19200200E-08  0.57334613E-02  0.00000000E+00  0.31288659E+00  0.00000000E+00  0.00000000E+00  0.16839906E+09  0.00000000E+00  0.00000000E+00  0.00000000E+00  0.00000000E+00  0.00000000E+00  0.10000000E-01  0.10000000E+01
 0.19300200E-08  0.57334613E-02  0.00000000E+00  0.31457058E+00  0.00000000E+00  0.00000000E+00  0.16839906E+09  0.00000000E+00  0.00000000E+00  0.00000000E+00  0.00000000E+00  0.00000000E+00  0.10000000E-01  0.10000000E+01
 0.19400200E-08  0.57334613E-02  0.00000000E+00  0.31625457E+00  0.00000000E+00  0.00000000E+00  0.16839906E+09  0.00000000E+00  0.00000000E+00  0.00000000E+00  0.00000000E+00  0.00000000E+00  0.10000000E-01  0.10000000E+01
 0.19500200E-08  0.57334613E-02  0.00000000E+00  0.31793856E+00  0.00000000E+00  0.00000000E+00  0.16839906E+09  0.00000000E+00  0.00000000E+00  0.00000000E+00  0.00000000E+00  0.00000000E+00  0.10000000E-01  0.10000000E+01
 0.19600200E-08  0.57334613E-02  0.00000000E+00  0.31962255E+00  0.00000000E+00  0.00000000E+00  0.16839906E+09  0.00000000E+00  0.00000000E+00  0.00000000E+00  0.00000000E+00  0.00000000E+00  0.10000000E-01  0.10000000E+01
 0.19700200E-08  0.57334613E-02  0.00000000E+00  0.32130654E+00  0.00000000E+00  0.00000000E+00  0.16839906E+09  0.00000000E+00  0.00000000E+00  0.00000000E+00  0.00000000E+00  0.00000000E+00  0.10000000E-01  0.10000000E+01
 0.19800200E-08  0.57334613E-02  0.00000000E+00  0.32299053E+00  0.00000000E+00  0.00000000E+00  0.16839906E+09  0.00000000E+00  0.00000000E+00  0.00000000E+00  0.00000000E+00  0.00000000E+00  0.10000000E-01  0.10000000E+01
 0.19900200E-08  0.57334613E-02  0.00000000E+00  0.32467452E+00  0.00000000E+00  0.00000000E+00  0.16839906E+09  0.00000000E+00  0.00000000E+00  0.00000000E+00  0.00000000E+00  0.00000000E+00  0.10000000E-01  0.10000000E+01
