# ptime xp yp zp vx vy vz ex ey ez bx by bz wt
 0.20000000E-13  0.46331030E-02  0.00000000E+00 -0.28438778E-01  0.00000000E+00  0.00000000E+00  0.18695622E+09  0.00000000E+00  0.00000000E+00  0.00000000E+00  0.00000000E+00  0.00000000E+00  0.10000000E-01  0.10000000E+01
 0.10000000E-10  0.46331030E-02  0.00000000E+00 -0.26572955E-01  0.00000000E+00  0.00000000E+00  0.18695622E+09  0.00000000E+00  0.00000000E+00  0.00000000E+00  0.00000000E+00  0.00000000E+00  0.10000000E-01  0.10000000E+01
 0.20000000E-10  0.46331030E-02  0.00000000E+00 -0.24703393E-01  0.00000000E+00  0.00000000E+00  0.18695622E+09  0.00000000E+00  0.00000000E+00  0.00000000E+00  0.00000000E+00  0.00000000E+00  0.10000000E-01  0.10000000E+01
 0.30000000E-10  0.46331030E-02  0.00000000E+00 -0.22833831E-01  0.00000000E+00  0.00000000E+00  0.18695622E+09  0.00000000E+00  0.00000000E+00  0.00000000E+00  0.00000000E+00  0.00000000E+00  0.10000000E-01  0.10000000E+01
 0.40020000E-10  0.46331030E-02  0.00000000E+00 -0.20960529E-01  0.00000000E+00  0.00000000E+00  0.18695622E+09  0.00000000E+00  0.00000000E+00  0.00000000E+00  0.00000000E+00  0.00000000E+00  0.10000000E-01  0.10000000E+01
 0.50020000E-10  0.46331030E-02  0.00000000E+00 -0.19090967E-01  0.00000000E+00  0.00000000E+00  0.18695622E+09  0.00000000E+00  0.00000000E+00  0.00000000E+00  0.00000000E+00  0.00000000E+00  0.10000000E-01  0.10000000E+01
 0.60020000E-10  0.46331030E-02  0.00000000E+00 -0.17221405E-01  0.00000000E+00  0.00000000E+00  0.18695622E+09  0.00000000E+00  0.00000000E+00  0.00000000E+00  0.00000000E+00  0.00000000E+00  0.10000000E-01  0.10000000E+01
 0.70020000E-10  0.46331030E-02  0.00000000E+00 -0.15351843E-01  0.00000000E+00  0.00000000E+00  0.18695622E+09  0.00000000E+00  0.00000000E+00  0.00000000E+00  0.00000000E+00  0.00000000E+00  0.10000000E-01  0.10000000E+01
 0.80000000E-10  0.46331030E-02  0.00000000E+00 -0.13486020E-01  0.00000000E+00  0.00000000E+00  0.18695622E+09  0.00000000E+00  0.00000000E+00  0.00000000E+00  0.00000000E+00  0.00000000E+00  0.10000000E-01  0.10000000E+01
 0.90000000E-10  0.46331030E-02  0.00000000E+00 -0.11616457E-01  0.00000000E+00  0.00000000E+00  0.18695622E+09  0.00000000E+00  0.00000000E+00  0.00000000E+00  0.00000000E+00  0.00000000E+00  0.10000000E-01  0.10000000E+01
 0.10000000E-09  0.46331030E-02  0.00000000E+00 -0.97468951E-02  0.00000000E+00  0.00000000E+00  0.18695622E+09  0.00000000E+00  0.00000000E+00  0.00000000E+00  0.00000000E+00  0.00000000E+00  0.10000000E-01  0.10000000E+01
 0.11000000E-09  0.46331030E-02  0.00000000E+00 -0.78773329E-02  0.00000000E+00  0.00000000E+00  0.18695622E+09  0.00000000E+00  0.00000000E+00  0.00000000E+00  0.00000000E+00  0.00000000E+00  0.10000000E-01  0.10000000E+01
 0.12000000E-09  0.46331030E-02  0.00000000E+00 -0.60077706E-02  0.00000000E+00  0.00000000E+00  0.18695622E+09  0.00000000E+00  0.00000000E+00  0.00000000E+00  0.00000000E+00  0.00000000E+00  0.10000000E-01  0.10000000E+01
 0.13000000E-09  0.46331030E-02  0.00000000E+00 -0.41382084E-02  0.00000000E+00  0.00000000E+00  0.18695622E+09  0.00000000E+00  0.00000000E+00  0.00000000E+00  0.00000000E+00  0.00000000E+00  0.10000000E-01  0.10000000E+01
 0.14002000E-09  0.46331030E-02  0.00000000E+00 -0.22649071E-02  0.00000000E+00  0.00000000E+00  0.18695622E+09  0.00000000E+00  0.00000000E+00  0.00000000E+00  0.00000000E+00  0.00000000E+00  0.10000000E-01  0.10000000E+01
 0.15002000E-09  0.46331030E-02  0.00000000E+00 -0.39534483E-03  0.00000000E+00  0.00000000E+00  0.18695622E+09  0.00000000E+00  0.00000000E+00  0.00000000E+00  0.00000000E+00  0.00000000E+00  0.10000000E-01  0.10000000E+01
 0.16002000E-09  0.46331030E-02  0.00000000E+00  0.14742174E-02  0.00000000E+00  0.00000000E+00  0.18695622E+09  0.00000000E+00  0.00000000E+00  0.00000000E+00  0.00000000E+00  0.00000000E+00  0.10000000E-01  0.10000000E+01
 0.17002000E-09  0.46331030E-02  0.00000000E+00  0.33437796E-02  0.00000000E+00  0.00000000E+00  0.18695622E+09  0.00000000E+00  0.00000000E+00  0.00000000E+00  0.00000000E+00  0.00000000E+00  0.10000000E-01  0.10000000E+01
 0.18002000E-09  0.46331030E-02  0.00000000E+00  0.52133419E-02  0.00000000E+00  0.00000000E+00  0.18695622E+09  0.00000000E+00  0.00000000E+00  0.00000000E+00  0.00000000E+00  0.00000000E+00  0.10000000E-01  0.10000000E+01
 0.19002000E-09  0.46331030E-02  0.00000000E+00  0.70829041E-02  0.00000000E+00  0.00000000E+00  0.18695622E+09  0.00000000E+00  0.00000000E+00  0.00000000E+00  0.00000000E+00  0.00000000E+00  0.10000000E-01  0.10000000E+01
 0.20002000E-09  0.46331030E-02  0.00000000E+00  0.89524663E-02  0.00000000E+00  0.00000000E+00  0.18695622E+09  0.00000000E+00  0.00000000E+00  0.00000000E+00  0.00000000E+00  0.00000000E+00  0.10000000E-01  0.10000000E+01
 0.21002000E-09  0.46331030E-02  0.00000000E+00  0.10822029E-01  0.00000000E+00  0.00000000E+00  0.18695622E+09  0.00000000E+00  0.00000000E+00  0.00000000E+00  0.00000000E+00  0.00000000E+00  0.10000000E-01  0.10000000E+01
 0.22002000E-09  0.46331030E-02  0.00000000E+00  0.12691591E-01  0.00000000E+00  0.00000000E+00  0.18695622E+09  0.00000000E+00  0.00000000E+00  0.00000000E+00  0.00000000E+00  0.00000000E+00  0.10000000E-01  0.10000000E+01
 0.23002000E-09  0.46331030E-02  0.00000000E+00  0.14561153E-01  0.00000000E+00  0.00000000E+00  0.18695622E+09  0.00000000E+00  0.00000000E+00  0.00000000E+00  0.00000000E+00  0.00000000E+00  0.10000000E-01  0.10000000E+01
 0.24002000E-09  0.46331030E-02  0.00000000E+00  0.16430715E-01  0.00000000E+00  0.00000000E+00  0.18695622E+09  0.00000000E+00  0.00000000E+00  0.00000000E+00  0.00000000E+00  0.00000000E+00  0.10000000E-01  0.10000000E+01
 0.25002000E-09  0.46331030E-02  0.00000000E+00  0.18300277E-01  0.00000000E+00  0.00000000E+00  0.18695622E+09  0.00000000E+00  0.00000000E+00  0.00000000E+00  0.00000000E+00  0.00000000E+00  0.10000000E-01  0.10000000E+01
 0.26002000E-09  0.46331030E-02  0.00000000E+00  0.20169840E-01  0.00000000E+00  0.00000000E+00  0.18695622E+09  0.00000000E+00  0.00000000E+00  0.00000000E+00  0.00000000E+00  0.00000000E+00  0.10000000E-01  0.10000000E+01
 0.27002000E-09  0.46331030E-02  0.00000000E+00  0.22039402E-01  0.00000000E+00  0.00000000E+00  0.18695622E+09  0.00000000E+00  0.00000000E+00  0.00000000E+00  0.00000000E+00  0.00000000E+00  0.10000000E-01  0.10000000E+01
 0.28002000E-09  0.46331030E-02  0.00000000E+00  0.23908964E-01  0.00000000E+00  0.00000000E+00  0.18695622E+09  0.00000000E+00  0.00000000E+00  0.00000000E+00  0.00000000E+00  0.00000000E+00  0.10000000E-01  0.10000000E+01
 0.29002000E-09  0.46331030E-02  0.00000000E+00  0.25778526E-01  0.00000000E+00  0.00000000E+00  0.18695622E+09  0.00000000E+00  0.00000000E+00  0.00000000E+00  0.00000000E+00  0.00000000E+00  0.10000000E-01  0.10000000E+01
 0.30000000E-09  0.46331030E-02  0.00000000E+00  0.27644350E-01  0.00000000E+00  0.00000000E+00  0.18695622E+09  0.00000000E+00  0.00000000E+00  0.00000000E+00  0.00000000E+00  0.00000000E+00  0.10000000E-01  0.10000000E+01
 0.31000000E-09  0.46331030E-02  0.00000000E+00  0.29513912E-01  0.00000000E+00  0.00000000E+00  0.18695622E+09  0.00000000E+00  0.00000000E+00  0.00000000E+00  0.00000000E+00  0.00000000E+00  0.10000000E-01  0.10000000E+01
 0.32000000E-09  0.46331030E-02  0.00000000E+00  0.31383474E-01  0.00000000E+00  0.00000000E+00  0.18695622E+09  0.00000000E+00  0.00000000E+00  0.00000000E+00  0.00000000E+00  0.00000000E+00  0.10000000E-01  0.10000000E+01
 0.33000000E-09  0.46331030E-02  0.00000000E+00  0.33253036E-01  0.00000000E+00  0.00000000E+00  0.18695622E+09  0.00000000E+00  0.00000000E+00  0.00000000E+00  0.00000000E+00  0.00000000E+00  0.10000000E-01  0.10000000E+01
 0.34000000E-09  0.46331030E-02  0.00000000E+00  0.35122598E-01  0.00000000E+00  0.00000000E+00  0.18695622E+09  0.00000000E+00  0.00000000E+00  0.00000000E+00  0.00000000E+00  0.00000000E+00  0.10000000E-01  0.10000000E+01
 0.35000000E-09  0.46331030E-02  0.00000000E+00  0.36992161E-01  0.00000000E+00  0.00000000E+00  0.18695622E+09  0.00000000E+00  0.00000000E+00  0.00000000E+00  0.00000000E+00  0.00000000E+00  0.10000000E-01  0.10000000E+01
 0.36000000E-09  0.46331030E-02  0.00000000E+00  0.38861723E-01  0.00000000E+00  0.00000000E+00  0.18695622E+09  0.00000000E+00  0.00000000E+00  0.00000000E+00  0.00000000E+00  0.00000000E+00  0.10000000E-01  0.10000000E+01
 0.37000000E-09  0.46331030E-02  0.00000000E+00  0.40731285E-01  0.00000000E+00  0.00000000E+00  0.18695622E+09  0.00000000E+00  0.00000000E+00  0.00000000E+00  0.00000000E+00  0.00000000E+00  0.10000000E-01  0.10000000E+01
 0.38000000E-09  0.46331030E-02  0.00000000E+00  0.42600847E-01  0.00000000E+00  0.00000000E+00  0.18695622E+09  0.00000000E+00  0.00000000E+00  0.00000000E+00  0.00000000E+00  0.00000000E+00  0.10000000E-01  0.10000000E+01
 0.39000000E-09  0.46331030E-02  0.00000000E+00  0.44470410E-01  0.00000000E+00  0.00000000E+00  0.18695622E+09  0.00000000E+00  0.00000000E+00  0.00000000E+00  0.00000000E+00  0.00000000E+00  0.10000000E-01  0.10000000E+01
 0.40000000E-09  0.46331030E-02  0.00000000E+00  0.46339972E-01  0.00000000E+00  0.00000000E+00  0.18695622E+09  0.00000000E+00  0.00000000E+00  0.00000000E+00  0.00000000E+00  0.00000000E+00  0.10000000E-01  0.10000000E+01
 0.41000000E-09  0.46331030E-02  0.00000000E+00  0.48209534E-01  0.00000000E+00  0.00000000E+00  0.18695622E+09  0.00000000E+00  0.00000000E+00  0.00000000E+00  0.00000000E+00  0.00000000E+00  0.10000000E-01  0.10000000E+01
 0.42000000E-09  0.46331030E-02  0.00000000E+00  0.50079096E-01  0.00000000E+00  0.00000000E+00  0.18695622E+09  0.00000000E+00  0.00000000E+00  0.00000000E+00  0.00000000E+00  0.00000000E+00  0.10000000E-01  0.10000000E+01
 0.43000000E-09  0.46331030E-02  0.00000000E+00  0.51948658E-01  0.00000000E+00  0.00000000E+00  0.18695622E+09  0.00000000E+00  0.00000000E+00  0.00000000E+00  0.00000000E+00  0.00000000E+00  0.10000000E-01  0.10000000E+01
 0.44000000E-09  0.46331030E-02  0.00000000E+00  0.53818221E-01  0.00000000E+00  0.00000000E+00  0.18695622E+09  0.00000000E+00  0.00000000E+00  0.00000000E+00  0.00000000E+00  0.00000000E+00  0.10000000E-01  0.10000000E+01
 0.45000000E-09  0.46331030E-02  0.00000000E+00  0.55687783E-01  0.00000000E+00  0.00000000E+00  0.18695622E+09  0.00000000E+00  0.00000000E+00  0.00000000E+00  0.00000000E+00  0.00000000E+00  0.10000000E-01  0.10000000E+01
 0.46000000E-09  0.46331030E-02  0.00000000E+00  0.57557345E-01  0.00000000E+00  0.00000000E+00  0.18695622E+09  0.00000000E+00  0.00000000E+00  0.00000000E+00  0.00000000E+00  0.00000000E+00  0.10000000E-01  0.10000000E+01
 0.47000000E-09  0.46331030E-02  0.00000000E+00  0.59426907E-01  0.00000000E+00  0.00000000E+00  0.18695622E+09  0.00000000E+00  0.00000000E+00  0.00000000E+00  0.00000000E+00  0.00000000E+00  0.10000000E-01  0.10000000E+01
 0.48000000E-09  0.46331030E-02  0.00000000E+00  0.61296470E-01  0.00000000E+00  0.00000000E+00  0.18695622E+09  0.00000000E+00  0.00000000E+00  0.00000000E+00  0.00000000E+00  0.00000000E+00  0.10000000E-01  0.10000000E+01
 0.49000000E-09  0.46331030E-02  0.00000000E+00  0.63166032E-01  0.00000000E+00  0.00000000E+00  0.18695622E+09  0.00000000E+00  0.00000000E+00  0.00000000E+00  0.00000000E+00  0.00000000E+00  0.10000000E-01  0.10000000E+01
 0.50000000E-09  0.46331030E-02  0.00000000E+00  0.65035594E-01  0.00000000E+00  0.00000000E+00  0.18695622E+09  0.00000000E+00  0.00000000E+00  0.00000000E+00  0.00000000E+00  0.00000000E+00  0.10000000E-01  0.10000000E+01
 0.51000000E-09  0.46331030E-02  0.00000000E+00  0.66905156E-01  0.00000000E+00  0.00000000E+00  0.18695622E+09  0.00000000E+00  0.00000000E+00  0.00000000E+00  0.00000000E+00  0.00000000E+00  0.10000000E-01  0.10000000E+01
 0.52000000E-09  0.46331030E-02  0.00000000E+00  0.68774719E-01  0.00000000E+00  0.00000000E+00  0.18695622E+09  0.00000000E+00  0.00000000E+00  0.00000000E+00  0.00000000E+00  0.00000000E+00  0.10000000E-01  0.10000000E+01
 0.53000000E-09  0.46331030E-02  0.00000000E+00  0.70644281E-01  0.00000000E+00  0.00000000E+00  0.18695622E+09  0.00000000E+00  0.00000000E+00  0.00000000E+00  0.00000000E+00  0.00000000E+00  0.10000000E-01  0.10000000E+01
 0.54000000E-09  0.46331030E-02  0.00000000E+00  0.72513843E-01  0.00000000E+00  0.00000000E+00  0.18695622E+09  0.00000000E+00  0.00000000E+00  0.00000000E+00  0.00000000E+00  0.00000000E+00  0.10000000E-01  0.10000000E+01
 0.55002000E-09  0.46331030E-02  0.00000000E+00  0.74387144E-01  0.00000000E+00  0.00000000E+00  0.18695622E+09  0.00000000E+00  0.00000000E+00  0.00000000E+00  0.00000000E+00  0.00000000E+00  0.10000000E-01  0.10000000E+01
 0.56002000E-09  0.46331030E-02  0.00000000E+00  0.76256707E-01  0.00000000E+00  0.00000000E+00  0.18695622E+09  0.00000000E+00  0.00000000E+00  0.00000000E+00  0.00000000E+00  0.00000000E+00  0.10000000E-01  0.10000000E+01
 0.57002000E-09  0.46331030E-02  0.00000000E+00  0.78126269E-01  0.00000000E+00  0.00000000E+00  0.18695622E+09  0.00000000E+00  0.00000000E+00  0.00000000E+00  0.00000000E+00  0.00000000E+00  0.10000000E-01  0.10000000E+01
 0.58002000E-09  0.46331030E-02  0.00000000E+00  0.79995831E-01  0.00000000E+00  0.00000000E+00  0.18695622E+09  0.00000000E+00  0.00000000E+00  0.00000000E+00  0.00000000E+00  0.00000000E+00  0.10000000E-01  0.10000000E+01
 0.59002000E-09  0.46331030E-02  0.00000000E+00  0.81865393E-01  0.00000000E+00  0.00000000E+00  0.18695622E+09  0.00000000E+00  0.00000000E+00  0.00000000E+00  0.00000000E+00  0.00000000E+00  0.10000000E-01  0.10000000E+01
 0.60002000E-09  0.46331030E-02  0.00000000E+00  0.83734956E-01  0.00000000E+00  0.00000000E+00  0.18695622E+09  0.00000000E+00  0.00000000E+00  0.00000000E+00  0.00000000E+00  0.00000000E+00  0.10000000E-01  0.10000000E+01
 0.61002000E-09  0.46331030E-02  0.00000000E+00  0.85604518E-01  0.00000000E+00  0.00000000E+00  0.18695622E+09  0.00000000E+00  0.00000000E+00  0.00000000E+00  0.00000000E+00  0.00000000E+00  0.10000000E-01  0.10000000E+01
 0.62002000E-09  0.46331030E-02  0.00000000E+00  0.87474080E-01  0.00000000E+00  0.00000000E+00  0.18695622E+09  0.00000000E+00  0.00000000E+00  0.00000000E+00  0.00000000E+00  0.00000000E+00  0.10000000E-01  0.10000000E+01
 0.63002000E-09  0.46331030E-02  0.00000000E+00  0.89343642E-01  0.00000000E+00  0.00000000E+00  0.18695622E+09  0.00000000E+00  0.00000000E+00  0.00000000E+00  0.00000000E+00  0.00000000E+00  0.10000000E-01  0.10000000E+01
 0.64002000E-09  0.46331030E-02  0.00000000E+00  0.91213204E-01  0.00000000E+00  0.00000000E+00  0.18695622E+09  0.00000000E+00  0.00000000E+00  0.00000000E+00  0.00000000E+00  0.00000000E+00  0.10000000E-01  0.10000000E+01
 0.65002000E-09  0.46331030E-02  0.00000000E+00  0.93082767E-01  0.00000000E+00  0.00000000E+00  0.18695622E+09  0.00000000E+00  0.00000000E+00  0.00000000E+00  0.00000000E+00  0.00000000E+00  0.10000000E-01  0.10000000E+01
 0.66002000E-09  0.46331030E-02  0.00000000E+00  0.94952329E-01  0.00000000E+00  0.00000000E+00  0.18695622E+09  0.00000000E+00  0.00000000E+00  0.00000000E+00  0.00000000E+00  0.00000000E+00  0.10000000E-01  0.10000000E+01
 0.67002000E-09  0.46331030E-02  0.00000000E+00  0.96821891E-01  0.00000000E+00  0.00000000E+00  0.18695622E+09  0.00000000E+00  0.00000000E+00  0.00000000E+00  0.00000000E+00  0.00000000E+00  0.10000000E-01  0.10000000E+01
 0.68002000E-09  0.46331030E-02  0.00000000E+00  0.98691453E-01  0.00000000E+00  0.00000000E+00  0.18695622E+09  0.00000000E+00  0.00000000E+00  0.00000000E+00  0.00000000E+00  0.00000000E+00  0.10000000E-01  0.10000000E+01
 0.69002000E-09  0.46331030E-02  0.00000000E+00  0.10056102E+00  0.00000000E+00  0.00000000E+00  0.18695622E+09  0.00000000E+00  0.00000000E+00  0.00000000E+00  0.00000000E+00  0.00000000E+00  0.10000000E-01  0.10000000E+01
 0.70002000E-09  0.46331030E-02  0.00000000E+00  0.10243058E+00  0.00000000E+00  0.00000000E+00  0.18695622E+09  0.00000000E+00  0.00000000E+00  0.00000000E+00  0.00000000E+00  0.00000000E+00  0.10000000E-01  0.10000000E+01
 0.71002000E-09  0.46331030E-02  0.00000000E+00  0.10430014E+00  0.00000000E+00  0.00000000E+00  0.18695622E+09  0.00000000E+00  0.00000000E+00  0.00000000E+00  0.00000000E+00  0.00000000E+00  0.10000000E-01  0.10000000E+01
 0.72002000E-09  0.46331030E-02  0.00000000E+00  0.10616970E+00  0.00000000E+00  0.00000000E+00  0.18695622E+09  0.00000000E+00  0.00000000E+00  0.00000000E+00  0.00000000E+00  0.00000000E+00  0.10000000E-01  0.10000000E+01
 0.73002000E-09  0.46331030E-02  0.00000000E+00  0.10803926E+00  0.00000000E+00  0.00000000E+00  0.18695622E+09  0.00000000E+00  0.00000000E+00  0.00000000E+00  0.00000000E+00  0.00000000E+00  0.10000000E-01  0.10000000E+01
 0.74002000E-09  0.46331030E-02  0.00000000E+00  0.10990883E+00  0.00000000E+00  0.00000000E+00  0.18695622E+09  0.00000000E+00  0.00000000E+00  0.00000000E+00  0.00000000E+00  0.00000000E+00  0.10000000E-01  0.10000000E+01
 0.75002000E-09  0.46331030E-02  0.00000000E+00  0.11177839E+00  0.00000000E+00  0.00000000E+00  0.18695622E+09  0.00000000E+00  0.00000000E+00  0.00000000E+00  0.00000000E+00  0.00000000E+00  0.10000000E-01  0.10000000E+01
 0.76002000E-09  0.46331030E-02  0.00000000E+00  0.11364795E+00  0.00000000E+00  0.00000000E+00  0.18695622E+09  0.00000000E+00  0.00000000E+00  0.00000000E+00  0.00000000E+00  0.00000000E+00  0.10000000E-01  0.10000000E+01
 0.77002000E-09  0.46331030E-02  0.00000000E+00  0.11551751E+00  0.00000000E+00  0.00000000E+00  0.18695622E+09  0.00000000E+00  0.00000000E+00  0.00000000E+00  0.00000000E+00  0.00000000E+00  0.10000000E-01  0.10000000E+01
 0.78002000E-09  0.46331030E-02  0.00000000E+00  0.11738708E+00  0.00000000E+00  0.00000000E+00  0.18695622E+09  0.00000000E+00  0.00000000E+00  0.00000000E+00  0.00000000E+00  0.00000000E+00  0.10000000E-01  0.10000000E+01
 0.79002000E-09  0.46331030E-02  0.00000000E+00  0.11925664E+00  0.00000000E+00  0.00000000E+00  0.18695622E+09  0.00000000E+00  0.00000000E+00  0.00000000E+00  0.00000000E+00  0.00000000E+00  0.10000000E-01  0.10000000E+01
 0.80002000E-09  0.46331030E-02  0.00000000E+00  0.12112620E+00  0.00000000E+00  0.00000000E+00  0.18695622E+09  0.00000000E+00  0.00000000E+00  0.00000000E+00  0.00000000E+00  0.00000000E+00  0.10000000E-01  0.10000000E+01
 0.81002000E-09  0.46331030E-02  0.00000000E+00  0.12299576E+00  0.00000000E+00  0.00000000E+00  0.18695622E+09  0.00000000E+00  0.00000000E+00  0.00000000E+00  0.00000000E+00  0.00000000E+00  0.10000000E-01  0.10000000E+01
 0.82002000E-09  0.46331030E-02  0.00000000E+00  0.12486532E+00  0.00000000E+00  0.00000000E+00  0.18695622E+09  0.00000000E+00  0.00000000E+00  0.00000000E+00  0.00000000E+00  0.00000000E+00  0.10000000E-01  0.10000000E+01
 0.83002000E-09  0.46331030E-02  0.00000000E+00  0.12673489E+00  0.00000000E+00  0.00000000E+00  0.18695622E+09  0.00000000E+00  0.00000000E+00  0.00000000E+00  0.00000000E+00  0.00000000E+00  0.10000000E-01  0.10000000E+01
 0.84002000E-09  0.46331030E-02  0.00000000E+00  0.12860445E+00  0.00000000E+00  0.00000000E+00  0.18695622E+09  0.00000000E+00  0.00000000E+00  0.00000000E+00  0.00000000E+00  0.00000000E+00  0.10000000E-01  0.10000000E+01
 0.85002000E-09  0.46331030E-02  0.00000000E+00  0.13047401E+00  0.00000000E+00  0.00000000E+00  0.18695622E+09  0.00000000E+00  0.00000000E+00  0.00000000E+00  0.00000000E+00  0.00000000E+00  0.10000000E-01  0.10000000E+01
 0.86002000E-09  0.46331030E-02  0.00000000E+00  0.13234357E+00  0.00000000E+00  0.00000000E+00  0.18695622E+09  0.00000000E+00  0.00000000E+00  0.00000000E+00  0.00000000E+00  0.00000000E+00  0.10000000E-01  0.10000000E+01
 0.87002000E-09  0.46331030E-02  0.00000000E+00  0.13421314E+00  0.00000000E+00  0.00000000E+00  0.18695622E+09  0.00000000E+00  0.00000000E+00  0.00000000E+00  0.00000000E+00  0.00000000E+00  0.10000000E-01  0.10000000E+01
 0.88002000E-09  0.46331030E-02  0.00000000E+00  0.13608270E+00  0.00000000E+00  0.00000000E+00  0.18695622E+09  0.00000000E+00  0.00000000E+00  0.00000000E+00  0.00000000E+00  0.00000000E+00  0.10000000E-01  0.10000000E+01
 0.89002000E-09  0.46331030E-02  0.00000000E+00  0.13795226E+00  0.00000000E+00  0.00000000E+00  0.18695622E+09  0.00000000E+00  0.00000000E+00  0.00000000E+00  0.00000000E+00  0.00000000E+00  0.10000000E-01  0.10000000E+01
 0.90002000E-09  0.46331030E-02  0.00000000E+00  0.13982182E+00  0.00000000E+00  0.00000000E+00  0.18695622E+09  0.00000000E+00  0.00000000E+00  0.00000000E+00  0.00000000E+00  0.00000000E+00  0.10000000E-01  0.10000000E+01
 0.91002000E-09  0.46331030E-02  0.00000000E+00  0.14169138E+00  0.00000000E+00  0.00000000E+00  0.18695622E+09  0.00000000E+00  0.00000000E+00  0.00000000E+00  0.00000000E+00  0.00000000E+00  0.10000000E-01  0.10000000E+01
 0.92002000E-09  0.46331030E-02  0.00000000E+00  0.14356095E+00  0.00000000E+00  0.00000000E+00  0.18695622E+09  0.00000000E+00  0.00000000E+00  0.00000000E+00  0.00000000E+00  0.00000000E+00  0.10000000E-01  0.10000000E+01
 0.93002000E-09  0.46331030E-02  0.00000000E+00  0.14543051E+00  0.00000000E+00  0.00000000E+00  0.18695622E+09  0.00000000E+00  0.00000000E+00  0.00000000E+00  0.00000000E+00  0.00000000E+00  0.10000000E-01  0.10000000E+01
 0.94002000E-09  0.46331030E-02  0.00000000E+00  0.14730007E+00  0.00000000E+00  0.00000000E+00  0.18695622E+09  0.00000000E+00  0.00000000E+00  0.00000000E+00  0.00000000E+00  0.00000000E+00  0.10000000E-01  0.10000000E+01
 0.95002000E-09  0.46331030E-02  0.00000000E+00  0.14916963E+00  0.00000000E+00  0.00000000E+00  0.18695622E+09  0.00000000E+00  0.00000000E+00  0.00000000E+00  0.00000000E+00  0.00000000E+00  0.10000000E-01  0.10000000E+01
 0.96002000E-09  0.46331030E-02  0.00000000E+00  0.15103920E+00  0.00000000E+00  0.00000000E+00  0.18695622E+09  0.00000000E+00  0.00000000E+00  0.00000000E+00  0.00000000E+00  0.00000000E+00  0.10000000E-01  0.10000000E+01
 0.97002000E-09  0.46331030E-02  0.00000000E+00  0.15290876E+00  0.00000000E+00  0.00000000E+00  0.18695622E+09  0.00000000E+00  0.00000000E+00  0.00000000E+00  0.00000000E+00  0.00000000E+00  0.10000000E-01  0.10000000E+01
 0.98002000E-09  0.46331030E-02  0.00000000E+00  0.15477832E+00  0.00000000E+00  0.00000000E+00  0.18695622E+09  0.00000000E+00  0.00000000E+00  0.00000000E+00  0.00000000E+00  0.00000000E+00  0.10000000E-01  0.10000000E+01
 0.99002000E-09  0.46331030E-02  0.00000000E+00  0.15664788E+00  0.00000000E+00  0.00000000E+00  0.18695622E+09  0.00000000E+00  0.00000000E+00  0.00000000E+00  0.00000000E+00  0.00000000E+00  0.10000000E-01  0.10000000E+01
 0.10000200E-08  0.46331030E-02  0.00000000E+00  0.15851744E+00  0.00000000E+00  0.00000000E+00  0.18695622E+09  0.00000000E+00  0.00000000E+00  0.00000000E+00  0.00000000E+00  0.00000000E+00  0.10000000E-01  0.10000000E+01
 0.10100200E-08  0.46331030E-02  0.00000000E+00  0.16038701E+00  0.00000000E+00  0.00000000E+00  0.18695622E+09  0.00000000E+00  0.00000000E+00  0.00000000E+00  0.00000000E+00  0.00000000E+00  0.10000000E-01  0.10000000E+01
 0.10200200E-08  0.46331030E-02  0.00000000E+00  0.16225657E+00  0.00000000E+00  0.00000000E+00  0.18695622E+09  0.00000000E+00  0.00000000E+00  0.00000000E+00  0.00000000E+00  0.00000000E+00  0.10000000E-01  0.10000000E+01
 0.10300200E-08  0.46331030E-02  0.00000000E+00  0.16412613E+00  0.00000000E+00  0.00000000E+00  0.18695622E+09  0.00000000E+00  0.00000000E+00  0.00000000E+00  0.00000000E+00  0.00000000E+00  0.10000000E-01  0.10000000E+01
 0.10400200E-08  0.46331030E-02  0.00000000E+00  0.16599569E+00  0.00000000E+00  0.00000000E+00  0.18695622E+09  0.00000000E+00  0.00000000E+00  0.00000000E+00  0.00000000E+00  0.00000000E+00  0.10000000E-01  0.10000000E+01
 0.10500200E-08  0.46331030E-02  0.00000000E+00  0.16786526E+00  0.00000000E+00  0.00000000E+00  0.18695622E+09  0.00000000E+00  0.00000000E+00  0.00000000E+00  0.00000000E+00  0.00000000E+00  0.10000000E-01  0.10000000E+01
 0.10600200E-08  0.46331030E-02  0.00000000E+00  0.16973482E+00  0.00000000E+00  0.00000000E+00  0.18695622E+09  0.00000000E+00  0.00000000E+00  0.00000000E+00  0.00000000E+00  0.00000000E+00  0.10000000E-01  0.10000000E+01
 0.10700200E-08  0.46331030E-02  0.00000000E+00  0.17160438E+00  0.00000000E+00  0.00000000E+00  0.18695622E+09  0.00000000E+00  0.00000000E+00  0.00000000E+00  0.00000000E+00  0.00000000E+00  0.10000000E-01  0.10000000E+01
 0.10800200E-08  0.46331030E-02  0.00000000E+00  0.17347394E+00  0.00000000E+00  0.00000000E+00  0.18695622E+09  0.00000000E+00  0.00000000E+00  0.00000000E+00  0.00000000E+00  0.00000000E+00  0.10000000E-01  0.10000000E+01
 0.10900200E-08  0.46331030E-02  0.00000000E+00  0.17534350E+00  0.00000000E+00  0.00000000E+00  0.18695622E+09  0.00000000E+00  0.00000000E+00  0.00000000E+00  0.00000000E+00  0.00000000E+00  0.10000000E-01  0.10000000E+01
 0.11000200E-08  0.46331030E-02  0.00000000E+00  0.17721307E+00  0.00000000E+00  0.00000000E+00  0.18695622E+09  0.00000000E+00  0.00000000E+00  0.00000000E+00  0.00000000E+00  0.00000000E+00  0.10000000E-01  0.10000000E+01
 0.11100200E-08  0.46331030E-02  0.00000000E+00  0.17908263E+00  0.00000000E+00  0.00000000E+00  0.18695622E+09  0.00000000E+00  0.00000000E+00  0.00000000E+00  0.00000000E+00  0.00000000E+00  0.10000000E-01  0.10000000E+01
 0.11200200E-08  0.46331030E-02  0.00000000E+00  0.18095219E+00  0.00000000E+00  0.00000000E+00  0.18695622E+09  0.00000000E+00  0.00000000E+00  0.00000000E+00  0.00000000E+00  0.00000000E+00  0.10000000E-01  0.10000000E+01
 0.11300200E-08  0.46331030E-02  0.00000000E+00  0.18282175E+00  0.00000000E+00  0.00000000E+00  0.18695622E+09  0.00000000E+00  0.00000000E+00  0.00000000E+00  0.00000000E+00  0.00000000E+00  0.10000000E-01  0.10000000E+01
 0.11400200E-08  0.46331030E-02  0.00000000E+00  0.18469132E+00  0.00000000E+00  0.00000000E+00  0.18695622E+09  0.00000000E+00  0.00000000E+00  0.00000000E+00  0.00000000E+00  0.00000000E+00  0.10000000E-01  0.10000000E+01
 0.11500200E-08  0.46331030E-02  0.00000000E+00  0.18656088E+00  0.00000000E+00  0.00000000E+00  0.18695622E+09  0.00000000E+00  0.00000000E+00  0.00000000E+00  0.00000000E+00  0.00000000E+00  0.10000000E-01  0.10000000E+01
 0.11600200E-08  0.46331030E-02  0.00000000E+00  0.18843044E+00  0.00000000E+00  0.00000000E+00  0.18695622E+09  0.00000000E+00  0.00000000E+00  0.00000000E+00  0.00000000E+00  0.00000000E+00  0.10000000E-01  0.10000000E+01
 0.11700200E-08  0.46331030E-02  0.00000000E+00  0.19030000E+00  0.00000000E+00  0.00000000E+00  0.18695622E+09  0.00000000E+00  0.00000000E+00  0.00000000E+00  0.00000000E+00  0.00000000E+00  0.10000000E-01  0.10000000E+01
 0.11800200E-08  0.46331030E-02  0.00000000E+00  0.19216956E+00  0.00000000E+00  0.00000000E+00  0.18695622E+09  0.00000000E+00  0.00000000E+00  0.00000000E+00  0.00000000E+00  0.00000000E+00  0.10000000E-01  0.10000000E+01
 0.11900200E-08  0.46331030E-02  0.00000000E+00  0.19403913E+00  0.00000000E+00  0.00000000E+00  0.18695622E+09  0.00000000E+00  0.00000000E+00  0.00000000E+00  0.00000000E+00  0.00000000E+00  0.10000000E-01  0.10000000E+01
 0.12000200E-08  0.46331030E-02  0.00000000E+00  0.19590869E+00  0.00000000E+00  0.00000000E+00  0.18695622E+09  0.00000000E+00  0.00000000E+00  0.00000000E+00  0.00000000E+00  0.00000000E+00  0.10000000E-01  0.10000000E+01
 0.12100200E-08  0.46331030E-02  0.00000000E+00  0.19777825E+00  0.00000000E+00  0.00000000E+00  0.18695622E+09  0.00000000E+00  0.00000000E+00  0.00000000E+00  0.00000000E+00  0.00000000E+00  0.10000000E-01  0.10000000E+01
 0.12200200E-08  0.46331030E-02  0.00000000E+00  0.19964781E+00  0.00000000E+00  0.00000000E+00  0.18695622E+09  0.00000000E+00  0.00000000E+00  0.00000000E+00  0.00000000E+00  0.00000000E+00  0.10000000E-01  0.10000000E+01
 0.12300200E-08  0.46331030E-02  0.00000000E+00  0.20151738E+00  0.00000000E+00  0.00000000E+00  0.18695622E+09  0.00000000E+00  0.00000000E+00  0.00000000E+00  0.00000000E+00  0.00000000E+00  0.10000000E-01  0.10000000E+01
 0.12400200E-08  0.46331030E-02  0.00000000E+00  0.20338694E+00  0.00000000E+00  0.00000000E+00  0.18695622E+09  0.00000000E+00  0.00000000E+00  0.00000000E+00  0.00000000E+00  0.00000000E+00  0.10000000E-01  0.10000000E+01
 0.12500200E-08  0.46331030E-02  0.00000000E+00  0.20525650E+00  0.00000000E+00  0.00000000E+00  0.18695622E+09  0.00000000E+00  0.00000000E+00  0.00000000E+00  0.00000000E+00  0.00000000E+00  0.10000000E-01  0.10000000E+01
 0.12600200E-08  0.46331030E-02  0.00000000E+00  0.20712606E+00  0.00000000E+00  0.00000000E+00  0.18695622E+09  0.00000000E+00  0.00000000E+00  0.00000000E+00  0.00000000E+00  0.00000000E+00  0.10000000E-01  0.10000000E+01
 0.12700200E-08  0.46331030E-02  0.00000000E+00  0.20899562E+00  0.00000000E+00  0.00000000E+00  0.18695622E+09  0.00000000E+00  0.00000000E+00  0.00000000E+00  0.00000000E+00  0.00000000E+00  0.10000000E-01  0.10000000E+01
 0.12800200E-08  0.46331030E-02  0.00000000E+00  0.21086519E+00  0.00000000E+00  0.00000000E+00  0.18695622E+09  0.00000000E+00  0.00000000E+00  0.00000000E+00  0.00000000E+00  0.00000000E+00  0.10000000E-01  0.10000000E+01
 0.12900200E-08  0.46331030E-02  0.00000000E+00  0.21273475E+00  0.00000000E+00  0.00000000E+00  0.18695622E+09  0.00000000E+00  0.00000000E+00  0.00000000E+00  0.00000000E+00  0.00000000E+00  0.10000000E-01  0.10000000E+01
 0.13000200E-08  0.46331030E-02  0.00000000E+00  0.21460431E+00  0.00000000E+00  0.00000000E+00  0.18695622E+09  0.00000000E+00  0.00000000E+00  0.00000000E+00  0.00000000E+00  0.00000000E+00  0.10000000E-01  0.10000000E+01
 0.13100200E-08  0.46331030E-02  0.00000000E+00  0.21647387E+00  0.00000000E+00  0.00000000E+00  0.18695622E+09  0.00000000E+00  0.00000000E+00  0.00000000E+00  0.00000000E+00  0.00000000E+00  0.10000000E-01  0.10000000E+01
 0.13200200E-08  0.46331030E-02  0.00000000E+00  0.21834344E+00  0.00000000E+00  0.00000000E+00  0.18695622E+09  0.00000000E+00  0.00000000E+00  0.00000000E+00  0.00000000E+00  0.00000000E+00  0.10000000E-01  0.10000000E+01
 0.13300200E-08  0.46331030E-02  0.00000000E+00  0.22021300E+00  0.00000000E+00  0.00000000E+00  0.18695622E+09  0.00000000E+00  0.00000000E+00  0.00000000E+00  0.00000000E+00  0.00000000E+00  0.10000000E-01  0.10000000E+01
 0.13400200E-08  0.46331030E-02  0.00000000E+00  0.22208256E+00  0.00000000E+00  0.00000000E+00  0.18695622E+09  0.00000000E+00  0.00000000E+00  0.00000000E+00  0.00000000E+00  0.00000000E+00  0.10000000E-01  0.10000000E+01
 0.13500200E-08  0.46331030E-02  0.00000000E+00  0.22395212E+00  0.00000000E+00  0.00000000E+00  0.18695622E+09  0.00000000E+00  0.00000000E+00  0.00000000E+00  0.00000000E+00  0.00000000E+00  0.10000000E-01  0.10000000E+01
 0.13600200E-08  0.46331030E-02  0.00000000E+00  0.22582169E+00  0.00000000E+00  0.00000000E+00  0.18695622E+09  0.00000000E+00  0.00000000E+00  0.00000000E+00  0.00000000E+00  0.00000000E+00  0.10000000E-01  0.10000000E+01
 0.13700200E-08  0.46331030E-02  0.00000000E+00  0.22769125E+00  0.00000000E+00  0.00000000E+00  0.18695622E+09  0.00000000E+00  0.00000000E+00  0.00000000E+00  0.00000000E+00  0.00000000E+00  0.10000000E-01  0.10000000E+01
 0.13800200E-08  0.46331030E-02  0.00000000E+00  0.22956081E+00  0.00000000E+00  0.00000000E+00  0.18695622E+09  0.00000000E+00  0.00000000E+00  0.00000000E+00  0.00000000E+00  0.00000000E+00  0.10000000E-01  0.10000000E+01
 0.13900200E-08  0.46331030E-02  0.00000000E+00  0.23143037E+00  0.00000000E+00  0.00000000E+00  0.18695622E+09  0.00000000E+00  0.00000000E+00  0.00000000E+00  0.00000000E+00  0.00000000E+00  0.10000000E-01  0.10000000E+01
 0.14000200E-08  0.46331030E-02  0.00000000E+00  0.23329993E+00  0.00000000E+00  0.00000000E+00  0.18695622E+09  0.00000000E+00  0.00000000E+00  0.00000000E+00  0.00000000E+00  0.00000000E+00  0.10000000E-01  0.10000000E+01
 0.14100200E-08  0.46331030E-02  0.00000000E+00  0.23516950E+00  0.00000000E+00  0.00000000E+00  0.18695622E+09  0.00000000E+00  0.00000000E+00  0.00000000E+00  0.00000000E+00  0.00000000E+00  0.10000000E-01  0.10000000E+01
 0.14200200E-08  0.46331030E-02  0.00000000E+00  0.23703906E+00  0.00000000E+00  0.00000000E+00  0.18695622E+09  0.00000000E+00  0.00000000E+00  0.00000000E+00  0.00000000E+00  0.00000000E+00  0.10000000E-01  0.10000000E+01
 0.14300200E-08  0.46331030E-02  0.00000000E+00  0.23890862E+00  0.00000000E+00  0.00000000E+00  0.18695622E+09  0.00000000E+00  0.00000000E+00  0.00000000E+00  0.00000000E+00  0.00000000E+00  0.10000000E-01  0.10000000E+01
 0.14400200E-08  0.46331030E-02  0.00000000E+00  0.24077818E+00  0.00000000E+00  0.00000000E+00  0.18695622E+09  0.00000000E+00  0.00000000E+00  0.00000000E+00  0.00000000E+00  0.00000000E+00  0.10000000E-01  0.10000000E+01
 0.14500200E-08  0.46331030E-02  0.00000000E+00  0.24264775E+00  0.00000000E+00  0.00000000E+00  0.18695622E+09  0.00000000E+00  0.00000000E+00  0.00000000E+00  0.00000000E+00  0.00000000E+00  0.10000000E-01  0.10000000E+01
 0.14600200E-08  0.46331030E-02  0.00000000E+00  0.24451731E+00  0.00000000E+00  0.00000000E+00  0.18695622E+09  0.00000000E+00  0.00000000E+00  0.00000000E+00  0.00000000E+00  0.00000000E+00  0.10000000E-01  0.10000000E+01
 0.14700200E-08  0.46331030E-02  0.00000000E+00  0.24638687E+00  0.00000000E+00  0.00000000E+00  0.18695622E+09  0.00000000E+00  0.00000000E+00  0.00000000E+00  0.00000000E+00  0.00000000E+00  0.10000000E-01  0.10000000E+01
 0.14800200E-08  0.46331030E-02  0.00000000E+00  0.24825643E+00  0.00000000E+00  0.00000000E+00  0.18695622E+09  0.00000000E+00  0.00000000E+00  0.00000000E+00  0.00000000E+00  0.00000000E+00  0.10000000E-01  0.10000000E+01
 0.14900200E-08  0.46331030E-02  0.00000000E+00  0.25012599E+00  0.00000000E+00  0.00000000E+00  0.18695622E+09  0.00000000E+00  0.00000000E+00  0.00000000E+00  0.00000000E+00  0.00000000E+00  0.10000000E-01  0.10000000E+01
 0.15000200E-08  0.46331030E-02  0.00000000E+00  0.25199556E+00  0.00000000E+00  0.00000000E+00  0.18695622E+09  0.00000000E+00  0.00000000E+00  0.00000000E+00  0.00000000E+00  0.00000000E+00  0.10000000E-01  0.10000000E+01
 0.15100200E-08  0.46331030E-02  0.00000000E+00  0.25386512E+00  0.00000000E+00  0.00000000E+00  0.18695622E+09  0.00000000E+00  0.00000000E+00  0.00000000E+00  0.00000000E+00  0.00000000E+00  0.10000000E-01  0.10000000E+01
 0.15200200E-08  0.46331030E-02  0.00000000E+00  0.25573468E+00  0.00000000E+00  0.00000000E+00  0.18695622E+09  0.00000000E+00  0.00000000E+00  0.00000000E+00  0.00000000E+00  0.00000000E+00  0.10000000E-01  0.10000000E+01
 0.15300200E-08  0.46331030E-02  0.00000000E+00  0.25760424E+00  0.00000000E+00  0.00000000E+00  0.18695622E+09  0.00000000E+00  0.00000000E+00  0.00000000E+00  0.00000000E+00  0.00000000E+00  0.10000000E-01  0.10000000E+01
 0.15400200E-08  0.46331030E-02  0.00000000E+00  0.25947381E+00  0.00000000E+00  0.00000000E+00  0.18695622E+09  0.00000000E+00  0.00000000E+00  0.00000000E+00  0.00000000E+00  0.00000000E+00  0.10000000E-01  0.10000000E+01
 0.15500200E-08  0.46331030E-02  0.00000000E+00  0.26134337E+00  0.00000000E+00  0.00000000E+00  0.18695622E+09  0.00000000E+00  0.00000000E+00  0.00000000E+00  0.00000000E+00  0.00000000E+00  0.10000000E-01  0.10000000E+01
 0.15600200E-08  0.46331030E-02  0.00000000E+00  0.26321293E+00  0.00000000E+00  0.00000000E+00  0.18695622E+09  0.00000000E+00  0.00000000E+00  0.00000000E+00  0.00000000E+00  0.00000000E+00  0.10000000E-01  0.10000000E+01
 0.15700200E-08  0.46331030E-02  0.00000000E+00  0.26508249E+00  0.00000000E+00  0.00000000E+00  0.18695622E+09  0.00000000E+00  0.00000000E+00  0.00000000E+00  0.00000000E+00  0.00000000E+00  0.10000000E-01  0.10000000E+01
 0.15800200E-08  0.46331030E-02  0.00000000E+00  0.26695205E+00  0.00000000E+00  0.00000000E+00  0.18695622E+09  0.00000000E+00  0.00000000E+00  0.00000000E+00  0.00000000E+00  0.00000000E+00  0.10000000E-01  0.10000000E+01
 0.15900200E-08  0.46331030E-02  0.00000000E+00  0.26882162E+00  0.00000000E+00  0.00000000E+00  0.18695622E+09  0.00000000E+00  0.00000000E+00  0.00000000E+00  0.00000000E+00  0.00000000E+00  0.10000000E-01  0.10000000E+01
 0.16000200E-08  0.46331030E-02  0.00000000E+00  0.27069118E+00  0.00000000E+00  0.00000000E+00  0.18695622E+09  0.00000000E+00  0.00000000E+00  0.00000000E+00  0.00000000E+00  0.00000000E+00  0.10000000E-01  0.10000000E+01
 0.16100200E-08  0.46331030E-02  0.00000000E+00  0.27256074E+00  0.00000000E+00  0.00000000E+00  0.18695622E+09  0.00000000E+00  0.00000000E+00  0.00000000E+00  0.00000000E+00  0.00000000E+00  0.10000000E-01  0.10000000E+01
 0.16200200E-08  0.46331030E-02  0.00000000E+00  0.27443030E+00  0.00000000E+00  0.00000000E+00  0.18695622E+09  0.00000000E+00  0.00000000E+00  0.00000000E+00  0.00000000E+00  0.00000000E+00  0.10000000E-01  0.10000000E+01
 0.16300200E-08  0.46331030E-02  0.00000000E+00  0.27629987E+00  0.00000000E+00  0.00000000E+00  0.18695622E+09  0.00000000E+00  0.00000000E+00  0.00000000E+00  0.00000000E+00  0.00000000E+00  0.10000000E-01  0.10000000E+01
 0.16400200E-08  0.46331030E-02  0.00000000E+00  0.27816943E+00  0.00000000E+00  0.00000000E+00  0.18695622E+09  0.00000000E+00  0.00000000E+00  0.00000000E+00  0.00000000E+00  0.00000000E+00  0.10000000E-01  0.10000000E+01
 0.16500200E-08  0.46331030E-02  0.00000000E+00  0.28003899E+00  0.00000000E+00  0.00000000E+00  0.18695622E+09  0.00000000E+00  0.00000000E+00  0.00000000E+00  0.00000000E+00  0.00000000E+00  0.10000000E-01  0.10000000E+01
 0.16600200E-08  0.46331030E-02  0.00000000E+00  0.28190855E+00  0.00000000E+00  0.00000000E+00  0.18695622E+09  0.00000000E+00  0.00000000E+00  0.00000000E+00  0.00000000E+00  0.00000000E+00  0.10000000E-01  0.10000000E+01
 0.16700200E-08  0.46331030E-02  0.00000000E+00  0.28377811E+00  0.00000000E+00  0.00000000E+00  0.18695622E+09  0.00000000E+00  0.00000000E+00  0.00000000E+00  0.00000000E+00  0.00000000E+00  0.10000000E-01  0.10000000E+01
 0.16800200E-08  0.46331030E-02  0.00000000E+00  0.28564768E+00  0.00000000E+00  0.00000000E+00  0.18695622E+09  0.00000000E+00  0.00000000E+00  0.00000000E+00  0.00000000E+00  0.00000000E+00  0.10000000E-01  0.10000000E+01
 0.16900200E-08  0.46331030E-02  0.00000000E+00  0.28751724E+00  0.00000000E+00  0.00000000E+00  0.18695622E+09  0.00000000E+00  0.00000000E+00  0.00000000E+00  0.00000000E+00  0.00000000E+00  0.10000000E-01  0.10000000E+01
 0.17000200E-08  0.46331030E-02  0.00000000E+00  0.28938680E+00  0.00000000E+00  0.00000000E+00  0.18695622E+09  0.00000000E+00  0.00000000E+00  0.00000000E+00  0.00000000E+00  0.00000000E+00  0.10000000E-01  0.10000000E+01
 0.17100200E-08  0.46331030E-02  0.00000000E+00  0.29125636E+00  0.00000000E+00  0.00000000E+00  0.18695622E+09  0.00000000E+00  0.00000000E+00  0.00000000E+00  0.00000000E+00  0.00000000E+00  0.10000000E-01  0.10000000E+01
 0.17200200E-08  0.46331030E-02  0.00000000E+00  0.29312593E+00  0.00000000E+00  0.00000000E+00  0.18695622E+09  0.00000000E+00  0.00000000E+00  0.00000000E+00  0.00000000E+00  0.00000000E+00  0.10000000E-01  0.10000000E+01
 0.17300200E-08  0.46331030E-02  0.00000000E+00  0.29499549E+00  0.00000000E+00  0.00000000E+00  0.18695622E+09  0.00000000E+00  0.00000000E+00  0.00000000E+00  0.00000000E+00  0.00000000E+00  0.10000000E-01  0.10000000E+01
 0.17400200E-08  0.46331030E-02  0.00000000E+00  0.29686505E+00  0.00000000E+00  0.00000000E+00  0.18695622E+09  0.00000000E+00  0.00000000E+00  0.00000000E+00  0.00000000E+00  0.00000000E+00  0.10000000E-01  0.10000000E+01
 0.17500200E-08  0.46331030E-02  0.00000000E+00  0.29873461E+00  0.00000000E+00  0.00000000E+00  0.18695622E+09  0.00000000E+00  0.00000000E+00  0.00000000E+00  0.00000000E+00  0.00000000E+00  0.10000000E-01  0.10000000E+01
 0.17600200E-08  0.46331030E-02  0.00000000E+00  0.30060417E+00  0.00000000E+00  0.00000000E+00  0.18695622E+09  0.00000000E+00  0.00000000E+00  0.00000000E+00  0.00000000E+00  0.00000000E+00  0.10000000E-01  0.10000000E+01
 0.17700200E-08  0.46331030E-02  0.00000000E+00  0.30247374E+00  0.00000000E+00  0.00000000E+00  0.18695622E+09  0.00000000E+00  0.00000000E+00  0.00000000E+00  0.00000000E+00  0.00000000E+00  0.10000000E-01  0.10000000E+01
 0.17800200E-08  0.46331030E-02  0.00000000E+00  0.30434330E+00  0.00000000E+00  0.00000000E+00  0.18695622E+09  0.00000000E+00  0.00000000E+00  0.00000000E+00  0.00000000E+00  0.00000000E+00  0.10000000E-01  0.10000000E+01
 0.17900200E-08  0.46331030E-02  0.00000000E+00  0.30621286E+00  0.00000000E+00  0.00000000E+00  0.18695622E+09  0.00000000E+00  0.00000000E+00  0.00000000E+00  0.00000000E+00  0.00000000E+00  0.10000000E-01  0.10000000E+01
 0.18000200E-08  0.46331030E-02  0.00000000E+00  0.30808242E+00  0.00000000E+00  0.00000000E+00  0.18695622E+09  0.00000000E+00  0.00000000E+00  0.00000000E+00  0.00000000E+00  0.00000000E+00  0.10000000E-01  0.10000000E+01
 0.18100200E-08  0.46331030E-02  0.00000000E+00  0.30995199E+00  0.00000000E+00  0.00000000E+00  0.18695622E+09  0.00000000E+00  0.00000000E+00  0.00000000E+00  0.00000000E+00  0.00000000E+00  0.10000000E-01  0.10000000E+01
 0.18200200E-08  0.46331030E-02  0.00000000E+00  0.31182155E+00  0.00000000E+00  0.00000000E+00  0.18695622E+09  0.00000000E+00  0.00000000E+00  0.00000000E+00  0.00000000E+00  0.00000000E+00  0.10000000E-01  0.10000000E+01
 0.18300200E-08  0.46331030E-02  0.00000000E+00  0.31369111E+00  0.00000000E+00  0.00000000E+00  0.18695622E+09  0.00000000E+00  0.00000000E+00  0.00000000E+00  0.00000000E+00  0.00000000E+00  0.10000000E-01  0.10000000E+01
 0.18400200E-08  0.46331030E-02  0.00000000E+00  0.31556067E+00  0.00000000E+00  0.00000000E+00  0.18695622E+09  0.00000000E+00  0.00000000E+00  0.00000000E+00  0.00000000E+00  0.00000000E+00  0.10000000E-01  0.10000000E+01
 0.18500200E-08  0.46331030E-02  0.00000000E+00  0.31743023E+00  0.00000000E+00  0.00000000E+00  0.18695622E+09  0.00000000E+00  0.00000000E+00  0.00000000E+00  0.00000000E+00  0.00000000E+00  0.10000000E-01  0.10000000E+01
 0.18600200E-08  0.46331030E-02  0.00000000E+00  0.31929980E+00  0.00000000E+00  0.00000000E+00  0.18695622E+09  0.00000000E+00  0.00000000E+00  0.00000000E+00  0.00000000E+00  0.00000000E+00  0.10000000E-01  0.10000000E+01
 0.18700200E-08  0.46331030E-02  0.00000000E+00  0.32116936E+00  0.00000000E+00  0.00000000E+00  0.18695622E+09  0.00000000E+00  0.00000000E+00  0.00000000E+00  0.00000000E+00  0.00000000E+00  0.10000000E-01  0.10000000E+01
 0.18800200E-08  0.46331030E-02  0.00000000E+00  0.32303892E+00  0.00000000E+00  0.00000000E+00  0.18695622E+09  0.00000000E+00  0.00000000E+00  0.00000000E+00  0.00000000E+00  0.00000000E+00  0.10000000E-01  0.10000000E+01
 0.18900200E-08  0.46331030E-02  0.00000000E+00  0.32490848E+00  0.00000000E+00  0.00000000E+00  0.18695622E+09  0.00000000E+00  0.00000000E+00  0.00000000E+00  0.00000000E+00  0.00000000E+00  0.10000000E-01  0.10000000E+01
 0.19000200E-08  0.46331030E-02  0.00000000E+00  0.32677805E+00  0.00000000E+00  0.00000000E+00  0.18695622E+09  0.00000000E+00  0.00000000E+00  0.00000000E+00  0.00000000E+00  0.00000000E+00  0.10000000E-01  0.10000000E+01
 0.19100200E-08  0.46331030E-02  0.00000000E+00  0.32864761E+00  0.00000000E+00  0.00000000E+00  0.18695622E+09  0.00000000E+00  0.00000000E+00  0.00000000E+00  0.00000000E+00  0.00000000E+00  0.10000000E-01  0.10000000E+01
 0.19200200E-08  0.46331030E-02  0.00000000E+00  0.33051717E+00  0.00000000E+00  0.00000000E+00  0.18695622E+09  0.00000000E+00  0.00000000E+00  0.00000000E+00  0.00000000E+00  0.00000000E+00  0.10000000E-01  0.10000000E+01
 0.19300200E-08  0.46331030E-02  0.00000000E+00  0.33238673E+00  0.00000000E+00  0.00000000E+00  0.18695622E+09  0.00000000E+00  0.00000000E+00  0.00000000E+00  0.00000000E+00  0.00000000E+00  0.10000000E-01  0.10000000E+01
 0.19400200E-08  0.46331030E-02  0.00000000E+00  0.33425629E+00  0.00000000E+00  0.00000000E+00  0.18695622E+09  0.00000000E+00  0.00000000E+00  0.00000000E+00  0.00000000E+00  0.00000000E+00  0.10000000E-01  0.10000000E+01
 0.19500200E-08  0.46331030E-02  0.00000000E+00  0.33612586E+00  0.00000000E+00  0.00000000E+00  0.18695622E+09  0.00000000E+00  0.00000000E+00  0.00000000E+00  0.00000000E+00  0.00000000E+00  0.10000000E-01  0.10000000E+01
 0.19600200E-08  0.46331030E-02  0.00000000E+00  0.33799542E+00  0.00000000E+00  0.00000000E+00  0.18695622E+09  0.00000000E+00  0.00000000E+00  0.00000000E+00  0.00000000E+00  0.00000000E+00  0.10000000E-01  0.10000000E+01
 0.19700200E-08  0.46331030E-02  0.00000000E+00  0.33986498E+00  0.00000000E+00  0.00000000E+00  0.18695622E+09  0.00000000E+00  0.00000000E+00  0.00000000E+00  0.00000000E+00  0.00000000E+00  0.10000000E-01  0.10000000E+01
 0.19800200E-08  0.46331030E-02  0.00000000E+00  0.34173454E+00  0.00000000E+00  0.00000000E+00  0.18695622E+09  0.00000000E+00  0.00000000E+00  0.00000000E+00  0.00000000E+00  0.00000000E+00  0.10000000E-01  0.10000000E+01
 0.19900200E-08  0.46331030E-02  0.00000000E+00  0.34360411E+00  0.00000000E+00  0.00000000E+00  0.18695622E+09  0.00000000E+00  0.00000000E+00  0.00000000E+00  0.00000000E+00  0.00000000E+00  0.10000000E-01  0.10000000E+01
