# ptime xp yp zp vx vy vz ex ey ez bx by bz wt
 0.20000000E-13  0.13121158E-01  0.00000000E+00 -0.14900050E-01  0.00000000E+00  0.00000000E+00  0.18560683E+09  0.00000000E+00  0.00000000E+00  0.00000000E+00  0.00000000E+00  0.00000000E+00  0.10000000E-01  0.10000000E+01
 0.10000000E-10  0.13121158E-01  0.00000000E+00 -0.13047694E-01  0.00000000E+00  0.00000000E+00  0.18560683E+09  0.00000000E+00  0.00000000E+00  0.00000000E+00  0.00000000E+00  0.00000000E+00  0.10000000E-01  0.10000000E+01
 0.20000000E-10  0.13121158E-01  0.00000000E+00 -0.11191626E-01  0.00000000E+00  0.00000000E+00  0.18560683E+09  0.00000000E+00  0.00000000E+00  0.00000000E+00  0.00000000E+00  0.00000000E+00  0.10000000E-01  0.10000000E+01
 0.30000000E-10  0.13121158E-01  0.00000000E+00 -0.93355576E-02  0.00000000E+00  0.00000000E+00  0.18560683E+09  0.00000000E+00  0.00000000E+00  0.00000000E+00  0.00000000E+00  0.00000000E+00  0.10000000E-01  0.10000000E+01
 0.40020000E-10  0.13121158E-01  0.00000000E+00 -0.74757771E-02  0.00000000E+00  0.00000000E+00  0.18560683E+09  0.00000000E+00  0.00000000E+00  0.00000000E+00  0.00000000E+00  0.00000000E+00  0.10000000E-01  0.10000000E+01
 0.50020000E-10  0.13121158E-01  0.00000000E+00 -0.56197088E-02  0.00000000E+00  0.00000000E+00  0.18560683E+09  0.00000000E+00  0.00000000E+00  0.00000000E+00  0.00000000E+00  0.00000000E+00  0.10000000E-01  0.10000000E+01
 0.60020000E-10  0.13121158E-01  0.00000000E+00 -0.37636405E-02  0.00000000E+00  0.00000000E+00  0.18560683E+09  0.00000000E+00  0.00000000E+00  0.00000000E+00  0.00000000E+00  0.00000000E+00  0.10000000E-01  0.10000000E+01
 0.70020000E-10  0.13121158E-01  0.00000000E+00 -0.19075722E-02  0.00000000E+00  0.00000000E+00  0.18560683E+09  0.00000000E+00  0.00000000E+00  0.00000000E+00  0.00000000E+00  0.00000000E+00  0.10000000E-01  0.10000000E+01
 0.80000000E-10  0.13121158E-01  0.00000000E+00 -0.55216020E-04  0.00000000E+00  0.00000000E+00  0.18560683E+09  0.00000000E+00  0.00000000E+00  0.00000000E+00  0.00000000E+00  0.00000000E+00  0.10000000E-01  0.10000000E+01
 0.90000000E-10  0.13121158E-01  0.00000000E+00  0.18008523E-02  0.00000000E+00  0.00000000E+00  0.18560683E+09  0.00000000E+00  0.00000000E+00  0.00000000E+00  0.00000000E+00  0.00000000E+00  0.10000000E-01  0.10000000E+01
 0.10000000E-09  0.13121158E-01  0.00000000E+00  0.36569206E-02  0.00000000E+00  0.00000000E+00  0.18560683E+09  0.00000000E+00  0.00000000E+00  0.00000000E+00  0.00000000E+00  0.00000000E+00  0.10000000E-01  0.10000000E+01
 0.11000000E-09  0.13121158E-01  0.00000000E+00  0.55129889E-02  0.00000000E+00  0.00000000E+00  0.18560683E+09  0.00000000E+00  0.00000000E+00  0.00000000E+00  0.00000000E+00  0.00000000E+00  0.10000000E-01  0.10000000E+01
 0.12000000E-09  0.13121158E-01  0.00000000E+00  0.73690572E-02  0.00000000E+00  0.00000000E+00  0.18560683E+09  0.00000000E+00  0.00000000E+00  0.00000000E+00  0.00000000E+00  0.00000000E+00  0.10000000E-01  0.10000000E+01
 0.13000000E-09  0.13121158E-01  0.00000000E+00  0.92251255E-02  0.00000000E+00  0.00000000E+00  0.18560683E+09  0.00000000E+00  0.00000000E+00  0.00000000E+00  0.00000000E+00  0.00000000E+00  0.10000000E-01  0.10000000E+01
 0.14002000E-09  0.13121158E-01  0.00000000E+00  0.11084906E-01  0.00000000E+00  0.00000000E+00  0.18560683E+09  0.00000000E+00  0.00000000E+00  0.00000000E+00  0.00000000E+00  0.00000000E+00  0.10000000E-01  0.10000000E+01
 0.15002000E-09  0.13121158E-01  0.00000000E+00  0.12940974E-01  0.00000000E+00  0.00000000E+00  0.18560683E+09  0.00000000E+00  0.00000000E+00  0.00000000E+00  0.00000000E+00  0.00000000E+00  0.10000000E-01  0.10000000E+01
 0.16002000E-09  0.13121158E-01  0.00000000E+00  0.14797043E-01  0.00000000E+00  0.00000000E+00  0.18560683E+09  0.00000000E+00  0.00000000E+00  0.00000000E+00  0.00000000E+00  0.00000000E+00  0.10000000E-01  0.10000000E+01
 0.17002000E-09  0.13121158E-01  0.00000000E+00  0.16653111E-01  0.00000000E+00  0.00000000E+00  0.18560683E+09  0.00000000E+00  0.00000000E+00  0.00000000E+00  0.00000000E+00  0.00000000E+00  0.10000000E-01  0.10000000E+01
 0.18002000E-09  0.13121158E-01  0.00000000E+00  0.18509179E-01  0.00000000E+00  0.00000000E+00  0.18560683E+09  0.00000000E+00  0.00000000E+00  0.00000000E+00  0.00000000E+00  0.00000000E+00  0.10000000E-01  0.10000000E+01
 0.19002000E-09  0.13121158E-01  0.00000000E+00  0.20365248E-01  0.00000000E+00  0.00000000E+00  0.18560683E+09  0.00000000E+00  0.00000000E+00  0.00000000E+00  0.00000000E+00  0.00000000E+00  0.10000000E-01  0.10000000E+01
 0.20002000E-09  0.13121158E-01  0.00000000E+00  0.22221316E-01  0.00000000E+00  0.00000000E+00  0.18560683E+09  0.00000000E+00  0.00000000E+00  0.00000000E+00  0.00000000E+00  0.00000000E+00  0.10000000E-01  0.10000000E+01
 0.21002000E-09  0.13121158E-01  0.00000000E+00  0.24077384E-01  0.00000000E+00  0.00000000E+00  0.18560683E+09  0.00000000E+00  0.00000000E+00  0.00000000E+00  0.00000000E+00  0.00000000E+00  0.10000000E-01  0.10000000E+01
 0.22002000E-09  0.13121158E-01  0.00000000E+00  0.25933452E-01  0.00000000E+00  0.00000000E+00  0.18560683E+09  0.00000000E+00  0.00000000E+00  0.00000000E+00  0.00000000E+00  0.00000000E+00  0.10000000E-01  0.10000000E+01
 0.23002000E-09  0.13121158E-01  0.00000000E+00  0.27789521E-01  0.00000000E+00  0.00000000E+00  0.18560683E+09  0.00000000E+00  0.00000000E+00  0.00000000E+00  0.00000000E+00  0.00000000E+00  0.10000000E-01  0.10000000E+01
 0.24002000E-09  0.13121158E-01  0.00000000E+00  0.29645589E-01  0.00000000E+00  0.00000000E+00  0.18560683E+09  0.00000000E+00  0.00000000E+00  0.00000000E+00  0.00000000E+00  0.00000000E+00  0.10000000E-01  0.10000000E+01
 0.25002000E-09  0.13121158E-01  0.00000000E+00  0.31501657E-01  0.00000000E+00  0.00000000E+00  0.18560683E+09  0.00000000E+00  0.00000000E+00  0.00000000E+00  0.00000000E+00  0.00000000E+00  0.10000000E-01  0.10000000E+01
 0.26002000E-09  0.13121158E-01  0.00000000E+00  0.33357726E-01  0.00000000E+00  0.00000000E+00  0.18560683E+09  0.00000000E+00  0.00000000E+00  0.00000000E+00  0.00000000E+00  0.00000000E+00  0.10000000E-01  0.10000000E+01
 0.27002000E-09  0.13121158E-01  0.00000000E+00  0.35213794E-01  0.00000000E+00  0.00000000E+00  0.18560683E+09  0.00000000E+00  0.00000000E+00  0.00000000E+00  0.00000000E+00  0.00000000E+00  0.10000000E-01  0.10000000E+01
 0.28002000E-09  0.13121158E-01  0.00000000E+00  0.37069862E-01  0.00000000E+00  0.00000000E+00  0.18560683E+09  0.00000000E+00  0.00000000E+00  0.00000000E+00  0.00000000E+00  0.00000000E+00  0.10000000E-01  0.10000000E+01
 0.29002000E-09  0.13121158E-01  0.00000000E+00  0.38925931E-01  0.00000000E+00  0.00000000E+00  0.18560683E+09  0.00000000E+00  0.00000000E+00  0.00000000E+00  0.00000000E+00  0.00000000E+00  0.10000000E-01  0.10000000E+01
 0.30000000E-09  0.13121158E-01  0.00000000E+00  0.40778287E-01  0.00000000E+00  0.00000000E+00  0.18560683E+09  0.00000000E+00  0.00000000E+00  0.00000000E+00  0.00000000E+00  0.00000000E+00  0.10000000E-01  0.10000000E+01
 0.31000000E-09  0.13121158E-01  0.00000000E+00  0.42634355E-01  0.00000000E+00  0.00000000E+00  0.18560683E+09  0.00000000E+00  0.00000000E+00  0.00000000E+00  0.00000000E+00  0.00000000E+00  0.10000000E-01  0.10000000E+01
 0.32000000E-09  0.13121158E-01  0.00000000E+00  0.44490423E-01  0.00000000E+00  0.00000000E+00  0.18560683E+09  0.00000000E+00  0.00000000E+00  0.00000000E+00  0.00000000E+00  0.00000000E+00  0.10000000E-01  0.10000000E+01
 0.33000000E-09  0.13121158E-01  0.00000000E+00  0.46346492E-01  0.00000000E+00  0.00000000E+00  0.18560683E+09  0.00000000E+00  0.00000000E+00  0.00000000E+00  0.00000000E+00  0.00000000E+00  0.10000000E-01  0.10000000E+01
 0.34000000E-09  0.13121158E-01  0.00000000E+00  0.48202560E-01  0.00000000E+00  0.00000000E+00  0.18560683E+09  0.00000000E+00  0.00000000E+00  0.00000000E+00  0.00000000E+00  0.00000000E+00  0.10000000E-01  0.10000000E+01
 0.35000000E-09  0.13121158E-01  0.00000000E+00  0.50058628E-01  0.00000000E+00  0.00000000E+00  0.18560683E+09  0.00000000E+00  0.00000000E+00  0.00000000E+00  0.00000000E+00  0.00000000E+00  0.10000000E-01  0.10000000E+01
 0.36000000E-09  0.13121158E-01  0.00000000E+00  0.51914697E-01  0.00000000E+00  0.00000000E+00  0.18560683E+09  0.00000000E+00  0.00000000E+00  0.00000000E+00  0.00000000E+00  0.00000000E+00  0.10000000E-01  0.10000000E+01
 0.37000000E-09  0.13121158E-01  0.00000000E+00  0.53770765E-01  0.00000000E+00  0.00000000E+00  0.18560683E+09  0.00000000E+00  0.00000000E+00  0.00000000E+00  0.00000000E+00  0.00000000E+00  0.10000000E-01  0.10000000E+01
 0.38000000E-09  0.13121158E-01  0.00000000E+00  0.55626833E-01  0.00000000E+00  0.00000000E+00  0.18560683E+09  0.00000000E+00  0.00000000E+00  0.00000000E+00  0.00000000E+00  0.00000000E+00  0.10000000E-01  0.10000000E+01
 0.39000000E-09  0.13121158E-01  0.00000000E+00  0.57482902E-01  0.00000000E+00  0.00000000E+00  0.18560683E+09  0.00000000E+00  0.00000000E+00  0.00000000E+00  0.00000000E+00  0.00000000E+00  0.10000000E-01  0.10000000E+01
 0.40000000E-09  0.13121158E-01  0.00000000E+00  0.59338970E-01  0.00000000E+00  0.00000000E+00  0.18560683E+09  0.00000000E+00  0.00000000E+00  0.00000000E+00  0.00000000E+00  0.00000000E+00  0.10000000E-01  0.10000000E+01
 0.41000000E-09  0.13121158E-01  0.00000000E+00  0.61195038E-01  0.00000000E+00  0.00000000E+00  0.18560683E+09  0.00000000E+00  0.00000000E+00  0.00000000E+00  0.00000000E+00  0.00000000E+00  0.10000000E-01  0.10000000E+01
 0.42000000E-09  0.13121158E-01  0.00000000E+00  0.63051107E-01  0.00000000E+00  0.00000000E+00  0.18560683E+09  0.00000000E+00  0.00000000E+00  0.00000000E+00  0.00000000E+00  0.00000000E+00  0.10000000E-01  0.10000000E+01
 0.43000000E-09  0.13121158E-01  0.00000000E+00  0.64907175E-01  0.00000000E+00  0.00000000E+00  0.18560683E+09  0.00000000E+00  0.00000000E+00  0.00000000E+00  0.00000000E+00  0.00000000E+00  0.10000000E-01  0.10000000E+01
 0.44000000E-09  0.13121158E-01  0.00000000E+00  0.66763243E-01  0.00000000E+00  0.00000000E+00  0.18560683E+09  0.00000000E+00  0.00000000E+00  0.00000000E+00  0.00000000E+00  0.00000000E+00  0.10000000E-01  0.10000000E+01
 0.45000000E-09  0.13121158E-01  0.00000000E+00  0.68619311E-01  0.00000000E+00  0.00000000E+00  0.18560683E+09  0.00000000E+00  0.00000000E+00  0.00000000E+00  0.00000000E+00  0.00000000E+00  0.10000000E-01  0.10000000E+01
 0.46000000E-09  0.13121158E-01  0.00000000E+00  0.70475380E-01  0.00000000E+00  0.00000000E+00  0.18560683E+09  0.00000000E+00  0.00000000E+00  0.00000000E+00  0.00000000E+00  0.00000000E+00  0.10000000E-01  0.10000000E+01
 0.47000000E-09  0.13121158E-01  0.00000000E+00  0.72331448E-01  0.00000000E+00  0.00000000E+00  0.18560683E+09  0.00000000E+00  0.00000000E+00  0.00000000E+00  0.00000000E+00  0.00000000E+00  0.10000000E-01  0.10000000E+01
 0.48000000E-09  0.13121158E-01  0.00000000E+00  0.74187516E-01  0.00000000E+00  0.00000000E+00  0.18560683E+09  0.00000000E+00  0.00000000E+00  0.00000000E+00  0.00000000E+00  0.00000000E+00  0.10000000E-01  0.10000000E+01
 0.49000000E-09  0.13121158E-01  0.00000000E+00  0.76043585E-01  0.00000000E+00  0.00000000E+00  0.18560683E+09  0.00000000E+00  0.00000000E+00  0.00000000E+00  0.00000000E+00  0.00000000E+00  0.10000000E-01  0.10000000E+01
 0.50000000E-09  0.13121158E-01  0.00000000E+00  0.77899653E-01  0.00000000E+00  0.00000000E+00  0.18560683E+09  0.00000000E+00  0.00000000E+00  0.00000000E+00  0.00000000E+00  0.00000000E+00  0.10000000E-01  0.10000000E+01
 0.51000000E-09  0.13121158E-01  0.00000000E+00  0.79755721E-01  0.00000000E+00  0.00000000E+00  0.18560683E+09  0.00000000E+00  0.00000000E+00  0.00000000E+00  0.00000000E+00  0.00000000E+00  0.10000000E-01  0.10000000E+01
 0.52000000E-09  0.13121158E-01  0.00000000E+00  0.81611790E-01  0.00000000E+00  0.00000000E+00  0.18560683E+09  0.00000000E+00  0.00000000E+00  0.00000000E+00  0.00000000E+00  0.00000000E+00  0.10000000E-01  0.10000000E+01
 0.53000000E-09  0.13121158E-01  0.00000000E+00  0.83467858E-01  0.00000000E+00  0.00000000E+00  0.18560683E+09  0.00000000E+00  0.00000000E+00  0.00000000E+00  0.00000000E+00  0.00000000E+00  0.10000000E-01  0.10000000E+01
 0.54000000E-09  0.13121158E-01  0.00000000E+00  0.85323926E-01  0.00000000E+00  0.00000000E+00  0.18560683E+09  0.00000000E+00  0.00000000E+00  0.00000000E+00  0.00000000E+00  0.00000000E+00  0.10000000E-01  0.10000000E+01
 0.55002000E-09  0.13121158E-01  0.00000000E+00  0.87183707E-01  0.00000000E+00  0.00000000E+00  0.18560683E+09  0.00000000E+00  0.00000000E+00  0.00000000E+00  0.00000000E+00  0.00000000E+00  0.10000000E-01  0.10000000E+01
 0.56002000E-09  0.13121158E-01  0.00000000E+00  0.89039775E-01  0.00000000E+00  0.00000000E+00  0.18560683E+09  0.00000000E+00  0.00000000E+00  0.00000000E+00  0.00000000E+00  0.00000000E+00  0.10000000E-01  0.10000000E+01
 0.57002000E-09  0.13121158E-01  0.00000000E+00  0.90895843E-01  0.00000000E+00  0.00000000E+00  0.18560683E+09  0.00000000E+00  0.00000000E+00  0.00000000E+00  0.00000000E+00  0.00000000E+00  0.10000000E-01  0.10000000E+01
 0.58002000E-09  0.13121158E-01  0.00000000E+00  0.92751912E-01  0.00000000E+00  0.00000000E+00  0.18560683E+09  0.00000000E+00  0.00000000E+00  0.00000000E+00  0.00000000E+00  0.00000000E+00  0.10000000E-01  0.10000000E+01
 0.59002000E-09  0.13121158E-01  0.00000000E+00  0.94607980E-01  0.00000000E+00  0.00000000E+00  0.18560683E+09  0.00000000E+00  0.00000000E+00  0.00000000E+00  0.00000000E+00  0.00000000E+00  0.10000000E-01  0.10000000E+01
 0.60002000E-09  0.13121158E-01  0.00000000E+00  0.96464048E-01  0.00000000E+00  0.00000000E+00  0.18560683E+09  0.00000000E+00  0.00000000E+00  0.00000000E+00  0.00000000E+00  0.00000000E+00  0.10000000E-01  0.10000000E+01
 0.61002000E-09  0.13121158E-01  0.00000000E+00  0.98320117E-01  0.00000000E+00  0.00000000E+00  0.18560683E+09  0.00000000E+00  0.00000000E+00  0.00000000E+00  0.00000000E+00  0.00000000E+00  0.10000000E-01  0.10000000E+01
 0.62002000E-09  0.13121158E-01  0.00000000E+00  0.10017618E+00  0.00000000E+00  0.00000000E+00  0.18560683E+09  0.00000000E+00  0.00000000E+00  0.00000000E+00  0.00000000E+00  0.00000000E+00  0.10000000E-01  0.10000000E+01
 0.63002000E-09  0.13121158E-01  0.00000000E+00  0.10203225E+00  0.00000000E+00  0.00000000E+00  0.18560683E+09  0.00000000E+00  0.00000000E+00  0.00000000E+00  0.00000000E+00  0.00000000E+00  0.10000000E-01  0.10000000E+01
 0.64002000E-09  0.13121158E-01  0.00000000E+00  0.10388832E+00  0.00000000E+00  0.00000000E+00  0.18560683E+09  0.00000000E+00  0.00000000E+00  0.00000000E+00  0.00000000E+00  0.00000000E+00  0.10000000E-01  0.10000000E+01
 0.65002000E-09  0.13121158E-01  0.00000000E+00  0.10574439E+00  0.00000000E+00  0.00000000E+00  0.18560683E+09  0.00000000E+00  0.00000000E+00  0.00000000E+00  0.00000000E+00  0.00000000E+00  0.10000000E-01  0.10000000E+01
 0.66002000E-09  0.13121158E-01  0.00000000E+00  0.10760046E+00  0.00000000E+00  0.00000000E+00  0.18560683E+09  0.00000000E+00  0.00000000E+00  0.00000000E+00  0.00000000E+00  0.00000000E+00  0.10000000E-01  0.10000000E+01
 0.67002000E-09  0.13121158E-01  0.00000000E+00  0.10945653E+00  0.00000000E+00  0.00000000E+00  0.18560683E+09  0.00000000E+00  0.00000000E+00  0.00000000E+00  0.00000000E+00  0.00000000E+00  0.10000000E-01  0.10000000E+01
 0.68002000E-09  0.13121158E-01  0.00000000E+00  0.11131259E+00  0.00000000E+00  0.00000000E+00  0.18560683E+09  0.00000000E+00  0.00000000E+00  0.00000000E+00  0.00000000E+00  0.00000000E+00  0.10000000E-01  0.10000000E+01
 0.69002000E-09  0.13121158E-01  0.00000000E+00  0.11316866E+00  0.00000000E+00  0.00000000E+00  0.18560683E+09  0.00000000E+00  0.00000000E+00  0.00000000E+00  0.00000000E+00  0.00000000E+00  0.10000000E-01  0.10000000E+01
 0.70002000E-09  0.13121158E-01  0.00000000E+00  0.11502473E+00  0.00000000E+00  0.00000000E+00  0.18560683E+09  0.00000000E+00  0.00000000E+00  0.00000000E+00  0.00000000E+00  0.00000000E+00  0.10000000E-01  0.10000000E+01
 0.71002000E-09  0.13121158E-01  0.00000000E+00  0.11688080E+00  0.00000000E+00  0.00000000E+00  0.18560683E+09  0.00000000E+00  0.00000000E+00  0.00000000E+00  0.00000000E+00  0.00000000E+00  0.10000000E-01  0.10000000E+01
 0.72002000E-09  0.13121158E-01  0.00000000E+00  0.11873687E+00  0.00000000E+00  0.00000000E+00  0.18560683E+09  0.00000000E+00  0.00000000E+00  0.00000000E+00  0.00000000E+00  0.00000000E+00  0.10000000E-01  0.10000000E+01
 0.73002000E-09  0.13121158E-01  0.00000000E+00  0.12059294E+00  0.00000000E+00  0.00000000E+00  0.18560683E+09  0.00000000E+00  0.00000000E+00  0.00000000E+00  0.00000000E+00  0.00000000E+00  0.10000000E-01  0.10000000E+01
 0.74002000E-09  0.13121158E-01  0.00000000E+00  0.12244900E+00  0.00000000E+00  0.00000000E+00  0.18560683E+09  0.00000000E+00  0.00000000E+00  0.00000000E+00  0.00000000E+00  0.00000000E+00  0.10000000E-01  0.10000000E+01
 0.75002000E-09  0.13121158E-01  0.00000000E+00  0.12430507E+00  0.00000000E+00  0.00000000E+00  0.18560683E+09  0.00000000E+00  0.00000000E+00  0.00000000E+00  0.00000000E+00  0.00000000E+00  0.10000000E-01  0.10000000E+01
 0.76002000E-09  0.13121158E-01  0.00000000E+00  0.12616114E+00  0.00000000E+00  0.00000000E+00  0.18560683E+09  0.00000000E+00  0.00000000E+00  0.00000000E+00  0.00000000E+00  0.00000000E+00  0.10000000E-01  0.10000000E+01
 0.77002000E-09  0.13121158E-01  0.00000000E+00  0.12801721E+00  0.00000000E+00  0.00000000E+00  0.18560683E+09  0.00000000E+00  0.00000000E+00  0.00000000E+00  0.00000000E+00  0.00000000E+00  0.10000000E-01  0.10000000E+01
 0.78002000E-09  0.13121158E-01  0.00000000E+00  0.12987328E+00  0.00000000E+00  0.00000000E+00  0.18560683E+09  0.00000000E+00  0.00000000E+00  0.00000000E+00  0.00000000E+00  0.00000000E+00  0.10000000E-01  0.10000000E+01
 0.79002000E-09  0.13121158E-01  0.00000000E+00  0.13172935E+00  0.00000000E+00  0.00000000E+00  0.18560683E+09  0.00000000E+00  0.00000000E+00  0.00000000E+00  0.00000000E+00  0.00000000E+00  0.10000000E-01  0.10000000E+01
 0.80002000E-09  0.13121158E-01  0.00000000E+00  0.13358541E+00  0.00000000E+00  0.00000000E+00  0.18560683E+09  0.00000000E+00  0.00000000E+00  0.00000000E+00  0.00000000E+00  0.00000000E+00  0.10000000E-01  0.10000000E+01
 0.81002000E-09  0.13121158E-01  0.00000000E+00  0.13544148E+00  0.00000000E+00  0.00000000E+00  0.18560683E+09  0.00000000E+00  0.00000000E+00  0.00000000E+00  0.00000000E+00  0.00000000E+00  0.10000000E-01  0.10000000E+01
 0.82002000E-09  0.13121158E-01  0.00000000E+00  0.13729755E+00  0.00000000E+00  0.00000000E+00  0.18560683E+09  0.00000000E+00  0.00000000E+00  0.00000000E+00  0.00000000E+00  0.00000000E+00  0.10000000E-01  0.10000000E+01
 0.83002000E-09  0.13121158E-01  0.00000000E+00  0.13915362E+00  0.00000000E+00  0.00000000E+00  0.18560683E+09  0.00000000E+00  0.00000000E+00  0.00000000E+00  0.00000000E+00  0.00000000E+00  0.10000000E-01  0.10000000E+01
 0.84002000E-09  0.13121158E-01  0.00000000E+00  0.14100969E+00  0.00000000E+00  0.00000000E+00  0.18560683E+09  0.00000000E+00  0.00000000E+00  0.00000000E+00  0.00000000E+00  0.00000000E+00  0.10000000E-01  0.10000000E+01
 0.85002000E-09  0.13121158E-01  0.00000000E+00  0.14286576E+00  0.00000000E+00  0.00000000E+00  0.18560683E+09  0.00000000E+00  0.00000000E+00  0.00000000E+00  0.00000000E+00  0.00000000E+00  0.10000000E-01  0.10000000E+01
 0.86002000E-09  0.13121158E-01  0.00000000E+00  0.14472182E+00  0.00000000E+00  0.00000000E+00  0.18560683E+09  0.00000000E+00  0.00000000E+00  0.00000000E+00  0.00000000E+00  0.00000000E+00  0.10000000E-01  0.10000000E+01
 0.87002000E-09  0.13121158E-01  0.00000000E+00  0.14657789E+00  0.00000000E+00  0.00000000E+00  0.18560683E+09  0.00000000E+00  0.00000000E+00  0.00000000E+00  0.00000000E+00  0.00000000E+00  0.10000000E-01  0.10000000E+01
 0.88002000E-09  0.13121158E-01  0.00000000E+00  0.14843396E+00  0.00000000E+00  0.00000000E+00  0.18560683E+09  0.00000000E+00  0.00000000E+00  0.00000000E+00  0.00000000E+00  0.00000000E+00  0.10000000E-01  0.10000000E+01
 0.89002000E-09  0.13121158E-01  0.00000000E+00  0.15029003E+00  0.00000000E+00  0.00000000E+00  0.18560683E+09  0.00000000E+00  0.00000000E+00  0.00000000E+00  0.00000000E+00  0.00000000E+00  0.10000000E-01  0.10000000E+01
 0.90002000E-09  0.13121158E-01  0.00000000E+00  0.15214610E+00  0.00000000E+00  0.00000000E+00  0.18560683E+09  0.00000000E+00  0.00000000E+00  0.00000000E+00  0.00000000E+00  0.00000000E+00  0.10000000E-01  0.10000000E+01
 0.91002000E-09  0.13121158E-01  0.00000000E+00  0.15400217E+00  0.00000000E+00  0.00000000E+00  0.18560683E+09  0.00000000E+00  0.00000000E+00  0.00000000E+00  0.00000000E+00  0.00000000E+00  0.10000000E-01  0.10000000E+01
 0.92002000E-09  0.13121158E-01  0.00000000E+00  0.15585823E+00  0.00000000E+00  0.00000000E+00  0.18560683E+09  0.00000000E+00  0.00000000E+00  0.00000000E+00  0.00000000E+00  0.00000000E+00  0.10000000E-01  0.10000000E+01
 0.93002000E-09  0.13121158E-01  0.00000000E+00  0.15771430E+00  0.00000000E+00  0.00000000E+00  0.18560683E+09  0.00000000E+00  0.00000000E+00  0.00000000E+00  0.00000000E+00  0.00000000E+00  0.10000000E-01  0.10000000E+01
 0.94002000E-09  0.13121158E-01  0.00000000E+00  0.15957037E+00  0.00000000E+00  0.00000000E+00  0.18560683E+09  0.00000000E+00  0.00000000E+00  0.00000000E+00  0.00000000E+00  0.00000000E+00  0.10000000E-01  0.10000000E+01
 0.95002000E-09  0.13121158E-01  0.00000000E+00  0.16142644E+00  0.00000000E+00  0.00000000E+00  0.18560683E+09  0.00000000E+00  0.00000000E+00  0.00000000E+00  0.00000000E+00  0.00000000E+00  0.10000000E-01  0.10000000E+01
 0.96002000E-09  0.13121158E-01  0.00000000E+00  0.16328251E+00  0.00000000E+00  0.00000000E+00  0.18560683E+09  0.00000000E+00  0.00000000E+00  0.00000000E+00  0.00000000E+00  0.00000000E+00  0.10000000E-01  0.10000000E+01
 0.97002000E-09  0.13121158E-01  0.00000000E+00  0.16513858E+00  0.00000000E+00  0.00000000E+00  0.18560683E+09  0.00000000E+00  0.00000000E+00  0.00000000E+00  0.00000000E+00  0.00000000E+00  0.10000000E-01  0.10000000E+01
 0.98002000E-09  0.13121158E-01  0.00000000E+00  0.16699464E+00  0.00000000E+00  0.00000000E+00  0.18560683E+09  0.00000000E+00  0.00000000E+00  0.00000000E+00  0.00000000E+00  0.00000000E+00  0.10000000E-01  0.10000000E+01
 0.99002000E-09  0.13121158E-01  0.00000000E+00  0.16885071E+00  0.00000000E+00  0.00000000E+00  0.18560683E+09  0.00000000E+00  0.00000000E+00  0.00000000E+00  0.00000000E+00  0.00000000E+00  0.10000000E-01  0.10000000E+01
 0.10000200E-08  0.13121158E-01  0.00000000E+00  0.17070678E+00  0.00000000E+00  0.00000000E+00  0.18560683E+09  0.00000000E+00  0.00000000E+00  0.00000000E+00  0.00000000E+00  0.00000000E+00  0.10000000E-01  0.10000000E+01
 0.10100200E-08  0.13121158E-01  0.00000000E+00  0.17256285E+00  0.00000000E+00  0.00000000E+00  0.18560683E+09  0.00000000E+00  0.00000000E+00  0.00000000E+00  0.00000000E+00  0.00000000E+00  0.10000000E-01  0.10000000E+01
 0.10200200E-08  0.13121158E-01  0.00000000E+00  0.17441892E+00  0.00000000E+00  0.00000000E+00  0.18560683E+09  0.00000000E+00  0.00000000E+00  0.00000000E+00  0.00000000E+00  0.00000000E+00  0.10000000E-01  0.10000000E+01
 0.10300200E-08  0.13121158E-01  0.00000000E+00  0.17627499E+00  0.00000000E+00  0.00000000E+00  0.18560683E+09  0.00000000E+00  0.00000000E+00  0.00000000E+00  0.00000000E+00  0.00000000E+00  0.10000000E-01  0.10000000E+01
 0.10400200E-08  0.13121158E-01  0.00000000E+00  0.17813105E+00  0.00000000E+00  0.00000000E+00  0.18560683E+09  0.00000000E+00  0.00000000E+00  0.00000000E+00  0.00000000E+00  0.00000000E+00  0.10000000E-01  0.10000000E+01
 0.10500200E-08  0.13121158E-01  0.00000000E+00  0.17998712E+00  0.00000000E+00  0.00000000E+00  0.18560683E+09  0.00000000E+00  0.00000000E+00  0.00000000E+00  0.00000000E+00  0.00000000E+00  0.10000000E-01  0.10000000E+01
 0.10600200E-08  0.13121158E-01  0.00000000E+00  0.18184319E+00  0.00000000E+00  0.00000000E+00  0.18560683E+09  0.00000000E+00  0.00000000E+00  0.00000000E+00  0.00000000E+00  0.00000000E+00  0.10000000E-01  0.10000000E+01
 0.10700200E-08  0.13121158E-01  0.00000000E+00  0.18369926E+00  0.00000000E+00  0.00000000E+00  0.18560683E+09  0.00000000E+00  0.00000000E+00  0.00000000E+00  0.00000000E+00  0.00000000E+00  0.10000000E-01  0.10000000E+01
 0.10800200E-08  0.13121158E-01  0.00000000E+00  0.18555533E+00  0.00000000E+00  0.00000000E+00  0.18560683E+09  0.00000000E+00  0.00000000E+00  0.00000000E+00  0.00000000E+00  0.00000000E+00  0.10000000E-01  0.10000000E+01
 0.10900200E-08  0.13121158E-01  0.00000000E+00  0.18741140E+00  0.00000000E+00  0.00000000E+00  0.18560683E+09  0.00000000E+00  0.00000000E+00  0.00000000E+00  0.00000000E+00  0.00000000E+00  0.10000000E-01  0.10000000E+01
 0.11000200E-08  0.13121158E-01  0.00000000E+00  0.18926746E+00  0.00000000E+00  0.00000000E+00  0.18560683E+09  0.00000000E+00  0.00000000E+00  0.00000000E+00  0.00000000E+00  0.00000000E+00  0.10000000E-01  0.10000000E+01
 0.11100200E-08  0.13121158E-01  0.00000000E+00  0.19112353E+00  0.00000000E+00  0.00000000E+00  0.18560683E+09  0.00000000E+00  0.00000000E+00  0.00000000E+00  0.00000000E+00  0.00000000E+00  0.10000000E-01  0.10000000E+01
 0.11200200E-08  0.13121158E-01  0.00000000E+00  0.19297960E+00  0.00000000E+00  0.00000000E+00  0.18560683E+09  0.00000000E+00  0.00000000E+00  0.00000000E+00  0.00000000E+00  0.00000000E+00  0.10000000E-01  0.10000000E+01
 0.11300200E-08  0.13121158E-01  0.00000000E+00  0.19483567E+00  0.00000000E+00  0.00000000E+00  0.18560683E+09  0.00000000E+00  0.00000000E+00  0.00000000E+00  0.00000000E+00  0.00000000E+00  0.10000000E-01  0.10000000E+01
 0.11400200E-08  0.13121158E-01  0.00000000E+00  0.19669174E+00  0.00000000E+00  0.00000000E+00  0.18560683E+09  0.00000000E+00  0.00000000E+00  0.00000000E+00  0.00000000E+00  0.00000000E+00  0.10000000E-01  0.10000000E+01
 0.11500200E-08  0.13121158E-01  0.00000000E+00  0.19854781E+00  0.00000000E+00  0.00000000E+00  0.18560683E+09  0.00000000E+00  0.00000000E+00  0.00000000E+00  0.00000000E+00  0.00000000E+00  0.10000000E-01  0.10000000E+01
 0.11600200E-08  0.13121158E-01  0.00000000E+00  0.20040387E+00  0.00000000E+00  0.00000000E+00  0.18560683E+09  0.00000000E+00  0.00000000E+00  0.00000000E+00  0.00000000E+00  0.00000000E+00  0.10000000E-01  0.10000000E+01
 0.11700200E-08  0.13121158E-01  0.00000000E+00  0.20225994E+00  0.00000000E+00  0.00000000E+00  0.18560683E+09  0.00000000E+00  0.00000000E+00  0.00000000E+00  0.00000000E+00  0.00000000E+00  0.10000000E-01  0.10000000E+01
 0.11800200E-08  0.13121158E-01  0.00000000E+00  0.20411601E+00  0.00000000E+00  0.00000000E+00  0.18560683E+09  0.00000000E+00  0.00000000E+00  0.00000000E+00  0.00000000E+00  0.00000000E+00  0.10000000E-01  0.10000000E+01
 0.11900200E-08  0.13121158E-01  0.00000000E+00  0.20597208E+00  0.00000000E+00  0.00000000E+00  0.18560683E+09  0.00000000E+00  0.00000000E+00  0.00000000E+00  0.00000000E+00  0.00000000E+00  0.10000000E-01  0.10000000E+01
 0.12000200E-08  0.13121158E-01  0.00000000E+00  0.20782815E+00  0.00000000E+00  0.00000000E+00  0.18560683E+09  0.00000000E+00  0.00000000E+00  0.00000000E+00  0.00000000E+00  0.00000000E+00  0.10000000E-01  0.10000000E+01
 0.12100200E-08  0.13121158E-01  0.00000000E+00  0.20968422E+00  0.00000000E+00  0.00000000E+00  0.18560683E+09  0.00000000E+00  0.00000000E+00  0.00000000E+00  0.00000000E+00  0.00000000E+00  0.10000000E-01  0.10000000E+01
 0.12200200E-08  0.13121158E-01  0.00000000E+00  0.21154028E+00  0.00000000E+00  0.00000000E+00  0.18560683E+09  0.00000000E+00  0.00000000E+00  0.00000000E+00  0.00000000E+00  0.00000000E+00  0.10000000E-01  0.10000000E+01
 0.12300200E-08  0.13121158E-01  0.00000000E+00  0.21339635E+00  0.00000000E+00  0.00000000E+00  0.18560683E+09  0.00000000E+00  0.00000000E+00  0.00000000E+00  0.00000000E+00  0.00000000E+00  0.10000000E-01  0.10000000E+01
 0.12400200E-08  0.13121158E-01  0.00000000E+00  0.21525242E+00  0.00000000E+00  0.00000000E+00  0.18560683E+09  0.00000000E+00  0.00000000E+00  0.00000000E+00  0.00000000E+00  0.00000000E+00  0.10000000E-01  0.10000000E+01
 0.12500200E-08  0.13121158E-01  0.00000000E+00  0.21710849E+00  0.00000000E+00  0.00000000E+00  0.18560683E+09  0.00000000E+00  0.00000000E+00  0.00000000E+00  0.00000000E+00  0.00000000E+00  0.10000000E-01  0.10000000E+01
 0.12600200E-08  0.13121158E-01  0.00000000E+00  0.21896456E+00  0.00000000E+00  0.00000000E+00  0.18560683E+09  0.00000000E+00  0.00000000E+00  0.00000000E+00  0.00000000E+00  0.00000000E+00  0.10000000E-01  0.10000000E+01
 0.12700200E-08  0.13121158E-01  0.00000000E+00  0.22082063E+00  0.00000000E+00  0.00000000E+00  0.18560683E+09  0.00000000E+00  0.00000000E+00  0.00000000E+00  0.00000000E+00  0.00000000E+00  0.10000000E-01  0.10000000E+01
 0.12800200E-08  0.13121158E-01  0.00000000E+00  0.22267669E+00  0.00000000E+00  0.00000000E+00  0.18560683E+09  0.00000000E+00  0.00000000E+00  0.00000000E+00  0.00000000E+00  0.00000000E+00  0.10000000E-01  0.10000000E+01
 0.12900200E-08  0.13121158E-01  0.00000000E+00  0.22453276E+00  0.00000000E+00  0.00000000E+00  0.18560683E+09  0.00000000E+00  0.00000000E+00  0.00000000E+00  0.00000000E+00  0.00000000E+00  0.10000000E-01  0.10000000E+01
 0.13000200E-08  0.13121158E-01  0.00000000E+00  0.22638883E+00  0.00000000E+00  0.00000000E+00  0.18560683E+09  0.00000000E+00  0.00000000E+00  0.00000000E+00  0.00000000E+00  0.00000000E+00  0.10000000E-01  0.10000000E+01
 0.13100200E-08  0.13121158E-01  0.00000000E+00  0.22824490E+00  0.00000000E+00  0.00000000E+00  0.18560683E+09  0.00000000E+00  0.00000000E+00  0.00000000E+00  0.00000000E+00  0.00000000E+00  0.10000000E-01  0.10000000E+01
 0.13200200E-08  0.13121158E-01  0.00000000E+00  0.23010097E+00  0.00000000E+00  0.00000000E+00  0.18560683E+09  0.00000000E+00  0.00000000E+00  0.00000000E+00  0.00000000E+00  0.00000000E+00  0.10000000E-01  0.10000000E+01
 0.13300200E-08  0.13121158E-01  0.00000000E+00  0.23195703E+00  0.00000000E+00  0.00000000E+00  0.18560683E+09  0.00000000E+00  0.00000000E+00  0.00000000E+00  0.00000000E+00  0.00000000E+00  0.10000000E-01  0.10000000E+01
 0.13400200E-08  0.13121158E-01  0.00000000E+00  0.23381310E+00  0.00000000E+00  0.00000000E+00  0.18560683E+09  0.00000000E+00  0.00000000E+00  0.00000000E+00  0.00000000E+00  0.00000000E+00  0.10000000E-01  0.10000000E+01
 0.13500200E-08  0.13121158E-01  0.00000000E+00  0.23566917E+00  0.00000000E+00  0.00000000E+00  0.18560683E+09  0.00000000E+00  0.00000000E+00  0.00000000E+00  0.00000000E+00  0.00000000E+00  0.10000000E-01  0.10000000E+01
 0.13600200E-08  0.13121158E-01  0.00000000E+00  0.23752524E+00  0.00000000E+00  0.00000000E+00  0.18560683E+09  0.00000000E+00  0.00000000E+00  0.00000000E+00  0.00000000E+00  0.00000000E+00  0.10000000E-01  0.10000000E+01
 0.13700200E-08  0.13121158E-01  0.00000000E+00  0.23938131E+00  0.00000000E+00  0.00000000E+00  0.18560683E+09  0.00000000E+00  0.00000000E+00  0.00000000E+00  0.00000000E+00  0.00000000E+00  0.10000000E-01  0.10000000E+01
 0.13800200E-08  0.13121158E-01  0.00000000E+00  0.24123738E+00  0.00000000E+00  0.00000000E+00  0.18560683E+09  0.00000000E+00  0.00000000E+00  0.00000000E+00  0.00000000E+00  0.00000000E+00  0.10000000E-01  0.10000000E+01
 0.13900200E-08  0.13121158E-01  0.00000000E+00  0.24309344E+00  0.00000000E+00  0.00000000E+00  0.18560683E+09  0.00000000E+00  0.00000000E+00  0.00000000E+00  0.00000000E+00  0.00000000E+00  0.10000000E-01  0.10000000E+01
 0.14000200E-08  0.13121158E-01  0.00000000E+00  0.24494951E+00  0.00000000E+00  0.00000000E+00  0.18560683E+09  0.00000000E+00  0.00000000E+00  0.00000000E+00  0.00000000E+00  0.00000000E+00  0.10000000E-01  0.10000000E+01
 0.14100200E-08  0.13121158E-01  0.00000000E+00  0.24680558E+00  0.00000000E+00  0.00000000E+00  0.18560683E+09  0.00000000E+00  0.00000000E+00  0.00000000E+00  0.00000000E+00  0.00000000E+00  0.10000000E-01  0.10000000E+01
 0.14200200E-08  0.13121158E-01  0.00000000E+00  0.24866165E+00  0.00000000E+00  0.00000000E+00  0.18560683E+09  0.00000000E+00  0.00000000E+00  0.00000000E+00  0.00000000E+00  0.00000000E+00  0.10000000E-01  0.10000000E+01
 0.14300200E-08  0.13121158E-01  0.00000000E+00  0.25051772E+00  0.00000000E+00  0.00000000E+00  0.18560683E+09  0.00000000E+00  0.00000000E+00  0.00000000E+00  0.00000000E+00  0.00000000E+00  0.10000000E-01  0.10000000E+01
 0.14400200E-08  0.13121158E-01  0.00000000E+00  0.25237379E+00  0.00000000E+00  0.00000000E+00  0.18560683E+09  0.00000000E+00  0.00000000E+00  0.00000000E+00  0.00000000E+00  0.00000000E+00  0.10000000E-01  0.10000000E+01
 0.14500200E-08  0.13121158E-01  0.00000000E+00  0.25422985E+00  0.00000000E+00  0.00000000E+00  0.18560683E+09  0.00000000E+00  0.00000000E+00  0.00000000E+00  0.00000000E+00  0.00000000E+00  0.10000000E-01  0.10000000E+01
 0.14600200E-08  0.13121158E-01  0.00000000E+00  0.25608592E+00  0.00000000E+00  0.00000000E+00  0.18560683E+09  0.00000000E+00  0.00000000E+00  0.00000000E+00  0.00000000E+00  0.00000000E+00  0.10000000E-01  0.10000000E+01
 0.14700200E-08  0.13121158E-01  0.00000000E+00  0.25794199E+00  0.00000000E+00  0.00000000E+00  0.18560683E+09  0.00000000E+00  0.00000000E+00  0.00000000E+00  0.00000000E+00  0.00000000E+00  0.10000000E-01  0.10000000E+01
 0.14800200E-08  0.13121158E-01  0.00000000E+00  0.25979806E+00  0.00000000E+00  0.00000000E+00  0.18560683E+09  0.00000000E+00  0.00000000E+00  0.00000000E+00  0.00000000E+00  0.00000000E+00  0.10000000E-01  0.10000000E+01
 0.14900200E-08  0.13121158E-01  0.00000000E+00  0.26165413E+00  0.00000000E+00  0.00000000E+00  0.18560683E+09  0.00000000E+00  0.00000000E+00  0.00000000E+00  0.00000000E+00  0.00000000E+00  0.10000000E-01  0.10000000E+01
 0.15000200E-08  0.13121158E-01  0.00000000E+00  0.26351020E+00  0.00000000E+00  0.00000000E+00  0.18560683E+09  0.00000000E+00  0.00000000E+00  0.00000000E+00  0.00000000E+00  0.00000000E+00  0.10000000E-01  0.10000000E+01
 0.15100200E-08  0.13121158E-01  0.00000000E+00  0.26536626E+00  0.00000000E+00  0.00000000E+00  0.18560683E+09  0.00000000E+00  0.00000000E+00  0.00000000E+00  0.00000000E+00  0.00000000E+00  0.10000000E-01  0.10000000E+01
 0.15200200E-08  0.13121158E-01  0.00000000E+00  0.26722233E+00  0.00000000E+00  0.00000000E+00  0.18560683E+09  0.00000000E+00  0.00000000E+00  0.00000000E+00  0.00000000E+00  0.00000000E+00  0.10000000E-01  0.10000000E+01
 0.15300200E-08  0.13121158E-01  0.00000000E+00  0.26907840E+00  0.00000000E+00  0.00000000E+00  0.18560683E+09  0.00000000E+00  0.00000000E+00  0.00000000E+00  0.00000000E+00  0.00000000E+00  0.10000000E-01  0.10000000E+01
 0.15400200E-08  0.13121158E-01  0.00000000E+00  0.27093447E+00  0.00000000E+00  0.00000000E+00  0.18560683E+09  0.00000000E+00  0.00000000E+00  0.00000000E+00  0.00000000E+00  0.00000000E+00  0.10000000E-01  0.10000000E+01
 0.15500200E-08  0.13121158E-01  0.00000000E+00  0.27279054E+00  0.00000000E+00  0.00000000E+00  0.18560683E+09  0.00000000E+00  0.00000000E+00  0.00000000E+00  0.00000000E+00  0.00000000E+00  0.10000000E-01  0.10000000E+01
 0.15600200E-08  0.13121158E-01  0.00000000E+00  0.27464661E+00  0.00000000E+00  0.00000000E+00  0.18560683E+09  0.00000000E+00  0.00000000E+00  0.00000000E+00  0.00000000E+00  0.00000000E+00  0.10000000E-01  0.10000000E+01
 0.15700200E-08  0.13121158E-01  0.00000000E+00  0.27650267E+00  0.00000000E+00  0.00000000E+00  0.18560683E+09  0.00000000E+00  0.00000000E+00  0.00000000E+00  0.00000000E+00  0.00000000E+00  0.10000000E-01  0.10000000E+01
 0.15800200E-08  0.13121158E-01  0.00000000E+00  0.27835874E+00  0.00000000E+00  0.00000000E+00  0.18560683E+09  0.00000000E+00  0.00000000E+00  0.00000000E+00  0.00000000E+00  0.00000000E+00  0.10000000E-01  0.10000000E+01
 0.15900200E-08  0.13121158E-01  0.00000000E+00  0.28021481E+00  0.00000000E+00  0.00000000E+00  0.18560683E+09  0.00000000E+00  0.00000000E+00  0.00000000E+00  0.00000000E+00  0.00000000E+00  0.10000000E-01  0.10000000E+01
 0.16000200E-08  0.13121158E-01  0.00000000E+00  0.28207088E+00  0.00000000E+00  0.00000000E+00  0.18560683E+09  0.00000000E+00  0.00000000E+00  0.00000000E+00  0.00000000E+00  0.00000000E+00  0.10000000E-01  0.10000000E+01
 0.16100200E-08  0.13121158E-01  0.00000000E+00  0.28392695E+00  0.00000000E+00  0.00000000E+00  0.18560683E+09  0.00000000E+00  0.00000000E+00  0.00000000E+00  0.00000000E+00  0.00000000E+00  0.10000000E-01  0.10000000E+01
 0.16200200E-08  0.13121158E-01  0.00000000E+00  0.28578302E+00  0.00000000E+00  0.00000000E+00  0.18560683E+09  0.00000000E+00  0.00000000E+00  0.00000000E+00  0.00000000E+00  0.00000000E+00  0.10000000E-01  0.10000000E+01
 0.16300200E-08  0.13121158E-01  0.00000000E+00  0.28763908E+00  0.00000000E+00  0.00000000E+00  0.18560683E+09  0.00000000E+00  0.00000000E+00  0.00000000E+00  0.00000000E+00  0.00000000E+00  0.10000000E-01  0.10000000E+01
 0.16400200E-08  0.13121158E-01  0.00000000E+00  0.28949515E+00  0.00000000E+00  0.00000000E+00  0.18560683E+09  0.00000000E+00  0.00000000E+00  0.00000000E+00  0.00000000E+00  0.00000000E+00  0.10000000E-01  0.10000000E+01
 0.16500200E-08  0.13121158E-01  0.00000000E+00  0.29135122E+00  0.00000000E+00  0.00000000E+00  0.18560683E+09  0.00000000E+00  0.00000000E+00  0.00000000E+00  0.00000000E+00  0.00000000E+00  0.10000000E-01  0.10000000E+01
 0.16600200E-08  0.13121158E-01  0.00000000E+00  0.29320729E+00  0.00000000E+00  0.00000000E+00  0.18560683E+09  0.00000000E+00  0.00000000E+00  0.00000000E+00  0.00000000E+00  0.00000000E+00  0.10000000E-01  0.10000000E+01
 0.16700200E-08  0.13121158E-01  0.00000000E+00  0.29506336E+00  0.00000000E+00  0.00000000E+00  0.18560683E+09  0.00000000E+00  0.00000000E+00  0.00000000E+00  0.00000000E+00  0.00000000E+00  0.10000000E-01  0.10000000E+01
 0.16800200E-08  0.13121158E-01  0.00000000E+00  0.29691943E+00  0.00000000E+00  0.00000000E+00  0.18560683E+09  0.00000000E+00  0.00000000E+00  0.00000000E+00  0.00000000E+00  0.00000000E+00  0.10000000E-01  0.10000000E+01
 0.16900200E-08  0.13121158E-01  0.00000000E+00  0.29877549E+00  0.00000000E+00  0.00000000E+00  0.18560683E+09  0.00000000E+00  0.00000000E+00  0.00000000E+00  0.00000000E+00  0.00000000E+00  0.10000000E-01  0.10000000E+01
 0.17000200E-08  0.13121158E-01  0.00000000E+00  0.30063156E+00  0.00000000E+00  0.00000000E+00  0.18560683E+09  0.00000000E+00  0.00000000E+00  0.00000000E+00  0.00000000E+00  0.00000000E+00  0.10000000E-01  0.10000000E+01
 0.17100200E-08  0.13121158E-01  0.00000000E+00  0.30248763E+00  0.00000000E+00  0.00000000E+00  0.18560683E+09  0.00000000E+00  0.00000000E+00  0.00000000E+00  0.00000000E+00  0.00000000E+00  0.10000000E-01  0.10000000E+01
 0.17200200E-08  0.13121158E-01  0.00000000E+00  0.30434370E+00  0.00000000E+00  0.00000000E+00  0.18560683E+09  0.00000000E+00  0.00000000E+00  0.00000000E+00  0.00000000E+00  0.00000000E+00  0.10000000E-01  0.10000000E+01
 0.17300200E-08  0.13121158E-01  0.00000000E+00  0.30619977E+00  0.00000000E+00  0.00000000E+00  0.18560683E+09  0.00000000E+00  0.00000000E+00  0.00000000E+00  0.00000000E+00  0.00000000E+00  0.10000000E-01  0.10000000E+01
 0.17400200E-08  0.13121158E-01  0.00000000E+00  0.30805584E+00  0.00000000E+00  0.00000000E+00  0.18560683E+09  0.00000000E+00  0.00000000E+00  0.00000000E+00  0.00000000E+00  0.00000000E+00  0.10000000E-01  0.10000000E+01
 0.17500200E-08  0.13121158E-01  0.00000000E+00  0.30991190E+00  0.00000000E+00  0.00000000E+00  0.18560683E+09  0.00000000E+00  0.00000000E+00  0.00000000E+00  0.00000000E+00  0.00000000E+00  0.10000000E-01  0.10000000E+01
 0.17600200E-08  0.13121158E-01  0.00000000E+00  0.31176797E+00  0.00000000E+00  0.00000000E+00  0.18560683E+09  0.00000000E+00  0.00000000E+00  0.00000000E+00  0.00000000E+00  0.00000000E+00  0.10000000E-01  0.10000000E+01
 0.17700200E-08  0.13121158E-01  0.00000000E+00  0.31362404E+00  0.00000000E+00  0.00000000E+00  0.18560683E+09  0.00000000E+00  0.00000000E+00  0.00000000E+00  0.00000000E+00  0.00000000E+00  0.10000000E-01  0.10000000E+01
 0.17800200E-08  0.13121158E-01  0.00000000E+00  0.31548011E+00  0.00000000E+00  0.00000000E+00  0.18560683E+09  0.00000000E+00  0.00000000E+00  0.00000000E+00  0.00000000E+00  0.00000000E+00  0.10000000E-01  0.10000000E+01
 0.17900200E-08  0.13121158E-01  0.00000000E+00  0.31733618E+00  0.00000000E+00  0.00000000E+00  0.18560683E+09  0.00000000E+00  0.00000000E+00  0.00000000E+00  0.00000000E+00  0.00000000E+00  0.10000000E-01  0.10000000E+01
 0.18000200E-08  0.13121158E-01  0.00000000E+00  0.31919225E+00  0.00000000E+00  0.00000000E+00  0.18560683E+09  0.00000000E+00  0.00000000E+00  0.00000000E+00  0.00000000E+00  0.00000000E+00  0.10000000E-01  0.10000000E+01
 0.18100200E-08  0.13121158E-01  0.00000000E+00  0.32104831E+00  0.00000000E+00  0.00000000E+00  0.18560683E+09  0.00000000E+00  0.00000000E+00  0.00000000E+00  0.00000000E+00  0.00000000E+00  0.10000000E-01  0.10000000E+01
 0.18200200E-08  0.13121158E-01  0.00000000E+00  0.32290438E+00  0.00000000E+00  0.00000000E+00  0.18560683E+09  0.00000000E+00  0.00000000E+00  0.00000000E+00  0.00000000E+00  0.00000000E+00  0.10000000E-01  0.10000000E+01
 0.18300200E-08  0.13121158E-01  0.00000000E+00  0.32476045E+00  0.00000000E+00  0.00000000E+00  0.18560683E+09  0.00000000E+00  0.00000000E+00  0.00000000E+00  0.00000000E+00  0.00000000E+00  0.10000000E-01  0.10000000E+01
 0.18400200E-08  0.13121158E-01  0.00000000E+00  0.32661652E+00  0.00000000E+00  0.00000000E+00  0.18560683E+09  0.00000000E+00  0.00000000E+00  0.00000000E+00  0.00000000E+00  0.00000000E+00  0.10000000E-01  0.10000000E+01
 0.18500200E-08  0.13121158E-01  0.00000000E+00  0.32847259E+00  0.00000000E+00  0.00000000E+00  0.18560683E+09  0.00000000E+00  0.00000000E+00  0.00000000E+00  0.00000000E+00  0.00000000E+00  0.10000000E-01  0.10000000E+01
 0.18600200E-08  0.13121158E-01  0.00000000E+00  0.33032866E+00  0.00000000E+00  0.00000000E+00  0.18560683E+09  0.00000000E+00  0.00000000E+00  0.00000000E+00  0.00000000E+00  0.00000000E+00  0.10000000E-01  0.10000000E+01
 0.18700200E-08  0.13121158E-01  0.00000000E+00  0.33218472E+00  0.00000000E+00  0.00000000E+00  0.18560683E+09  0.00000000E+00  0.00000000E+00  0.00000000E+00  0.00000000E+00  0.00000000E+00  0.10000000E-01  0.10000000E+01
 0.18800200E-08  0.13121158E-01  0.00000000E+00  0.33404079E+00  0.00000000E+00  0.00000000E+00  0.18560683E+09  0.00000000E+00  0.00000000E+00  0.00000000E+00  0.00000000E+00  0.00000000E+00  0.10000000E-01  0.10000000E+01
 0.18900200E-08  0.13121158E-01  0.00000000E+00  0.33589686E+00  0.00000000E+00  0.00000000E+00  0.18560683E+09  0.00000000E+00  0.00000000E+00  0.00000000E+00  0.00000000E+00  0.00000000E+00  0.10000000E-01  0.10000000E+01
 0.19000200E-08  0.13121158E-01  0.00000000E+00  0.33775293E+00  0.00000000E+00  0.00000000E+00  0.18560683E+09  0.00000000E+00  0.00000000E+00  0.00000000E+00  0.00000000E+00  0.00000000E+00  0.10000000E-01  0.10000000E+01
 0.19100200E-08  0.13121158E-01  0.00000000E+00  0.33960900E+00  0.00000000E+00  0.00000000E+00  0.18560683E+09  0.00000000E+00  0.00000000E+00  0.00000000E+00  0.00000000E+00  0.00000000E+00  0.10000000E-01  0.10000000E+01
 0.19200200E-08  0.13121158E-01  0.00000000E+00  0.34146507E+00  0.00000000E+00  0.00000000E+00  0.18560683E+09  0.00000000E+00  0.00000000E+00  0.00000000E+00  0.00000000E+00  0.00000000E+00  0.10000000E-01  0.10000000E+01
 0.19300200E-08  0.13121158E-01  0.00000000E+00  0.34332113E+00  0.00000000E+00  0.00000000E+00  0.18560683E+09  0.00000000E+00  0.00000000E+00  0.00000000E+00  0.00000000E+00  0.00000000E+00  0.10000000E-01  0.10000000E+01
 0.19400200E-08  0.13121158E-01  0.00000000E+00  0.34517720E+00  0.00000000E+00  0.00000000E+00  0.18560683E+09  0.00000000E+00  0.00000000E+00  0.00000000E+00  0.00000000E+00  0.00000000E+00  0.10000000E-01  0.10000000E+01
 0.19500200E-08  0.13121158E-01  0.00000000E+00  0.34703327E+00  0.00000000E+00  0.00000000E+00  0.18560683E+09  0.00000000E+00  0.00000000E+00  0.00000000E+00  0.00000000E+00  0.00000000E+00  0.10000000E-01  0.10000000E+01
 0.19600200E-08  0.13121158E-01  0.00000000E+00  0.34888934E+00  0.00000000E+00  0.00000000E+00  0.18560683E+09  0.00000000E+00  0.00000000E+00  0.00000000E+00  0.00000000E+00  0.00000000E+00  0.10000000E-01  0.10000000E+01
 0.19700200E-08  0.13121158E-01  0.00000000E+00  0.35074541E+00  0.00000000E+00  0.00000000E+00  0.18560683E+09  0.00000000E+00  0.00000000E+00  0.00000000E+00  0.00000000E+00  0.00000000E+00  0.10000000E-01  0.10000000E+01
 0.19800200E-08  0.13121158E-01  0.00000000E+00  0.35260148E+00  0.00000000E+00  0.00000000E+00  0.18560683E+09  0.00000000E+00  0.00000000E+00  0.00000000E+00  0.00000000E+00  0.00000000E+00  0.10000000E-01  0.10000000E+01
 0.19900200E-08  0.13121158E-01  0.00000000E+00  0.35445754E+00  0.00000000E+00  0.00000000E+00  0.18560683E+09  0.00000000E+00  0.00000000E+00  0.00000000E+00  0.00000000E+00  0.00000000E+00  0.10000000E-01  0.10000000E+01
