# ptime xp yp zp vx vy vz ex ey ez bx by bz wt
 0.20000000E-13  0.14913785E-01  0.00000000E+00 -0.18604388E-01  0.00000000E+00  0.00000000E+00  0.18357683E+09  0.00000000E+00  0.00000000E+00  0.00000000E+00  0.00000000E+00  0.00000000E+00  0.10000000E-01  0.10000000E+01
 0.10000000E-10  0.14913785E-01  0.00000000E+00 -0.16772291E-01  0.00000000E+00  0.00000000E+00  0.18357683E+09  0.00000000E+00  0.00000000E+00  0.00000000E+00  0.00000000E+00  0.00000000E+00  0.10000000E-01  0.10000000E+01
 0.20000000E-10  0.14913785E-01  0.00000000E+00 -0.14936523E-01  0.00000000E+00  0.00000000E+00  0.18357683E+09  0.00000000E+00  0.00000000E+00  0.00000000E+00  0.00000000E+00  0.00000000E+00  0.10000000E-01  0.10000000E+01
 0.30000000E-10  0.14913785E-01  0.00000000E+00 -0.13100754E-01  0.00000000E+00  0.00000000E+00  0.18357683E+09  0.00000000E+00  0.00000000E+00  0.00000000E+00  0.00000000E+00  0.00000000E+00  0.10000000E-01  0.10000000E+01
 0.40020000E-10  0.14913785E-01  0.00000000E+00 -0.11261315E-01  0.00000000E+00  0.00000000E+00  0.18357683E+09  0.00000000E+00  0.00000000E+00  0.00000000E+00  0.00000000E+00  0.00000000E+00  0.10000000E-01  0.10000000E+01
 0.50020000E-10  0.14913785E-01  0.00000000E+00 -0.94255464E-02  0.00000000E+00  0.00000000E+00  0.18357683E+09  0.00000000E+00  0.00000000E+00  0.00000000E+00  0.00000000E+00  0.00000000E+00  0.10000000E-01  0.10000000E+01
 0.60020000E-10  0.14913785E-01  0.00000000E+00 -0.75897782E-02  0.00000000E+00  0.00000000E+00  0.18357683E+09  0.00000000E+00  0.00000000E+00  0.00000000E+00  0.00000000E+00  0.00000000E+00  0.10000000E-01  0.10000000E+01
 0.70020000E-10  0.14913785E-01  0.00000000E+00 -0.57540099E-02  0.00000000E+00  0.00000000E+00  0.18357683E+09  0.00000000E+00  0.00000000E+00  0.00000000E+00  0.00000000E+00  0.00000000E+00  0.10000000E-01  0.10000000E+01
 0.80000000E-10  0.14913785E-01  0.00000000E+00 -0.39219132E-02  0.00000000E+00  0.00000000E+00  0.18357683E+09  0.00000000E+00  0.00000000E+00  0.00000000E+00  0.00000000E+00  0.00000000E+00  0.10000000E-01  0.10000000E+01
 0.90000000E-10  0.14913785E-01  0.00000000E+00 -0.20861450E-02  0.00000000E+00  0.00000000E+00  0.18357683E+09  0.00000000E+00  0.00000000E+00  0.00000000E+00  0.00000000E+00  0.00000000E+00  0.10000000E-01  0.10000000E+01
 0.10000000E-09  0.14913785E-01  0.00000000E+00 -0.25037670E-03  0.00000000E+00  0.00000000E+00  0.18357683E+09  0.00000000E+00  0.00000000E+00  0.00000000E+00  0.00000000E+00  0.00000000E+00  0.10000000E-01  0.10000000E+01
 0.11000000E-09  0.14913785E-01  0.00000000E+00  0.15853915E-02  0.00000000E+00  0.00000000E+00  0.18357683E+09  0.00000000E+00  0.00000000E+00  0.00000000E+00  0.00000000E+00  0.00000000E+00  0.10000000E-01  0.10000000E+01
 0.12000000E-09  0.14913785E-01  0.00000000E+00  0.34211598E-02  0.00000000E+00  0.00000000E+00  0.18357683E+09  0.00000000E+00  0.00000000E+00  0.00000000E+00  0.00000000E+00  0.00000000E+00  0.10000000E-01  0.10000000E+01
 0.13000000E-09  0.14913785E-01  0.00000000E+00  0.52569280E-02  0.00000000E+00  0.00000000E+00  0.18357683E+09  0.00000000E+00  0.00000000E+00  0.00000000E+00  0.00000000E+00  0.00000000E+00  0.10000000E-01  0.10000000E+01
 0.14002000E-09  0.14913785E-01  0.00000000E+00  0.70963678E-02  0.00000000E+00  0.00000000E+00  0.18357683E+09  0.00000000E+00  0.00000000E+00  0.00000000E+00  0.00000000E+00  0.00000000E+00  0.10000000E-01  0.10000000E+01
 0.15002000E-09  0.14913785E-01  0.00000000E+00  0.89321361E-02  0.00000000E+00  0.00000000E+00  0.18357683E+09  0.00000000E+00  0.00000000E+00  0.00000000E+00  0.00000000E+00  0.00000000E+00  0.10000000E-01  0.10000000E+01
 0.16002000E-09  0.14913785E-01  0.00000000E+00  0.10767904E-01  0.00000000E+00  0.00000000E+00  0.18357683E+09  0.00000000E+00  0.00000000E+00  0.00000000E+00  0.00000000E+00  0.00000000E+00  0.10000000E-01  0.10000000E+01
 0.17002000E-09  0.14913785E-01  0.00000000E+00  0.12603673E-01  0.00000000E+00  0.00000000E+00  0.18357683E+09  0.00000000E+00  0.00000000E+00  0.00000000E+00  0.00000000E+00  0.00000000E+00  0.10000000E-01  0.10000000E+01
 0.18002000E-09  0.14913785E-01  0.00000000E+00  0.14439441E-01  0.00000000E+00  0.00000000E+00  0.18357683E+09  0.00000000E+00  0.00000000E+00  0.00000000E+00  0.00000000E+00  0.00000000E+00  0.10000000E-01  0.10000000E+01
 0.19002000E-09  0.14913785E-01  0.00000000E+00  0.16275209E-01  0.00000000E+00  0.00000000E+00  0.18357683E+09  0.00000000E+00  0.00000000E+00  0.00000000E+00  0.00000000E+00  0.00000000E+00  0.10000000E-01  0.10000000E+01
 0.20002000E-09  0.14913785E-01  0.00000000E+00  0.18110977E-01  0.00000000E+00  0.00000000E+00  0.18357683E+09  0.00000000E+00  0.00000000E+00  0.00000000E+00  0.00000000E+00  0.00000000E+00  0.10000000E-01  0.10000000E+01
 0.21002000E-09  0.14913785E-01  0.00000000E+00  0.19946746E-01  0.00000000E+00  0.00000000E+00  0.18357683E+09  0.00000000E+00  0.00000000E+00  0.00000000E+00  0.00000000E+00  0.00000000E+00  0.10000000E-01  0.10000000E+01
 0.22002000E-09  0.14913785E-01  0.00000000E+00  0.21782514E-01  0.00000000E+00  0.00000000E+00  0.18357683E+09  0.00000000E+00  0.00000000E+00  0.00000000E+00  0.00000000E+00  0.00000000E+00  0.10000000E-01  0.10000000E+01
 0.23002000E-09  0.14913785E-01  0.00000000E+00  0.23618282E-01  0.00000000E+00  0.00000000E+00  0.18357683E+09  0.00000000E+00  0.00000000E+00  0.00000000E+00  0.00000000E+00  0.00000000E+00  0.10000000E-01  0.10000000E+01
 0.24002000E-09  0.14913785E-01  0.00000000E+00  0.25454050E-01  0.00000000E+00  0.00000000E+00  0.18357683E+09  0.00000000E+00  0.00000000E+00  0.00000000E+00  0.00000000E+00  0.00000000E+00  0.10000000E-01  0.10000000E+01
 0.25002000E-09  0.14913785E-01  0.00000000E+00  0.27289819E-01  0.00000000E+00  0.00000000E+00  0.18357683E+09  0.00000000E+00  0.00000000E+00  0.00000000E+00  0.00000000E+00  0.00000000E+00  0.10000000E-01  0.10000000E+01
 0.26002000E-09  0.14913785E-01  0.00000000E+00  0.29125587E-01  0.00000000E+00  0.00000000E+00  0.18357683E+09  0.00000000E+00  0.00000000E+00  0.00000000E+00  0.00000000E+00  0.00000000E+00  0.10000000E-01  0.10000000E+01
 0.27002000E-09  0.14913785E-01  0.00000000E+00  0.30961355E-01  0.00000000E+00  0.00000000E+00  0.18357683E+09  0.00000000E+00  0.00000000E+00  0.00000000E+00  0.00000000E+00  0.00000000E+00  0.10000000E-01  0.10000000E+01
 0.28002000E-09  0.14913785E-01  0.00000000E+00  0.32797123E-01  0.00000000E+00  0.00000000E+00  0.18357683E+09  0.00000000E+00  0.00000000E+00  0.00000000E+00  0.00000000E+00  0.00000000E+00  0.10000000E-01  0.10000000E+01
 0.29002000E-09  0.14913785E-01  0.00000000E+00  0.34632892E-01  0.00000000E+00  0.00000000E+00  0.18357683E+09  0.00000000E+00  0.00000000E+00  0.00000000E+00  0.00000000E+00  0.00000000E+00  0.10000000E-01  0.10000000E+01
 0.30000000E-09  0.14913785E-01  0.00000000E+00  0.36464988E-01  0.00000000E+00  0.00000000E+00  0.18357683E+09  0.00000000E+00  0.00000000E+00  0.00000000E+00  0.00000000E+00  0.00000000E+00  0.10000000E-01  0.10000000E+01
 0.31000000E-09  0.14913785E-01  0.00000000E+00  0.38300757E-01  0.00000000E+00  0.00000000E+00  0.18357683E+09  0.00000000E+00  0.00000000E+00  0.00000000E+00  0.00000000E+00  0.00000000E+00  0.10000000E-01  0.10000000E+01
 0.32000000E-09  0.14913785E-01  0.00000000E+00  0.40136525E-01  0.00000000E+00  0.00000000E+00  0.18357683E+09  0.00000000E+00  0.00000000E+00  0.00000000E+00  0.00000000E+00  0.00000000E+00  0.10000000E-01  0.10000000E+01
 0.33000000E-09  0.14913785E-01  0.00000000E+00  0.41972293E-01  0.00000000E+00  0.00000000E+00  0.18357683E+09  0.00000000E+00  0.00000000E+00  0.00000000E+00  0.00000000E+00  0.00000000E+00  0.10000000E-01  0.10000000E+01
 0.34000000E-09  0.14913785E-01  0.00000000E+00  0.43808061E-01  0.00000000E+00  0.00000000E+00  0.18357683E+09  0.00000000E+00  0.00000000E+00  0.00000000E+00  0.00000000E+00  0.00000000E+00  0.10000000E-01  0.10000000E+01
 0.35000000E-09  0.14913785E-01  0.00000000E+00  0.45643830E-01  0.00000000E+00  0.00000000E+00  0.18357683E+09  0.00000000E+00  0.00000000E+00  0.00000000E+00  0.00000000E+00  0.00000000E+00  0.10000000E-01  0.10000000E+01
 0.36000000E-09  0.14913785E-01  0.00000000E+00  0.47479598E-01  0.00000000E+00  0.00000000E+00  0.18357683E+09  0.00000000E+00  0.00000000E+00  0.00000000E+00  0.00000000E+00  0.00000000E+00  0.10000000E-01  0.10000000E+01
 0.37000000E-09  0.14913785E-01  0.00000000E+00  0.49315366E-01  0.00000000E+00  0.00000000E+00  0.18357683E+09  0.00000000E+00  0.00000000E+00  0.00000000E+00  0.00000000E+00  0.00000000E+00  0.10000000E-01  0.10000000E+01
 0.38000000E-09  0.14913785E-01  0.00000000E+00  0.51151134E-01  0.00000000E+00  0.00000000E+00  0.18357683E+09  0.00000000E+00  0.00000000E+00  0.00000000E+00  0.00000000E+00  0.00000000E+00  0.10000000E-01  0.10000000E+01
 0.39000000E-09  0.14913785E-01  0.00000000E+00  0.52986903E-01  0.00000000E+00  0.00000000E+00  0.18357683E+09  0.00000000E+00  0.00000000E+00  0.00000000E+00  0.00000000E+00  0.00000000E+00  0.10000000E-01  0.10000000E+01
 0.40000000E-09  0.14913785E-01  0.00000000E+00  0.54822671E-01  0.00000000E+00  0.00000000E+00  0.18357683E+09  0.00000000E+00  0.00000000E+00  0.00000000E+00  0.00000000E+00  0.00000000E+00  0.10000000E-01  0.10000000E+01
 0.41000000E-09  0.14913785E-01  0.00000000E+00  0.56658439E-01  0.00000000E+00  0.00000000E+00  0.18357683E+09  0.00000000E+00  0.00000000E+00  0.00000000E+00  0.00000000E+00  0.00000000E+00  0.10000000E-01  0.10000000E+01
 0.42000000E-09  0.14913785E-01  0.00000000E+00  0.58494207E-01  0.00000000E+00  0.00000000E+00  0.18357683E+09  0.00000000E+00  0.00000000E+00  0.00000000E+00  0.00000000E+00  0.00000000E+00  0.10000000E-01  0.10000000E+01
 0.43000000E-09  0.14913785E-01  0.00000000E+00  0.60329976E-01  0.00000000E+00  0.00000000E+00  0.18357683E+09  0.00000000E+00  0.00000000E+00  0.00000000E+00  0.00000000E+00  0.00000000E+00  0.10000000E-01  0.10000000E+01
 0.44000000E-09  0.14913785E-01  0.00000000E+00  0.62165744E-01  0.00000000E+00  0.00000000E+00  0.18357683E+09  0.00000000E+00  0.00000000E+00  0.00000000E+00  0.00000000E+00  0.00000000E+00  0.10000000E-01  0.10000000E+01
 0.45000000E-09  0.14913785E-01  0.00000000E+00  0.64001512E-01  0.00000000E+00  0.00000000E+00  0.18357683E+09  0.00000000E+00  0.00000000E+00  0.00000000E+00  0.00000000E+00  0.00000000E+00  0.10000000E-01  0.10000000E+01
 0.46000000E-09  0.14913785E-01  0.00000000E+00  0.65837280E-01  0.00000000E+00  0.00000000E+00  0.18357683E+09  0.00000000E+00  0.00000000E+00  0.00000000E+00  0.00000000E+00  0.00000000E+00  0.10000000E-01  0.10000000E+01
 0.47000000E-09  0.14913785E-01  0.00000000E+00  0.67673049E-01  0.00000000E+00  0.00000000E+00  0.18357683E+09  0.00000000E+00  0.00000000E+00  0.00000000E+00  0.00000000E+00  0.00000000E+00  0.10000000E-01  0.10000000E+01
 0.48000000E-09  0.14913785E-01  0.00000000E+00  0.69508817E-01  0.00000000E+00  0.00000000E+00  0.18357683E+09  0.00000000E+00  0.00000000E+00  0.00000000E+00  0.00000000E+00  0.00000000E+00  0.10000000E-01  0.10000000E+01
 0.49000000E-09  0.14913785E-01  0.00000000E+00  0.71344585E-01  0.00000000E+00  0.00000000E+00  0.18357683E+09  0.00000000E+00  0.00000000E+00  0.00000000E+00  0.00000000E+00  0.00000000E+00  0.10000000E-01  0.10000000E+01
 0.50000000E-09  0.14913785E-01  0.00000000E+00  0.73180353E-01  0.00000000E+00  0.00000000E+00  0.18357683E+09  0.00000000E+00  0.00000000E+00  0.00000000E+00  0.00000000E+00  0.00000000E+00  0.10000000E-01  0.10000000E+01
 0.51000000E-09  0.14913785E-01  0.00000000E+00  0.75016122E-01  0.00000000E+00  0.00000000E+00  0.18357683E+09  0.00000000E+00  0.00000000E+00  0.00000000E+00  0.00000000E+00  0.00000000E+00  0.10000000E-01  0.10000000E+01
 0.52000000E-09  0.14913785E-01  0.00000000E+00  0.76851890E-01  0.00000000E+00  0.00000000E+00  0.18357683E+09  0.00000000E+00  0.00000000E+00  0.00000000E+00  0.00000000E+00  0.00000000E+00  0.10000000E-01  0.10000000E+01
 0.53000000E-09  0.14913785E-01  0.00000000E+00  0.78687658E-01  0.00000000E+00  0.00000000E+00  0.18357683E+09  0.00000000E+00  0.00000000E+00  0.00000000E+00  0.00000000E+00  0.00000000E+00  0.10000000E-01  0.10000000E+01
 0.54000000E-09  0.14913785E-01  0.00000000E+00  0.80523426E-01  0.00000000E+00  0.00000000E+00  0.18357683E+09  0.00000000E+00  0.00000000E+00  0.00000000E+00  0.00000000E+00  0.00000000E+00  0.10000000E-01  0.10000000E+01
 0.55002000E-09  0.14913785E-01  0.00000000E+00  0.82362866E-01  0.00000000E+00  0.00000000E+00  0.18357683E+09  0.00000000E+00  0.00000000E+00  0.00000000E+00  0.00000000E+00  0.00000000E+00  0.10000000E-01  0.10000000E+01
 0.56002000E-09  0.14913785E-01  0.00000000E+00  0.84198634E-01  0.00000000E+00  0.00000000E+00  0.18357683E+09  0.00000000E+00  0.00000000E+00  0.00000000E+00  0.00000000E+00  0.00000000E+00  0.10000000E-01  0.10000000E+01
 0.57002000E-09  0.14913785E-01  0.00000000E+00  0.86034403E-01  0.00000000E+00  0.00000000E+00  0.18357683E+09  0.00000000E+00  0.00000000E+00  0.00000000E+00  0.00000000E+00  0.00000000E+00  0.10000000E-01  0.10000000E+01
 0.58002000E-09  0.14913785E-01  0.00000000E+00  0.87870171E-01  0.00000000E+00  0.00000000E+00  0.18357683E+09  0.00000000E+00  0.00000000E+00  0.00000000E+00  0.00000000E+00  0.00000000E+00  0.10000000E-01  0.10000000E+01
 0.59002000E-09  0.14913785E-01  0.00000000E+00  0.89705939E-01  0.00000000E+00  0.00000000E+00  0.18357683E+09  0.00000000E+00  0.00000000E+00  0.00000000E+00  0.00000000E+00  0.00000000E+00  0.10000000E-01  0.10000000E+01
 0.60002000E-09  0.14913785E-01  0.00000000E+00  0.91541707E-01  0.00000000E+00  0.00000000E+00  0.18357683E+09  0.00000000E+00  0.00000000E+00  0.00000000E+00  0.00000000E+00  0.00000000E+00  0.10000000E-01  0.10000000E+01
 0.61002000E-09  0.14913785E-01  0.00000000E+00  0.93377476E-01  0.00000000E+00  0.00000000E+00  0.18357683E+09  0.00000000E+00  0.00000000E+00  0.00000000E+00  0.00000000E+00  0.00000000E+00  0.10000000E-01  0.10000000E+01
 0.62002000E-09  0.14913785E-01  0.00000000E+00  0.95213244E-01  0.00000000E+00  0.00000000E+00  0.18357683E+09  0.00000000E+00  0.00000000E+00  0.00000000E+00  0.00000000E+00  0.00000000E+00  0.10000000E-01  0.10000000E+01
 0.63002000E-09  0.14913785E-01  0.00000000E+00  0.97049012E-01  0.00000000E+00  0.00000000E+00  0.18357683E+09  0.00000000E+00  0.00000000E+00  0.00000000E+00  0.00000000E+00  0.00000000E+00  0.10000000E-01  0.10000000E+01
 0.64002000E-09  0.14913785E-01  0.00000000E+00  0.98884780E-01  0.00000000E+00  0.00000000E+00  0.18357683E+09  0.00000000E+00  0.00000000E+00  0.00000000E+00  0.00000000E+00  0.00000000E+00  0.10000000E-01  0.10000000E+01
 0.65002000E-09  0.14913785E-01  0.00000000E+00  0.10072055E+00  0.00000000E+00  0.00000000E+00  0.18357683E+09  0.00000000E+00  0.00000000E+00  0.00000000E+00  0.00000000E+00  0.00000000E+00  0.10000000E-01  0.10000000E+01
 0.66002000E-09  0.14913785E-01  0.00000000E+00  0.10255632E+00  0.00000000E+00  0.00000000E+00  0.18357683E+09  0.00000000E+00  0.00000000E+00  0.00000000E+00  0.00000000E+00  0.00000000E+00  0.10000000E-01  0.10000000E+01
 0.67002000E-09  0.14913785E-01  0.00000000E+00  0.10439209E+00  0.00000000E+00  0.00000000E+00  0.18357683E+09  0.00000000E+00  0.00000000E+00  0.00000000E+00  0.00000000E+00  0.00000000E+00  0.10000000E-01  0.10000000E+01
 0.68002000E-09  0.14913785E-01  0.00000000E+00  0.10622785E+00  0.00000000E+00  0.00000000E+00  0.18357683E+09  0.00000000E+00  0.00000000E+00  0.00000000E+00  0.00000000E+00  0.00000000E+00  0.10000000E-01  0.10000000E+01
 0.69002000E-09  0.14913785E-01  0.00000000E+00  0.10806362E+00  0.00000000E+00  0.00000000E+00  0.18357683E+09  0.00000000E+00  0.00000000E+00  0.00000000E+00  0.00000000E+00  0.00000000E+00  0.10000000E-01  0.10000000E+01
 0.70002000E-09  0.14913785E-01  0.00000000E+00  0.10989939E+00  0.00000000E+00  0.00000000E+00  0.18357683E+09  0.00000000E+00  0.00000000E+00  0.00000000E+00  0.00000000E+00  0.00000000E+00  0.10000000E-01  0.10000000E+01
 0.71002000E-09  0.14913785E-01  0.00000000E+00  0.11173516E+00  0.00000000E+00  0.00000000E+00  0.18357683E+09  0.00000000E+00  0.00000000E+00  0.00000000E+00  0.00000000E+00  0.00000000E+00  0.10000000E-01  0.10000000E+01
 0.72002000E-09  0.14913785E-01  0.00000000E+00  0.11357093E+00  0.00000000E+00  0.00000000E+00  0.18357683E+09  0.00000000E+00  0.00000000E+00  0.00000000E+00  0.00000000E+00  0.00000000E+00  0.10000000E-01  0.10000000E+01
 0.73002000E-09  0.14913785E-01  0.00000000E+00  0.11540669E+00  0.00000000E+00  0.00000000E+00  0.18357683E+09  0.00000000E+00  0.00000000E+00  0.00000000E+00  0.00000000E+00  0.00000000E+00  0.10000000E-01  0.10000000E+01
 0.74002000E-09  0.14913785E-01  0.00000000E+00  0.11724246E+00  0.00000000E+00  0.00000000E+00  0.18357683E+09  0.00000000E+00  0.00000000E+00  0.00000000E+00  0.00000000E+00  0.00000000E+00  0.10000000E-01  0.10000000E+01
 0.75002000E-09  0.14913785E-01  0.00000000E+00  0.11907823E+00  0.00000000E+00  0.00000000E+00  0.18357683E+09  0.00000000E+00  0.00000000E+00  0.00000000E+00  0.00000000E+00  0.00000000E+00  0.10000000E-01  0.10000000E+01
 0.76002000E-09  0.14913785E-01  0.00000000E+00  0.12091400E+00  0.00000000E+00  0.00000000E+00  0.18357683E+09  0.00000000E+00  0.00000000E+00  0.00000000E+00  0.00000000E+00  0.00000000E+00  0.10000000E-01  0.10000000E+01
 0.77002000E-09  0.14913785E-01  0.00000000E+00  0.12274977E+00  0.00000000E+00  0.00000000E+00  0.18357683E+09  0.00000000E+00  0.00000000E+00  0.00000000E+00  0.00000000E+00  0.00000000E+00  0.10000000E-01  0.10000000E+01
 0.78002000E-09  0.14913785E-01  0.00000000E+00  0.12458554E+00  0.00000000E+00  0.00000000E+00  0.18357683E+09  0.00000000E+00  0.00000000E+00  0.00000000E+00  0.00000000E+00  0.00000000E+00  0.10000000E-01  0.10000000E+01
 0.79002000E-09  0.14913785E-01  0.00000000E+00  0.12642130E+00  0.00000000E+00  0.00000000E+00  0.18357683E+09  0.00000000E+00  0.00000000E+00  0.00000000E+00  0.00000000E+00  0.00000000E+00  0.10000000E-01  0.10000000E+01
 0.80002000E-09  0.14913785E-01  0.00000000E+00  0.12825707E+00  0.00000000E+00  0.00000000E+00  0.18357683E+09  0.00000000E+00  0.00000000E+00  0.00000000E+00  0.00000000E+00  0.00000000E+00  0.10000000E-01  0.10000000E+01
 0.81002000E-09  0.14913785E-01  0.00000000E+00  0.13009284E+00  0.00000000E+00  0.00000000E+00  0.18357683E+09  0.00000000E+00  0.00000000E+00  0.00000000E+00  0.00000000E+00  0.00000000E+00  0.10000000E-01  0.10000000E+01
 0.82002000E-09  0.14913785E-01  0.00000000E+00  0.13192861E+00  0.00000000E+00  0.00000000E+00  0.18357683E+09  0.00000000E+00  0.00000000E+00  0.00000000E+00  0.00000000E+00  0.00000000E+00  0.10000000E-01  0.10000000E+01
 0.83002000E-09  0.14913785E-01  0.00000000E+00  0.13376438E+00  0.00000000E+00  0.00000000E+00  0.18357683E+09  0.00000000E+00  0.00000000E+00  0.00000000E+00  0.00000000E+00  0.00000000E+00  0.10000000E-01  0.10000000E+01
 0.84002000E-09  0.14913785E-01  0.00000000E+00  0.13560015E+00  0.00000000E+00  0.00000000E+00  0.18357683E+09  0.00000000E+00  0.00000000E+00  0.00000000E+00  0.00000000E+00  0.00000000E+00  0.10000000E-01  0.10000000E+01
 0.85002000E-09  0.14913785E-01  0.00000000E+00  0.13743591E+00  0.00000000E+00  0.00000000E+00  0.18357683E+09  0.00000000E+00  0.00000000E+00  0.00000000E+00  0.00000000E+00  0.00000000E+00  0.10000000E-01  0.10000000E+01
 0.86002000E-09  0.14913785E-01  0.00000000E+00  0.13927168E+00  0.00000000E+00  0.00000000E+00  0.18357683E+09  0.00000000E+00  0.00000000E+00  0.00000000E+00  0.00000000E+00  0.00000000E+00  0.10000000E-01  0.10000000E+01
 0.87002000E-09  0.14913785E-01  0.00000000E+00  0.14110745E+00  0.00000000E+00  0.00000000E+00  0.18357683E+09  0.00000000E+00  0.00000000E+00  0.00000000E+00  0.00000000E+00  0.00000000E+00  0.10000000E-01  0.10000000E+01
 0.88002000E-09  0.14913785E-01  0.00000000E+00  0.14294322E+00  0.00000000E+00  0.00000000E+00  0.18357683E+09  0.00000000E+00  0.00000000E+00  0.00000000E+00  0.00000000E+00  0.00000000E+00  0.10000000E-01  0.10000000E+01
 0.89002000E-09  0.14913785E-01  0.00000000E+00  0.14477899E+00  0.00000000E+00  0.00000000E+00  0.18357683E+09  0.00000000E+00  0.00000000E+00  0.00000000E+00  0.00000000E+00  0.00000000E+00  0.10000000E-01  0.10000000E+01
 0.90002000E-09  0.14913785E-01  0.00000000E+00  0.14661475E+00  0.00000000E+00  0.00000000E+00  0.18357683E+09  0.00000000E+00  0.00000000E+00  0.00000000E+00  0.00000000E+00  0.00000000E+00  0.10000000E-01  0.10000000E+01
 0.91002000E-09  0.14913785E-01  0.00000000E+00  0.14845052E+00  0.00000000E+00  0.00000000E+00  0.18357683E+09  0.00000000E+00  0.00000000E+00  0.00000000E+00  0.00000000E+00  0.00000000E+00  0.10000000E-01  0.10000000E+01
 0.92002000E-09  0.14913785E-01  0.00000000E+00  0.15028629E+00  0.00000000E+00  0.00000000E+00  0.18357683E+09  0.00000000E+00  0.00000000E+00  0.00000000E+00  0.00000000E+00  0.00000000E+00  0.10000000E-01  0.10000000E+01
 0.93002000E-09  0.14913785E-01  0.00000000E+00  0.15212206E+00  0.00000000E+00  0.00000000E+00  0.18357683E+09  0.00000000E+00  0.00000000E+00  0.00000000E+00  0.00000000E+00  0.00000000E+00  0.10000000E-01  0.10000000E+01
 0.94002000E-09  0.14913785E-01  0.00000000E+00  0.15395783E+00  0.00000000E+00  0.00000000E+00  0.18357683E+09  0.00000000E+00  0.00000000E+00  0.00000000E+00  0.00000000E+00  0.00000000E+00  0.10000000E-01  0.10000000E+01
 0.95002000E-09  0.14913785E-01  0.00000000E+00  0.15579360E+00  0.00000000E+00  0.00000000E+00  0.18357683E+09  0.00000000E+00  0.00000000E+00  0.00000000E+00  0.00000000E+00  0.00000000E+00  0.10000000E-01  0.10000000E+01
 0.96002000E-09  0.14913785E-01  0.00000000E+00  0.15762936E+00  0.00000000E+00  0.00000000E+00  0.18357683E+09  0.00000000E+00  0.00000000E+00  0.00000000E+00  0.00000000E+00  0.00000000E+00  0.10000000E-01  0.10000000E+01
 0.97002000E-09  0.14913785E-01  0.00000000E+00  0.15946513E+00  0.00000000E+00  0.00000000E+00  0.18357683E+09  0.00000000E+00  0.00000000E+00  0.00000000E+00  0.00000000E+00  0.00000000E+00  0.10000000E-01  0.10000000E+01
 0.98002000E-09  0.14913785E-01  0.00000000E+00  0.16130090E+00  0.00000000E+00  0.00000000E+00  0.18357683E+09  0.00000000E+00  0.00000000E+00  0.00000000E+00  0.00000000E+00  0.00000000E+00  0.10000000E-01  0.10000000E+01
 0.99002000E-09  0.14913785E-01  0.00000000E+00  0.16313667E+00  0.00000000E+00  0.00000000E+00  0.18357683E+09  0.00000000E+00  0.00000000E+00  0.00000000E+00  0.00000000E+00  0.00000000E+00  0.10000000E-01  0.10000000E+01
 0.10000200E-08  0.14913785E-01  0.00000000E+00  0.16497244E+00  0.00000000E+00  0.00000000E+00  0.18357683E+09  0.00000000E+00  0.00000000E+00  0.00000000E+00  0.00000000E+00  0.00000000E+00  0.10000000E-01  0.10000000E+01
 0.10100200E-08  0.14913785E-01  0.00000000E+00  0.16680821E+00  0.00000000E+00  0.00000000E+00  0.18357683E+09  0.00000000E+00  0.00000000E+00  0.00000000E+00  0.00000000E+00  0.00000000E+00  0.10000000E-01  0.10000000E+01
 0.10200200E-08  0.14913785E-01  0.00000000E+00  0.16864397E+00  0.00000000E+00  0.00000000E+00  0.18357683E+09  0.00000000E+00  0.00000000E+00  0.00000000E+00  0.00000000E+00  0.00000000E+00  0.10000000E-01  0.10000000E+01
 0.10300200E-08  0.14913785E-01  0.00000000E+00  0.17047974E+00  0.00000000E+00  0.00000000E+00  0.18357683E+09  0.00000000E+00  0.00000000E+00  0.00000000E+00  0.00000000E+00  0.00000000E+00  0.10000000E-01  0.10000000E+01
 0.10400200E-08  0.14913785E-01  0.00000000E+00  0.17231551E+00  0.00000000E+00  0.00000000E+00  0.18357683E+09  0.00000000E+00  0.00000000E+00  0.00000000E+00  0.00000000E+00  0.00000000E+00  0.10000000E-01  0.10000000E+01
 0.10500200E-08  0.14913785E-01  0.00000000E+00  0.17415128E+00  0.00000000E+00  0.00000000E+00  0.18357683E+09  0.00000000E+00  0.00000000E+00  0.00000000E+00  0.00000000E+00  0.00000000E+00  0.10000000E-01  0.10000000E+01
 0.10600200E-08  0.14913785E-01  0.00000000E+00  0.17598705E+00  0.00000000E+00  0.00000000E+00  0.18357683E+09  0.00000000E+00  0.00000000E+00  0.00000000E+00  0.00000000E+00  0.00000000E+00  0.10000000E-01  0.10000000E+01
 0.10700200E-08  0.14913785E-01  0.00000000E+00  0.17782282E+00  0.00000000E+00  0.00000000E+00  0.18357683E+09  0.00000000E+00  0.00000000E+00  0.00000000E+00  0.00000000E+00  0.00000000E+00  0.10000000E-01  0.10000000E+01
 0.10800200E-08  0.14913785E-01  0.00000000E+00  0.17965858E+00  0.00000000E+00  0.00000000E+00  0.18357683E+09  0.00000000E+00  0.00000000E+00  0.00000000E+00  0.00000000E+00  0.00000000E+00  0.10000000E-01  0.10000000E+01
 0.10900200E-08  0.14913785E-01  0.00000000E+00  0.18149435E+00  0.00000000E+00  0.00000000E+00  0.18357683E+09  0.00000000E+00  0.00000000E+00  0.00000000E+00  0.00000000E+00  0.00000000E+00  0.10000000E-01  0.10000000E+01
 0.11000200E-08  0.14913785E-01  0.00000000E+00  0.18333012E+00  0.00000000E+00  0.00000000E+00  0.18357683E+09  0.00000000E+00  0.00000000E+00  0.00000000E+00  0.00000000E+00  0.00000000E+00  0.10000000E-01  0.10000000E+01
 0.11100200E-08  0.14913785E-01  0.00000000E+00  0.18516589E+00  0.00000000E+00  0.00000000E+00  0.18357683E+09  0.00000000E+00  0.00000000E+00  0.00000000E+00  0.00000000E+00  0.00000000E+00  0.10000000E-01  0.10000000E+01
 0.11200200E-08  0.14913785E-01  0.00000000E+00  0.18700166E+00  0.00000000E+00  0.00000000E+00  0.18357683E+09  0.00000000E+00  0.00000000E+00  0.00000000E+00  0.00000000E+00  0.00000000E+00  0.10000000E-01  0.10000000E+01
 0.11300200E-08  0.14913785E-01  0.00000000E+00  0.18883742E+00  0.00000000E+00  0.00000000E+00  0.18357683E+09  0.00000000E+00  0.00000000E+00  0.00000000E+00  0.00000000E+00  0.00000000E+00  0.10000000E-01  0.10000000E+01
 0.11400200E-08  0.14913785E-01  0.00000000E+00  0.19067319E+00  0.00000000E+00  0.00000000E+00  0.18357683E+09  0.00000000E+00  0.00000000E+00  0.00000000E+00  0.00000000E+00  0.00000000E+00  0.10000000E-01  0.10000000E+01
 0.11500200E-08  0.14913785E-01  0.00000000E+00  0.19250896E+00  0.00000000E+00  0.00000000E+00  0.18357683E+09  0.00000000E+00  0.00000000E+00  0.00000000E+00  0.00000000E+00  0.00000000E+00  0.10000000E-01  0.10000000E+01
 0.11600200E-08  0.14913785E-01  0.00000000E+00  0.19434473E+00  0.00000000E+00  0.00000000E+00  0.18357683E+09  0.00000000E+00  0.00000000E+00  0.00000000E+00  0.00000000E+00  0.00000000E+00  0.10000000E-01  0.10000000E+01
 0.11700200E-08  0.14913785E-01  0.00000000E+00  0.19618050E+00  0.00000000E+00  0.00000000E+00  0.18357683E+09  0.00000000E+00  0.00000000E+00  0.00000000E+00  0.00000000E+00  0.00000000E+00  0.10000000E-01  0.10000000E+01
 0.11800200E-08  0.14913785E-01  0.00000000E+00  0.19801627E+00  0.00000000E+00  0.00000000E+00  0.18357683E+09  0.00000000E+00  0.00000000E+00  0.00000000E+00  0.00000000E+00  0.00000000E+00  0.10000000E-01  0.10000000E+01
 0.11900200E-08  0.14913785E-01  0.00000000E+00  0.19985203E+00  0.00000000E+00  0.00000000E+00  0.18357683E+09  0.00000000E+00  0.00000000E+00  0.00000000E+00  0.00000000E+00  0.00000000E+00  0.10000000E-01  0.10000000E+01
 0.12000200E-08  0.14913785E-01  0.00000000E+00  0.20168780E+00  0.00000000E+00  0.00000000E+00  0.18357683E+09  0.00000000E+00  0.00000000E+00  0.00000000E+00  0.00000000E+00  0.00000000E+00  0.10000000E-01  0.10000000E+01
 0.12100200E-08  0.14913785E-01  0.00000000E+00  0.20352357E+00  0.00000000E+00  0.00000000E+00  0.18357683E+09  0.00000000E+00  0.00000000E+00  0.00000000E+00  0.00000000E+00  0.00000000E+00  0.10000000E-01  0.10000000E+01
 0.12200200E-08  0.14913785E-01  0.00000000E+00  0.20535934E+00  0.00000000E+00  0.00000000E+00  0.18357683E+09  0.00000000E+00  0.00000000E+00  0.00000000E+00  0.00000000E+00  0.00000000E+00  0.10000000E-01  0.10000000E+01
 0.12300200E-08  0.14913785E-01  0.00000000E+00  0.20719511E+00  0.00000000E+00  0.00000000E+00  0.18357683E+09  0.00000000E+00  0.00000000E+00  0.00000000E+00  0.00000000E+00  0.00000000E+00  0.10000000E-01  0.10000000E+01
 0.12400200E-08  0.14913785E-01  0.00000000E+00  0.20903088E+00  0.00000000E+00  0.00000000E+00  0.18357683E+09  0.00000000E+00  0.00000000E+00  0.00000000E+00  0.00000000E+00  0.00000000E+00  0.10000000E-01  0.10000000E+01
 0.12500200E-08  0.14913785E-01  0.00000000E+00  0.21086664E+00  0.00000000E+00  0.00000000E+00  0.18357683E+09  0.00000000E+00  0.00000000E+00  0.00000000E+00  0.00000000E+00  0.00000000E+00  0.10000000E-01  0.10000000E+01
 0.12600200E-08  0.14913785E-01  0.00000000E+00  0.21270241E+00  0.00000000E+00  0.00000000E+00  0.18357683E+09  0.00000000E+00  0.00000000E+00  0.00000000E+00  0.00000000E+00  0.00000000E+00  0.10000000E-01  0.10000000E+01
 0.12700200E-08  0.14913785E-01  0.00000000E+00  0.21453818E+00  0.00000000E+00  0.00000000E+00  0.18357683E+09  0.00000000E+00  0.00000000E+00  0.00000000E+00  0.00000000E+00  0.00000000E+00  0.10000000E-01  0.10000000E+01
 0.12800200E-08  0.14913785E-01  0.00000000E+00  0.21637395E+00  0.00000000E+00  0.00000000E+00  0.18357683E+09  0.00000000E+00  0.00000000E+00  0.00000000E+00  0.00000000E+00  0.00000000E+00  0.10000000E-01  0.10000000E+01
 0.12900200E-08  0.14913785E-01  0.00000000E+00  0.21820972E+00  0.00000000E+00  0.00000000E+00  0.18357683E+09  0.00000000E+00  0.00000000E+00  0.00000000E+00  0.00000000E+00  0.00000000E+00  0.10000000E-01  0.10000000E+01
 0.13000200E-08  0.14913785E-01  0.00000000E+00  0.22004548E+00  0.00000000E+00  0.00000000E+00  0.18357683E+09  0.00000000E+00  0.00000000E+00  0.00000000E+00  0.00000000E+00  0.00000000E+00  0.10000000E-01  0.10000000E+01
 0.13100200E-08  0.14913785E-01  0.00000000E+00  0.22188125E+00  0.00000000E+00  0.00000000E+00  0.18357683E+09  0.00000000E+00  0.00000000E+00  0.00000000E+00  0.00000000E+00  0.00000000E+00  0.10000000E-01  0.10000000E+01
 0.13200200E-08  0.14913785E-01  0.00000000E+00  0.22371702E+00  0.00000000E+00  0.00000000E+00  0.18357683E+09  0.00000000E+00  0.00000000E+00  0.00000000E+00  0.00000000E+00  0.00000000E+00  0.10000000E-01  0.10000000E+01
 0.13300200E-08  0.14913785E-01  0.00000000E+00  0.22555279E+00  0.00000000E+00  0.00000000E+00  0.18357683E+09  0.00000000E+00  0.00000000E+00  0.00000000E+00  0.00000000E+00  0.00000000E+00  0.10000000E-01  0.10000000E+01
 0.13400200E-08  0.14913785E-01  0.00000000E+00  0.22738856E+00  0.00000000E+00  0.00000000E+00  0.18357683E+09  0.00000000E+00  0.00000000E+00  0.00000000E+00  0.00000000E+00  0.00000000E+00  0.10000000E-01  0.10000000E+01
 0.13500200E-08  0.14913785E-01  0.00000000E+00  0.22922433E+00  0.00000000E+00  0.00000000E+00  0.18357683E+09  0.00000000E+00  0.00000000E+00  0.00000000E+00  0.00000000E+00  0.00000000E+00  0.10000000E-01  0.10000000E+01
 0.13600200E-08  0.14913785E-01  0.00000000E+00  0.23106009E+00  0.00000000E+00  0.00000000E+00  0.18357683E+09  0.00000000E+00  0.00000000E+00  0.00000000E+00  0.00000000E+00  0.00000000E+00  0.10000000E-01  0.10000000E+01
 0.13700200E-08  0.14913785E-01  0.00000000E+00  0.23289586E+00  0.00000000E+00  0.00000000E+00  0.18357683E+09  0.00000000E+00  0.00000000E+00  0.00000000E+00  0.00000000E+00  0.00000000E+00  0.10000000E-01  0.10000000E+01
 0.13800200E-08  0.14913785E-01  0.00000000E+00  0.23473163E+00  0.00000000E+00  0.00000000E+00  0.18357683E+09  0.00000000E+00  0.00000000E+00  0.00000000E+00  0.00000000E+00  0.00000000E+00  0.10000000E-01  0.10000000E+01
 0.13900200E-08  0.14913785E-01  0.00000000E+00  0.23656740E+00  0.00000000E+00  0.00000000E+00  0.18357683E+09  0.00000000E+00  0.00000000E+00  0.00000000E+00  0.00000000E+00  0.00000000E+00  0.10000000E-01  0.10000000E+01
 0.14000200E-08  0.14913785E-01  0.00000000E+00  0.23840317E+00  0.00000000E+00  0.00000000E+00  0.18357683E+09  0.00000000E+00  0.00000000E+00  0.00000000E+00  0.00000000E+00  0.00000000E+00  0.10000000E-01  0.10000000E+01
 0.14100200E-08  0.14913785E-01  0.00000000E+00  0.24023894E+00  0.00000000E+00  0.00000000E+00  0.18357683E+09  0.00000000E+00  0.00000000E+00  0.00000000E+00  0.00000000E+00  0.00000000E+00  0.10000000E-01  0.10000000E+01
 0.14200200E-08  0.14913785E-01  0.00000000E+00  0.24207470E+00  0.00000000E+00  0.00000000E+00  0.18357683E+09  0.00000000E+00  0.00000000E+00  0.00000000E+00  0.00000000E+00  0.00000000E+00  0.10000000E-01  0.10000000E+01
 0.14300200E-08  0.14913785E-01  0.00000000E+00  0.24391047E+00  0.00000000E+00  0.00000000E+00  0.18357683E+09  0.00000000E+00  0.00000000E+00  0.00000000E+00  0.00000000E+00  0.00000000E+00  0.10000000E-01  0.10000000E+01
 0.14400200E-08  0.14913785E-01  0.00000000E+00  0.24574624E+00  0.00000000E+00  0.00000000E+00  0.18357683E+09  0.00000000E+00  0.00000000E+00  0.00000000E+00  0.00000000E+00  0.00000000E+00  0.10000000E-01  0.10000000E+01
 0.14500200E-08  0.14913785E-01  0.00000000E+00  0.24758201E+00  0.00000000E+00  0.00000000E+00  0.18357683E+09  0.00000000E+00  0.00000000E+00  0.00000000E+00  0.00000000E+00  0.00000000E+00  0.10000000E-01  0.10000000E+01
 0.14600200E-08  0.14913785E-01  0.00000000E+00  0.24941778E+00  0.00000000E+00  0.00000000E+00  0.18357683E+09  0.00000000E+00  0.00000000E+00  0.00000000E+00  0.00000000E+00  0.00000000E+00  0.10000000E-01  0.10000000E+01
 0.14700200E-08  0.14913785E-01  0.00000000E+00  0.25125355E+00  0.00000000E+00  0.00000000E+00  0.18357683E+09  0.00000000E+00  0.00000000E+00  0.00000000E+00  0.00000000E+00  0.00000000E+00  0.10000000E-01  0.10000000E+01
 0.14800200E-08  0.14913785E-01  0.00000000E+00  0.25308931E+00  0.00000000E+00  0.00000000E+00  0.18357683E+09  0.00000000E+00  0.00000000E+00  0.00000000E+00  0.00000000E+00  0.00000000E+00  0.10000000E-01  0.10000000E+01
 0.14900200E-08  0.14913785E-01  0.00000000E+00  0.25492508E+00  0.00000000E+00  0.00000000E+00  0.18357683E+09  0.00000000E+00  0.00000000E+00  0.00000000E+00  0.00000000E+00  0.00000000E+00  0.10000000E-01  0.10000000E+01
 0.15000200E-08  0.14913785E-01  0.00000000E+00  0.25676085E+00  0.00000000E+00  0.00000000E+00  0.18357683E+09  0.00000000E+00  0.00000000E+00  0.00000000E+00  0.00000000E+00  0.00000000E+00  0.10000000E-01  0.10000000E+01
 0.15100200E-08  0.14913785E-01  0.00000000E+00  0.25859662E+00  0.00000000E+00  0.00000000E+00  0.18357683E+09  0.00000000E+00  0.00000000E+00  0.00000000E+00  0.00000000E+00  0.00000000E+00  0.10000000E-01  0.10000000E+01
 0.15200200E-08  0.14913785E-01  0.00000000E+00  0.26043239E+00  0.00000000E+00  0.00000000E+00  0.18357683E+09  0.00000000E+00  0.00000000E+00  0.00000000E+00  0.00000000E+00  0.00000000E+00  0.10000000E-01  0.10000000E+01
 0.15300200E-08  0.14913785E-01  0.00000000E+00  0.26226815E+00  0.00000000E+00  0.00000000E+00  0.18357683E+09  0.00000000E+00  0.00000000E+00  0.00000000E+00  0.00000000E+00  0.00000000E+00  0.10000000E-01  0.10000000E+01
 0.15400200E-08  0.14913785E-01  0.00000000E+00  0.26410392E+00  0.00000000E+00  0.00000000E+00  0.18357683E+09  0.00000000E+00  0.00000000E+00  0.00000000E+00  0.00000000E+00  0.00000000E+00  0.10000000E-01  0.10000000E+01
 0.15500200E-08  0.14913785E-01  0.00000000E+00  0.26593969E+00  0.00000000E+00  0.00000000E+00  0.18357683E+09  0.00000000E+00  0.00000000E+00  0.00000000E+00  0.00000000E+00  0.00000000E+00  0.10000000E-01  0.10000000E+01
 0.15600200E-08  0.14913785E-01  0.00000000E+00  0.26777546E+00  0.00000000E+00  0.00000000E+00  0.18357683E+09  0.00000000E+00  0.00000000E+00  0.00000000E+00  0.00000000E+00  0.00000000E+00  0.10000000E-01  0.10000000E+01
 0.15700200E-08  0.14913785E-01  0.00000000E+00  0.26961123E+00  0.00000000E+00  0.00000000E+00  0.18357683E+09  0.00000000E+00  0.00000000E+00  0.00000000E+00  0.00000000E+00  0.00000000E+00  0.10000000E-01  0.10000000E+01
 0.15800200E-08  0.14913785E-01  0.00000000E+00  0.27144700E+00  0.00000000E+00  0.00000000E+00  0.18357683E+09  0.00000000E+00  0.00000000E+00  0.00000000E+00  0.00000000E+00  0.00000000E+00  0.10000000E-01  0.10000000E+01
 0.15900200E-08  0.14913785E-01  0.00000000E+00  0.27328276E+00  0.00000000E+00  0.00000000E+00  0.18357683E+09  0.00000000E+00  0.00000000E+00  0.00000000E+00  0.00000000E+00  0.00000000E+00  0.10000000E-01  0.10000000E+01
 0.16000200E-08  0.14913785E-01  0.00000000E+00  0.27511853E+00  0.00000000E+00  0.00000000E+00  0.18357683E+09  0.00000000E+00  0.00000000E+00  0.00000000E+00  0.00000000E+00  0.00000000E+00  0.10000000E-01  0.10000000E+01
 0.16100200E-08  0.14913785E-01  0.00000000E+00  0.27695430E+00  0.00000000E+00  0.00000000E+00  0.18357683E+09  0.00000000E+00  0.00000000E+00  0.00000000E+00  0.00000000E+00  0.00000000E+00  0.10000000E-01  0.10000000E+01
 0.16200200E-08  0.14913785E-01  0.00000000E+00  0.27879007E+00  0.00000000E+00  0.00000000E+00  0.18357683E+09  0.00000000E+00  0.00000000E+00  0.00000000E+00  0.00000000E+00  0.00000000E+00  0.10000000E-01  0.10000000E+01
 0.16300200E-08  0.14913785E-01  0.00000000E+00  0.28062584E+00  0.00000000E+00  0.00000000E+00  0.18357683E+09  0.00000000E+00  0.00000000E+00  0.00000000E+00  0.00000000E+00  0.00000000E+00  0.10000000E-01  0.10000000E+01
 0.16400200E-08  0.14913785E-01  0.00000000E+00  0.28246161E+00  0.00000000E+00  0.00000000E+00  0.18357683E+09  0.00000000E+00  0.00000000E+00  0.00000000E+00  0.00000000E+00  0.00000000E+00  0.10000000E-01  0.10000000E+01
 0.16500200E-08  0.14913785E-01  0.00000000E+00  0.28429737E+00  0.00000000E+00  0.00000000E+00  0.18357683E+09  0.00000000E+00  0.00000000E+00  0.00000000E+00  0.00000000E+00  0.00000000E+00  0.10000000E-01  0.10000000E+01
 0.16600200E-08  0.14913785E-01  0.00000000E+00  0.28613314E+00  0.00000000E+00  0.00000000E+00  0.18357683E+09  0.00000000E+00  0.00000000E+00  0.00000000E+00  0.00000000E+00  0.00000000E+00  0.10000000E-01  0.10000000E+01
 0.16700200E-08  0.14913785E-01  0.00000000E+00  0.28796891E+00  0.00000000E+00  0.00000000E+00  0.18357683E+09  0.00000000E+00  0.00000000E+00  0.00000000E+00  0.00000000E+00  0.00000000E+00  0.10000000E-01  0.10000000E+01
 0.16800200E-08  0.14913785E-01  0.00000000E+00  0.28980468E+00  0.00000000E+00  0.00000000E+00  0.18357683E+09  0.00000000E+00  0.00000000E+00  0.00000000E+00  0.00000000E+00  0.00000000E+00  0.10000000E-01  0.10000000E+01
 0.16900200E-08  0.14913785E-01  0.00000000E+00  0.29164045E+00  0.00000000E+00  0.00000000E+00  0.18357683E+09  0.00000000E+00  0.00000000E+00  0.00000000E+00  0.00000000E+00  0.00000000E+00  0.10000000E-01  0.10000000E+01
 0.17000200E-08  0.14913785E-01  0.00000000E+00  0.29347621E+00  0.00000000E+00  0.00000000E+00  0.18357683E+09  0.00000000E+00  0.00000000E+00  0.00000000E+00  0.00000000E+00  0.00000000E+00  0.10000000E-01  0.10000000E+01
 0.17100200E-08  0.14913785E-01  0.00000000E+00  0.29531198E+00  0.00000000E+00  0.00000000E+00  0.18357683E+09  0.00000000E+00  0.00000000E+00  0.00000000E+00  0.00000000E+00  0.00000000E+00  0.10000000E-01  0.10000000E+01
 0.17200200E-08  0.14913785E-01  0.00000000E+00  0.29714775E+00  0.00000000E+00  0.00000000E+00  0.18357683E+09  0.00000000E+00  0.00000000E+00  0.00000000E+00  0.00000000E+00  0.00000000E+00  0.10000000E-01  0.10000000E+01
 0.17300200E-08  0.14913785E-01  0.00000000E+00  0.29898352E+00  0.00000000E+00  0.00000000E+00  0.18357683E+09  0.00000000E+00  0.00000000E+00  0.00000000E+00  0.00000000E+00  0.00000000E+00  0.10000000E-01  0.10000000E+01
 0.17400200E-08  0.14913785E-01  0.00000000E+00  0.30081929E+00  0.00000000E+00  0.00000000E+00  0.18357683E+09  0.00000000E+00  0.00000000E+00  0.00000000E+00  0.00000000E+00  0.00000000E+00  0.10000000E-01  0.10000000E+01
 0.17500200E-08  0.14913785E-01  0.00000000E+00  0.30265506E+00  0.00000000E+00  0.00000000E+00  0.18357683E+09  0.00000000E+00  0.00000000E+00  0.00000000E+00  0.00000000E+00  0.00000000E+00  0.10000000E-01  0.10000000E+01
 0.17600200E-08  0.14913785E-01  0.00000000E+00  0.30449082E+00  0.00000000E+00  0.00000000E+00  0.18357683E+09  0.00000000E+00  0.00000000E+00  0.00000000E+00  0.00000000E+00  0.00000000E+00  0.10000000E-01  0.10000000E+01
 0.17700200E-08  0.14913785E-01  0.00000000E+00  0.30632659E+00  0.00000000E+00  0.00000000E+00  0.18357683E+09  0.00000000E+00  0.00000000E+00  0.00000000E+00  0.00000000E+00  0.00000000E+00  0.10000000E-01  0.10000000E+01
 0.17800200E-08  0.14913785E-01  0.00000000E+00  0.30816236E+00  0.00000000E+00  0.00000000E+00  0.18357683E+09  0.00000000E+00  0.00000000E+00  0.00000000E+00  0.00000000E+00  0.00000000E+00  0.10000000E-01  0.10000000E+01
 0.17900200E-08  0.14913785E-01  0.00000000E+00  0.30999813E+00  0.00000000E+00  0.00000000E+00  0.18357683E+09  0.00000000E+00  0.00000000E+00  0.00000000E+00  0.00000000E+00  0.00000000E+00  0.10000000E-01  0.10000000E+01
 0.18000200E-08  0.14913785E-01  0.00000000E+00  0.31183390E+00  0.00000000E+00  0.00000000E+00  0.18357683E+09  0.00000000E+00  0.00000000E+00  0.00000000E+00  0.00000000E+00  0.00000000E+00  0.10000000E-01  0.10000000E+01
 0.18100200E-08  0.14913785E-01  0.00000000E+00  0.31366967E+00  0.00000000E+00  0.00000000E+00  0.18357683E+09  0.00000000E+00  0.00000000E+00  0.00000000E+00  0.00000000E+00  0.00000000E+00  0.10000000E-01  0.10000000E+01
 0.18200200E-08  0.14913785E-01  0.00000000E+00  0.31550543E+00  0.00000000E+00  0.00000000E+00  0.18357683E+09  0.00000000E+00  0.00000000E+00  0.00000000E+00  0.00000000E+00  0.00000000E+00  0.10000000E-01  0.10000000E+01
 0.18300200E-08  0.14913785E-01  0.00000000E+00  0.31734120E+00  0.00000000E+00  0.00000000E+00  0.18357683E+09  0.00000000E+00  0.00000000E+00  0.00000000E+00  0.00000000E+00  0.00000000E+00  0.10000000E-01  0.10000000E+01
 0.18400200E-08  0.14913785E-01  0.00000000E+00  0.31917697E+00  0.00000000E+00  0.00000000E+00  0.18357683E+09  0.00000000E+00  0.00000000E+00  0.00000000E+00  0.00000000E+00  0.00000000E+00  0.10000000E-01  0.10000000E+01
 0.18500200E-08  0.14913785E-01  0.00000000E+00  0.32101274E+00  0.00000000E+00  0.00000000E+00  0.18357683E+09  0.00000000E+00  0.00000000E+00  0.00000000E+00  0.00000000E+00  0.00000000E+00  0.10000000E-01  0.10000000E+01
 0.18600200E-08  0.14913785E-01  0.00000000E+00  0.32284851E+00  0.00000000E+00  0.00000000E+00  0.18357683E+09  0.00000000E+00  0.00000000E+00  0.00000000E+00  0.00000000E+00  0.00000000E+00  0.10000000E-01  0.10000000E+01
 0.18700200E-08  0.14913785E-01  0.00000000E+00  0.32468428E+00  0.00000000E+00  0.00000000E+00  0.18357683E+09  0.00000000E+00  0.00000000E+00  0.00000000E+00  0.00000000E+00  0.00000000E+00  0.10000000E-01  0.10000000E+01
 0.18800200E-08  0.14913785E-01  0.00000000E+00  0.32652004E+00  0.00000000E+00  0.00000000E+00  0.18357683E+09  0.00000000E+00  0.00000000E+00  0.00000000E+00  0.00000000E+00  0.00000000E+00  0.10000000E-01  0.10000000E+01
 0.18900200E-08  0.14913785E-01  0.00000000E+00  0.32835581E+00  0.00000000E+00  0.00000000E+00  0.18357683E+09  0.00000000E+00  0.00000000E+00  0.00000000E+00  0.00000000E+00  0.00000000E+00  0.10000000E-01  0.10000000E+01
 0.19000200E-08  0.14913785E-01  0.00000000E+00  0.33019158E+00  0.00000000E+00  0.00000000E+00  0.18357683E+09  0.00000000E+00  0.00000000E+00  0.00000000E+00  0.00000000E+00  0.00000000E+00  0.10000000E-01  0.10000000E+01
 0.19100200E-08  0.14913785E-01  0.00000000E+00  0.33202735E+00  0.00000000E+00  0.00000000E+00  0.18357683E+09  0.00000000E+00  0.00000000E+00  0.00000000E+00  0.00000000E+00  0.00000000E+00  0.10000000E-01  0.10000000E+01
 0.19200200E-08  0.14913785E-01  0.00000000E+00  0.33386312E+00  0.00000000E+00  0.00000000E+00  0.18357683E+09  0.00000000E+00  0.00000000E+00  0.00000000E+00  0.00000000E+00  0.00000000E+00  0.10000000E-01  0.10000000E+01
 0.19300200E-08  0.14913785E-01  0.00000000E+00  0.33569888E+00  0.00000000E+00  0.00000000E+00  0.18357683E+09  0.00000000E+00  0.00000000E+00  0.00000000E+00  0.00000000E+00  0.00000000E+00  0.10000000E-01  0.10000000E+01
 0.19400200E-08  0.14913785E-01  0.00000000E+00  0.33753465E+00  0.00000000E+00  0.00000000E+00  0.18357683E+09  0.00000000E+00  0.00000000E+00  0.00000000E+00  0.00000000E+00  0.00000000E+00  0.10000000E-01  0.10000000E+01
 0.19500200E-08  0.14913785E-01  0.00000000E+00  0.33937042E+00  0.00000000E+00  0.00000000E+00  0.18357683E+09  0.00000000E+00  0.00000000E+00  0.00000000E+00  0.00000000E+00  0.00000000E+00  0.10000000E-01  0.10000000E+01
 0.19600200E-08  0.14913785E-01  0.00000000E+00  0.34120619E+00  0.00000000E+00  0.00000000E+00  0.18357683E+09  0.00000000E+00  0.00000000E+00  0.00000000E+00  0.00000000E+00  0.00000000E+00  0.10000000E-01  0.10000000E+01
 0.19700200E-08  0.14913785E-01  0.00000000E+00  0.34304196E+00  0.00000000E+00  0.00000000E+00  0.18357683E+09  0.00000000E+00  0.00000000E+00  0.00000000E+00  0.00000000E+00  0.00000000E+00  0.10000000E-01  0.10000000E+01
 0.19800200E-08  0.14913785E-01  0.00000000E+00  0.34487773E+00  0.00000000E+00  0.00000000E+00  0.18357683E+09  0.00000000E+00  0.00000000E+00  0.00000000E+00  0.00000000E+00  0.00000000E+00  0.10000000E-01  0.10000000E+01
 0.19900200E-08  0.14913785E-01  0.00000000E+00  0.34671349E+00  0.00000000E+00  0.00000000E+00  0.18357683E+09  0.00000000E+00  0.00000000E+00  0.00000000E+00  0.00000000E+00  0.00000000E+00  0.10000000E-01  0.10000000E+01
