# ptime xp yp zp vx vy vz ex ey ez bx by bz wt
 0.20000000E-13  0.12691300E-01  0.00000000E+00 -0.21979567E-01  0.00000000E+00  0.00000000E+00  0.19307876E+09  0.00000000E+00  0.00000000E+00  0.00000000E+00  0.00000000E+00  0.00000000E+00  0.10000000E-01  0.10000000E+01
 0.10000000E-10  0.12691300E-01  0.00000000E+00 -0.20052641E-01  0.00000000E+00  0.00000000E+00  0.19307876E+09  0.00000000E+00  0.00000000E+00  0.00000000E+00  0.00000000E+00  0.00000000E+00  0.10000000E-01  0.10000000E+01
 0.20000000E-10  0.12691300E-01  0.00000000E+00 -0.18121854E-01  0.00000000E+00  0.00000000E+00  0.19307876E+09  0.00000000E+00  0.00000000E+00  0.00000000E+00  0.00000000E+00  0.00000000E+00  0.10000000E-01  0.10000000E+01
 0.30000000E-10  0.12691300E-01  0.00000000E+00 -0.16191066E-01  0.00000000E+00  0.00000000E+00  0.19307876E+09  0.00000000E+00  0.00000000E+00  0.00000000E+00  0.00000000E+00  0.00000000E+00  0.10000000E-01  0.10000000E+01
 0.40020000E-10  0.12691300E-01  0.00000000E+00 -0.14256417E-01  0.00000000E+00  0.00000000E+00  0.19307876E+09  0.00000000E+00  0.00000000E+00  0.00000000E+00  0.00000000E+00  0.00000000E+00  0.10000000E-01  0.10000000E+01
 0.50020000E-10  0.12691300E-01  0.00000000E+00 -0.12325629E-01  0.00000000E+00  0.00000000E+00  0.19307876E+09  0.00000000E+00  0.00000000E+00  0.00000000E+00  0.00000000E+00  0.00000000E+00  0.10000000E-01  0.10000000E+01
 0.60020000E-10  0.12691300E-01  0.00000000E+00 -0.10394842E-01  0.00000000E+00  0.00000000E+00  0.19307876E+09  0.00000000E+00  0.00000000E+00  0.00000000E+00  0.00000000E+00  0.00000000E+00  0.10000000E-01  0.10000000E+01
 0.70020000E-10  0.12691300E-01  0.00000000E+00 -0.84640543E-02  0.00000000E+00  0.00000000E+00  0.19307876E+09  0.00000000E+00  0.00000000E+00  0.00000000E+00  0.00000000E+00  0.00000000E+00  0.10000000E-01  0.10000000E+01
 0.80000000E-10  0.12691300E-01  0.00000000E+00 -0.65371283E-02  0.00000000E+00  0.00000000E+00  0.19307876E+09  0.00000000E+00  0.00000000E+00  0.00000000E+00  0.00000000E+00  0.00000000E+00  0.10000000E-01  0.10000000E+01
 0.90000000E-10  0.12691300E-01  0.00000000E+00 -0.46063407E-02  0.00000000E+00  0.00000000E+00  0.19307876E+09  0.00000000E+00  0.00000000E+00  0.00000000E+00  0.00000000E+00  0.00000000E+00  0.10000000E-01  0.10000000E+01
 0.10000000E-09  0.12691300E-01  0.00000000E+00 -0.26755531E-02  0.00000000E+00  0.00000000E+00  0.19307876E+09  0.00000000E+00  0.00000000E+00  0.00000000E+00  0.00000000E+00  0.00000000E+00  0.10000000E-01  0.10000000E+01
 0.11000000E-09  0.12691300E-01  0.00000000E+00 -0.74476552E-03  0.00000000E+00  0.00000000E+00  0.19307876E+09  0.00000000E+00  0.00000000E+00  0.00000000E+00  0.00000000E+00  0.00000000E+00  0.10000000E-01  0.10000000E+01
 0.12000000E-09  0.12691300E-01  0.00000000E+00  0.11860221E-02  0.00000000E+00  0.00000000E+00  0.19307876E+09  0.00000000E+00  0.00000000E+00  0.00000000E+00  0.00000000E+00  0.00000000E+00  0.10000000E-01  0.10000000E+01
 0.13000000E-09  0.12691300E-01  0.00000000E+00  0.31168096E-02  0.00000000E+00  0.00000000E+00  0.19307876E+09  0.00000000E+00  0.00000000E+00  0.00000000E+00  0.00000000E+00  0.00000000E+00  0.10000000E-01  0.10000000E+01
 0.14002000E-09  0.12691300E-01  0.00000000E+00  0.50514588E-02  0.00000000E+00  0.00000000E+00  0.19307876E+09  0.00000000E+00  0.00000000E+00  0.00000000E+00  0.00000000E+00  0.00000000E+00  0.10000000E-01  0.10000000E+01
 0.15002000E-09  0.12691300E-01  0.00000000E+00  0.69822464E-02  0.00000000E+00  0.00000000E+00  0.19307876E+09  0.00000000E+00  0.00000000E+00  0.00000000E+00  0.00000000E+00  0.00000000E+00  0.10000000E-01  0.10000000E+01
 0.16002000E-09  0.12691300E-01  0.00000000E+00  0.89130340E-02  0.00000000E+00  0.00000000E+00  0.19307876E+09  0.00000000E+00  0.00000000E+00  0.00000000E+00  0.00000000E+00  0.00000000E+00  0.10000000E-01  0.10000000E+01
 0.17002000E-09  0.12691300E-01  0.00000000E+00  0.10843822E-01  0.00000000E+00  0.00000000E+00  0.19307876E+09  0.00000000E+00  0.00000000E+00  0.00000000E+00  0.00000000E+00  0.00000000E+00  0.10000000E-01  0.10000000E+01
 0.18002000E-09  0.12691300E-01  0.00000000E+00  0.12774609E-01  0.00000000E+00  0.00000000E+00  0.19307876E+09  0.00000000E+00  0.00000000E+00  0.00000000E+00  0.00000000E+00  0.00000000E+00  0.10000000E-01  0.10000000E+01
 0.19002000E-09  0.12691300E-01  0.00000000E+00  0.14705397E-01  0.00000000E+00  0.00000000E+00  0.19307876E+09  0.00000000E+00  0.00000000E+00  0.00000000E+00  0.00000000E+00  0.00000000E+00  0.10000000E-01  0.10000000E+01
 0.20002000E-09  0.12691300E-01  0.00000000E+00  0.16636184E-01  0.00000000E+00  0.00000000E+00  0.19307876E+09  0.00000000E+00  0.00000000E+00  0.00000000E+00  0.00000000E+00  0.00000000E+00  0.10000000E-01  0.10000000E+01
 0.21002000E-09  0.12691300E-01  0.00000000E+00  0.18566972E-01  0.00000000E+00  0.00000000E+00  0.19307876E+09  0.00000000E+00  0.00000000E+00  0.00000000E+00  0.00000000E+00  0.00000000E+00  0.10000000E-01  0.10000000E+01
 0.22002000E-09  0.12691300E-01  0.00000000E+00  0.20497759E-01  0.00000000E+00  0.00000000E+00  0.19307876E+09  0.00000000E+00  0.00000000E+00  0.00000000E+00  0.00000000E+00  0.00000000E+00  0.10000000E-01  0.10000000E+01
 0.23002000E-09  0.12691300E-01  0.00000000E+00  0.22428547E-01  0.00000000E+00  0.00000000E+00  0.19307876E+09  0.00000000E+00  0.00000000E+00  0.00000000E+00  0.00000000E+00  0.00000000E+00  0.10000000E-01  0.10000000E+01
 0.24002000E-09  0.12691300E-01  0.00000000E+00  0.24359335E-01  0.00000000E+00  0.00000000E+00  0.19307876E+09  0.00000000E+00  0.00000000E+00  0.00000000E+00  0.00000000E+00  0.00000000E+00  0.10000000E-01  0.10000000E+01
 0.25002000E-09  0.12691300E-01  0.00000000E+00  0.26290122E-01  0.00000000E+00  0.00000000E+00  0.19307876E+09  0.00000000E+00  0.00000000E+00  0.00000000E+00  0.00000000E+00  0.00000000E+00  0.10000000E-01  0.10000000E+01
 0.26002000E-09  0.12691300E-01  0.00000000E+00  0.28220910E-01  0.00000000E+00  0.00000000E+00  0.19307876E+09  0.00000000E+00  0.00000000E+00  0.00000000E+00  0.00000000E+00  0.00000000E+00  0.10000000E-01  0.10000000E+01
 0.27002000E-09  0.12691300E-01  0.00000000E+00  0.30151697E-01  0.00000000E+00  0.00000000E+00  0.19307876E+09  0.00000000E+00  0.00000000E+00  0.00000000E+00  0.00000000E+00  0.00000000E+00  0.10000000E-01  0.10000000E+01
 0.28002000E-09  0.12691300E-01  0.00000000E+00  0.32082485E-01  0.00000000E+00  0.00000000E+00  0.19307876E+09  0.00000000E+00  0.00000000E+00  0.00000000E+00  0.00000000E+00  0.00000000E+00  0.10000000E-01  0.10000000E+01
 0.29002000E-09  0.12691300E-01  0.00000000E+00  0.34013272E-01  0.00000000E+00  0.00000000E+00  0.19307876E+09  0.00000000E+00  0.00000000E+00  0.00000000E+00  0.00000000E+00  0.00000000E+00  0.10000000E-01  0.10000000E+01
 0.30000000E-09  0.12691300E-01  0.00000000E+00  0.35940198E-01  0.00000000E+00  0.00000000E+00  0.19307876E+09  0.00000000E+00  0.00000000E+00  0.00000000E+00  0.00000000E+00  0.00000000E+00  0.10000000E-01  0.10000000E+01
 0.31000000E-09  0.12691300E-01  0.00000000E+00  0.37870986E-01  0.00000000E+00  0.00000000E+00  0.19307876E+09  0.00000000E+00  0.00000000E+00  0.00000000E+00  0.00000000E+00  0.00000000E+00  0.10000000E-01  0.10000000E+01
 0.32000000E-09  0.12691300E-01  0.00000000E+00  0.39801774E-01  0.00000000E+00  0.00000000E+00  0.19307876E+09  0.00000000E+00  0.00000000E+00  0.00000000E+00  0.00000000E+00  0.00000000E+00  0.10000000E-01  0.10000000E+01
 0.33000000E-09  0.12691300E-01  0.00000000E+00  0.41732561E-01  0.00000000E+00  0.00000000E+00  0.19307876E+09  0.00000000E+00  0.00000000E+00  0.00000000E+00  0.00000000E+00  0.00000000E+00  0.10000000E-01  0.10000000E+01
 0.34000000E-09  0.12691300E-01  0.00000000E+00  0.43663349E-01  0.00000000E+00  0.00000000E+00  0.19307876E+09  0.00000000E+00  0.00000000E+00  0.00000000E+00  0.00000000E+00  0.00000000E+00  0.10000000E-01  0.10000000E+01
 0.35000000E-09  0.12691300E-01  0.00000000E+00  0.45594136E-01  0.00000000E+00  0.00000000E+00  0.19307876E+09  0.00000000E+00  0.00000000E+00  0.00000000E+00  0.00000000E+00  0.00000000E+00  0.10000000E-01  0.10000000E+01
 0.36000000E-09  0.12691300E-01  0.00000000E+00  0.47524924E-01  0.00000000E+00  0.00000000E+00  0.19307876E+09  0.00000000E+00  0.00000000E+00  0.00000000E+00  0.00000000E+00  0.00000000E+00  0.10000000E-01  0.10000000E+01
 0.37000000E-09  0.12691300E-01  0.00000000E+00  0.49455712E-01  0.00000000E+00  0.00000000E+00  0.19307876E+09  0.00000000E+00  0.00000000E+00  0.00000000E+00  0.00000000E+00  0.00000000E+00  0.10000000E-01  0.10000000E+01
 0.38000000E-09  0.12691300E-01  0.00000000E+00  0.51386499E-01  0.00000000E+00  0.00000000E+00  0.19307876E+09  0.00000000E+00  0.00000000E+00  0.00000000E+00  0.00000000E+00  0.00000000E+00  0.10000000E-01  0.10000000E+01
 0.39000000E-09  0.12691300E-01  0.00000000E+00  0.53317287E-01  0.00000000E+00  0.00000000E+00  0.19307876E+09  0.00000000E+00  0.00000000E+00  0.00000000E+00  0.00000000E+00  0.00000000E+00  0.10000000E-01  0.10000000E+01
 0.40000000E-09  0.12691300E-01  0.00000000E+00  0.55248074E-01  0.00000000E+00  0.00000000E+00  0.19307876E+09  0.00000000E+00  0.00000000E+00  0.00000000E+00  0.00000000E+00  0.00000000E+00  0.10000000E-01  0.10000000E+01
 0.41000000E-09  0.12691300E-01  0.00000000E+00  0.57178862E-01  0.00000000E+00  0.00000000E+00  0.19307876E+09  0.00000000E+00  0.00000000E+00  0.00000000E+00  0.00000000E+00  0.00000000E+00  0.10000000E-01  0.10000000E+01
 0.42000000E-09  0.12691300E-01  0.00000000E+00  0.59109649E-01  0.00000000E+00  0.00000000E+00  0.19307876E+09  0.00000000E+00  0.00000000E+00  0.00000000E+00  0.00000000E+00  0.00000000E+00  0.10000000E-01  0.10000000E+01
 0.43000000E-09  0.12691300E-01  0.00000000E+00  0.61040437E-01  0.00000000E+00  0.00000000E+00  0.19307876E+09  0.00000000E+00  0.00000000E+00  0.00000000E+00  0.00000000E+00  0.00000000E+00  0.10000000E-01  0.10000000E+01
 0.44000000E-09  0.12691300E-01  0.00000000E+00  0.62971225E-01  0.00000000E+00  0.00000000E+00  0.19307876E+09  0.00000000E+00  0.00000000E+00  0.00000000E+00  0.00000000E+00  0.00000000E+00  0.10000000E-01  0.10000000E+01
 0.45000000E-09  0.12691300E-01  0.00000000E+00  0.64902012E-01  0.00000000E+00  0.00000000E+00  0.19307876E+09  0.00000000E+00  0.00000000E+00  0.00000000E+00  0.00000000E+00  0.00000000E+00  0.10000000E-01  0.10000000E+01
 0.46000000E-09  0.12691300E-01  0.00000000E+00  0.66832800E-01  0.00000000E+00  0.00000000E+00  0.19307876E+09  0.00000000E+00  0.00000000E+00  0.00000000E+00  0.00000000E+00  0.00000000E+00  0.10000000E-01  0.10000000E+01
 0.47000000E-09  0.12691300E-01  0.00000000E+00  0.68763587E-01  0.00000000E+00  0.00000000E+00  0.19307876E+09  0.00000000E+00  0.00000000E+00  0.00000000E+00  0.00000000E+00  0.00000000E+00  0.10000000E-01  0.10000000E+01
 0.48000000E-09  0.12691300E-01  0.00000000E+00  0.70694375E-01  0.00000000E+00  0.00000000E+00  0.19307876E+09  0.00000000E+00  0.00000000E+00  0.00000000E+00  0.00000000E+00  0.00000000E+00  0.10000000E-01  0.10000000E+01
 0.49000000E-09  0.12691300E-01  0.00000000E+00  0.72625163E-01  0.00000000E+00  0.00000000E+00  0.19307876E+09  0.00000000E+00  0.00000000E+00  0.00000000E+00  0.00000000E+00  0.00000000E+00  0.10000000E-01  0.10000000E+01
 0.50000000E-09  0.12691300E-01  0.00000000E+00  0.74555950E-01  0.00000000E+00  0.00000000E+00  0.19307876E+09  0.00000000E+00  0.00000000E+00  0.00000000E+00  0.00000000E+00  0.00000000E+00  0.10000000E-01  0.10000000E+01
 0.51000000E-09  0.12691300E-01  0.00000000E+00  0.76486738E-01  0.00000000E+00  0.00000000E+00  0.19307876E+09  0.00000000E+00  0.00000000E+00  0.00000000E+00  0.00000000E+00  0.00000000E+00  0.10000000E-01  0.10000000E+01
 0.52000000E-09  0.12691300E-01  0.00000000E+00  0.78417525E-01  0.00000000E+00  0.00000000E+00  0.19307876E+09  0.00000000E+00  0.00000000E+00  0.00000000E+00  0.00000000E+00  0.00000000E+00  0.10000000E-01  0.10000000E+01
 0.53000000E-09  0.12691300E-01  0.00000000E+00  0.80348313E-01  0.00000000E+00  0.00000000E+00  0.19307876E+09  0.00000000E+00  0.00000000E+00  0.00000000E+00  0.00000000E+00  0.00000000E+00  0.10000000E-01  0.10000000E+01
 0.54000000E-09  0.12691300E-01  0.00000000E+00  0.82279100E-01  0.00000000E+00  0.00000000E+00  0.19307876E+09  0.00000000E+00  0.00000000E+00  0.00000000E+00  0.00000000E+00  0.00000000E+00  0.10000000E-01  0.10000000E+01
 0.55002000E-09  0.12691300E-01  0.00000000E+00  0.84213750E-01  0.00000000E+00  0.00000000E+00  0.19307876E+09  0.00000000E+00  0.00000000E+00  0.00000000E+00  0.00000000E+00  0.00000000E+00  0.10000000E-01  0.10000000E+01
 0.56002000E-09  0.12691300E-01  0.00000000E+00  0.86144537E-01  0.00000000E+00  0.00000000E+00  0.19307876E+09  0.00000000E+00  0.00000000E+00  0.00000000E+00  0.00000000E+00  0.00000000E+00  0.10000000E-01  0.10000000E+01
 0.57002000E-09  0.12691300E-01  0.00000000E+00  0.88075325E-01  0.00000000E+00  0.00000000E+00  0.19307876E+09  0.00000000E+00  0.00000000E+00  0.00000000E+00  0.00000000E+00  0.00000000E+00  0.10000000E-01  0.10000000E+01
 0.58002000E-09  0.12691300E-01  0.00000000E+00  0.90006112E-01  0.00000000E+00  0.00000000E+00  0.19307876E+09  0.00000000E+00  0.00000000E+00  0.00000000E+00  0.00000000E+00  0.00000000E+00  0.10000000E-01  0.10000000E+01
 0.59002000E-09  0.12691300E-01  0.00000000E+00  0.91936900E-01  0.00000000E+00  0.00000000E+00  0.19307876E+09  0.00000000E+00  0.00000000E+00  0.00000000E+00  0.00000000E+00  0.00000000E+00  0.10000000E-01  0.10000000E+01
 0.60002000E-09  0.12691300E-01  0.00000000E+00  0.93867687E-01  0.00000000E+00  0.00000000E+00  0.19307876E+09  0.00000000E+00  0.00000000E+00  0.00000000E+00  0.00000000E+00  0.00000000E+00  0.10000000E-01  0.10000000E+01
 0.61002000E-09  0.12691300E-01  0.00000000E+00  0.95798475E-01  0.00000000E+00  0.00000000E+00  0.19307876E+09  0.00000000E+00  0.00000000E+00  0.00000000E+00  0.00000000E+00  0.00000000E+00  0.10000000E-01  0.10000000E+01
 0.62002000E-09  0.12691300E-01  0.00000000E+00  0.97729263E-01  0.00000000E+00  0.00000000E+00  0.19307876E+09  0.00000000E+00  0.00000000E+00  0.00000000E+00  0.00000000E+00  0.00000000E+00  0.10000000E-01  0.10000000E+01
 0.63002000E-09  0.12691300E-01  0.00000000E+00  0.99660050E-01  0.00000000E+00  0.00000000E+00  0.19307876E+09  0.00000000E+00  0.00000000E+00  0.00000000E+00  0.00000000E+00  0.00000000E+00  0.10000000E-01  0.10000000E+01
 0.64002000E-09  0.12691300E-01  0.00000000E+00  0.10159084E+00  0.00000000E+00  0.00000000E+00  0.19307876E+09  0.00000000E+00  0.00000000E+00  0.00000000E+00  0.00000000E+00  0.00000000E+00  0.10000000E-01  0.10000000E+01
 0.65002000E-09  0.12691300E-01  0.00000000E+00  0.10352163E+00  0.00000000E+00  0.00000000E+00  0.19307876E+09  0.00000000E+00  0.00000000E+00  0.00000000E+00  0.00000000E+00  0.00000000E+00  0.10000000E-01  0.10000000E+01
 0.66002000E-09  0.12691300E-01  0.00000000E+00  0.10545241E+00  0.00000000E+00  0.00000000E+00  0.19307876E+09  0.00000000E+00  0.00000000E+00  0.00000000E+00  0.00000000E+00  0.00000000E+00  0.10000000E-01  0.10000000E+01
 0.67002000E-09  0.12691300E-01  0.00000000E+00  0.10738320E+00  0.00000000E+00  0.00000000E+00  0.19307876E+09  0.00000000E+00  0.00000000E+00  0.00000000E+00  0.00000000E+00  0.00000000E+00  0.10000000E-01  0.10000000E+01
 0.68002000E-09  0.12691300E-01  0.00000000E+00  0.10931399E+00  0.00000000E+00  0.00000000E+00  0.19307876E+09  0.00000000E+00  0.00000000E+00  0.00000000E+00  0.00000000E+00  0.00000000E+00  0.10000000E-01  0.10000000E+01
 0.69002000E-09  0.12691300E-01  0.00000000E+00  0.11124478E+00  0.00000000E+00  0.00000000E+00  0.19307876E+09  0.00000000E+00  0.00000000E+00  0.00000000E+00  0.00000000E+00  0.00000000E+00  0.10000000E-01  0.10000000E+01
 0.70002000E-09  0.12691300E-01  0.00000000E+00  0.11317556E+00  0.00000000E+00  0.00000000E+00  0.19307876E+09  0.00000000E+00  0.00000000E+00  0.00000000E+00  0.00000000E+00  0.00000000E+00  0.10000000E-01  0.10000000E+01
 0.71002000E-09  0.12691300E-01  0.00000000E+00  0.11510635E+00  0.00000000E+00  0.00000000E+00  0.19307876E+09  0.00000000E+00  0.00000000E+00  0.00000000E+00  0.00000000E+00  0.00000000E+00  0.10000000E-01  0.10000000E+01
 0.72002000E-09  0.12691300E-01  0.00000000E+00  0.11703714E+00  0.00000000E+00  0.00000000E+00  0.19307876E+09  0.00000000E+00  0.00000000E+00  0.00000000E+00  0.00000000E+00  0.00000000E+00  0.10000000E-01  0.10000000E+01
 0.73002000E-09  0.12691300E-01  0.00000000E+00  0.11896793E+00  0.00000000E+00  0.00000000E+00  0.19307876E+09  0.00000000E+00  0.00000000E+00  0.00000000E+00  0.00000000E+00  0.00000000E+00  0.10000000E-01  0.10000000E+01
 0.74002000E-09  0.12691300E-01  0.00000000E+00  0.12089871E+00  0.00000000E+00  0.00000000E+00  0.19307876E+09  0.00000000E+00  0.00000000E+00  0.00000000E+00  0.00000000E+00  0.00000000E+00  0.10000000E-01  0.10000000E+01
 0.75002000E-09  0.12691300E-01  0.00000000E+00  0.12282950E+00  0.00000000E+00  0.00000000E+00  0.19307876E+09  0.00000000E+00  0.00000000E+00  0.00000000E+00  0.00000000E+00  0.00000000E+00  0.10000000E-01  0.10000000E+01
 0.76002000E-09  0.12691300E-01  0.00000000E+00  0.12476029E+00  0.00000000E+00  0.00000000E+00  0.19307876E+09  0.00000000E+00  0.00000000E+00  0.00000000E+00  0.00000000E+00  0.00000000E+00  0.10000000E-01  0.10000000E+01
 0.77002000E-09  0.12691300E-01  0.00000000E+00  0.12669108E+00  0.00000000E+00  0.00000000E+00  0.19307876E+09  0.00000000E+00  0.00000000E+00  0.00000000E+00  0.00000000E+00  0.00000000E+00  0.10000000E-01  0.10000000E+01
 0.78002000E-09  0.12691300E-01  0.00000000E+00  0.12862186E+00  0.00000000E+00  0.00000000E+00  0.19307876E+09  0.00000000E+00  0.00000000E+00  0.00000000E+00  0.00000000E+00  0.00000000E+00  0.10000000E-01  0.10000000E+01
 0.79002000E-09  0.12691300E-01  0.00000000E+00  0.13055265E+00  0.00000000E+00  0.00000000E+00  0.19307876E+09  0.00000000E+00  0.00000000E+00  0.00000000E+00  0.00000000E+00  0.00000000E+00  0.10000000E-01  0.10000000E+01
 0.80002000E-09  0.12691300E-01  0.00000000E+00  0.13248344E+00  0.00000000E+00  0.00000000E+00  0.19307876E+09  0.00000000E+00  0.00000000E+00  0.00000000E+00  0.00000000E+00  0.00000000E+00  0.10000000E-01  0.10000000E+01
 0.81002000E-09  0.12691300E-01  0.00000000E+00  0.13441423E+00  0.00000000E+00  0.00000000E+00  0.19307876E+09  0.00000000E+00  0.00000000E+00  0.00000000E+00  0.00000000E+00  0.00000000E+00  0.10000000E-01  0.10000000E+01
 0.82002000E-09  0.12691300E-01  0.00000000E+00  0.13634501E+00  0.00000000E+00  0.00000000E+00  0.19307876E+09  0.00000000E+00  0.00000000E+00  0.00000000E+00  0.00000000E+00  0.00000000E+00  0.10000000E-01  0.10000000E+01
 0.83002000E-09  0.12691300E-01  0.00000000E+00  0.13827580E+00  0.00000000E+00  0.00000000E+00  0.19307876E+09  0.00000000E+00  0.00000000E+00  0.00000000E+00  0.00000000E+00  0.00000000E+00  0.10000000E-01  0.10000000E+01
 0.84002000E-09  0.12691300E-01  0.00000000E+00  0.14020659E+00  0.00000000E+00  0.00000000E+00  0.19307876E+09  0.00000000E+00  0.00000000E+00  0.00000000E+00  0.00000000E+00  0.00000000E+00  0.10000000E-01  0.10000000E+01
 0.85002000E-09  0.12691300E-01  0.00000000E+00  0.14213738E+00  0.00000000E+00  0.00000000E+00  0.19307876E+09  0.00000000E+00  0.00000000E+00  0.00000000E+00  0.00000000E+00  0.00000000E+00  0.10000000E-01  0.10000000E+01
 0.86002000E-09  0.12691300E-01  0.00000000E+00  0.14406816E+00  0.00000000E+00  0.00000000E+00  0.19307876E+09  0.00000000E+00  0.00000000E+00  0.00000000E+00  0.00000000E+00  0.00000000E+00  0.10000000E-01  0.10000000E+01
 0.87002000E-09  0.12691300E-01  0.00000000E+00  0.14599895E+00  0.00000000E+00  0.00000000E+00  0.19307876E+09  0.00000000E+00  0.00000000E+00  0.00000000E+00  0.00000000E+00  0.00000000E+00  0.10000000E-01  0.10000000E+01
 0.88002000E-09  0.12691300E-01  0.00000000E+00  0.14792974E+00  0.00000000E+00  0.00000000E+00  0.19307876E+09  0.00000000E+00  0.00000000E+00  0.00000000E+00  0.00000000E+00  0.00000000E+00  0.10000000E-01  0.10000000E+01
 0.89002000E-09  0.12691300E-01  0.00000000E+00  0.14986053E+00  0.00000000E+00  0.00000000E+00  0.19307876E+09  0.00000000E+00  0.00000000E+00  0.00000000E+00  0.00000000E+00  0.00000000E+00  0.10000000E-01  0.10000000E+01
 0.90002000E-09  0.12691300E-01  0.00000000E+00  0.15179131E+00  0.00000000E+00  0.00000000E+00  0.19307876E+09  0.00000000E+00  0.00000000E+00  0.00000000E+00  0.00000000E+00  0.00000000E+00  0.10000000E-01  0.10000000E+01
 0.91002000E-09  0.12691300E-01  0.00000000E+00  0.15372210E+00  0.00000000E+00  0.00000000E+00  0.19307876E+09  0.00000000E+00  0.00000000E+00  0.00000000E+00  0.00000000E+00  0.00000000E+00  0.10000000E-01  0.10000000E+01
 0.92002000E-09  0.12691300E-01  0.00000000E+00  0.15565289E+00  0.00000000E+00  0.00000000E+00  0.19307876E+09  0.00000000E+00  0.00000000E+00  0.00000000E+00  0.00000000E+00  0.00000000E+00  0.10000000E-01  0.10000000E+01
 0.93002000E-09  0.12691300E-01  0.00000000E+00  0.15758368E+00  0.00000000E+00  0.00000000E+00  0.19307876E+09  0.00000000E+00  0.00000000E+00  0.00000000E+00  0.00000000E+00  0.00000000E+00  0.10000000E-01  0.10000000E+01
 0.94002000E-09  0.12691300E-01  0.00000000E+00  0.15951447E+00  0.00000000E+00  0.00000000E+00  0.19307876E+09  0.00000000E+00  0.00000000E+00  0.00000000E+00  0.00000000E+00  0.00000000E+00  0.10000000E-01  0.10000000E+01
 0.95002000E-09  0.12691300E-01  0.00000000E+00  0.16144525E+00  0.00000000E+00  0.00000000E+00  0.19307876E+09  0.00000000E+00  0.00000000E+00  0.00000000E+00  0.00000000E+00  0.00000000E+00  0.10000000E-01  0.10000000E+01
 0.96002000E-09  0.12691300E-01  0.00000000E+00  0.16337604E+00  0.00000000E+00  0.00000000E+00  0.19307876E+09  0.00000000E+00  0.00000000E+00  0.00000000E+00  0.00000000E+00  0.00000000E+00  0.10000000E-01  0.10000000E+01
 0.97002000E-09  0.12691300E-01  0.00000000E+00  0.16530683E+00  0.00000000E+00  0.00000000E+00  0.19307876E+09  0.00000000E+00  0.00000000E+00  0.00000000E+00  0.00000000E+00  0.00000000E+00  0.10000000E-01  0.10000000E+01
 0.98002000E-09  0.12691300E-01  0.00000000E+00  0.16723762E+00  0.00000000E+00  0.00000000E+00  0.19307876E+09  0.00000000E+00  0.00000000E+00  0.00000000E+00  0.00000000E+00  0.00000000E+00  0.10000000E-01  0.10000000E+01
 0.99002000E-09  0.12691300E-01  0.00000000E+00  0.16916840E+00  0.00000000E+00  0.00000000E+00  0.19307876E+09  0.00000000E+00  0.00000000E+00  0.00000000E+00  0.00000000E+00  0.00000000E+00  0.10000000E-01  0.10000000E+01
 0.10000200E-08  0.12691300E-01  0.00000000E+00  0.17109919E+00  0.00000000E+00  0.00000000E+00  0.19307876E+09  0.00000000E+00  0.00000000E+00  0.00000000E+00  0.00000000E+00  0.00000000E+00  0.10000000E-01  0.10000000E+01
 0.10100200E-08  0.12691300E-01  0.00000000E+00  0.17302998E+00  0.00000000E+00  0.00000000E+00  0.19307876E+09  0.00000000E+00  0.00000000E+00  0.00000000E+00  0.00000000E+00  0.00000000E+00  0.10000000E-01  0.10000000E+01
 0.10200200E-08  0.12691300E-01  0.00000000E+00  0.17496077E+00  0.00000000E+00  0.00000000E+00  0.19307876E+09  0.00000000E+00  0.00000000E+00  0.00000000E+00  0.00000000E+00  0.00000000E+00  0.10000000E-01  0.10000000E+01
 0.10300200E-08  0.12691300E-01  0.00000000E+00  0.17689155E+00  0.00000000E+00  0.00000000E+00  0.19307876E+09  0.00000000E+00  0.00000000E+00  0.00000000E+00  0.00000000E+00  0.00000000E+00  0.10000000E-01  0.10000000E+01
 0.10400200E-08  0.12691300E-01  0.00000000E+00  0.17882234E+00  0.00000000E+00  0.00000000E+00  0.19307876E+09  0.00000000E+00  0.00000000E+00  0.00000000E+00  0.00000000E+00  0.00000000E+00  0.10000000E-01  0.10000000E+01
 0.10500200E-08  0.12691300E-01  0.00000000E+00  0.18075313E+00  0.00000000E+00  0.00000000E+00  0.19307876E+09  0.00000000E+00  0.00000000E+00  0.00000000E+00  0.00000000E+00  0.00000000E+00  0.10000000E-01  0.10000000E+01
 0.10600200E-08  0.12691300E-01  0.00000000E+00  0.18268392E+00  0.00000000E+00  0.00000000E+00  0.19307876E+09  0.00000000E+00  0.00000000E+00  0.00000000E+00  0.00000000E+00  0.00000000E+00  0.10000000E-01  0.10000000E+01
 0.10700200E-08  0.12691300E-01  0.00000000E+00  0.18461470E+00  0.00000000E+00  0.00000000E+00  0.19307876E+09  0.00000000E+00  0.00000000E+00  0.00000000E+00  0.00000000E+00  0.00000000E+00  0.10000000E-01  0.10000000E+01
 0.10800200E-08  0.12691300E-01  0.00000000E+00  0.18654549E+00  0.00000000E+00  0.00000000E+00  0.19307876E+09  0.00000000E+00  0.00000000E+00  0.00000000E+00  0.00000000E+00  0.00000000E+00  0.10000000E-01  0.10000000E+01
 0.10900200E-08  0.12691300E-01  0.00000000E+00  0.18847628E+00  0.00000000E+00  0.00000000E+00  0.19307876E+09  0.00000000E+00  0.00000000E+00  0.00000000E+00  0.00000000E+00  0.00000000E+00  0.10000000E-01  0.10000000E+01
 0.11000200E-08  0.12691300E-01  0.00000000E+00  0.19040707E+00  0.00000000E+00  0.00000000E+00  0.19307876E+09  0.00000000E+00  0.00000000E+00  0.00000000E+00  0.00000000E+00  0.00000000E+00  0.10000000E-01  0.10000000E+01
 0.11100200E-08  0.12691300E-01  0.00000000E+00  0.19233785E+00  0.00000000E+00  0.00000000E+00  0.19307876E+09  0.00000000E+00  0.00000000E+00  0.00000000E+00  0.00000000E+00  0.00000000E+00  0.10000000E-01  0.10000000E+01
 0.11200200E-08  0.12691300E-01  0.00000000E+00  0.19426864E+00  0.00000000E+00  0.00000000E+00  0.19307876E+09  0.00000000E+00  0.00000000E+00  0.00000000E+00  0.00000000E+00  0.00000000E+00  0.10000000E-01  0.10000000E+01
 0.11300200E-08  0.12691300E-01  0.00000000E+00  0.19619943E+00  0.00000000E+00  0.00000000E+00  0.19307876E+09  0.00000000E+00  0.00000000E+00  0.00000000E+00  0.00000000E+00  0.00000000E+00  0.10000000E-01  0.10000000E+01
 0.11400200E-08  0.12691300E-01  0.00000000E+00  0.19813022E+00  0.00000000E+00  0.00000000E+00  0.19307876E+09  0.00000000E+00  0.00000000E+00  0.00000000E+00  0.00000000E+00  0.00000000E+00  0.10000000E-01  0.10000000E+01
 0.11500200E-08  0.12691300E-01  0.00000000E+00  0.20006100E+00  0.00000000E+00  0.00000000E+00  0.19307876E+09  0.00000000E+00  0.00000000E+00  0.00000000E+00  0.00000000E+00  0.00000000E+00  0.10000000E-01  0.10000000E+01
 0.11600200E-08  0.12691300E-01  0.00000000E+00  0.20199179E+00  0.00000000E+00  0.00000000E+00  0.19307876E+09  0.00000000E+00  0.00000000E+00  0.00000000E+00  0.00000000E+00  0.00000000E+00  0.10000000E-01  0.10000000E+01
 0.11700200E-08  0.12691300E-01  0.00000000E+00  0.20392258E+00  0.00000000E+00  0.00000000E+00  0.19307876E+09  0.00000000E+00  0.00000000E+00  0.00000000E+00  0.00000000E+00  0.00000000E+00  0.10000000E-01  0.10000000E+01
 0.11800200E-08  0.12691300E-01  0.00000000E+00  0.20585337E+00  0.00000000E+00  0.00000000E+00  0.19307876E+09  0.00000000E+00  0.00000000E+00  0.00000000E+00  0.00000000E+00  0.00000000E+00  0.10000000E-01  0.10000000E+01
 0.11900200E-08  0.12691300E-01  0.00000000E+00  0.20778415E+00  0.00000000E+00  0.00000000E+00  0.19307876E+09  0.00000000E+00  0.00000000E+00  0.00000000E+00  0.00000000E+00  0.00000000E+00  0.10000000E-01  0.10000000E+01
 0.12000200E-08  0.12691300E-01  0.00000000E+00  0.20971494E+00  0.00000000E+00  0.00000000E+00  0.19307876E+09  0.00000000E+00  0.00000000E+00  0.00000000E+00  0.00000000E+00  0.00000000E+00  0.10000000E-01  0.10000000E+01
 0.12100200E-08  0.12691300E-01  0.00000000E+00  0.21164573E+00  0.00000000E+00  0.00000000E+00  0.19307876E+09  0.00000000E+00  0.00000000E+00  0.00000000E+00  0.00000000E+00  0.00000000E+00  0.10000000E-01  0.10000000E+01
 0.12200200E-08  0.12691300E-01  0.00000000E+00  0.21357652E+00  0.00000000E+00  0.00000000E+00  0.19307876E+09  0.00000000E+00  0.00000000E+00  0.00000000E+00  0.00000000E+00  0.00000000E+00  0.10000000E-01  0.10000000E+01
 0.12300200E-08  0.12691300E-01  0.00000000E+00  0.21550731E+00  0.00000000E+00  0.00000000E+00  0.19307876E+09  0.00000000E+00  0.00000000E+00  0.00000000E+00  0.00000000E+00  0.00000000E+00  0.10000000E-01  0.10000000E+01
 0.12400200E-08  0.12691300E-01  0.00000000E+00  0.21743809E+00  0.00000000E+00  0.00000000E+00  0.19307876E+09  0.00000000E+00  0.00000000E+00  0.00000000E+00  0.00000000E+00  0.00000000E+00  0.10000000E-01  0.10000000E+01
 0.12500200E-08  0.12691300E-01  0.00000000E+00  0.21936888E+00  0.00000000E+00  0.00000000E+00  0.19307876E+09  0.00000000E+00  0.00000000E+00  0.00000000E+00  0.00000000E+00  0.00000000E+00  0.10000000E-01  0.10000000E+01
 0.12600200E-08  0.12691300E-01  0.00000000E+00  0.22129967E+00  0.00000000E+00  0.00000000E+00  0.19307876E+09  0.00000000E+00  0.00000000E+00  0.00000000E+00  0.00000000E+00  0.00000000E+00  0.10000000E-01  0.10000000E+01
 0.12700200E-08  0.12691300E-01  0.00000000E+00  0.22323046E+00  0.00000000E+00  0.00000000E+00  0.19307876E+09  0.00000000E+00  0.00000000E+00  0.00000000E+00  0.00000000E+00  0.00000000E+00  0.10000000E-01  0.10000000E+01
 0.12800200E-08  0.12691300E-01  0.00000000E+00  0.22516124E+00  0.00000000E+00  0.00000000E+00  0.19307876E+09  0.00000000E+00  0.00000000E+00  0.00000000E+00  0.00000000E+00  0.00000000E+00  0.10000000E-01  0.10000000E+01
 0.12900200E-08  0.12691300E-01  0.00000000E+00  0.22709203E+00  0.00000000E+00  0.00000000E+00  0.19307876E+09  0.00000000E+00  0.00000000E+00  0.00000000E+00  0.00000000E+00  0.00000000E+00  0.10000000E-01  0.10000000E+01
 0.13000200E-08  0.12691300E-01  0.00000000E+00  0.22902282E+00  0.00000000E+00  0.00000000E+00  0.19307876E+09  0.00000000E+00  0.00000000E+00  0.00000000E+00  0.00000000E+00  0.00000000E+00  0.10000000E-01  0.10000000E+01
 0.13100200E-08  0.12691300E-01  0.00000000E+00  0.23095361E+00  0.00000000E+00  0.00000000E+00  0.19307876E+09  0.00000000E+00  0.00000000E+00  0.00000000E+00  0.00000000E+00  0.00000000E+00  0.10000000E-01  0.10000000E+01
 0.13200200E-08  0.12691300E-01  0.00000000E+00  0.23288439E+00  0.00000000E+00  0.00000000E+00  0.19307876E+09  0.00000000E+00  0.00000000E+00  0.00000000E+00  0.00000000E+00  0.00000000E+00  0.10000000E-01  0.10000000E+01
 0.13300200E-08  0.12691300E-01  0.00000000E+00  0.23481518E+00  0.00000000E+00  0.00000000E+00  0.19307876E+09  0.00000000E+00  0.00000000E+00  0.00000000E+00  0.00000000E+00  0.00000000E+00  0.10000000E-01  0.10000000E+01
 0.13400200E-08  0.12691300E-01  0.00000000E+00  0.23674597E+00  0.00000000E+00  0.00000000E+00  0.19307876E+09  0.00000000E+00  0.00000000E+00  0.00000000E+00  0.00000000E+00  0.00000000E+00  0.10000000E-01  0.10000000E+01
 0.13500200E-08  0.12691300E-01  0.00000000E+00  0.23867676E+00  0.00000000E+00  0.00000000E+00  0.19307876E+09  0.00000000E+00  0.00000000E+00  0.00000000E+00  0.00000000E+00  0.00000000E+00  0.10000000E-01  0.10000000E+01
 0.13600200E-08  0.12691300E-01  0.00000000E+00  0.24060754E+00  0.00000000E+00  0.00000000E+00  0.19307876E+09  0.00000000E+00  0.00000000E+00  0.00000000E+00  0.00000000E+00  0.00000000E+00  0.10000000E-01  0.10000000E+01
 0.13700200E-08  0.12691300E-01  0.00000000E+00  0.24253833E+00  0.00000000E+00  0.00000000E+00  0.19307876E+09  0.00000000E+00  0.00000000E+00  0.00000000E+00  0.00000000E+00  0.00000000E+00  0.10000000E-01  0.10000000E+01
 0.13800200E-08  0.12691300E-01  0.00000000E+00  0.24446912E+00  0.00000000E+00  0.00000000E+00  0.19307876E+09  0.00000000E+00  0.00000000E+00  0.00000000E+00  0.00000000E+00  0.00000000E+00  0.10000000E-01  0.10000000E+01
 0.13900200E-08  0.12691300E-01  0.00000000E+00  0.24639991E+00  0.00000000E+00  0.00000000E+00  0.19307876E+09  0.00000000E+00  0.00000000E+00  0.00000000E+00  0.00000000E+00  0.00000000E+00  0.10000000E-01  0.10000000E+01
 0.14000200E-08  0.12691300E-01  0.00000000E+00  0.24833069E+00  0.00000000E+00  0.00000000E+00  0.19307876E+09  0.00000000E+00  0.00000000E+00  0.00000000E+00  0.00000000E+00  0.00000000E+00  0.10000000E-01  0.10000000E+01
 0.14100200E-08  0.12691300E-01  0.00000000E+00  0.25026148E+00  0.00000000E+00  0.00000000E+00  0.19307876E+09  0.00000000E+00  0.00000000E+00  0.00000000E+00  0.00000000E+00  0.00000000E+00  0.10000000E-01  0.10000000E+01
 0.14200200E-08  0.12691300E-01  0.00000000E+00  0.25219227E+00  0.00000000E+00  0.00000000E+00  0.19307876E+09  0.00000000E+00  0.00000000E+00  0.00000000E+00  0.00000000E+00  0.00000000E+00  0.10000000E-01  0.10000000E+01
 0.14300200E-08  0.12691300E-01  0.00000000E+00  0.25412306E+00  0.00000000E+00  0.00000000E+00  0.19307876E+09  0.00000000E+00  0.00000000E+00  0.00000000E+00  0.00000000E+00  0.00000000E+00  0.10000000E-01  0.10000000E+01
 0.14400200E-08  0.12691300E-01  0.00000000E+00  0.25605384E+00  0.00000000E+00  0.00000000E+00  0.19307876E+09  0.00000000E+00  0.00000000E+00  0.00000000E+00  0.00000000E+00  0.00000000E+00  0.10000000E-01  0.10000000E+01
 0.14500200E-08  0.12691300E-01  0.00000000E+00  0.25798463E+00  0.00000000E+00  0.00000000E+00  0.19307876E+09  0.00000000E+00  0.00000000E+00  0.00000000E+00  0.00000000E+00  0.00000000E+00  0.10000000E-01  0.10000000E+01
 0.14600200E-08  0.12691300E-01  0.00000000E+00  0.25991542E+00  0.00000000E+00  0.00000000E+00  0.19307876E+09  0.00000000E+00  0.00000000E+00  0.00000000E+00  0.00000000E+00  0.00000000E+00  0.10000000E-01  0.10000000E+01
 0.14700200E-08  0.12691300E-01  0.00000000E+00  0.26184621E+00  0.00000000E+00  0.00000000E+00  0.19307876E+09  0.00000000E+00  0.00000000E+00  0.00000000E+00  0.00000000E+00  0.00000000E+00  0.10000000E-01  0.10000000E+01
 0.14800200E-08  0.12691300E-01  0.00000000E+00  0.26377699E+00  0.00000000E+00  0.00000000E+00  0.19307876E+09  0.00000000E+00  0.00000000E+00  0.00000000E+00  0.00000000E+00  0.00000000E+00  0.10000000E-01  0.10000000E+01
 0.14900200E-08  0.12691300E-01  0.00000000E+00  0.26570778E+00  0.00000000E+00  0.00000000E+00  0.19307876E+09  0.00000000E+00  0.00000000E+00  0.00000000E+00  0.00000000E+00  0.00000000E+00  0.10000000E-01  0.10000000E+01
 0.15000200E-08  0.12691300E-01  0.00000000E+00  0.26763857E+00  0.00000000E+00  0.00000000E+00  0.19307876E+09  0.00000000E+00  0.00000000E+00  0.00000000E+00  0.00000000E+00  0.00000000E+00  0.10000000E-01  0.10000000E+01
 0.15100200E-08  0.12691300E-01  0.00000000E+00  0.26956936E+00  0.00000000E+00  0.00000000E+00  0.19307876E+09  0.00000000E+00  0.00000000E+00  0.00000000E+00  0.00000000E+00  0.00000000E+00  0.10000000E-01  0.10000000E+01
 0.15200200E-08  0.12691300E-01  0.00000000E+00  0.27150014E+00  0.00000000E+00  0.00000000E+00  0.19307876E+09  0.00000000E+00  0.00000000E+00  0.00000000E+00  0.00000000E+00  0.00000000E+00  0.10000000E-01  0.10000000E+01
 0.15300200E-08  0.12691300E-01  0.00000000E+00  0.27343093E+00  0.00000000E+00  0.00000000E+00  0.19307876E+09  0.00000000E+00  0.00000000E+00  0.00000000E+00  0.00000000E+00  0.00000000E+00  0.10000000E-01  0.10000000E+01
 0.15400200E-08  0.12691300E-01  0.00000000E+00  0.27536172E+00  0.00000000E+00  0.00000000E+00  0.19307876E+09  0.00000000E+00  0.00000000E+00  0.00000000E+00  0.00000000E+00  0.00000000E+00  0.10000000E-01  0.10000000E+01
 0.15500200E-08  0.12691300E-01  0.00000000E+00  0.27729251E+00  0.00000000E+00  0.00000000E+00  0.19307876E+09  0.00000000E+00  0.00000000E+00  0.00000000E+00  0.00000000E+00  0.00000000E+00  0.10000000E-01  0.10000000E+01
 0.15600200E-08  0.12691300E-01  0.00000000E+00  0.27922330E+00  0.00000000E+00  0.00000000E+00  0.19307876E+09  0.00000000E+00  0.00000000E+00  0.00000000E+00  0.00000000E+00  0.00000000E+00  0.10000000E-01  0.10000000E+01
 0.15700200E-08  0.12691300E-01  0.00000000E+00  0.28115408E+00  0.00000000E+00  0.00000000E+00  0.19307876E+09  0.00000000E+00  0.00000000E+00  0.00000000E+00  0.00000000E+00  0.00000000E+00  0.10000000E-01  0.10000000E+01
 0.15800200E-08  0.12691300E-01  0.00000000E+00  0.28308487E+00  0.00000000E+00  0.00000000E+00  0.19307876E+09  0.00000000E+00  0.00000000E+00  0.00000000E+00  0.00000000E+00  0.00000000E+00  0.10000000E-01  0.10000000E+01
 0.15900200E-08  0.12691300E-01  0.00000000E+00  0.28501566E+00  0.00000000E+00  0.00000000E+00  0.19307876E+09  0.00000000E+00  0.00000000E+00  0.00000000E+00  0.00000000E+00  0.00000000E+00  0.10000000E-01  0.10000000E+01
 0.16000200E-08  0.12691300E-01  0.00000000E+00  0.28694645E+00  0.00000000E+00  0.00000000E+00  0.19307876E+09  0.00000000E+00  0.00000000E+00  0.00000000E+00  0.00000000E+00  0.00000000E+00  0.10000000E-01  0.10000000E+01
 0.16100200E-08  0.12691300E-01  0.00000000E+00  0.28887723E+00  0.00000000E+00  0.00000000E+00  0.19307876E+09  0.00000000E+00  0.00000000E+00  0.00000000E+00  0.00000000E+00  0.00000000E+00  0.10000000E-01  0.10000000E+01
 0.16200200E-08  0.12691300E-01  0.00000000E+00  0.29080802E+00  0.00000000E+00  0.00000000E+00  0.19307876E+09  0.00000000E+00  0.00000000E+00  0.00000000E+00  0.00000000E+00  0.00000000E+00  0.10000000E-01  0.10000000E+01
 0.16300200E-08  0.12691300E-01  0.00000000E+00  0.29273881E+00  0.00000000E+00  0.00000000E+00  0.19307876E+09  0.00000000E+00  0.00000000E+00  0.00000000E+00  0.00000000E+00  0.00000000E+00  0.10000000E-01  0.10000000E+01
 0.16400200E-08  0.12691300E-01  0.00000000E+00  0.29466960E+00  0.00000000E+00  0.00000000E+00  0.19307876E+09  0.00000000E+00  0.00000000E+00  0.00000000E+00  0.00000000E+00  0.00000000E+00  0.10000000E-01  0.10000000E+01
 0.16500200E-08  0.12691300E-01  0.00000000E+00  0.29660038E+00  0.00000000E+00  0.00000000E+00  0.19307876E+09  0.00000000E+00  0.00000000E+00  0.00000000E+00  0.00000000E+00  0.00000000E+00  0.10000000E-01  0.10000000E+01
 0.16600200E-08  0.12691300E-01  0.00000000E+00  0.29853117E+00  0.00000000E+00  0.00000000E+00  0.19307876E+09  0.00000000E+00  0.00000000E+00  0.00000000E+00  0.00000000E+00  0.00000000E+00  0.10000000E-01  0.10000000E+01
 0.16700200E-08  0.12691300E-01  0.00000000E+00  0.30046196E+00  0.00000000E+00  0.00000000E+00  0.19307876E+09  0.00000000E+00  0.00000000E+00  0.00000000E+00  0.00000000E+00  0.00000000E+00  0.10000000E-01  0.10000000E+01
 0.16800200E-08  0.12691300E-01  0.00000000E+00  0.30239275E+00  0.00000000E+00  0.00000000E+00  0.19307876E+09  0.00000000E+00  0.00000000E+00  0.00000000E+00  0.00000000E+00  0.00000000E+00  0.10000000E-01  0.10000000E+01
 0.16900200E-08  0.12691300E-01  0.00000000E+00  0.30432353E+00  0.00000000E+00  0.00000000E+00  0.19307876E+09  0.00000000E+00  0.00000000E+00  0.00000000E+00  0.00000000E+00  0.00000000E+00  0.10000000E-01  0.10000000E+01
 0.17000200E-08  0.12691300E-01  0.00000000E+00  0.30625432E+00  0.00000000E+00  0.00000000E+00  0.19307876E+09  0.00000000E+00  0.00000000E+00  0.00000000E+00  0.00000000E+00  0.00000000E+00  0.10000000E-01  0.10000000E+01
 0.17100200E-08  0.12691300E-01  0.00000000E+00  0.30818511E+00  0.00000000E+00  0.00000000E+00  0.19307876E+09  0.00000000E+00  0.00000000E+00  0.00000000E+00  0.00000000E+00  0.00000000E+00  0.10000000E-01  0.10000000E+01
 0.17200200E-08  0.12691300E-01  0.00000000E+00  0.31011590E+00  0.00000000E+00  0.00000000E+00  0.19307876E+09  0.00000000E+00  0.00000000E+00  0.00000000E+00  0.00000000E+00  0.00000000E+00  0.10000000E-01  0.10000000E+01
 0.17300200E-08  0.12691300E-01  0.00000000E+00  0.31204668E+00  0.00000000E+00  0.00000000E+00  0.19307876E+09  0.00000000E+00  0.00000000E+00  0.00000000E+00  0.00000000E+00  0.00000000E+00  0.10000000E-01  0.10000000E+01
 0.17400200E-08  0.12691300E-01  0.00000000E+00  0.31397747E+00  0.00000000E+00  0.00000000E+00  0.19307876E+09  0.00000000E+00  0.00000000E+00  0.00000000E+00  0.00000000E+00  0.00000000E+00  0.10000000E-01  0.10000000E+01
 0.17500200E-08  0.12691300E-01  0.00000000E+00  0.31590826E+00  0.00000000E+00  0.00000000E+00  0.19307876E+09  0.00000000E+00  0.00000000E+00  0.00000000E+00  0.00000000E+00  0.00000000E+00  0.10000000E-01  0.10000000E+01
 0.17600200E-08  0.12691300E-01  0.00000000E+00  0.31783905E+00  0.00000000E+00  0.00000000E+00  0.19307876E+09  0.00000000E+00  0.00000000E+00  0.00000000E+00  0.00000000E+00  0.00000000E+00  0.10000000E-01  0.10000000E+01
 0.17700200E-08  0.12691300E-01  0.00000000E+00  0.31976983E+00  0.00000000E+00  0.00000000E+00  0.19307876E+09  0.00000000E+00  0.00000000E+00  0.00000000E+00  0.00000000E+00  0.00000000E+00  0.10000000E-01  0.10000000E+01
 0.17800200E-08  0.12691300E-01  0.00000000E+00  0.32170062E+00  0.00000000E+00  0.00000000E+00  0.19307876E+09  0.00000000E+00  0.00000000E+00  0.00000000E+00  0.00000000E+00  0.00000000E+00  0.10000000E-01  0.10000000E+01
 0.17900200E-08  0.12691300E-01  0.00000000E+00  0.32363141E+00  0.00000000E+00  0.00000000E+00  0.19307876E+09  0.00000000E+00  0.00000000E+00  0.00000000E+00  0.00000000E+00  0.00000000E+00  0.10000000E-01  0.10000000E+01
 0.18000200E-08  0.12691300E-01  0.00000000E+00  0.32556220E+00  0.00000000E+00  0.00000000E+00  0.19307876E+09  0.00000000E+00  0.00000000E+00  0.00000000E+00  0.00000000E+00  0.00000000E+00  0.10000000E-01  0.10000000E+01
 0.18100200E-08  0.12691300E-01  0.00000000E+00  0.32749298E+00  0.00000000E+00  0.00000000E+00  0.19307876E+09  0.00000000E+00  0.00000000E+00  0.00000000E+00  0.00000000E+00  0.00000000E+00  0.10000000E-01  0.10000000E+01
 0.18200200E-08  0.12691300E-01  0.00000000E+00  0.32942377E+00  0.00000000E+00  0.00000000E+00  0.19307876E+09  0.00000000E+00  0.00000000E+00  0.00000000E+00  0.00000000E+00  0.00000000E+00  0.10000000E-01  0.10000000E+01
 0.18300200E-08  0.12691300E-01  0.00000000E+00  0.33135456E+00  0.00000000E+00  0.00000000E+00  0.19307876E+09  0.00000000E+00  0.00000000E+00  0.00000000E+00  0.00000000E+00  0.00000000E+00  0.10000000E-01  0.10000000E+01
 0.18400200E-08  0.12691300E-01  0.00000000E+00  0.33328535E+00  0.00000000E+00  0.00000000E+00  0.19307876E+09  0.00000000E+00  0.00000000E+00  0.00000000E+00  0.00000000E+00  0.00000000E+00  0.10000000E-01  0.10000000E+01
 0.18500200E-08  0.12691300E-01  0.00000000E+00  0.33521613E+00  0.00000000E+00  0.00000000E+00  0.19307876E+09  0.00000000E+00  0.00000000E+00  0.00000000E+00  0.00000000E+00  0.00000000E+00  0.10000000E-01  0.10000000E+01
 0.18600200E-08  0.12691300E-01  0.00000000E+00  0.33714692E+00  0.00000000E+00  0.00000000E+00  0.19307876E+09  0.00000000E+00  0.00000000E+00  0.00000000E+00  0.00000000E+00  0.00000000E+00  0.10000000E-01  0.10000000E+01
 0.18700200E-08  0.12691300E-01  0.00000000E+00  0.33907771E+00  0.00000000E+00  0.00000000E+00  0.19307876E+09  0.00000000E+00  0.00000000E+00  0.00000000E+00  0.00000000E+00  0.00000000E+00  0.10000000E-01  0.10000000E+01
 0.18800200E-08  0.12691300E-01  0.00000000E+00  0.34100850E+00  0.00000000E+00  0.00000000E+00  0.19307876E+09  0.00000000E+00  0.00000000E+00  0.00000000E+00  0.00000000E+00  0.00000000E+00  0.10000000E-01  0.10000000E+01
 0.18900200E-08  0.12691300E-01  0.00000000E+00  0.34293929E+00  0.00000000E+00  0.00000000E+00  0.19307876E+09  0.00000000E+00  0.00000000E+00  0.00000000E+00  0.00000000E+00  0.00000000E+00  0.10000000E-01  0.10000000E+01
 0.19000200E-08  0.12691300E-01  0.00000000E+00  0.34487007E+00  0.00000000E+00  0.00000000E+00  0.19307876E+09  0.00000000E+00  0.00000000E+00  0.00000000E+00  0.00000000E+00  0.00000000E+00  0.10000000E-01  0.10000000E+01
 0.19100200E-08  0.12691300E-01  0.00000000E+00  0.34680086E+00  0.00000000E+00  0.00000000E+00  0.19307876E+09  0.00000000E+00  0.00000000E+00  0.00000000E+00  0.00000000E+00  0.00000000E+00  0.10000000E-01  0.10000000E+01
 0.19200200E-08  0.12691300E-01  0.00000000E+00  0.34873165E+00  0.00000000E+00  0.00000000E+00  0.19307876E+09  0.00000000E+00  0.00000000E+00  0.00000000E+00  0.00000000E+00  0.00000000E+00  0.10000000E-01  0.10000000E+01
 0.19300200E-08  0.12691300E-01  0.00000000E+00  0.35066244E+00  0.00000000E+00  0.00000000E+00  0.19307876E+09  0.00000000E+00  0.00000000E+00  0.00000000E+00  0.00000000E+00  0.00000000E+00  0.10000000E-01  0.10000000E+01
 0.19400200E-08  0.12691300E-01  0.00000000E+00  0.35259322E+00  0.00000000E+00  0.00000000E+00  0.19307876E+09  0.00000000E+00  0.00000000E+00  0.00000000E+00  0.00000000E+00  0.00000000E+00  0.10000000E-01  0.10000000E+01
 0.19500200E-08  0.12691300E-01  0.00000000E+00  0.35452401E+00  0.00000000E+00  0.00000000E+00  0.19307876E+09  0.00000000E+00  0.00000000E+00  0.00000000E+00  0.00000000E+00  0.00000000E+00  0.10000000E-01  0.10000000E+01
 0.19600200E-08  0.12691300E-01  0.00000000E+00  0.35645480E+00  0.00000000E+00  0.00000000E+00  0.19307876E+09  0.00000000E+00  0.00000000E+00  0.00000000E+00  0.00000000E+00  0.00000000E+00  0.10000000E-01  0.10000000E+01
 0.19700200E-08  0.12691300E-01  0.00000000E+00  0.35838559E+00  0.00000000E+00  0.00000000E+00  0.19307876E+09  0.00000000E+00  0.00000000E+00  0.00000000E+00  0.00000000E+00  0.00000000E+00  0.10000000E-01  0.10000000E+01
 0.19800200E-08  0.12691300E-01  0.00000000E+00  0.36031637E+00  0.00000000E+00  0.00000000E+00  0.19307876E+09  0.00000000E+00  0.00000000E+00  0.00000000E+00  0.00000000E+00  0.00000000E+00  0.10000000E-01  0.10000000E+01
 0.19900200E-08  0.12691300E-01  0.00000000E+00  0.36224716E+00  0.00000000E+00  0.00000000E+00  0.19307876E+09  0.00000000E+00  0.00000000E+00  0.00000000E+00  0.00000000E+00  0.00000000E+00  0.10000000E-01  0.10000000E+01
