# ptime xp yp zp vx vy vz ex ey ez bx by bz wt
 0.20000000E-13  0.53144769E-02  0.00000000E+00 -0.11695388E-01  0.00000000E+00  0.00000000E+00  0.19151644E+09  0.00000000E+00  0.00000000E+00  0.00000000E+00  0.00000000E+00  0.00000000E+00  0.10000000E-01  0.10000000E+01
 0.10000000E-10  0.53144769E-02  0.00000000E+00 -0.97840541E-02  0.00000000E+00  0.00000000E+00  0.19151644E+09  0.00000000E+00  0.00000000E+00  0.00000000E+00  0.00000000E+00  0.00000000E+00  0.10000000E-01  0.10000000E+01
 0.20000000E-10  0.53144769E-02  0.00000000E+00 -0.78688898E-02  0.00000000E+00  0.00000000E+00  0.19151644E+09  0.00000000E+00  0.00000000E+00  0.00000000E+00  0.00000000E+00  0.00000000E+00  0.10000000E-01  0.10000000E+01
 0.30000000E-10  0.53144769E-02  0.00000000E+00 -0.59537254E-02  0.00000000E+00  0.00000000E+00  0.19151644E+09  0.00000000E+00  0.00000000E+00  0.00000000E+00  0.00000000E+00  0.00000000E+00  0.10000000E-01  0.10000000E+01
 0.40020000E-10  0.53144769E-02  0.00000000E+00 -0.40347307E-02  0.00000000E+00  0.00000000E+00  0.19151644E+09  0.00000000E+00  0.00000000E+00  0.00000000E+00  0.00000000E+00  0.00000000E+00  0.10000000E-01  0.10000000E+01
 0.50020000E-10  0.53144769E-02  0.00000000E+00 -0.21195664E-02  0.00000000E+00  0.00000000E+00  0.19151644E+09  0.00000000E+00  0.00000000E+00  0.00000000E+00  0.00000000E+00  0.00000000E+00  0.10000000E-01  0.10000000E+01
 0.60020000E-10  0.53144769E-02  0.00000000E+00 -0.20440201E-03  0.00000000E+00  0.00000000E+00  0.19151644E+09  0.00000000E+00  0.00000000E+00  0.00000000E+00  0.00000000E+00  0.00000000E+00  0.10000000E-01  0.10000000E+01
 0.70020000E-10  0.53144769E-02  0.00000000E+00  0.17107623E-02  0.00000000E+00  0.00000000E+00  0.19151644E+09  0.00000000E+00  0.00000000E+00  0.00000000E+00  0.00000000E+00  0.00000000E+00  0.10000000E-01  0.10000000E+01
 0.80000000E-10  0.53144769E-02  0.00000000E+00  0.36220964E-02  0.00000000E+00  0.00000000E+00  0.19151644E+09  0.00000000E+00  0.00000000E+00  0.00000000E+00  0.00000000E+00  0.00000000E+00  0.10000000E-01  0.10000000E+01
 0.90000000E-10  0.53144769E-02  0.00000000E+00  0.55372607E-02  0.00000000E+00  0.00000000E+00  0.19151644E+09  0.00000000E+00  0.00000000E+00  0.00000000E+00  0.00000000E+00  0.00000000E+00  0.10000000E-01  0.10000000E+01
 0.10000000E-09  0.53144769E-02  0.00000000E+00  0.74524251E-02  0.00000000E+00  0.00000000E+00  0.19151644E+09  0.00000000E+00  0.00000000E+00  0.00000000E+00  0.00000000E+00  0.00000000E+00  0.10000000E-01  0.10000000E+01
 0.11000000E-09  0.53144769E-02  0.00000000E+00  0.93675895E-02  0.00000000E+00  0.00000000E+00  0.19151644E+09  0.00000000E+00  0.00000000E+00  0.00000000E+00  0.00000000E+00  0.00000000E+00  0.10000000E-01  0.10000000E+01
 0.12000000E-09  0.53144769E-02  0.00000000E+00  0.11282754E-01  0.00000000E+00  0.00000000E+00  0.19151644E+09  0.00000000E+00  0.00000000E+00  0.00000000E+00  0.00000000E+00  0.00000000E+00  0.10000000E-01  0.10000000E+01
 0.13000000E-09  0.53144769E-02  0.00000000E+00  0.13197918E-01  0.00000000E+00  0.00000000E+00  0.19151644E+09  0.00000000E+00  0.00000000E+00  0.00000000E+00  0.00000000E+00  0.00000000E+00  0.10000000E-01  0.10000000E+01
 0.14002000E-09  0.53144769E-02  0.00000000E+00  0.15116913E-01  0.00000000E+00  0.00000000E+00  0.19151644E+09  0.00000000E+00  0.00000000E+00  0.00000000E+00  0.00000000E+00  0.00000000E+00  0.10000000E-01  0.10000000E+01
 0.15002000E-09  0.53144769E-02  0.00000000E+00  0.17032077E-01  0.00000000E+00  0.00000000E+00  0.19151644E+09  0.00000000E+00  0.00000000E+00  0.00000000E+00  0.00000000E+00  0.00000000E+00  0.10000000E-01  0.10000000E+01
 0.16002000E-09  0.53144769E-02  0.00000000E+00  0.18947242E-01  0.00000000E+00  0.00000000E+00  0.19151644E+09  0.00000000E+00  0.00000000E+00  0.00000000E+00  0.00000000E+00  0.00000000E+00  0.10000000E-01  0.10000000E+01
 0.17002000E-09  0.53144769E-02  0.00000000E+00  0.20862406E-01  0.00000000E+00  0.00000000E+00  0.19151644E+09  0.00000000E+00  0.00000000E+00  0.00000000E+00  0.00000000E+00  0.00000000E+00  0.10000000E-01  0.10000000E+01
 0.18002000E-09  0.53144769E-02  0.00000000E+00  0.22777570E-01  0.00000000E+00  0.00000000E+00  0.19151644E+09  0.00000000E+00  0.00000000E+00  0.00000000E+00  0.00000000E+00  0.00000000E+00  0.10000000E-01  0.10000000E+01
 0.19002000E-09  0.53144769E-02  0.00000000E+00  0.24692735E-01  0.00000000E+00  0.00000000E+00  0.19151644E+09  0.00000000E+00  0.00000000E+00  0.00000000E+00  0.00000000E+00  0.00000000E+00  0.10000000E-01  0.10000000E+01
 0.20002000E-09  0.53144769E-02  0.00000000E+00  0.26607899E-01  0.00000000E+00  0.00000000E+00  0.19151644E+09  0.00000000E+00  0.00000000E+00  0.00000000E+00  0.00000000E+00  0.00000000E+00  0.10000000E-01  0.10000000E+01
 0.21002000E-09  0.53144769E-02  0.00000000E+00  0.28523063E-01  0.00000000E+00  0.00000000E+00  0.19151644E+09  0.00000000E+00  0.00000000E+00  0.00000000E+00  0.00000000E+00  0.00000000E+00  0.10000000E-01  0.10000000E+01
 0.22002000E-09  0.53144769E-02  0.00000000E+00  0.30438228E-01  0.00000000E+00  0.00000000E+00  0.19151644E+09  0.00000000E+00  0.00000000E+00  0.00000000E+00  0.00000000E+00  0.00000000E+00  0.10000000E-01  0.10000000E+01
 0.23002000E-09  0.53144769E-02  0.00000000E+00  0.32353392E-01  0.00000000E+00  0.00000000E+00  0.19151644E+09  0.00000000E+00  0.00000000E+00  0.00000000E+00  0.00000000E+00  0.00000000E+00  0.10000000E-01  0.10000000E+01
 0.24002000E-09  0.53144769E-02  0.00000000E+00  0.34268556E-01  0.00000000E+00  0.00000000E+00  0.19151644E+09  0.00000000E+00  0.00000000E+00  0.00000000E+00  0.00000000E+00  0.00000000E+00  0.10000000E-01  0.10000000E+01
 0.25002000E-09  0.53144769E-02  0.00000000E+00  0.36183721E-01  0.00000000E+00  0.00000000E+00  0.19151644E+09  0.00000000E+00  0.00000000E+00  0.00000000E+00  0.00000000E+00  0.00000000E+00  0.10000000E-01  0.10000000E+01
 0.26002000E-09  0.53144769E-02  0.00000000E+00  0.38098885E-01  0.00000000E+00  0.00000000E+00  0.19151644E+09  0.00000000E+00  0.00000000E+00  0.00000000E+00  0.00000000E+00  0.00000000E+00  0.10000000E-01  0.10000000E+01
 0.27002000E-09  0.53144769E-02  0.00000000E+00  0.40014050E-01  0.00000000E+00  0.00000000E+00  0.19151644E+09  0.00000000E+00  0.00000000E+00  0.00000000E+00  0.00000000E+00  0.00000000E+00  0.10000000E-01  0.10000000E+01
 0.28002000E-09  0.53144769E-02  0.00000000E+00  0.41929214E-01  0.00000000E+00  0.00000000E+00  0.19151644E+09  0.00000000E+00  0.00000000E+00  0.00000000E+00  0.00000000E+00  0.00000000E+00  0.10000000E-01  0.10000000E+01
 0.29002000E-09  0.53144769E-02  0.00000000E+00  0.43844378E-01  0.00000000E+00  0.00000000E+00  0.19151644E+09  0.00000000E+00  0.00000000E+00  0.00000000E+00  0.00000000E+00  0.00000000E+00  0.10000000E-01  0.10000000E+01
 0.30000000E-09  0.53144769E-02  0.00000000E+00  0.45755712E-01  0.00000000E+00  0.00000000E+00  0.19151644E+09  0.00000000E+00  0.00000000E+00  0.00000000E+00  0.00000000E+00  0.00000000E+00  0.10000000E-01  0.10000000E+01
 0.31000000E-09  0.53144769E-02  0.00000000E+00  0.47670877E-01  0.00000000E+00  0.00000000E+00  0.19151644E+09  0.00000000E+00  0.00000000E+00  0.00000000E+00  0.00000000E+00  0.00000000E+00  0.10000000E-01  0.10000000E+01
 0.32000000E-09  0.53144769E-02  0.00000000E+00  0.49586041E-01  0.00000000E+00  0.00000000E+00  0.19151644E+09  0.00000000E+00  0.00000000E+00  0.00000000E+00  0.00000000E+00  0.00000000E+00  0.10000000E-01  0.10000000E+01
 0.33000000E-09  0.53144769E-02  0.00000000E+00  0.51501205E-01  0.00000000E+00  0.00000000E+00  0.19151644E+09  0.00000000E+00  0.00000000E+00  0.00000000E+00  0.00000000E+00  0.00000000E+00  0.10000000E-01  0.10000000E+01
 0.34000000E-09  0.53144769E-02  0.00000000E+00  0.53416370E-01  0.00000000E+00  0.00000000E+00  0.19151644E+09  0.00000000E+00  0.00000000E+00  0.00000000E+00  0.00000000E+00  0.00000000E+00  0.10000000E-01  0.10000000E+01
 0.35000000E-09  0.53144769E-02  0.00000000E+00  0.55331534E-01  0.00000000E+00  0.00000000E+00  0.19151644E+09  0.00000000E+00  0.00000000E+00  0.00000000E+00  0.00000000E+00  0.00000000E+00  0.10000000E-01  0.10000000E+01
 0.36000000E-09  0.53144769E-02  0.00000000E+00  0.57246698E-01  0.00000000E+00  0.00000000E+00  0.19151644E+09  0.00000000E+00  0.00000000E+00  0.00000000E+00  0.00000000E+00  0.00000000E+00  0.10000000E-01  0.10000000E+01
 0.37000000E-09  0.53144769E-02  0.00000000E+00  0.59161863E-01  0.00000000E+00  0.00000000E+00  0.19151644E+09  0.00000000E+00  0.00000000E+00  0.00000000E+00  0.00000000E+00  0.00000000E+00  0.10000000E-01  0.10000000E+01
 0.38000000E-09  0.53144769E-02  0.00000000E+00  0.61077027E-01  0.00000000E+00  0.00000000E+00  0.19151644E+09  0.00000000E+00  0.00000000E+00  0.00000000E+00  0.00000000E+00  0.00000000E+00  0.10000000E-01  0.10000000E+01
 0.39000000E-09  0.53144769E-02  0.00000000E+00  0.62992192E-01  0.00000000E+00  0.00000000E+00  0.19151644E+09  0.00000000E+00  0.00000000E+00  0.00000000E+00  0.00000000E+00  0.00000000E+00  0.10000000E-01  0.10000000E+01
 0.40000000E-09  0.53144769E-02  0.00000000E+00  0.64907356E-01  0.00000000E+00  0.00000000E+00  0.19151644E+09  0.00000000E+00  0.00000000E+00  0.00000000E+00  0.00000000E+00  0.00000000E+00  0.10000000E-01  0.10000000E+01
 0.41000000E-09  0.53144769E-02  0.00000000E+00  0.66822520E-01  0.00000000E+00  0.00000000E+00  0.19151644E+09  0.00000000E+00  0.00000000E+00  0.00000000E+00  0.00000000E+00  0.00000000E+00  0.10000000E-01  0.10000000E+01
 0.42000000E-09  0.53144769E-02  0.00000000E+00  0.68737685E-01  0.00000000E+00  0.00000000E+00  0.19151644E+09  0.00000000E+00  0.00000000E+00  0.00000000E+00  0.00000000E+00  0.00000000E+00  0.10000000E-01  0.10000000E+01
 0.43000000E-09  0.53144769E-02  0.00000000E+00  0.70652849E-01  0.00000000E+00  0.00000000E+00  0.19151644E+09  0.00000000E+00  0.00000000E+00  0.00000000E+00  0.00000000E+00  0.00000000E+00  0.10000000E-01  0.10000000E+01
 0.44000000E-09  0.53144769E-02  0.00000000E+00  0.72568013E-01  0.00000000E+00  0.00000000E+00  0.19151644E+09  0.00000000E+00  0.00000000E+00  0.00000000E+00  0.00000000E+00  0.00000000E+00  0.10000000E-01  0.10000000E+01
 0.45000000E-09  0.53144769E-02  0.00000000E+00  0.74483178E-01  0.00000000E+00  0.00000000E+00  0.19151644E+09  0.00000000E+00  0.00000000E+00  0.00000000E+00  0.00000000E+00  0.00000000E+00  0.10000000E-01  0.10000000E+01
 0.46000000E-09  0.53144769E-02  0.00000000E+00  0.76398342E-01  0.00000000E+00  0.00000000E+00  0.19151644E+09  0.00000000E+00  0.00000000E+00  0.00000000E+00  0.00000000E+00  0.00000000E+00  0.10000000E-01  0.10000000E+01
 0.47000000E-09  0.53144769E-02  0.00000000E+00  0.78313506E-01  0.00000000E+00  0.00000000E+00  0.19151644E+09  0.00000000E+00  0.00000000E+00  0.00000000E+00  0.00000000E+00  0.00000000E+00  0.10000000E-01  0.10000000E+01
 0.48000000E-09  0.53144769E-02  0.00000000E+00  0.80228671E-01  0.00000000E+00  0.00000000E+00  0.19151644E+09  0.00000000E+00  0.00000000E+00  0.00000000E+00  0.00000000E+00  0.00000000E+00  0.10000000E-01  0.10000000E+01
 0.49000000E-09  0.53144769E-02  0.00000000E+00  0.82143835E-01  0.00000000E+00  0.00000000E+00  0.19151644E+09  0.00000000E+00  0.00000000E+00  0.00000000E+00  0.00000000E+00  0.00000000E+00  0.10000000E-01  0.10000000E+01
 0.50000000E-09  0.53144769E-02  0.00000000E+00  0.84059000E-01  0.00000000E+00  0.00000000E+00  0.19151644E+09  0.00000000E+00  0.00000000E+00  0.00000000E+00  0.00000000E+00  0.00000000E+00  0.10000000E-01  0.10000000E+01
 0.51000000E-09  0.53144769E-02  0.00000000E+00  0.85974164E-01  0.00000000E+00  0.00000000E+00  0.19151644E+09  0.00000000E+00  0.00000000E+00  0.00000000E+00  0.00000000E+00  0.00000000E+00  0.10000000E-01  0.10000000E+01
 0.52000000E-09  0.53144769E-02  0.00000000E+00  0.87889328E-01  0.00000000E+00  0.00000000E+00  0.19151644E+09  0.00000000E+00  0.00000000E+00  0.00000000E+00  0.00000000E+00  0.00000000E+00  0.10000000E-01  0.10000000E+01
 0.53000000E-09  0.53144769E-02  0.00000000E+00  0.89804493E-01  0.00000000E+00  0.00000000E+00  0.19151644E+09  0.00000000E+00  0.00000000E+00  0.00000000E+00  0.00000000E+00  0.00000000E+00  0.10000000E-01  0.10000000E+01
 0.54000000E-09  0.53144769E-02  0.00000000E+00  0.91719657E-01  0.00000000E+00  0.00000000E+00  0.19151644E+09  0.00000000E+00  0.00000000E+00  0.00000000E+00  0.00000000E+00  0.00000000E+00  0.10000000E-01  0.10000000E+01
 0.55002000E-09  0.53144769E-02  0.00000000E+00  0.93638652E-01  0.00000000E+00  0.00000000E+00  0.19151644E+09  0.00000000E+00  0.00000000E+00  0.00000000E+00  0.00000000E+00  0.00000000E+00  0.10000000E-01  0.10000000E+01
 0.56002000E-09  0.53144769E-02  0.00000000E+00  0.95553816E-01  0.00000000E+00  0.00000000E+00  0.19151644E+09  0.00000000E+00  0.00000000E+00  0.00000000E+00  0.00000000E+00  0.00000000E+00  0.10000000E-01  0.10000000E+01
 0.57002000E-09  0.53144769E-02  0.00000000E+00  0.97468980E-01  0.00000000E+00  0.00000000E+00  0.19151644E+09  0.00000000E+00  0.00000000E+00  0.00000000E+00  0.00000000E+00  0.00000000E+00  0.10000000E-01  0.10000000E+01
 0.58002000E-09  0.53144769E-02  0.00000000E+00  0.99384145E-01  0.00000000E+00  0.00000000E+00  0.19151644E+09  0.00000000E+00  0.00000000E+00  0.00000000E+00  0.00000000E+00  0.00000000E+00  0.10000000E-01  0.10000000E+01
 0.59002000E-09  0.53144769E-02  0.00000000E+00  0.10129931E+00  0.00000000E+00  0.00000000E+00  0.19151644E+09  0.00000000E+00  0.00000000E+00  0.00000000E+00  0.00000000E+00  0.00000000E+00  0.10000000E-01  0.10000000E+01
 0.60002000E-09  0.53144769E-02  0.00000000E+00  0.10321447E+00  0.00000000E+00  0.00000000E+00  0.19151644E+09  0.00000000E+00  0.00000000E+00  0.00000000E+00  0.00000000E+00  0.00000000E+00  0.10000000E-01  0.10000000E+01
 0.61002000E-09  0.53144769E-02  0.00000000E+00  0.10512964E+00  0.00000000E+00  0.00000000E+00  0.19151644E+09  0.00000000E+00  0.00000000E+00  0.00000000E+00  0.00000000E+00  0.00000000E+00  0.10000000E-01  0.10000000E+01
 0.62002000E-09  0.53144769E-02  0.00000000E+00  0.10704480E+00  0.00000000E+00  0.00000000E+00  0.19151644E+09  0.00000000E+00  0.00000000E+00  0.00000000E+00  0.00000000E+00  0.00000000E+00  0.10000000E-01  0.10000000E+01
 0.63002000E-09  0.53144769E-02  0.00000000E+00  0.10895997E+00  0.00000000E+00  0.00000000E+00  0.19151644E+09  0.00000000E+00  0.00000000E+00  0.00000000E+00  0.00000000E+00  0.00000000E+00  0.10000000E-01  0.10000000E+01
 0.64002000E-09  0.53144769E-02  0.00000000E+00  0.11087513E+00  0.00000000E+00  0.00000000E+00  0.19151644E+09  0.00000000E+00  0.00000000E+00  0.00000000E+00  0.00000000E+00  0.00000000E+00  0.10000000E-01  0.10000000E+01
 0.65002000E-09  0.53144769E-02  0.00000000E+00  0.11279030E+00  0.00000000E+00  0.00000000E+00  0.19151644E+09  0.00000000E+00  0.00000000E+00  0.00000000E+00  0.00000000E+00  0.00000000E+00  0.10000000E-01  0.10000000E+01
 0.66002000E-09  0.53144769E-02  0.00000000E+00  0.11470546E+00  0.00000000E+00  0.00000000E+00  0.19151644E+09  0.00000000E+00  0.00000000E+00  0.00000000E+00  0.00000000E+00  0.00000000E+00  0.10000000E-01  0.10000000E+01
 0.67002000E-09  0.53144769E-02  0.00000000E+00  0.11662062E+00  0.00000000E+00  0.00000000E+00  0.19151644E+09  0.00000000E+00  0.00000000E+00  0.00000000E+00  0.00000000E+00  0.00000000E+00  0.10000000E-01  0.10000000E+01
 0.68002000E-09  0.53144769E-02  0.00000000E+00  0.11853579E+00  0.00000000E+00  0.00000000E+00  0.19151644E+09  0.00000000E+00  0.00000000E+00  0.00000000E+00  0.00000000E+00  0.00000000E+00  0.10000000E-01  0.10000000E+01
 0.69002000E-09  0.53144769E-02  0.00000000E+00  0.12045095E+00  0.00000000E+00  0.00000000E+00  0.19151644E+09  0.00000000E+00  0.00000000E+00  0.00000000E+00  0.00000000E+00  0.00000000E+00  0.10000000E-01  0.10000000E+01
 0.70002000E-09  0.53144769E-02  0.00000000E+00  0.12236612E+00  0.00000000E+00  0.00000000E+00  0.19151644E+09  0.00000000E+00  0.00000000E+00  0.00000000E+00  0.00000000E+00  0.00000000E+00  0.10000000E-01  0.10000000E+01
 0.71002000E-09  0.53144769E-02  0.00000000E+00  0.12428128E+00  0.00000000E+00  0.00000000E+00  0.19151644E+09  0.00000000E+00  0.00000000E+00  0.00000000E+00  0.00000000E+00  0.00000000E+00  0.10000000E-01  0.10000000E+01
 0.72002000E-09  0.53144769E-02  0.00000000E+00  0.12619645E+00  0.00000000E+00  0.00000000E+00  0.19151644E+09  0.00000000E+00  0.00000000E+00  0.00000000E+00  0.00000000E+00  0.00000000E+00  0.10000000E-01  0.10000000E+01
 0.73002000E-09  0.53144769E-02  0.00000000E+00  0.12811161E+00  0.00000000E+00  0.00000000E+00  0.19151644E+09  0.00000000E+00  0.00000000E+00  0.00000000E+00  0.00000000E+00  0.00000000E+00  0.10000000E-01  0.10000000E+01
 0.74002000E-09  0.53144769E-02  0.00000000E+00  0.13002677E+00  0.00000000E+00  0.00000000E+00  0.19151644E+09  0.00000000E+00  0.00000000E+00  0.00000000E+00  0.00000000E+00  0.00000000E+00  0.10000000E-01  0.10000000E+01
 0.75002000E-09  0.53144769E-02  0.00000000E+00  0.13194194E+00  0.00000000E+00  0.00000000E+00  0.19151644E+09  0.00000000E+00  0.00000000E+00  0.00000000E+00  0.00000000E+00  0.00000000E+00  0.10000000E-01  0.10000000E+01
 0.76002000E-09  0.53144769E-02  0.00000000E+00  0.13385710E+00  0.00000000E+00  0.00000000E+00  0.19151644E+09  0.00000000E+00  0.00000000E+00  0.00000000E+00  0.00000000E+00  0.00000000E+00  0.10000000E-01  0.10000000E+01
 0.77002000E-09  0.53144769E-02  0.00000000E+00  0.13577227E+00  0.00000000E+00  0.00000000E+00  0.19151644E+09  0.00000000E+00  0.00000000E+00  0.00000000E+00  0.00000000E+00  0.00000000E+00  0.10000000E-01  0.10000000E+01
 0.78002000E-09  0.53144769E-02  0.00000000E+00  0.13768743E+00  0.00000000E+00  0.00000000E+00  0.19151644E+09  0.00000000E+00  0.00000000E+00  0.00000000E+00  0.00000000E+00  0.00000000E+00  0.10000000E-01  0.10000000E+01
 0.79002000E-09  0.53144769E-02  0.00000000E+00  0.13960260E+00  0.00000000E+00  0.00000000E+00  0.19151644E+09  0.00000000E+00  0.00000000E+00  0.00000000E+00  0.00000000E+00  0.00000000E+00  0.10000000E-01  0.10000000E+01
 0.80002000E-09  0.53144769E-02  0.00000000E+00  0.14151776E+00  0.00000000E+00  0.00000000E+00  0.19151644E+09  0.00000000E+00  0.00000000E+00  0.00000000E+00  0.00000000E+00  0.00000000E+00  0.10000000E-01  0.10000000E+01
 0.81002000E-09  0.53144769E-02  0.00000000E+00  0.14343292E+00  0.00000000E+00  0.00000000E+00  0.19151644E+09  0.00000000E+00  0.00000000E+00  0.00000000E+00  0.00000000E+00  0.00000000E+00  0.10000000E-01  0.10000000E+01
 0.82002000E-09  0.53144769E-02  0.00000000E+00  0.14534809E+00  0.00000000E+00  0.00000000E+00  0.19151644E+09  0.00000000E+00  0.00000000E+00  0.00000000E+00  0.00000000E+00  0.00000000E+00  0.10000000E-01  0.10000000E+01
 0.83002000E-09  0.53144769E-02  0.00000000E+00  0.14726325E+00  0.00000000E+00  0.00000000E+00  0.19151644E+09  0.00000000E+00  0.00000000E+00  0.00000000E+00  0.00000000E+00  0.00000000E+00  0.10000000E-01  0.10000000E+01
 0.84002000E-09  0.53144769E-02  0.00000000E+00  0.14917842E+00  0.00000000E+00  0.00000000E+00  0.19151644E+09  0.00000000E+00  0.00000000E+00  0.00000000E+00  0.00000000E+00  0.00000000E+00  0.10000000E-01  0.10000000E+01
 0.85002000E-09  0.53144769E-02  0.00000000E+00  0.15109358E+00  0.00000000E+00  0.00000000E+00  0.19151644E+09  0.00000000E+00  0.00000000E+00  0.00000000E+00  0.00000000E+00  0.00000000E+00  0.10000000E-01  0.10000000E+01
 0.86002000E-09  0.53144769E-02  0.00000000E+00  0.15300875E+00  0.00000000E+00  0.00000000E+00  0.19151644E+09  0.00000000E+00  0.00000000E+00  0.00000000E+00  0.00000000E+00  0.00000000E+00  0.10000000E-01  0.10000000E+01
 0.87002000E-09  0.53144769E-02  0.00000000E+00  0.15492391E+00  0.00000000E+00  0.00000000E+00  0.19151644E+09  0.00000000E+00  0.00000000E+00  0.00000000E+00  0.00000000E+00  0.00000000E+00  0.10000000E-01  0.10000000E+01
 0.88002000E-09  0.53144769E-02  0.00000000E+00  0.15683908E+00  0.00000000E+00  0.00000000E+00  0.19151644E+09  0.00000000E+00  0.00000000E+00  0.00000000E+00  0.00000000E+00  0.00000000E+00  0.10000000E-01  0.10000000E+01
 0.89002000E-09  0.53144769E-02  0.00000000E+00  0.15875424E+00  0.00000000E+00  0.00000000E+00  0.19151644E+09  0.00000000E+00  0.00000000E+00  0.00000000E+00  0.00000000E+00  0.00000000E+00  0.10000000E-01  0.10000000E+01
 0.90002000E-09  0.53144769E-02  0.00000000E+00  0.16066940E+00  0.00000000E+00  0.00000000E+00  0.19151644E+09  0.00000000E+00  0.00000000E+00  0.00000000E+00  0.00000000E+00  0.00000000E+00  0.10000000E-01  0.10000000E+01
 0.91002000E-09  0.53144769E-02  0.00000000E+00  0.16258457E+00  0.00000000E+00  0.00000000E+00  0.19151644E+09  0.00000000E+00  0.00000000E+00  0.00000000E+00  0.00000000E+00  0.00000000E+00  0.10000000E-01  0.10000000E+01
 0.92002000E-09  0.53144769E-02  0.00000000E+00  0.16449973E+00  0.00000000E+00  0.00000000E+00  0.19151644E+09  0.00000000E+00  0.00000000E+00  0.00000000E+00  0.00000000E+00  0.00000000E+00  0.10000000E-01  0.10000000E+01
 0.93002000E-09  0.53144769E-02  0.00000000E+00  0.16641490E+00  0.00000000E+00  0.00000000E+00  0.19151644E+09  0.00000000E+00  0.00000000E+00  0.00000000E+00  0.00000000E+00  0.00000000E+00  0.10000000E-01  0.10000000E+01
 0.94002000E-09  0.53144769E-02  0.00000000E+00  0.16833006E+00  0.00000000E+00  0.00000000E+00  0.19151644E+09  0.00000000E+00  0.00000000E+00  0.00000000E+00  0.00000000E+00  0.00000000E+00  0.10000000E-01  0.10000000E+01
 0.95002000E-09  0.53144769E-02  0.00000000E+00  0.17024523E+00  0.00000000E+00  0.00000000E+00  0.19151644E+09  0.00000000E+00  0.00000000E+00  0.00000000E+00  0.00000000E+00  0.00000000E+00  0.10000000E-01  0.10000000E+01
 0.96002000E-09  0.53144769E-02  0.00000000E+00  0.17216039E+00  0.00000000E+00  0.00000000E+00  0.19151644E+09  0.00000000E+00  0.00000000E+00  0.00000000E+00  0.00000000E+00  0.00000000E+00  0.10000000E-01  0.10000000E+01
 0.97002000E-09  0.53144769E-02  0.00000000E+00  0.17407555E+00  0.00000000E+00  0.00000000E+00  0.19151644E+09  0.00000000E+00  0.00000000E+00  0.00000000E+00  0.00000000E+00  0.00000000E+00  0.10000000E-01  0.10000000E+01
 0.98002000E-09  0.53144769E-02  0.00000000E+00  0.17599072E+00  0.00000000E+00  0.00000000E+00  0.19151644E+09  0.00000000E+00  0.00000000E+00  0.00000000E+00  0.00000000E+00  0.00000000E+00  0.10000000E-01  0.10000000E+01
 0.99002000E-09  0.53144769E-02  0.00000000E+00  0.17790588E+00  0.00000000E+00  0.00000000E+00  0.19151644E+09  0.00000000E+00  0.00000000E+00  0.00000000E+00  0.00000000E+00  0.00000000E+00  0.10000000E-01  0.10000000E+01
 0.10000200E-08  0.53144769E-02  0.00000000E+00  0.17982105E+00  0.00000000E+00  0.00000000E+00  0.19151644E+09  0.00000000E+00  0.00000000E+00  0.00000000E+00  0.00000000E+00  0.00000000E+00  0.10000000E-01  0.10000000E+01
 0.10100200E-08  0.53144769E-02  0.00000000E+00  0.18173621E+00  0.00000000E+00  0.00000000E+00  0.19151644E+09  0.00000000E+00  0.00000000E+00  0.00000000E+00  0.00000000E+00  0.00000000E+00  0.10000000E-01  0.10000000E+01
 0.10200200E-08  0.53144769E-02  0.00000000E+00  0.18365138E+00  0.00000000E+00  0.00000000E+00  0.19151644E+09  0.00000000E+00  0.00000000E+00  0.00000000E+00  0.00000000E+00  0.00000000E+00  0.10000000E-01  0.10000000E+01
 0.10300200E-08  0.53144769E-02  0.00000000E+00  0.18556654E+00  0.00000000E+00  0.00000000E+00  0.19151644E+09  0.00000000E+00  0.00000000E+00  0.00000000E+00  0.00000000E+00  0.00000000E+00  0.10000000E-01  0.10000000E+01
 0.10400200E-08  0.53144769E-02  0.00000000E+00  0.18748171E+00  0.00000000E+00  0.00000000E+00  0.19151644E+09  0.00000000E+00  0.00000000E+00  0.00000000E+00  0.00000000E+00  0.00000000E+00  0.10000000E-01  0.10000000E+01
 0.10500200E-08  0.53144769E-02  0.00000000E+00  0.18939687E+00  0.00000000E+00  0.00000000E+00  0.19151644E+09  0.00000000E+00  0.00000000E+00  0.00000000E+00  0.00000000E+00  0.00000000E+00  0.10000000E-01  0.10000000E+01
 0.10600200E-08  0.53144769E-02  0.00000000E+00  0.19131203E+00  0.00000000E+00  0.00000000E+00  0.19151644E+09  0.00000000E+00  0.00000000E+00  0.00000000E+00  0.00000000E+00  0.00000000E+00  0.10000000E-01  0.10000000E+01
 0.10700200E-08  0.53144769E-02  0.00000000E+00  0.19322720E+00  0.00000000E+00  0.00000000E+00  0.19151644E+09  0.00000000E+00  0.00000000E+00  0.00000000E+00  0.00000000E+00  0.00000000E+00  0.10000000E-01  0.10000000E+01
 0.10800200E-08  0.53144769E-02  0.00000000E+00  0.19514236E+00  0.00000000E+00  0.00000000E+00  0.19151644E+09  0.00000000E+00  0.00000000E+00  0.00000000E+00  0.00000000E+00  0.00000000E+00  0.10000000E-01  0.10000000E+01
 0.10900200E-08  0.53144769E-02  0.00000000E+00  0.19705753E+00  0.00000000E+00  0.00000000E+00  0.19151644E+09  0.00000000E+00  0.00000000E+00  0.00000000E+00  0.00000000E+00  0.00000000E+00  0.10000000E-01  0.10000000E+01
 0.11000200E-08  0.53144769E-02  0.00000000E+00  0.19897269E+00  0.00000000E+00  0.00000000E+00  0.19151644E+09  0.00000000E+00  0.00000000E+00  0.00000000E+00  0.00000000E+00  0.00000000E+00  0.10000000E-01  0.10000000E+01
 0.11100200E-08  0.53144769E-02  0.00000000E+00  0.20088786E+00  0.00000000E+00  0.00000000E+00  0.19151644E+09  0.00000000E+00  0.00000000E+00  0.00000000E+00  0.00000000E+00  0.00000000E+00  0.10000000E-01  0.10000000E+01
 0.11200200E-08  0.53144769E-02  0.00000000E+00  0.20280302E+00  0.00000000E+00  0.00000000E+00  0.19151644E+09  0.00000000E+00  0.00000000E+00  0.00000000E+00  0.00000000E+00  0.00000000E+00  0.10000000E-01  0.10000000E+01
 0.11300200E-08  0.53144769E-02  0.00000000E+00  0.20471818E+00  0.00000000E+00  0.00000000E+00  0.19151644E+09  0.00000000E+00  0.00000000E+00  0.00000000E+00  0.00000000E+00  0.00000000E+00  0.10000000E-01  0.10000000E+01
 0.11400200E-08  0.53144769E-02  0.00000000E+00  0.20663335E+00  0.00000000E+00  0.00000000E+00  0.19151644E+09  0.00000000E+00  0.00000000E+00  0.00000000E+00  0.00000000E+00  0.00000000E+00  0.10000000E-01  0.10000000E+01
 0.11500200E-08  0.53144769E-02  0.00000000E+00  0.20854851E+00  0.00000000E+00  0.00000000E+00  0.19151644E+09  0.00000000E+00  0.00000000E+00  0.00000000E+00  0.00000000E+00  0.00000000E+00  0.10000000E-01  0.10000000E+01
 0.11600200E-08  0.53144769E-02  0.00000000E+00  0.21046368E+00  0.00000000E+00  0.00000000E+00  0.19151644E+09  0.00000000E+00  0.00000000E+00  0.00000000E+00  0.00000000E+00  0.00000000E+00  0.10000000E-01  0.10000000E+01
 0.11700200E-08  0.53144769E-02  0.00000000E+00  0.21237884E+00  0.00000000E+00  0.00000000E+00  0.19151644E+09  0.00000000E+00  0.00000000E+00  0.00000000E+00  0.00000000E+00  0.00000000E+00  0.10000000E-01  0.10000000E+01
 0.11800200E-08  0.53144769E-02  0.00000000E+00  0.21429401E+00  0.00000000E+00  0.00000000E+00  0.19151644E+09  0.00000000E+00  0.00000000E+00  0.00000000E+00  0.00000000E+00  0.00000000E+00  0.10000000E-01  0.10000000E+01
 0.11900200E-08  0.53144769E-02  0.00000000E+00  0.21620917E+00  0.00000000E+00  0.00000000E+00  0.19151644E+09  0.00000000E+00  0.00000000E+00  0.00000000E+00  0.00000000E+00  0.00000000E+00  0.10000000E-01  0.10000000E+01
 0.12000200E-08  0.53144769E-02  0.00000000E+00  0.21812434E+00  0.00000000E+00  0.00000000E+00  0.19151644E+09  0.00000000E+00  0.00000000E+00  0.00000000E+00  0.00000000E+00  0.00000000E+00  0.10000000E-01  0.10000000E+01
 0.12100200E-08  0.53144769E-02  0.00000000E+00  0.22003950E+00  0.00000000E+00  0.00000000E+00  0.19151644E+09  0.00000000E+00  0.00000000E+00  0.00000000E+00  0.00000000E+00  0.00000000E+00  0.10000000E-01  0.10000000E+01
 0.12200200E-08  0.53144769E-02  0.00000000E+00  0.22195466E+00  0.00000000E+00  0.00000000E+00  0.19151644E+09  0.00000000E+00  0.00000000E+00  0.00000000E+00  0.00000000E+00  0.00000000E+00  0.10000000E-01  0.10000000E+01
 0.12300200E-08  0.53144769E-02  0.00000000E+00  0.22386983E+00  0.00000000E+00  0.00000000E+00  0.19151644E+09  0.00000000E+00  0.00000000E+00  0.00000000E+00  0.00000000E+00  0.00000000E+00  0.10000000E-01  0.10000000E+01
 0.12400200E-08  0.53144769E-02  0.00000000E+00  0.22578499E+00  0.00000000E+00  0.00000000E+00  0.19151644E+09  0.00000000E+00  0.00000000E+00  0.00000000E+00  0.00000000E+00  0.00000000E+00  0.10000000E-01  0.10000000E+01
 0.12500200E-08  0.53144769E-02  0.00000000E+00  0.22770016E+00  0.00000000E+00  0.00000000E+00  0.19151644E+09  0.00000000E+00  0.00000000E+00  0.00000000E+00  0.00000000E+00  0.00000000E+00  0.10000000E-01  0.10000000E+01
 0.12600200E-08  0.53144769E-02  0.00000000E+00  0.22961532E+00  0.00000000E+00  0.00000000E+00  0.19151644E+09  0.00000000E+00  0.00000000E+00  0.00000000E+00  0.00000000E+00  0.00000000E+00  0.10000000E-01  0.10000000E+01
 0.12700200E-08  0.53144769E-02  0.00000000E+00  0.23153049E+00  0.00000000E+00  0.00000000E+00  0.19151644E+09  0.00000000E+00  0.00000000E+00  0.00000000E+00  0.00000000E+00  0.00000000E+00  0.10000000E-01  0.10000000E+01
 0.12800200E-08  0.53144769E-02  0.00000000E+00  0.23344565E+00  0.00000000E+00  0.00000000E+00  0.19151644E+09  0.00000000E+00  0.00000000E+00  0.00000000E+00  0.00000000E+00  0.00000000E+00  0.10000000E-01  0.10000000E+01
 0.12900200E-08  0.53144769E-02  0.00000000E+00  0.23536081E+00  0.00000000E+00  0.00000000E+00  0.19151644E+09  0.00000000E+00  0.00000000E+00  0.00000000E+00  0.00000000E+00  0.00000000E+00  0.10000000E-01  0.10000000E+01
 0.13000200E-08  0.53144769E-02  0.00000000E+00  0.23727598E+00  0.00000000E+00  0.00000000E+00  0.19151644E+09  0.00000000E+00  0.00000000E+00  0.00000000E+00  0.00000000E+00  0.00000000E+00  0.10000000E-01  0.10000000E+01
 0.13100200E-08  0.53144769E-02  0.00000000E+00  0.23919114E+00  0.00000000E+00  0.00000000E+00  0.19151644E+09  0.00000000E+00  0.00000000E+00  0.00000000E+00  0.00000000E+00  0.00000000E+00  0.10000000E-01  0.10000000E+01
 0.13200200E-08  0.53144769E-02  0.00000000E+00  0.24110631E+00  0.00000000E+00  0.00000000E+00  0.19151644E+09  0.00000000E+00  0.00000000E+00  0.00000000E+00  0.00000000E+00  0.00000000E+00  0.10000000E-01  0.10000000E+01
 0.13300200E-08  0.53144769E-02  0.00000000E+00  0.24302147E+00  0.00000000E+00  0.00000000E+00  0.19151644E+09  0.00000000E+00  0.00000000E+00  0.00000000E+00  0.00000000E+00  0.00000000E+00  0.10000000E-01  0.10000000E+01
 0.13400200E-08  0.53144769E-02  0.00000000E+00  0.24493664E+00  0.00000000E+00  0.00000000E+00  0.19151644E+09  0.00000000E+00  0.00000000E+00  0.00000000E+00  0.00000000E+00  0.00000000E+00  0.10000000E-01  0.10000000E+01
 0.13500200E-08  0.53144769E-02  0.00000000E+00  0.24685180E+00  0.00000000E+00  0.00000000E+00  0.19151644E+09  0.00000000E+00  0.00000000E+00  0.00000000E+00  0.00000000E+00  0.00000000E+00  0.10000000E-01  0.10000000E+01
 0.13600200E-08  0.53144769E-02  0.00000000E+00  0.24876696E+00  0.00000000E+00  0.00000000E+00  0.19151644E+09  0.00000000E+00  0.00000000E+00  0.00000000E+00  0.00000000E+00  0.00000000E+00  0.10000000E-01  0.10000000E+01
 0.13700200E-08  0.53144769E-02  0.00000000E+00  0.25068213E+00  0.00000000E+00  0.00000000E+00  0.19151644E+09  0.00000000E+00  0.00000000E+00  0.00000000E+00  0.00000000E+00  0.00000000E+00  0.10000000E-01  0.10000000E+01
 0.13800200E-08  0.53144769E-02  0.00000000E+00  0.25259729E+00  0.00000000E+00  0.00000000E+00  0.19151644E+09  0.00000000E+00  0.00000000E+00  0.00000000E+00  0.00000000E+00  0.00000000E+00  0.10000000E-01  0.10000000E+01
 0.13900200E-08  0.53144769E-02  0.00000000E+00  0.25451246E+00  0.00000000E+00  0.00000000E+00  0.19151644E+09  0.00000000E+00  0.00000000E+00  0.00000000E+00  0.00000000E+00  0.00000000E+00  0.10000000E-01  0.10000000E+01
 0.14000200E-08  0.53144769E-02  0.00000000E+00  0.25642762E+00  0.00000000E+00  0.00000000E+00  0.19151644E+09  0.00000000E+00  0.00000000E+00  0.00000000E+00  0.00000000E+00  0.00000000E+00  0.10000000E-01  0.10000000E+01
 0.14100200E-08  0.53144769E-02  0.00000000E+00  0.25834279E+00  0.00000000E+00  0.00000000E+00  0.19151644E+09  0.00000000E+00  0.00000000E+00  0.00000000E+00  0.00000000E+00  0.00000000E+00  0.10000000E-01  0.10000000E+01
 0.14200200E-08  0.53144769E-02  0.00000000E+00  0.26025795E+00  0.00000000E+00  0.00000000E+00  0.19151644E+09  0.00000000E+00  0.00000000E+00  0.00000000E+00  0.00000000E+00  0.00000000E+00  0.10000000E-01  0.10000000E+01
 0.14300200E-08  0.53144769E-02  0.00000000E+00  0.26217312E+00  0.00000000E+00  0.00000000E+00  0.19151644E+09  0.00000000E+00  0.00000000E+00  0.00000000E+00  0.00000000E+00  0.00000000E+00  0.10000000E-01  0.10000000E+01
 0.14400200E-08  0.53144769E-02  0.00000000E+00  0.26408828E+00  0.00000000E+00  0.00000000E+00  0.19151644E+09  0.00000000E+00  0.00000000E+00  0.00000000E+00  0.00000000E+00  0.00000000E+00  0.10000000E-01  0.10000000E+01
 0.14500200E-08  0.53144769E-02  0.00000000E+00  0.26600344E+00  0.00000000E+00  0.00000000E+00  0.19151644E+09  0.00000000E+00  0.00000000E+00  0.00000000E+00  0.00000000E+00  0.00000000E+00  0.10000000E-01  0.10000000E+01
 0.14600200E-08  0.53144769E-02  0.00000000E+00  0.26791861E+00  0.00000000E+00  0.00000000E+00  0.19151644E+09  0.00000000E+00  0.00000000E+00  0.00000000E+00  0.00000000E+00  0.00000000E+00  0.10000000E-01  0.10000000E+01
 0.14700200E-08  0.53144769E-02  0.00000000E+00  0.26983377E+00  0.00000000E+00  0.00000000E+00  0.19151644E+09  0.00000000E+00  0.00000000E+00  0.00000000E+00  0.00000000E+00  0.00000000E+00  0.10000000E-01  0.10000000E+01
 0.14800200E-08  0.53144769E-02  0.00000000E+00  0.27174894E+00  0.00000000E+00  0.00000000E+00  0.19151644E+09  0.00000000E+00  0.00000000E+00  0.00000000E+00  0.00000000E+00  0.00000000E+00  0.10000000E-01  0.10000000E+01
 0.14900200E-08  0.53144769E-02  0.00000000E+00  0.27366410E+00  0.00000000E+00  0.00000000E+00  0.19151644E+09  0.00000000E+00  0.00000000E+00  0.00000000E+00  0.00000000E+00  0.00000000E+00  0.10000000E-01  0.10000000E+01
 0.15000200E-08  0.53144769E-02  0.00000000E+00  0.27557927E+00  0.00000000E+00  0.00000000E+00  0.19151644E+09  0.00000000E+00  0.00000000E+00  0.00000000E+00  0.00000000E+00  0.00000000E+00  0.10000000E-01  0.10000000E+01
 0.15100200E-08  0.53144769E-02  0.00000000E+00  0.27749443E+00  0.00000000E+00  0.00000000E+00  0.19151644E+09  0.00000000E+00  0.00000000E+00  0.00000000E+00  0.00000000E+00  0.00000000E+00  0.10000000E-01  0.10000000E+01
 0.15200200E-08  0.53144769E-02  0.00000000E+00  0.27940959E+00  0.00000000E+00  0.00000000E+00  0.19151644E+09  0.00000000E+00  0.00000000E+00  0.00000000E+00  0.00000000E+00  0.00000000E+00  0.10000000E-01  0.10000000E+01
 0.15300200E-08  0.53144769E-02  0.00000000E+00  0.28132476E+00  0.00000000E+00  0.00000000E+00  0.19151644E+09  0.00000000E+00  0.00000000E+00  0.00000000E+00  0.00000000E+00  0.00000000E+00  0.10000000E-01  0.10000000E+01
 0.15400200E-08  0.53144769E-02  0.00000000E+00  0.28323992E+00  0.00000000E+00  0.00000000E+00  0.19151644E+09  0.00000000E+00  0.00000000E+00  0.00000000E+00  0.00000000E+00  0.00000000E+00  0.10000000E-01  0.10000000E+01
 0.15500200E-08  0.53144769E-02  0.00000000E+00  0.28515509E+00  0.00000000E+00  0.00000000E+00  0.19151644E+09  0.00000000E+00  0.00000000E+00  0.00000000E+00  0.00000000E+00  0.00000000E+00  0.10000000E-01  0.10000000E+01
 0.15600200E-08  0.53144769E-02  0.00000000E+00  0.28707025E+00  0.00000000E+00  0.00000000E+00  0.19151644E+09  0.00000000E+00  0.00000000E+00  0.00000000E+00  0.00000000E+00  0.00000000E+00  0.10000000E-01  0.10000000E+01
 0.15700200E-08  0.53144769E-02  0.00000000E+00  0.28898542E+00  0.00000000E+00  0.00000000E+00  0.19151644E+09  0.00000000E+00  0.00000000E+00  0.00000000E+00  0.00000000E+00  0.00000000E+00  0.10000000E-01  0.10000000E+01
 0.15800200E-08  0.53144769E-02  0.00000000E+00  0.29090058E+00  0.00000000E+00  0.00000000E+00  0.19151644E+09  0.00000000E+00  0.00000000E+00  0.00000000E+00  0.00000000E+00  0.00000000E+00  0.10000000E-01  0.10000000E+01
 0.15900200E-08  0.53144769E-02  0.00000000E+00  0.29281575E+00  0.00000000E+00  0.00000000E+00  0.19151644E+09  0.00000000E+00  0.00000000E+00  0.00000000E+00  0.00000000E+00  0.00000000E+00  0.10000000E-01  0.10000000E+01
 0.16000200E-08  0.53144769E-02  0.00000000E+00  0.29473091E+00  0.00000000E+00  0.00000000E+00  0.19151644E+09  0.00000000E+00  0.00000000E+00  0.00000000E+00  0.00000000E+00  0.00000000E+00  0.10000000E-01  0.10000000E+01
 0.16100200E-08  0.53144769E-02  0.00000000E+00  0.29664607E+00  0.00000000E+00  0.00000000E+00  0.19151644E+09  0.00000000E+00  0.00000000E+00  0.00000000E+00  0.00000000E+00  0.00000000E+00  0.10000000E-01  0.10000000E+01
 0.16200200E-08  0.53144769E-02  0.00000000E+00  0.29856124E+00  0.00000000E+00  0.00000000E+00  0.19151644E+09  0.00000000E+00  0.00000000E+00  0.00000000E+00  0.00000000E+00  0.00000000E+00  0.10000000E-01  0.10000000E+01
 0.16300200E-08  0.53144769E-02  0.00000000E+00  0.30047640E+00  0.00000000E+00  0.00000000E+00  0.19151644E+09  0.00000000E+00  0.00000000E+00  0.00000000E+00  0.00000000E+00  0.00000000E+00  0.10000000E-01  0.10000000E+01
 0.16400200E-08  0.53144769E-02  0.00000000E+00  0.30239157E+00  0.00000000E+00  0.00000000E+00  0.19151644E+09  0.00000000E+00  0.00000000E+00  0.00000000E+00  0.00000000E+00  0.00000000E+00  0.10000000E-01  0.10000000E+01
 0.16500200E-08  0.53144769E-02  0.00000000E+00  0.30430673E+00  0.00000000E+00  0.00000000E+00  0.19151644E+09  0.00000000E+00  0.00000000E+00  0.00000000E+00  0.00000000E+00  0.00000000E+00  0.10000000E-01  0.10000000E+01
 0.16600200E-08  0.53144769E-02  0.00000000E+00  0.30622190E+00  0.00000000E+00  0.00000000E+00  0.19151644E+09  0.00000000E+00  0.00000000E+00  0.00000000E+00  0.00000000E+00  0.00000000E+00  0.10000000E-01  0.10000000E+01
 0.16700200E-08  0.53144769E-02  0.00000000E+00  0.30813706E+00  0.00000000E+00  0.00000000E+00  0.19151644E+09  0.00000000E+00  0.00000000E+00  0.00000000E+00  0.00000000E+00  0.00000000E+00  0.10000000E-01  0.10000000E+01
 0.16800200E-08  0.53144769E-02  0.00000000E+00  0.31005222E+00  0.00000000E+00  0.00000000E+00  0.19151644E+09  0.00000000E+00  0.00000000E+00  0.00000000E+00  0.00000000E+00  0.00000000E+00  0.10000000E-01  0.10000000E+01
 0.16900200E-08  0.53144769E-02  0.00000000E+00  0.31196739E+00  0.00000000E+00  0.00000000E+00  0.19151644E+09  0.00000000E+00  0.00000000E+00  0.00000000E+00  0.00000000E+00  0.00000000E+00  0.10000000E-01  0.10000000E+01
 0.17000200E-08  0.53144769E-02  0.00000000E+00  0.31388255E+00  0.00000000E+00  0.00000000E+00  0.19151644E+09  0.00000000E+00  0.00000000E+00  0.00000000E+00  0.00000000E+00  0.00000000E+00  0.10000000E-01  0.10000000E+01
 0.17100200E-08  0.53144769E-02  0.00000000E+00  0.31579772E+00  0.00000000E+00  0.00000000E+00  0.19151644E+09  0.00000000E+00  0.00000000E+00  0.00000000E+00  0.00000000E+00  0.00000000E+00  0.10000000E-01  0.10000000E+01
 0.17200200E-08  0.53144769E-02  0.00000000E+00  0.31771288E+00  0.00000000E+00  0.00000000E+00  0.19151644E+09  0.00000000E+00  0.00000000E+00  0.00000000E+00  0.00000000E+00  0.00000000E+00  0.10000000E-01  0.10000000E+01
 0.17300200E-08  0.53144769E-02  0.00000000E+00  0.31962805E+00  0.00000000E+00  0.00000000E+00  0.19151644E+09  0.00000000E+00  0.00000000E+00  0.00000000E+00  0.00000000E+00  0.00000000E+00  0.10000000E-01  0.10000000E+01
 0.17400200E-08  0.53144769E-02  0.00000000E+00  0.32154321E+00  0.00000000E+00  0.00000000E+00  0.19151644E+09  0.00000000E+00  0.00000000E+00  0.00000000E+00  0.00000000E+00  0.00000000E+00  0.10000000E-01  0.10000000E+01
 0.17500200E-08  0.53144769E-02  0.00000000E+00  0.32345837E+00  0.00000000E+00  0.00000000E+00  0.19151644E+09  0.00000000E+00  0.00000000E+00  0.00000000E+00  0.00000000E+00  0.00000000E+00  0.10000000E-01  0.10000000E+01
 0.17600200E-08  0.53144769E-02  0.00000000E+00  0.32537354E+00  0.00000000E+00  0.00000000E+00  0.19151644E+09  0.00000000E+00  0.00000000E+00  0.00000000E+00  0.00000000E+00  0.00000000E+00  0.10000000E-01  0.10000000E+01
 0.17700200E-08  0.53144769E-02  0.00000000E+00  0.32728870E+00  0.00000000E+00  0.00000000E+00  0.19151644E+09  0.00000000E+00  0.00000000E+00  0.00000000E+00  0.00000000E+00  0.00000000E+00  0.10000000E-01  0.10000000E+01
 0.17800200E-08  0.53144769E-02  0.00000000E+00  0.32920387E+00  0.00000000E+00  0.00000000E+00  0.19151644E+09  0.00000000E+00  0.00000000E+00  0.00000000E+00  0.00000000E+00  0.00000000E+00  0.10000000E-01  0.10000000E+01
 0.17900200E-08  0.53144769E-02  0.00000000E+00  0.33111903E+00  0.00000000E+00  0.00000000E+00  0.19151644E+09  0.00000000E+00  0.00000000E+00  0.00000000E+00  0.00000000E+00  0.00000000E+00  0.10000000E-01  0.10000000E+01
 0.18000200E-08  0.53144769E-02  0.00000000E+00  0.33303420E+00  0.00000000E+00  0.00000000E+00  0.19151644E+09  0.00000000E+00  0.00000000E+00  0.00000000E+00  0.00000000E+00  0.00000000E+00  0.10000000E-01  0.10000000E+01
 0.18100200E-08  0.53144769E-02  0.00000000E+00  0.33494936E+00  0.00000000E+00  0.00000000E+00  0.19151644E+09  0.00000000E+00  0.00000000E+00  0.00000000E+00  0.00000000E+00  0.00000000E+00  0.10000000E-01  0.10000000E+01
 0.18200200E-08  0.53144769E-02  0.00000000E+00  0.33686453E+00  0.00000000E+00  0.00000000E+00  0.19151644E+09  0.00000000E+00  0.00000000E+00  0.00000000E+00  0.00000000E+00  0.00000000E+00  0.10000000E-01  0.10000000E+01
 0.18300200E-08  0.53144769E-02  0.00000000E+00  0.33877969E+00  0.00000000E+00  0.00000000E+00  0.19151644E+09  0.00000000E+00  0.00000000E+00  0.00000000E+00  0.00000000E+00  0.00000000E+00  0.10000000E-01  0.10000000E+01
 0.18400200E-08  0.53144769E-02  0.00000000E+00  0.34069485E+00  0.00000000E+00  0.00000000E+00  0.19151644E+09  0.00000000E+00  0.00000000E+00  0.00000000E+00  0.00000000E+00  0.00000000E+00  0.10000000E-01  0.10000000E+01
 0.18500200E-08  0.53144769E-02  0.00000000E+00  0.34261002E+00  0.00000000E+00  0.00000000E+00  0.19151644E+09  0.00000000E+00  0.00000000E+00  0.00000000E+00  0.00000000E+00  0.00000000E+00  0.10000000E-01  0.10000000E+01
 0.18600200E-08  0.53144769E-02  0.00000000E+00  0.34452518E+00  0.00000000E+00  0.00000000E+00  0.19151644E+09  0.00000000E+00  0.00000000E+00  0.00000000E+00  0.00000000E+00  0.00000000E+00  0.10000000E-01  0.10000000E+01
 0.18700200E-08  0.53144769E-02  0.00000000E+00  0.34644035E+00  0.00000000E+00  0.00000000E+00  0.19151644E+09  0.00000000E+00  0.00000000E+00  0.00000000E+00  0.00000000E+00  0.00000000E+00  0.10000000E-01  0.10000000E+01
 0.18800200E-08  0.53144769E-02  0.00000000E+00  0.34835551E+00  0.00000000E+00  0.00000000E+00  0.19151644E+09  0.00000000E+00  0.00000000E+00  0.00000000E+00  0.00000000E+00  0.00000000E+00  0.10000000E-01  0.10000000E+01
 0.18900200E-08  0.53144769E-02  0.00000000E+00  0.35027068E+00  0.00000000E+00  0.00000000E+00  0.19151644E+09  0.00000000E+00  0.00000000E+00  0.00000000E+00  0.00000000E+00  0.00000000E+00  0.10000000E-01  0.10000000E+01
 0.19000200E-08  0.53144769E-02  0.00000000E+00  0.35218584E+00  0.00000000E+00  0.00000000E+00  0.19151644E+09  0.00000000E+00  0.00000000E+00  0.00000000E+00  0.00000000E+00  0.00000000E+00  0.10000000E-01  0.10000000E+01
 0.19100200E-08  0.53144769E-02  0.00000000E+00  0.35410100E+00  0.00000000E+00  0.00000000E+00  0.19151644E+09  0.00000000E+00  0.00000000E+00  0.00000000E+00  0.00000000E+00  0.00000000E+00  0.10000000E-01  0.10000000E+01
 0.19200200E-08  0.53144769E-02  0.00000000E+00  0.35601617E+00  0.00000000E+00  0.00000000E+00  0.19151644E+09  0.00000000E+00  0.00000000E+00  0.00000000E+00  0.00000000E+00  0.00000000E+00  0.10000000E-01  0.10000000E+01
 0.19300200E-08  0.53144769E-02  0.00000000E+00  0.35793133E+00  0.00000000E+00  0.00000000E+00  0.19151644E+09  0.00000000E+00  0.00000000E+00  0.00000000E+00  0.00000000E+00  0.00000000E+00  0.10000000E-01  0.10000000E+01
 0.19400200E-08  0.53144769E-02  0.00000000E+00  0.35984650E+00  0.00000000E+00  0.00000000E+00  0.19151644E+09  0.00000000E+00  0.00000000E+00  0.00000000E+00  0.00000000E+00  0.00000000E+00  0.10000000E-01  0.10000000E+01
 0.19500200E-08  0.53144769E-02  0.00000000E+00  0.36176166E+00  0.00000000E+00  0.00000000E+00  0.19151644E+09  0.00000000E+00  0.00000000E+00  0.00000000E+00  0.00000000E+00  0.00000000E+00  0.10000000E-01  0.10000000E+01
 0.19600200E-08  0.53144769E-02  0.00000000E+00  0.36367683E+00  0.00000000E+00  0.00000000E+00  0.19151644E+09  0.00000000E+00  0.00000000E+00  0.00000000E+00  0.00000000E+00  0.00000000E+00  0.10000000E-01  0.10000000E+01
 0.19700200E-08  0.53144769E-02  0.00000000E+00  0.36559199E+00  0.00000000E+00  0.00000000E+00  0.19151644E+09  0.00000000E+00  0.00000000E+00  0.00000000E+00  0.00000000E+00  0.00000000E+00  0.10000000E-01  0.10000000E+01
 0.19800200E-08  0.53144769E-02  0.00000000E+00  0.36750716E+00  0.00000000E+00  0.00000000E+00  0.19151644E+09  0.00000000E+00  0.00000000E+00  0.00000000E+00  0.00000000E+00  0.00000000E+00  0.10000000E-01  0.10000000E+01
 0.19900200E-08  0.53144769E-02  0.00000000E+00  0.36942232E+00  0.00000000E+00  0.00000000E+00  0.19151644E+09  0.00000000E+00  0.00000000E+00  0.00000000E+00  0.00000000E+00  0.00000000E+00  0.10000000E-01  0.10000000E+01
