# ptime xp yp zp vx vy vz ex ey ez bx by bz wt
 0.20000000E-13  0.74995961E-02  0.00000000E+00 -0.95570441E-02  0.00000000E+00  0.00000000E+00  0.18211186E+09  0.00000000E+00  0.00000000E+00  0.00000000E+00  0.00000000E+00  0.00000000E+00  0.10000000E-01  0.10000000E+01
 0.10000000E-10  0.74995961E-02  0.00000000E+00 -0.77395677E-02  0.00000000E+00  0.00000000E+00  0.18211186E+09  0.00000000E+00  0.00000000E+00  0.00000000E+00  0.00000000E+00  0.00000000E+00  0.10000000E-01  0.10000000E+01
 0.20000000E-10  0.74995961E-02  0.00000000E+00 -0.59184491E-02  0.00000000E+00  0.00000000E+00  0.18211186E+09  0.00000000E+00  0.00000000E+00  0.00000000E+00  0.00000000E+00  0.00000000E+00  0.10000000E-01  0.10000000E+01
 0.30000000E-10  0.74995961E-02  0.00000000E+00 -0.40973304E-02  0.00000000E+00  0.00000000E+00  0.18211186E+09  0.00000000E+00  0.00000000E+00  0.00000000E+00  0.00000000E+00  0.00000000E+00  0.10000000E-01  0.10000000E+01
 0.40020000E-10  0.74995961E-02  0.00000000E+00 -0.22725695E-02  0.00000000E+00  0.00000000E+00  0.18211186E+09  0.00000000E+00  0.00000000E+00  0.00000000E+00  0.00000000E+00  0.00000000E+00  0.10000000E-01  0.10000000E+01
 0.50020000E-10  0.74995961E-02  0.00000000E+00 -0.45145088E-03  0.00000000E+00  0.00000000E+00  0.18211186E+09  0.00000000E+00  0.00000000E+00  0.00000000E+00  0.00000000E+00  0.00000000E+00  0.10000000E-01  0.10000000E+01
 0.60020000E-10  0.74995961E-02  0.00000000E+00  0.13696678E-02  0.00000000E+00  0.00000000E+00  0.18211186E+09  0.00000000E+00  0.00000000E+00  0.00000000E+00  0.00000000E+00  0.00000000E+00  0.10000000E-01  0.10000000E+01
 0.70020000E-10  0.74995961E-02  0.00000000E+00  0.31907864E-02  0.00000000E+00  0.00000000E+00  0.18211186E+09  0.00000000E+00  0.00000000E+00  0.00000000E+00  0.00000000E+00  0.00000000E+00  0.10000000E-01  0.10000000E+01
 0.80000000E-10  0.74995961E-02  0.00000000E+00  0.50082628E-02  0.00000000E+00  0.00000000E+00  0.18211186E+09  0.00000000E+00  0.00000000E+00  0.00000000E+00  0.00000000E+00  0.00000000E+00  0.10000000E-01  0.10000000E+01
 0.90000000E-10  0.74995961E-02  0.00000000E+00  0.68293815E-02  0.00000000E+00  0.00000000E+00  0.18211186E+09  0.00000000E+00  0.00000000E+00  0.00000000E+00  0.00000000E+00  0.00000000E+00  0.10000000E-01  0.10000000E+01
 0.10000000E-09  0.74995961E-02  0.00000000E+00  0.86505001E-02  0.00000000E+00  0.00000000E+00  0.18211186E+09  0.00000000E+00  0.00000000E+00  0.00000000E+00  0.00000000E+00  0.00000000E+00  0.10000000E-01  0.10000000E+01
 0.11000000E-09  0.74995961E-02  0.00000000E+00  0.10471619E-01  0.00000000E+00  0.00000000E+00  0.18211186E+09  0.00000000E+00  0.00000000E+00  0.00000000E+00  0.00000000E+00  0.00000000E+00  0.10000000E-01  0.10000000E+01
 0.12000000E-09  0.74995961E-02  0.00000000E+00  0.12292737E-01  0.00000000E+00  0.00000000E+00  0.18211186E+09  0.00000000E+00  0.00000000E+00  0.00000000E+00  0.00000000E+00  0.00000000E+00  0.10000000E-01  0.10000000E+01
 0.13000000E-09  0.74995961E-02  0.00000000E+00  0.14113856E-01  0.00000000E+00  0.00000000E+00  0.18211186E+09  0.00000000E+00  0.00000000E+00  0.00000000E+00  0.00000000E+00  0.00000000E+00  0.10000000E-01  0.10000000E+01
 0.14002000E-09  0.74995961E-02  0.00000000E+00  0.15938617E-01  0.00000000E+00  0.00000000E+00  0.18211186E+09  0.00000000E+00  0.00000000E+00  0.00000000E+00  0.00000000E+00  0.00000000E+00  0.10000000E-01  0.10000000E+01
 0.15002000E-09  0.74995961E-02  0.00000000E+00  0.17759736E-01  0.00000000E+00  0.00000000E+00  0.18211186E+09  0.00000000E+00  0.00000000E+00  0.00000000E+00  0.00000000E+00  0.00000000E+00  0.10000000E-01  0.10000000E+01
 0.16002000E-09  0.74995961E-02  0.00000000E+00  0.19580854E-01  0.00000000E+00  0.00000000E+00  0.18211186E+09  0.00000000E+00  0.00000000E+00  0.00000000E+00  0.00000000E+00  0.00000000E+00  0.10000000E-01  0.10000000E+01
 0.17002000E-09  0.74995961E-02  0.00000000E+00  0.21401973E-01  0.00000000E+00  0.00000000E+00  0.18211186E+09  0.00000000E+00  0.00000000E+00  0.00000000E+00  0.00000000E+00  0.00000000E+00  0.10000000E-01  0.10000000E+01
 0.18002000E-09  0.74995961E-02  0.00000000E+00  0.23223092E-01  0.00000000E+00  0.00000000E+00  0.18211186E+09  0.00000000E+00  0.00000000E+00  0.00000000E+00  0.00000000E+00  0.00000000E+00  0.10000000E-01  0.10000000E+01
 0.19002000E-09  0.74995961E-02  0.00000000E+00  0.25044210E-01  0.00000000E+00  0.00000000E+00  0.18211186E+09  0.00000000E+00  0.00000000E+00  0.00000000E+00  0.00000000E+00  0.00000000E+00  0.10000000E-01  0.10000000E+01
 0.20002000E-09  0.74995961E-02  0.00000000E+00  0.26865329E-01  0.00000000E+00  0.00000000E+00  0.18211186E+09  0.00000000E+00  0.00000000E+00  0.00000000E+00  0.00000000E+00  0.00000000E+00  0.10000000E-01  0.10000000E+01
 0.21002000E-09  0.74995961E-02  0.00000000E+00  0.28686448E-01  0.00000000E+00  0.00000000E+00  0.18211186E+09  0.00000000E+00  0.00000000E+00  0.00000000E+00  0.00000000E+00  0.00000000E+00  0.10000000E-01  0.10000000E+01
 0.22002000E-09  0.74995961E-02  0.00000000E+00  0.30507566E-01  0.00000000E+00  0.00000000E+00  0.18211186E+09  0.00000000E+00  0.00000000E+00  0.00000000E+00  0.00000000E+00  0.00000000E+00  0.10000000E-01  0.10000000E+01
 0.23002000E-09  0.74995961E-02  0.00000000E+00  0.32328685E-01  0.00000000E+00  0.00000000E+00  0.18211186E+09  0.00000000E+00  0.00000000E+00  0.00000000E+00  0.00000000E+00  0.00000000E+00  0.10000000E-01  0.10000000E+01
 0.24002000E-09  0.74995961E-02  0.00000000E+00  0.34149803E-01  0.00000000E+00  0.00000000E+00  0.18211186E+09  0.00000000E+00  0.00000000E+00  0.00000000E+00  0.00000000E+00  0.00000000E+00  0.10000000E-01  0.10000000E+01
 0.25002000E-09  0.74995961E-02  0.00000000E+00  0.35970922E-01  0.00000000E+00  0.00000000E+00  0.18211186E+09  0.00000000E+00  0.00000000E+00  0.00000000E+00  0.00000000E+00  0.00000000E+00  0.10000000E-01  0.10000000E+01
 0.26002000E-09  0.74995961E-02  0.00000000E+00  0.37792041E-01  0.00000000E+00  0.00000000E+00  0.18211186E+09  0.00000000E+00  0.00000000E+00  0.00000000E+00  0.00000000E+00  0.00000000E+00  0.10000000E-01  0.10000000E+01
 0.27002000E-09  0.74995961E-02  0.00000000E+00  0.39613159E-01  0.00000000E+00  0.00000000E+00  0.18211186E+09  0.00000000E+00  0.00000000E+00  0.00000000E+00  0.00000000E+00  0.00000000E+00  0.10000000E-01  0.10000000E+01
 0.28002000E-09  0.74995961E-02  0.00000000E+00  0.41434278E-01  0.00000000E+00  0.00000000E+00  0.18211186E+09  0.00000000E+00  0.00000000E+00  0.00000000E+00  0.00000000E+00  0.00000000E+00  0.10000000E-01  0.10000000E+01
 0.29002000E-09  0.74995961E-02  0.00000000E+00  0.43255397E-01  0.00000000E+00  0.00000000E+00  0.18211186E+09  0.00000000E+00  0.00000000E+00  0.00000000E+00  0.00000000E+00  0.00000000E+00  0.10000000E-01  0.10000000E+01
 0.30000000E-09  0.74995961E-02  0.00000000E+00  0.45072873E-01  0.00000000E+00  0.00000000E+00  0.18211186E+09  0.00000000E+00  0.00000000E+00  0.00000000E+00  0.00000000E+00  0.00000000E+00  0.10000000E-01  0.10000000E+01
 0.31000000E-09  0.74995961E-02  0.00000000E+00  0.46893992E-01  0.00000000E+00  0.00000000E+00  0.18211186E+09  0.00000000E+00  0.00000000E+00  0.00000000E+00  0.00000000E+00  0.00000000E+00  0.10000000E-01  0.10000000E+01
 0.32000000E-09  0.74995961E-02  0.00000000E+00  0.48715110E-01  0.00000000E+00  0.00000000E+00  0.18211186E+09  0.00000000E+00  0.00000000E+00  0.00000000E+00  0.00000000E+00  0.00000000E+00  0.10000000E-01  0.10000000E+01
 0.33000000E-09  0.74995961E-02  0.00000000E+00  0.50536229E-01  0.00000000E+00  0.00000000E+00  0.18211186E+09  0.00000000E+00  0.00000000E+00  0.00000000E+00  0.00000000E+00  0.00000000E+00  0.10000000E-01  0.10000000E+01
 0.34000000E-09  0.74995961E-02  0.00000000E+00  0.52357348E-01  0.00000000E+00  0.00000000E+00  0.18211186E+09  0.00000000E+00  0.00000000E+00  0.00000000E+00  0.00000000E+00  0.00000000E+00  0.10000000E-01  0.10000000E+01
 0.35000000E-09  0.74995961E-02  0.00000000E+00  0.54178466E-01  0.00000000E+00  0.00000000E+00  0.18211186E+09  0.00000000E+00  0.00000000E+00  0.00000000E+00  0.00000000E+00  0.00000000E+00  0.10000000E-01  0.10000000E+01
 0.36000000E-09  0.74995961E-02  0.00000000E+00  0.55999585E-01  0.00000000E+00  0.00000000E+00  0.18211186E+09  0.00000000E+00  0.00000000E+00  0.00000000E+00  0.00000000E+00  0.00000000E+00  0.10000000E-01  0.10000000E+01
 0.37000000E-09  0.74995961E-02  0.00000000E+00  0.57820704E-01  0.00000000E+00  0.00000000E+00  0.18211186E+09  0.00000000E+00  0.00000000E+00  0.00000000E+00  0.00000000E+00  0.00000000E+00  0.10000000E-01  0.10000000E+01
 0.38000000E-09  0.74995961E-02  0.00000000E+00  0.59641822E-01  0.00000000E+00  0.00000000E+00  0.18211186E+09  0.00000000E+00  0.00000000E+00  0.00000000E+00  0.00000000E+00  0.00000000E+00  0.10000000E-01  0.10000000E+01
 0.39000000E-09  0.74995961E-02  0.00000000E+00  0.61462941E-01  0.00000000E+00  0.00000000E+00  0.18211186E+09  0.00000000E+00  0.00000000E+00  0.00000000E+00  0.00000000E+00  0.00000000E+00  0.10000000E-01  0.10000000E+01
 0.40000000E-09  0.74995961E-02  0.00000000E+00  0.63284060E-01  0.00000000E+00  0.00000000E+00  0.18211186E+09  0.00000000E+00  0.00000000E+00  0.00000000E+00  0.00000000E+00  0.00000000E+00  0.10000000E-01  0.10000000E+01
 0.41000000E-09  0.74995961E-02  0.00000000E+00  0.65105178E-01  0.00000000E+00  0.00000000E+00  0.18211186E+09  0.00000000E+00  0.00000000E+00  0.00000000E+00  0.00000000E+00  0.00000000E+00  0.10000000E-01  0.10000000E+01
 0.42000000E-09  0.74995961E-02  0.00000000E+00  0.66926297E-01  0.00000000E+00  0.00000000E+00  0.18211186E+09  0.00000000E+00  0.00000000E+00  0.00000000E+00  0.00000000E+00  0.00000000E+00  0.10000000E-01  0.10000000E+01
 0.43000000E-09  0.74995961E-02  0.00000000E+00  0.68747416E-01  0.00000000E+00  0.00000000E+00  0.18211186E+09  0.00000000E+00  0.00000000E+00  0.00000000E+00  0.00000000E+00  0.00000000E+00  0.10000000E-01  0.10000000E+01
 0.44000000E-09  0.74995961E-02  0.00000000E+00  0.70568534E-01  0.00000000E+00  0.00000000E+00  0.18211186E+09  0.00000000E+00  0.00000000E+00  0.00000000E+00  0.00000000E+00  0.00000000E+00  0.10000000E-01  0.10000000E+01
 0.45000000E-09  0.74995961E-02  0.00000000E+00  0.72389653E-01  0.00000000E+00  0.00000000E+00  0.18211186E+09  0.00000000E+00  0.00000000E+00  0.00000000E+00  0.00000000E+00  0.00000000E+00  0.10000000E-01  0.10000000E+01
 0.46000000E-09  0.74995961E-02  0.00000000E+00  0.74210772E-01  0.00000000E+00  0.00000000E+00  0.18211186E+09  0.00000000E+00  0.00000000E+00  0.00000000E+00  0.00000000E+00  0.00000000E+00  0.10000000E-01  0.10000000E+01
 0.47000000E-09  0.74995961E-02  0.00000000E+00  0.76031890E-01  0.00000000E+00  0.00000000E+00  0.18211186E+09  0.00000000E+00  0.00000000E+00  0.00000000E+00  0.00000000E+00  0.00000000E+00  0.10000000E-01  0.10000000E+01
 0.48000000E-09  0.74995961E-02  0.00000000E+00  0.77853009E-01  0.00000000E+00  0.00000000E+00  0.18211186E+09  0.00000000E+00  0.00000000E+00  0.00000000E+00  0.00000000E+00  0.00000000E+00  0.10000000E-01  0.10000000E+01
 0.49000000E-09  0.74995961E-02  0.00000000E+00  0.79674127E-01  0.00000000E+00  0.00000000E+00  0.18211186E+09  0.00000000E+00  0.00000000E+00  0.00000000E+00  0.00000000E+00  0.00000000E+00  0.10000000E-01  0.10000000E+01
 0.50000000E-09  0.74995961E-02  0.00000000E+00  0.81495246E-01  0.00000000E+00  0.00000000E+00  0.18211186E+09  0.00000000E+00  0.00000000E+00  0.00000000E+00  0.00000000E+00  0.00000000E+00  0.10000000E-01  0.10000000E+01
 0.51000000E-09  0.74995961E-02  0.00000000E+00  0.83316365E-01  0.00000000E+00  0.00000000E+00  0.18211186E+09  0.00000000E+00  0.00000000E+00  0.00000000E+00  0.00000000E+00  0.00000000E+00  0.10000000E-01  0.10000000E+01
 0.52000000E-09  0.74995961E-02  0.00000000E+00  0.85137483E-01  0.00000000E+00  0.00000000E+00  0.18211186E+09  0.00000000E+00  0.00000000E+00  0.00000000E+00  0.00000000E+00  0.00000000E+00  0.10000000E-01  0.10000000E+01
 0.53000000E-09  0.74995961E-02  0.00000000E+00  0.86958602E-01  0.00000000E+00  0.00000000E+00  0.18211186E+09  0.00000000E+00  0.00000000E+00  0.00000000E+00  0.00000000E+00  0.00000000E+00  0.10000000E-01  0.10000000E+01
 0.54000000E-09  0.74995961E-02  0.00000000E+00  0.88779721E-01  0.00000000E+00  0.00000000E+00  0.18211186E+09  0.00000000E+00  0.00000000E+00  0.00000000E+00  0.00000000E+00  0.00000000E+00  0.10000000E-01  0.10000000E+01
 0.55002000E-09  0.74995961E-02  0.00000000E+00  0.90604482E-01  0.00000000E+00  0.00000000E+00  0.18211186E+09  0.00000000E+00  0.00000000E+00  0.00000000E+00  0.00000000E+00  0.00000000E+00  0.10000000E-01  0.10000000E+01
 0.56002000E-09  0.74995961E-02  0.00000000E+00  0.92425600E-01  0.00000000E+00  0.00000000E+00  0.18211186E+09  0.00000000E+00  0.00000000E+00  0.00000000E+00  0.00000000E+00  0.00000000E+00  0.10000000E-01  0.10000000E+01
 0.57002000E-09  0.74995961E-02  0.00000000E+00  0.94246719E-01  0.00000000E+00  0.00000000E+00  0.18211186E+09  0.00000000E+00  0.00000000E+00  0.00000000E+00  0.00000000E+00  0.00000000E+00  0.10000000E-01  0.10000000E+01
 0.58002000E-09  0.74995961E-02  0.00000000E+00  0.96067838E-01  0.00000000E+00  0.00000000E+00  0.18211186E+09  0.00000000E+00  0.00000000E+00  0.00000000E+00  0.00000000E+00  0.00000000E+00  0.10000000E-01  0.10000000E+01
 0.59002000E-09  0.74995961E-02  0.00000000E+00  0.97888956E-01  0.00000000E+00  0.00000000E+00  0.18211186E+09  0.00000000E+00  0.00000000E+00  0.00000000E+00  0.00000000E+00  0.00000000E+00  0.10000000E-01  0.10000000E+01
 0.60002000E-09  0.74995961E-02  0.00000000E+00  0.99710075E-01  0.00000000E+00  0.00000000E+00  0.18211186E+09  0.00000000E+00  0.00000000E+00  0.00000000E+00  0.00000000E+00  0.00000000E+00  0.10000000E-01  0.10000000E+01
 0.61002000E-09  0.74995961E-02  0.00000000E+00  0.10153119E+00  0.00000000E+00  0.00000000E+00  0.18211186E+09  0.00000000E+00  0.00000000E+00  0.00000000E+00  0.00000000E+00  0.00000000E+00  0.10000000E-01  0.10000000E+01
 0.62002000E-09  0.74995961E-02  0.00000000E+00  0.10335231E+00  0.00000000E+00  0.00000000E+00  0.18211186E+09  0.00000000E+00  0.00000000E+00  0.00000000E+00  0.00000000E+00  0.00000000E+00  0.10000000E-01  0.10000000E+01
 0.63002000E-09  0.74995961E-02  0.00000000E+00  0.10517343E+00  0.00000000E+00  0.00000000E+00  0.18211186E+09  0.00000000E+00  0.00000000E+00  0.00000000E+00  0.00000000E+00  0.00000000E+00  0.10000000E-01  0.10000000E+01
 0.64002000E-09  0.74995961E-02  0.00000000E+00  0.10699455E+00  0.00000000E+00  0.00000000E+00  0.18211186E+09  0.00000000E+00  0.00000000E+00  0.00000000E+00  0.00000000E+00  0.00000000E+00  0.10000000E-01  0.10000000E+01
 0.65002000E-09  0.74995961E-02  0.00000000E+00  0.10881567E+00  0.00000000E+00  0.00000000E+00  0.18211186E+09  0.00000000E+00  0.00000000E+00  0.00000000E+00  0.00000000E+00  0.00000000E+00  0.10000000E-01  0.10000000E+01
 0.66002000E-09  0.74995961E-02  0.00000000E+00  0.11063679E+00  0.00000000E+00  0.00000000E+00  0.18211186E+09  0.00000000E+00  0.00000000E+00  0.00000000E+00  0.00000000E+00  0.00000000E+00  0.10000000E-01  0.10000000E+01
 0.67002000E-09  0.74995961E-02  0.00000000E+00  0.11245791E+00  0.00000000E+00  0.00000000E+00  0.18211186E+09  0.00000000E+00  0.00000000E+00  0.00000000E+00  0.00000000E+00  0.00000000E+00  0.10000000E-01  0.10000000E+01
 0.68002000E-09  0.74995961E-02  0.00000000E+00  0.11427902E+00  0.00000000E+00  0.00000000E+00  0.18211186E+09  0.00000000E+00  0.00000000E+00  0.00000000E+00  0.00000000E+00  0.00000000E+00  0.10000000E-01  0.10000000E+01
 0.69002000E-09  0.74995961E-02  0.00000000E+00  0.11610014E+00  0.00000000E+00  0.00000000E+00  0.18211186E+09  0.00000000E+00  0.00000000E+00  0.00000000E+00  0.00000000E+00  0.00000000E+00  0.10000000E-01  0.10000000E+01
 0.70002000E-09  0.74995961E-02  0.00000000E+00  0.11792126E+00  0.00000000E+00  0.00000000E+00  0.18211186E+09  0.00000000E+00  0.00000000E+00  0.00000000E+00  0.00000000E+00  0.00000000E+00  0.10000000E-01  0.10000000E+01
 0.71002000E-09  0.74995961E-02  0.00000000E+00  0.11974238E+00  0.00000000E+00  0.00000000E+00  0.18211186E+09  0.00000000E+00  0.00000000E+00  0.00000000E+00  0.00000000E+00  0.00000000E+00  0.10000000E-01  0.10000000E+01
 0.72002000E-09  0.74995961E-02  0.00000000E+00  0.12156350E+00  0.00000000E+00  0.00000000E+00  0.18211186E+09  0.00000000E+00  0.00000000E+00  0.00000000E+00  0.00000000E+00  0.00000000E+00  0.10000000E-01  0.10000000E+01
 0.73002000E-09  0.74995961E-02  0.00000000E+00  0.12338462E+00  0.00000000E+00  0.00000000E+00  0.18211186E+09  0.00000000E+00  0.00000000E+00  0.00000000E+00  0.00000000E+00  0.00000000E+00  0.10000000E-01  0.10000000E+01
 0.74002000E-09  0.74995961E-02  0.00000000E+00  0.12520574E+00  0.00000000E+00  0.00000000E+00  0.18211186E+09  0.00000000E+00  0.00000000E+00  0.00000000E+00  0.00000000E+00  0.00000000E+00  0.10000000E-01  0.10000000E+01
 0.75002000E-09  0.74995961E-02  0.00000000E+00  0.12702685E+00  0.00000000E+00  0.00000000E+00  0.18211186E+09  0.00000000E+00  0.00000000E+00  0.00000000E+00  0.00000000E+00  0.00000000E+00  0.10000000E-01  0.10000000E+01
 0.76002000E-09  0.74995961E-02  0.00000000E+00  0.12884797E+00  0.00000000E+00  0.00000000E+00  0.18211186E+09  0.00000000E+00  0.00000000E+00  0.00000000E+00  0.00000000E+00  0.00000000E+00  0.10000000E-01  0.10000000E+01
 0.77002000E-09  0.74995961E-02  0.00000000E+00  0.13066909E+00  0.00000000E+00  0.00000000E+00  0.18211186E+09  0.00000000E+00  0.00000000E+00  0.00000000E+00  0.00000000E+00  0.00000000E+00  0.10000000E-01  0.10000000E+01
 0.78002000E-09  0.74995961E-02  0.00000000E+00  0.13249021E+00  0.00000000E+00  0.00000000E+00  0.18211186E+09  0.00000000E+00  0.00000000E+00  0.00000000E+00  0.00000000E+00  0.00000000E+00  0.10000000E-01  0.10000000E+01
 0.79002000E-09  0.74995961E-02  0.00000000E+00  0.13431133E+00  0.00000000E+00  0.00000000E+00  0.18211186E+09  0.00000000E+00  0.00000000E+00  0.00000000E+00  0.00000000E+00  0.00000000E+00  0.10000000E-01  0.10000000E+01
 0.80002000E-09  0.74995961E-02  0.00000000E+00  0.13613245E+00  0.00000000E+00  0.00000000E+00  0.18211186E+09  0.00000000E+00  0.00000000E+00  0.00000000E+00  0.00000000E+00  0.00000000E+00  0.10000000E-01  0.10000000E+01
 0.81002000E-09  0.74995961E-02  0.00000000E+00  0.13795357E+00  0.00000000E+00  0.00000000E+00  0.18211186E+09  0.00000000E+00  0.00000000E+00  0.00000000E+00  0.00000000E+00  0.00000000E+00  0.10000000E-01  0.10000000E+01
 0.82002000E-09  0.74995961E-02  0.00000000E+00  0.13977469E+00  0.00000000E+00  0.00000000E+00  0.18211186E+09  0.00000000E+00  0.00000000E+00  0.00000000E+00  0.00000000E+00  0.00000000E+00  0.10000000E-01  0.10000000E+01
 0.83002000E-09  0.74995961E-02  0.00000000E+00  0.14159580E+00  0.00000000E+00  0.00000000E+00  0.18211186E+09  0.00000000E+00  0.00000000E+00  0.00000000E+00  0.00000000E+00  0.00000000E+00  0.10000000E-01  0.10000000E+01
 0.84002000E-09  0.74995961E-02  0.00000000E+00  0.14341692E+00  0.00000000E+00  0.00000000E+00  0.18211186E+09  0.00000000E+00  0.00000000E+00  0.00000000E+00  0.00000000E+00  0.00000000E+00  0.10000000E-01  0.10000000E+01
 0.85002000E-09  0.74995961E-02  0.00000000E+00  0.14523804E+00  0.00000000E+00  0.00000000E+00  0.18211186E+09  0.00000000E+00  0.00000000E+00  0.00000000E+00  0.00000000E+00  0.00000000E+00  0.10000000E-01  0.10000000E+01
 0.86002000E-09  0.74995961E-02  0.00000000E+00  0.14705916E+00  0.00000000E+00  0.00000000E+00  0.18211186E+09  0.00000000E+00  0.00000000E+00  0.00000000E+00  0.00000000E+00  0.00000000E+00  0.10000000E-01  0.10000000E+01
 0.87002000E-09  0.74995961E-02  0.00000000E+00  0.14888028E+00  0.00000000E+00  0.00000000E+00  0.18211186E+09  0.00000000E+00  0.00000000E+00  0.00000000E+00  0.00000000E+00  0.00000000E+00  0.10000000E-01  0.10000000E+01
 0.88002000E-09  0.74995961E-02  0.00000000E+00  0.15070140E+00  0.00000000E+00  0.00000000E+00  0.18211186E+09  0.00000000E+00  0.00000000E+00  0.00000000E+00  0.00000000E+00  0.00000000E+00  0.10000000E-01  0.10000000E+01
 0.89002000E-09  0.74995961E-02  0.00000000E+00  0.15252252E+00  0.00000000E+00  0.00000000E+00  0.18211186E+09  0.00000000E+00  0.00000000E+00  0.00000000E+00  0.00000000E+00  0.00000000E+00  0.10000000E-01  0.10000000E+01
 0.90002000E-09  0.74995961E-02  0.00000000E+00  0.15434363E+00  0.00000000E+00  0.00000000E+00  0.18211186E+09  0.00000000E+00  0.00000000E+00  0.00000000E+00  0.00000000E+00  0.00000000E+00  0.10000000E-01  0.10000000E+01
 0.91002000E-09  0.74995961E-02  0.00000000E+00  0.15616475E+00  0.00000000E+00  0.00000000E+00  0.18211186E+09  0.00000000E+00  0.00000000E+00  0.00000000E+00  0.00000000E+00  0.00000000E+00  0.10000000E-01  0.10000000E+01
 0.92002000E-09  0.74995961E-02  0.00000000E+00  0.15798587E+00  0.00000000E+00  0.00000000E+00  0.18211186E+09  0.00000000E+00  0.00000000E+00  0.00000000E+00  0.00000000E+00  0.00000000E+00  0.10000000E-01  0.10000000E+01
 0.93002000E-09  0.74995961E-02  0.00000000E+00  0.15980699E+00  0.00000000E+00  0.00000000E+00  0.18211186E+09  0.00000000E+00  0.00000000E+00  0.00000000E+00  0.00000000E+00  0.00000000E+00  0.10000000E-01  0.10000000E+01
 0.94002000E-09  0.74995961E-02  0.00000000E+00  0.16162811E+00  0.00000000E+00  0.00000000E+00  0.18211186E+09  0.00000000E+00  0.00000000E+00  0.00000000E+00  0.00000000E+00  0.00000000E+00  0.10000000E-01  0.10000000E+01
 0.95002000E-09  0.74995961E-02  0.00000000E+00  0.16344923E+00  0.00000000E+00  0.00000000E+00  0.18211186E+09  0.00000000E+00  0.00000000E+00  0.00000000E+00  0.00000000E+00  0.00000000E+00  0.10000000E-01  0.10000000E+01
 0.96002000E-09  0.74995961E-02  0.00000000E+00  0.16527035E+00  0.00000000E+00  0.00000000E+00  0.18211186E+09  0.00000000E+00  0.00000000E+00  0.00000000E+00  0.00000000E+00  0.00000000E+00  0.10000000E-01  0.10000000E+01
 0.97002000E-09  0.74995961E-02  0.00000000E+00  0.16709146E+00  0.00000000E+00  0.00000000E+00  0.18211186E+09  0.00000000E+00  0.00000000E+00  0.00000000E+00  0.00000000E+00  0.00000000E+00  0.10000000E-01  0.10000000E+01
 0.98002000E-09  0.74995961E-02  0.00000000E+00  0.16891258E+00  0.00000000E+00  0.00000000E+00  0.18211186E+09  0.00000000E+00  0.00000000E+00  0.00000000E+00  0.00000000E+00  0.00000000E+00  0.10000000E-01  0.10000000E+01
 0.99002000E-09  0.74995961E-02  0.00000000E+00  0.17073370E+00  0.00000000E+00  0.00000000E+00  0.18211186E+09  0.00000000E+00  0.00000000E+00  0.00000000E+00  0.00000000E+00  0.00000000E+00  0.10000000E-01  0.10000000E+01
 0.10000200E-08  0.74995961E-02  0.00000000E+00  0.17255482E+00  0.00000000E+00  0.00000000E+00  0.18211186E+09  0.00000000E+00  0.00000000E+00  0.00000000E+00  0.00000000E+00  0.00000000E+00  0.10000000E-01  0.10000000E+01
 0.10100200E-08  0.74995961E-02  0.00000000E+00  0.17437594E+00  0.00000000E+00  0.00000000E+00  0.18211186E+09  0.00000000E+00  0.00000000E+00  0.00000000E+00  0.00000000E+00  0.00000000E+00  0.10000000E-01  0.10000000E+01
 0.10200200E-08  0.74995961E-02  0.00000000E+00  0.17619706E+00  0.00000000E+00  0.00000000E+00  0.18211186E+09  0.00000000E+00  0.00000000E+00  0.00000000E+00  0.00000000E+00  0.00000000E+00  0.10000000E-01  0.10000000E+01
 0.10300200E-08  0.74995961E-02  0.00000000E+00  0.17801818E+00  0.00000000E+00  0.00000000E+00  0.18211186E+09  0.00000000E+00  0.00000000E+00  0.00000000E+00  0.00000000E+00  0.00000000E+00  0.10000000E-01  0.10000000E+01
 0.10400200E-08  0.74995961E-02  0.00000000E+00  0.17983930E+00  0.00000000E+00  0.00000000E+00  0.18211186E+09  0.00000000E+00  0.00000000E+00  0.00000000E+00  0.00000000E+00  0.00000000E+00  0.10000000E-01  0.10000000E+01
 0.10500200E-08  0.74995961E-02  0.00000000E+00  0.18166041E+00  0.00000000E+00  0.00000000E+00  0.18211186E+09  0.00000000E+00  0.00000000E+00  0.00000000E+00  0.00000000E+00  0.00000000E+00  0.10000000E-01  0.10000000E+01
 0.10600200E-08  0.74995961E-02  0.00000000E+00  0.18348153E+00  0.00000000E+00  0.00000000E+00  0.18211186E+09  0.00000000E+00  0.00000000E+00  0.00000000E+00  0.00000000E+00  0.00000000E+00  0.10000000E-01  0.10000000E+01
 0.10700200E-08  0.74995961E-02  0.00000000E+00  0.18530265E+00  0.00000000E+00  0.00000000E+00  0.18211186E+09  0.00000000E+00  0.00000000E+00  0.00000000E+00  0.00000000E+00  0.00000000E+00  0.10000000E-01  0.10000000E+01
 0.10800200E-08  0.74995961E-02  0.00000000E+00  0.18712377E+00  0.00000000E+00  0.00000000E+00  0.18211186E+09  0.00000000E+00  0.00000000E+00  0.00000000E+00  0.00000000E+00  0.00000000E+00  0.10000000E-01  0.10000000E+01
 0.10900200E-08  0.74995961E-02  0.00000000E+00  0.18894489E+00  0.00000000E+00  0.00000000E+00  0.18211186E+09  0.00000000E+00  0.00000000E+00  0.00000000E+00  0.00000000E+00  0.00000000E+00  0.10000000E-01  0.10000000E+01
 0.11000200E-08  0.74995961E-02  0.00000000E+00  0.19076601E+00  0.00000000E+00  0.00000000E+00  0.18211186E+09  0.00000000E+00  0.00000000E+00  0.00000000E+00  0.00000000E+00  0.00000000E+00  0.10000000E-01  0.10000000E+01
 0.11100200E-08  0.74995961E-02  0.00000000E+00  0.19258713E+00  0.00000000E+00  0.00000000E+00  0.18211186E+09  0.00000000E+00  0.00000000E+00  0.00000000E+00  0.00000000E+00  0.00000000E+00  0.10000000E-01  0.10000000E+01
 0.11200200E-08  0.74995961E-02  0.00000000E+00  0.19440824E+00  0.00000000E+00  0.00000000E+00  0.18211186E+09  0.00000000E+00  0.00000000E+00  0.00000000E+00  0.00000000E+00  0.00000000E+00  0.10000000E-01  0.10000000E+01
 0.11300200E-08  0.74995961E-02  0.00000000E+00  0.19622936E+00  0.00000000E+00  0.00000000E+00  0.18211186E+09  0.00000000E+00  0.00000000E+00  0.00000000E+00  0.00000000E+00  0.00000000E+00  0.10000000E-01  0.10000000E+01
 0.11400200E-08  0.74995961E-02  0.00000000E+00  0.19805048E+00  0.00000000E+00  0.00000000E+00  0.18211186E+09  0.00000000E+00  0.00000000E+00  0.00000000E+00  0.00000000E+00  0.00000000E+00  0.10000000E-01  0.10000000E+01
 0.11500200E-08  0.74995961E-02  0.00000000E+00  0.19987160E+00  0.00000000E+00  0.00000000E+00  0.18211186E+09  0.00000000E+00  0.00000000E+00  0.00000000E+00  0.00000000E+00  0.00000000E+00  0.10000000E-01  0.10000000E+01
 0.11600200E-08  0.74995961E-02  0.00000000E+00  0.20169272E+00  0.00000000E+00  0.00000000E+00  0.18211186E+09  0.00000000E+00  0.00000000E+00  0.00000000E+00  0.00000000E+00  0.00000000E+00  0.10000000E-01  0.10000000E+01
 0.11700200E-08  0.74995961E-02  0.00000000E+00  0.20351384E+00  0.00000000E+00  0.00000000E+00  0.18211186E+09  0.00000000E+00  0.00000000E+00  0.00000000E+00  0.00000000E+00  0.00000000E+00  0.10000000E-01  0.10000000E+01
 0.11800200E-08  0.74995961E-02  0.00000000E+00  0.20533496E+00  0.00000000E+00  0.00000000E+00  0.18211186E+09  0.00000000E+00  0.00000000E+00  0.00000000E+00  0.00000000E+00  0.00000000E+00  0.10000000E-01  0.10000000E+01
 0.11900200E-08  0.74995961E-02  0.00000000E+00  0.20715608E+00  0.00000000E+00  0.00000000E+00  0.18211186E+09  0.00000000E+00  0.00000000E+00  0.00000000E+00  0.00000000E+00  0.00000000E+00  0.10000000E-01  0.10000000E+01
 0.12000200E-08  0.74995961E-02  0.00000000E+00  0.20897719E+00  0.00000000E+00  0.00000000E+00  0.18211186E+09  0.00000000E+00  0.00000000E+00  0.00000000E+00  0.00000000E+00  0.00000000E+00  0.10000000E-01  0.10000000E+01
 0.12100200E-08  0.74995961E-02  0.00000000E+00  0.21079831E+00  0.00000000E+00  0.00000000E+00  0.18211186E+09  0.00000000E+00  0.00000000E+00  0.00000000E+00  0.00000000E+00  0.00000000E+00  0.10000000E-01  0.10000000E+01
 0.12200200E-08  0.74995961E-02  0.00000000E+00  0.21261943E+00  0.00000000E+00  0.00000000E+00  0.18211186E+09  0.00000000E+00  0.00000000E+00  0.00000000E+00  0.00000000E+00  0.00000000E+00  0.10000000E-01  0.10000000E+01
 0.12300200E-08  0.74995961E-02  0.00000000E+00  0.21444055E+00  0.00000000E+00  0.00000000E+00  0.18211186E+09  0.00000000E+00  0.00000000E+00  0.00000000E+00  0.00000000E+00  0.00000000E+00  0.10000000E-01  0.10000000E+01
 0.12400200E-08  0.74995961E-02  0.00000000E+00  0.21626167E+00  0.00000000E+00  0.00000000E+00  0.18211186E+09  0.00000000E+00  0.00000000E+00  0.00000000E+00  0.00000000E+00  0.00000000E+00  0.10000000E-01  0.10000000E+01
 0.12500200E-08  0.74995961E-02  0.00000000E+00  0.21808279E+00  0.00000000E+00  0.00000000E+00  0.18211186E+09  0.00000000E+00  0.00000000E+00  0.00000000E+00  0.00000000E+00  0.00000000E+00  0.10000000E-01  0.10000000E+01
 0.12600200E-08  0.74995961E-02  0.00000000E+00  0.21990391E+00  0.00000000E+00  0.00000000E+00  0.18211186E+09  0.00000000E+00  0.00000000E+00  0.00000000E+00  0.00000000E+00  0.00000000E+00  0.10000000E-01  0.10000000E+01
 0.12700200E-08  0.74995961E-02  0.00000000E+00  0.22172502E+00  0.00000000E+00  0.00000000E+00  0.18211186E+09  0.00000000E+00  0.00000000E+00  0.00000000E+00  0.00000000E+00  0.00000000E+00  0.10000000E-01  0.10000000E+01
 0.12800200E-08  0.74995961E-02  0.00000000E+00  0.22354614E+00  0.00000000E+00  0.00000000E+00  0.18211186E+09  0.00000000E+00  0.00000000E+00  0.00000000E+00  0.00000000E+00  0.00000000E+00  0.10000000E-01  0.10000000E+01
 0.12900200E-08  0.74995961E-02  0.00000000E+00  0.22536726E+00  0.00000000E+00  0.00000000E+00  0.18211186E+09  0.00000000E+00  0.00000000E+00  0.00000000E+00  0.00000000E+00  0.00000000E+00  0.10000000E-01  0.10000000E+01
 0.13000200E-08  0.74995961E-02  0.00000000E+00  0.22718838E+00  0.00000000E+00  0.00000000E+00  0.18211186E+09  0.00000000E+00  0.00000000E+00  0.00000000E+00  0.00000000E+00  0.00000000E+00  0.10000000E-01  0.10000000E+01
 0.13100200E-08  0.74995961E-02  0.00000000E+00  0.22900950E+00  0.00000000E+00  0.00000000E+00  0.18211186E+09  0.00000000E+00  0.00000000E+00  0.00000000E+00  0.00000000E+00  0.00000000E+00  0.10000000E-01  0.10000000E+01
 0.13200200E-08  0.74995961E-02  0.00000000E+00  0.23083062E+00  0.00000000E+00  0.00000000E+00  0.18211186E+09  0.00000000E+00  0.00000000E+00  0.00000000E+00  0.00000000E+00  0.00000000E+00  0.10000000E-01  0.10000000E+01
 0.13300200E-08  0.74995961E-02  0.00000000E+00  0.23265174E+00  0.00000000E+00  0.00000000E+00  0.18211186E+09  0.00000000E+00  0.00000000E+00  0.00000000E+00  0.00000000E+00  0.00000000E+00  0.10000000E-01  0.10000000E+01
 0.13400200E-08  0.74995961E-02  0.00000000E+00  0.23447285E+00  0.00000000E+00  0.00000000E+00  0.18211186E+09  0.00000000E+00  0.00000000E+00  0.00000000E+00  0.00000000E+00  0.00000000E+00  0.10000000E-01  0.10000000E+01
 0.13500200E-08  0.74995961E-02  0.00000000E+00  0.23629397E+00  0.00000000E+00  0.00000000E+00  0.18211186E+09  0.00000000E+00  0.00000000E+00  0.00000000E+00  0.00000000E+00  0.00000000E+00  0.10000000E-01  0.10000000E+01
 0.13600200E-08  0.74995961E-02  0.00000000E+00  0.23811509E+00  0.00000000E+00  0.00000000E+00  0.18211186E+09  0.00000000E+00  0.00000000E+00  0.00000000E+00  0.00000000E+00  0.00000000E+00  0.10000000E-01  0.10000000E+01
 0.13700200E-08  0.74995961E-02  0.00000000E+00  0.23993621E+00  0.00000000E+00  0.00000000E+00  0.18211186E+09  0.00000000E+00  0.00000000E+00  0.00000000E+00  0.00000000E+00  0.00000000E+00  0.10000000E-01  0.10000000E+01
 0.13800200E-08  0.74995961E-02  0.00000000E+00  0.24175733E+00  0.00000000E+00  0.00000000E+00  0.18211186E+09  0.00000000E+00  0.00000000E+00  0.00000000E+00  0.00000000E+00  0.00000000E+00  0.10000000E-01  0.10000000E+01
 0.13900200E-08  0.74995961E-02  0.00000000E+00  0.24357845E+00  0.00000000E+00  0.00000000E+00  0.18211186E+09  0.00000000E+00  0.00000000E+00  0.00000000E+00  0.00000000E+00  0.00000000E+00  0.10000000E-01  0.10000000E+01
 0.14000200E-08  0.74995961E-02  0.00000000E+00  0.24539957E+00  0.00000000E+00  0.00000000E+00  0.18211186E+09  0.00000000E+00  0.00000000E+00  0.00000000E+00  0.00000000E+00  0.00000000E+00  0.10000000E-01  0.10000000E+01
 0.14100200E-08  0.74995961E-02  0.00000000E+00  0.24722069E+00  0.00000000E+00  0.00000000E+00  0.18211186E+09  0.00000000E+00  0.00000000E+00  0.00000000E+00  0.00000000E+00  0.00000000E+00  0.10000000E-01  0.10000000E+01
 0.14200200E-08  0.74995961E-02  0.00000000E+00  0.24904180E+00  0.00000000E+00  0.00000000E+00  0.18211186E+09  0.00000000E+00  0.00000000E+00  0.00000000E+00  0.00000000E+00  0.00000000E+00  0.10000000E-01  0.10000000E+01
 0.14300200E-08  0.74995961E-02  0.00000000E+00  0.25086292E+00  0.00000000E+00  0.00000000E+00  0.18211186E+09  0.00000000E+00  0.00000000E+00  0.00000000E+00  0.00000000E+00  0.00000000E+00  0.10000000E-01  0.10000000E+01
 0.14400200E-08  0.74995961E-02  0.00000000E+00  0.25268404E+00  0.00000000E+00  0.00000000E+00  0.18211186E+09  0.00000000E+00  0.00000000E+00  0.00000000E+00  0.00000000E+00  0.00000000E+00  0.10000000E-01  0.10000000E+01
 0.14500200E-08  0.74995961E-02  0.00000000E+00  0.25450516E+00  0.00000000E+00  0.00000000E+00  0.18211186E+09  0.00000000E+00  0.00000000E+00  0.00000000E+00  0.00000000E+00  0.00000000E+00  0.10000000E-01  0.10000000E+01
 0.14600200E-08  0.74995961E-02  0.00000000E+00  0.25632628E+00  0.00000000E+00  0.00000000E+00  0.18211186E+09  0.00000000E+00  0.00000000E+00  0.00000000E+00  0.00000000E+00  0.00000000E+00  0.10000000E-01  0.10000000E+01
 0.14700200E-08  0.74995961E-02  0.00000000E+00  0.25814740E+00  0.00000000E+00  0.00000000E+00  0.18211186E+09  0.00000000E+00  0.00000000E+00  0.00000000E+00  0.00000000E+00  0.00000000E+00  0.10000000E-01  0.10000000E+01
 0.14800200E-08  0.74995961E-02  0.00000000E+00  0.25996852E+00  0.00000000E+00  0.00000000E+00  0.18211186E+09  0.00000000E+00  0.00000000E+00  0.00000000E+00  0.00000000E+00  0.00000000E+00  0.10000000E-01  0.10000000E+01
 0.14900200E-08  0.74995961E-02  0.00000000E+00  0.26178963E+00  0.00000000E+00  0.00000000E+00  0.18211186E+09  0.00000000E+00  0.00000000E+00  0.00000000E+00  0.00000000E+00  0.00000000E+00  0.10000000E-01  0.10000000E+01
 0.15000200E-08  0.74995961E-02  0.00000000E+00  0.26361075E+00  0.00000000E+00  0.00000000E+00  0.18211186E+09  0.00000000E+00  0.00000000E+00  0.00000000E+00  0.00000000E+00  0.00000000E+00  0.10000000E-01  0.10000000E+01
 0.15100200E-08  0.74995961E-02  0.00000000E+00  0.26543187E+00  0.00000000E+00  0.00000000E+00  0.18211186E+09  0.00000000E+00  0.00000000E+00  0.00000000E+00  0.00000000E+00  0.00000000E+00  0.10000000E-01  0.10000000E+01
 0.15200200E-08  0.74995961E-02  0.00000000E+00  0.26725299E+00  0.00000000E+00  0.00000000E+00  0.18211186E+09  0.00000000E+00  0.00000000E+00  0.00000000E+00  0.00000000E+00  0.00000000E+00  0.10000000E-01  0.10000000E+01
 0.15300200E-08  0.74995961E-02  0.00000000E+00  0.26907411E+00  0.00000000E+00  0.00000000E+00  0.18211186E+09  0.00000000E+00  0.00000000E+00  0.00000000E+00  0.00000000E+00  0.00000000E+00  0.10000000E-01  0.10000000E+01
 0.15400200E-08  0.74995961E-02  0.00000000E+00  0.27089523E+00  0.00000000E+00  0.00000000E+00  0.18211186E+09  0.00000000E+00  0.00000000E+00  0.00000000E+00  0.00000000E+00  0.00000000E+00  0.10000000E-01  0.10000000E+01
 0.15500200E-08  0.74995961E-02  0.00000000E+00  0.27271635E+00  0.00000000E+00  0.00000000E+00  0.18211186E+09  0.00000000E+00  0.00000000E+00  0.00000000E+00  0.00000000E+00  0.00000000E+00  0.10000000E-01  0.10000000E+01
 0.15600200E-08  0.74995961E-02  0.00000000E+00  0.27453747E+00  0.00000000E+00  0.00000000E+00  0.18211186E+09  0.00000000E+00  0.00000000E+00  0.00000000E+00  0.00000000E+00  0.00000000E+00  0.10000000E-01  0.10000000E+01
 0.15700200E-08  0.74995961E-02  0.00000000E+00  0.27635858E+00  0.00000000E+00  0.00000000E+00  0.18211186E+09  0.00000000E+00  0.00000000E+00  0.00000000E+00  0.00000000E+00  0.00000000E+00  0.10000000E-01  0.10000000E+01
 0.15800200E-08  0.74995961E-02  0.00000000E+00  0.27817970E+00  0.00000000E+00  0.00000000E+00  0.18211186E+09  0.00000000E+00  0.00000000E+00  0.00000000E+00  0.00000000E+00  0.00000000E+00  0.10000000E-01  0.10000000E+01
 0.15900200E-08  0.74995961E-02  0.00000000E+00  0.28000082E+00  0.00000000E+00  0.00000000E+00  0.18211186E+09  0.00000000E+00  0.00000000E+00  0.00000000E+00  0.00000000E+00  0.00000000E+00  0.10000000E-01  0.10000000E+01
 0.16000200E-08  0.74995961E-02  0.00000000E+00  0.28182194E+00  0.00000000E+00  0.00000000E+00  0.18211186E+09  0.00000000E+00  0.00000000E+00  0.00000000E+00  0.00000000E+00  0.00000000E+00  0.10000000E-01  0.10000000E+01
 0.16100200E-08  0.74995961E-02  0.00000000E+00  0.28364306E+00  0.00000000E+00  0.00000000E+00  0.18211186E+09  0.00000000E+00  0.00000000E+00  0.00000000E+00  0.00000000E+00  0.00000000E+00  0.10000000E-01  0.10000000E+01
 0.16200200E-08  0.74995961E-02  0.00000000E+00  0.28546418E+00  0.00000000E+00  0.00000000E+00  0.18211186E+09  0.00000000E+00  0.00000000E+00  0.00000000E+00  0.00000000E+00  0.00000000E+00  0.10000000E-01  0.10000000E+01
 0.16300200E-08  0.74995961E-02  0.00000000E+00  0.28728530E+00  0.00000000E+00  0.00000000E+00  0.18211186E+09  0.00000000E+00  0.00000000E+00  0.00000000E+00  0.00000000E+00  0.00000000E+00  0.10000000E-01  0.10000000E+01
 0.16400200E-08  0.74995961E-02  0.00000000E+00  0.28910641E+00  0.00000000E+00  0.00000000E+00  0.18211186E+09  0.00000000E+00  0.00000000E+00  0.00000000E+00  0.00000000E+00  0.00000000E+00  0.10000000E-01  0.10000000E+01
 0.16500200E-08  0.74995961E-02  0.00000000E+00  0.29092753E+00  0.00000000E+00  0.00000000E+00  0.18211186E+09  0.00000000E+00  0.00000000E+00  0.00000000E+00  0.00000000E+00  0.00000000E+00  0.10000000E-01  0.10000000E+01
 0.16600200E-08  0.74995961E-02  0.00000000E+00  0.29274865E+00  0.00000000E+00  0.00000000E+00  0.18211186E+09  0.00000000E+00  0.00000000E+00  0.00000000E+00  0.00000000E+00  0.00000000E+00  0.10000000E-01  0.10000000E+01
 0.16700200E-08  0.74995961E-02  0.00000000E+00  0.29456977E+00  0.00000000E+00  0.00000000E+00  0.18211186E+09  0.00000000E+00  0.00000000E+00  0.00000000E+00  0.00000000E+00  0.00000000E+00  0.10000000E-01  0.10000000E+01
 0.16800200E-08  0.74995961E-02  0.00000000E+00  0.29639089E+00  0.00000000E+00  0.00000000E+00  0.18211186E+09  0.00000000E+00  0.00000000E+00  0.00000000E+00  0.00000000E+00  0.00000000E+00  0.10000000E-01  0.10000000E+01
 0.16900200E-08  0.74995961E-02  0.00000000E+00  0.29821201E+00  0.00000000E+00  0.00000000E+00  0.18211186E+09  0.00000000E+00  0.00000000E+00  0.00000000E+00  0.00000000E+00  0.00000000E+00  0.10000000E-01  0.10000000E+01
 0.17000200E-08  0.74995961E-02  0.00000000E+00  0.30003313E+00  0.00000000E+00  0.00000000E+00  0.18211186E+09  0.00000000E+00  0.00000000E+00  0.00000000E+00  0.00000000E+00  0.00000000E+00  0.10000000E-01  0.10000000E+01
 0.17100200E-08  0.74995961E-02  0.00000000E+00  0.30185425E+00  0.00000000E+00  0.00000000E+00  0.18211186E+09  0.00000000E+00  0.00000000E+00  0.00000000E+00  0.00000000E+00  0.00000000E+00  0.10000000E-01  0.10000000E+01
 0.17200200E-08  0.74995961E-02  0.00000000E+00  0.30367536E+00  0.00000000E+00  0.00000000E+00  0.18211186E+09  0.00000000E+00  0.00000000E+00  0.00000000E+00  0.00000000E+00  0.00000000E+00  0.10000000E-01  0.10000000E+01
 0.17300200E-08  0.74995961E-02  0.00000000E+00  0.30549648E+00  0.00000000E+00  0.00000000E+00  0.18211186E+09  0.00000000E+00  0.00000000E+00  0.00000000E+00  0.00000000E+00  0.00000000E+00  0.10000000E-01  0.10000000E+01
 0.17400200E-08  0.74995961E-02  0.00000000E+00  0.30731760E+00  0.00000000E+00  0.00000000E+00  0.18211186E+09  0.00000000E+00  0.00000000E+00  0.00000000E+00  0.00000000E+00  0.00000000E+00  0.10000000E-01  0.10000000E+01
 0.17500200E-08  0.74995961E-02  0.00000000E+00  0.30913872E+00  0.00000000E+00  0.00000000E+00  0.18211186E+09  0.00000000E+00  0.00000000E+00  0.00000000E+00  0.00000000E+00  0.00000000E+00  0.10000000E-01  0.10000000E+01
 0.17600200E-08  0.74995961E-02  0.00000000E+00  0.31095984E+00  0.00000000E+00  0.00000000E+00  0.18211186E+09  0.00000000E+00  0.00000000E+00  0.00000000E+00  0.00000000E+00  0.00000000E+00  0.10000000E-01  0.10000000E+01
 0.17700200E-08  0.74995961E-02  0.00000000E+00  0.31278096E+00  0.00000000E+00  0.00000000E+00  0.18211186E+09  0.00000000E+00  0.00000000E+00  0.00000000E+00  0.00000000E+00  0.00000000E+00  0.10000000E-01  0.10000000E+01
 0.17800200E-08  0.74995961E-02  0.00000000E+00  0.31460208E+00  0.00000000E+00  0.00000000E+00  0.18211186E+09  0.00000000E+00  0.00000000E+00  0.00000000E+00  0.00000000E+00  0.00000000E+00  0.10000000E-01  0.10000000E+01
 0.17900200E-08  0.74995961E-02  0.00000000E+00  0.31642319E+00  0.00000000E+00  0.00000000E+00  0.18211186E+09  0.00000000E+00  0.00000000E+00  0.00000000E+00  0.00000000E+00  0.00000000E+00  0.10000000E-01  0.10000000E+01
 0.18000200E-08  0.74995961E-02  0.00000000E+00  0.31824431E+00  0.00000000E+00  0.00000000E+00  0.18211186E+09  0.00000000E+00  0.00000000E+00  0.00000000E+00  0.00000000E+00  0.00000000E+00  0.10000000E-01  0.10000000E+01
 0.18100200E-08  0.74995961E-02  0.00000000E+00  0.32006543E+00  0.00000000E+00  0.00000000E+00  0.18211186E+09  0.00000000E+00  0.00000000E+00  0.00000000E+00  0.00000000E+00  0.00000000E+00  0.10000000E-01  0.10000000E+01
 0.18200200E-08  0.74995961E-02  0.00000000E+00  0.32188655E+00  0.00000000E+00  0.00000000E+00  0.18211186E+09  0.00000000E+00  0.00000000E+00  0.00000000E+00  0.00000000E+00  0.00000000E+00  0.10000000E-01  0.10000000E+01
 0.18300200E-08  0.74995961E-02  0.00000000E+00  0.32370767E+00  0.00000000E+00  0.00000000E+00  0.18211186E+09  0.00000000E+00  0.00000000E+00  0.00000000E+00  0.00000000E+00  0.00000000E+00  0.10000000E-01  0.10000000E+01
 0.18400200E-08  0.74995961E-02  0.00000000E+00  0.32552879E+00  0.00000000E+00  0.00000000E+00  0.18211186E+09  0.00000000E+00  0.00000000E+00  0.00000000E+00  0.00000000E+00  0.00000000E+00  0.10000000E-01  0.10000000E+01
 0.18500200E-08  0.74995961E-02  0.00000000E+00  0.32734991E+00  0.00000000E+00  0.00000000E+00  0.18211186E+09  0.00000000E+00  0.00000000E+00  0.00000000E+00  0.00000000E+00  0.00000000E+00  0.10000000E-01  0.10000000E+01
 0.18600200E-08  0.74995961E-02  0.00000000E+00  0.32917102E+00  0.00000000E+00  0.00000000E+00  0.18211186E+09  0.00000000E+00  0.00000000E+00  0.00000000E+00  0.00000000E+00  0.00000000E+00  0.10000000E-01  0.10000000E+01
 0.18700200E-08  0.74995961E-02  0.00000000E+00  0.33099214E+00  0.00000000E+00  0.00000000E+00  0.18211186E+09  0.00000000E+00  0.00000000E+00  0.00000000E+00  0.00000000E+00  0.00000000E+00  0.10000000E-01  0.10000000E+01
 0.18800200E-08  0.74995961E-02  0.00000000E+00  0.33281326E+00  0.00000000E+00  0.00000000E+00  0.18211186E+09  0.00000000E+00  0.00000000E+00  0.00000000E+00  0.00000000E+00  0.00000000E+00  0.10000000E-01  0.10000000E+01
 0.18900200E-08  0.74995961E-02  0.00000000E+00  0.33463438E+00  0.00000000E+00  0.00000000E+00  0.18211186E+09  0.00000000E+00  0.00000000E+00  0.00000000E+00  0.00000000E+00  0.00000000E+00  0.10000000E-01  0.10000000E+01
 0.19000200E-08  0.74995961E-02  0.00000000E+00  0.33645550E+00  0.00000000E+00  0.00000000E+00  0.18211186E+09  0.00000000E+00  0.00000000E+00  0.00000000E+00  0.00000000E+00  0.00000000E+00  0.10000000E-01  0.10000000E+01
 0.19100200E-08  0.74995961E-02  0.00000000E+00  0.33827662E+00  0.00000000E+00  0.00000000E+00  0.18211186E+09  0.00000000E+00  0.00000000E+00  0.00000000E+00  0.00000000E+00  0.00000000E+00  0.10000000E-01  0.10000000E+01
 0.19200200E-08  0.74995961E-02  0.00000000E+00  0.34009774E+00  0.00000000E+00  0.00000000E+00  0.18211186E+09  0.00000000E+00  0.00000000E+00  0.00000000E+00  0.00000000E+00  0.00000000E+00  0.10000000E-01  0.10000000E+01
 0.19300200E-08  0.74995961E-02  0.00000000E+00  0.34191886E+00  0.00000000E+00  0.00000000E+00  0.18211186E+09  0.00000000E+00  0.00000000E+00  0.00000000E+00  0.00000000E+00  0.00000000E+00  0.10000000E-01  0.10000000E+01
 0.19400200E-08  0.74995961E-02  0.00000000E+00  0.34373997E+00  0.00000000E+00  0.00000000E+00  0.18211186E+09  0.00000000E+00  0.00000000E+00  0.00000000E+00  0.00000000E+00  0.00000000E+00  0.10000000E-01  0.10000000E+01
 0.19500200E-08  0.74995961E-02  0.00000000E+00  0.34556109E+00  0.00000000E+00  0.00000000E+00  0.18211186E+09  0.00000000E+00  0.00000000E+00  0.00000000E+00  0.00000000E+00  0.00000000E+00  0.10000000E-01  0.10000000E+01
 0.19600200E-08  0.74995961E-02  0.00000000E+00  0.34738221E+00  0.00000000E+00  0.00000000E+00  0.18211186E+09  0.00000000E+00  0.00000000E+00  0.00000000E+00  0.00000000E+00  0.00000000E+00  0.10000000E-01  0.10000000E+01
 0.19700200E-08  0.74995961E-02  0.00000000E+00  0.34920333E+00  0.00000000E+00  0.00000000E+00  0.18211186E+09  0.00000000E+00  0.00000000E+00  0.00000000E+00  0.00000000E+00  0.00000000E+00  0.10000000E-01  0.10000000E+01
 0.19800200E-08  0.74995961E-02  0.00000000E+00  0.35102445E+00  0.00000000E+00  0.00000000E+00  0.18211186E+09  0.00000000E+00  0.00000000E+00  0.00000000E+00  0.00000000E+00  0.00000000E+00  0.10000000E-01  0.10000000E+01
 0.19900200E-08  0.74995961E-02  0.00000000E+00  0.35284557E+00  0.00000000E+00  0.00000000E+00  0.18211186E+09  0.00000000E+00  0.00000000E+00  0.00000000E+00  0.00000000E+00  0.00000000E+00  0.10000000E-01  0.10000000E+01
