# ptime xp yp zp vx vy vz ex ey ez bx by bz wt
 0.20000000E-13  0.82505587E-02  0.00000000E+00 -0.20905305E-01  0.00000000E+00  0.00000000E+00  0.19043963E+09  0.00000000E+00  0.00000000E+00  0.00000000E+00  0.00000000E+00  0.00000000E+00  0.10000000E-01  0.10000000E+01
 0.10000000E-10  0.82505587E-02  0.00000000E+00 -0.19004718E-01  0.00000000E+00  0.00000000E+00  0.19043963E+09  0.00000000E+00  0.00000000E+00  0.00000000E+00  0.00000000E+00  0.00000000E+00  0.10000000E-01  0.10000000E+01
 0.20000000E-10  0.82505587E-02  0.00000000E+00 -0.17100321E-01  0.00000000E+00  0.00000000E+00  0.19043963E+09  0.00000000E+00  0.00000000E+00  0.00000000E+00  0.00000000E+00  0.00000000E+00  0.10000000E-01  0.10000000E+01
 0.30000000E-10  0.82505587E-02  0.00000000E+00 -0.15195925E-01  0.00000000E+00  0.00000000E+00  0.19043963E+09  0.00000000E+00  0.00000000E+00  0.00000000E+00  0.00000000E+00  0.00000000E+00  0.10000000E-01  0.10000000E+01
 0.40020000E-10  0.82505587E-02  0.00000000E+00 -0.13287720E-01  0.00000000E+00  0.00000000E+00  0.19043963E+09  0.00000000E+00  0.00000000E+00  0.00000000E+00  0.00000000E+00  0.00000000E+00  0.10000000E-01  0.10000000E+01
 0.50020000E-10  0.82505587E-02  0.00000000E+00 -0.11383324E-01  0.00000000E+00  0.00000000E+00  0.19043963E+09  0.00000000E+00  0.00000000E+00  0.00000000E+00  0.00000000E+00  0.00000000E+00  0.10000000E-01  0.10000000E+01
 0.60020000E-10  0.82505587E-02  0.00000000E+00 -0.94789274E-02  0.00000000E+00  0.00000000E+00  0.19043963E+09  0.00000000E+00  0.00000000E+00  0.00000000E+00  0.00000000E+00  0.00000000E+00  0.10000000E-01  0.10000000E+01
 0.70020000E-10  0.82505587E-02  0.00000000E+00 -0.75745311E-02  0.00000000E+00  0.00000000E+00  0.19043963E+09  0.00000000E+00  0.00000000E+00  0.00000000E+00  0.00000000E+00  0.00000000E+00  0.10000000E-01  0.10000000E+01
 0.80000000E-10  0.82505587E-02  0.00000000E+00 -0.56739436E-02  0.00000000E+00  0.00000000E+00  0.19043963E+09  0.00000000E+00  0.00000000E+00  0.00000000E+00  0.00000000E+00  0.00000000E+00  0.10000000E-01  0.10000000E+01
 0.90000000E-10  0.82505587E-02  0.00000000E+00 -0.37695473E-02  0.00000000E+00  0.00000000E+00  0.19043963E+09  0.00000000E+00  0.00000000E+00  0.00000000E+00  0.00000000E+00  0.00000000E+00  0.10000000E-01  0.10000000E+01
 0.10000000E-09  0.82505587E-02  0.00000000E+00 -0.18651510E-02  0.00000000E+00  0.00000000E+00  0.19043963E+09  0.00000000E+00  0.00000000E+00  0.00000000E+00  0.00000000E+00  0.00000000E+00  0.10000000E-01  0.10000000E+01
 0.11000000E-09  0.82505587E-02  0.00000000E+00  0.39245300E-04  0.00000000E+00  0.00000000E+00  0.19043963E+09  0.00000000E+00  0.00000000E+00  0.00000000E+00  0.00000000E+00  0.00000000E+00  0.10000000E-01  0.10000000E+01
 0.12000000E-09  0.82505587E-02  0.00000000E+00  0.19436416E-02  0.00000000E+00  0.00000000E+00  0.19043963E+09  0.00000000E+00  0.00000000E+00  0.00000000E+00  0.00000000E+00  0.00000000E+00  0.10000000E-01  0.10000000E+01
 0.13000000E-09  0.82505587E-02  0.00000000E+00  0.38480379E-02  0.00000000E+00  0.00000000E+00  0.19043963E+09  0.00000000E+00  0.00000000E+00  0.00000000E+00  0.00000000E+00  0.00000000E+00  0.10000000E-01  0.10000000E+01
 0.14002000E-09  0.82505587E-02  0.00000000E+00  0.57562430E-02  0.00000000E+00  0.00000000E+00  0.19043963E+09  0.00000000E+00  0.00000000E+00  0.00000000E+00  0.00000000E+00  0.00000000E+00  0.10000000E-01  0.10000000E+01
 0.15002000E-09  0.82505587E-02  0.00000000E+00  0.76606393E-02  0.00000000E+00  0.00000000E+00  0.19043963E+09  0.00000000E+00  0.00000000E+00  0.00000000E+00  0.00000000E+00  0.00000000E+00  0.10000000E-01  0.10000000E+01
 0.16002000E-09  0.82505587E-02  0.00000000E+00  0.95650356E-02  0.00000000E+00  0.00000000E+00  0.19043963E+09  0.00000000E+00  0.00000000E+00  0.00000000E+00  0.00000000E+00  0.00000000E+00  0.10000000E-01  0.10000000E+01
 0.17002000E-09  0.82505587E-02  0.00000000E+00  0.11469432E-01  0.00000000E+00  0.00000000E+00  0.19043963E+09  0.00000000E+00  0.00000000E+00  0.00000000E+00  0.00000000E+00  0.00000000E+00  0.10000000E-01  0.10000000E+01
 0.18002000E-09  0.82505587E-02  0.00000000E+00  0.13373828E-01  0.00000000E+00  0.00000000E+00  0.19043963E+09  0.00000000E+00  0.00000000E+00  0.00000000E+00  0.00000000E+00  0.00000000E+00  0.10000000E-01  0.10000000E+01
 0.19002000E-09  0.82505587E-02  0.00000000E+00  0.15278224E-01  0.00000000E+00  0.00000000E+00  0.19043963E+09  0.00000000E+00  0.00000000E+00  0.00000000E+00  0.00000000E+00  0.00000000E+00  0.10000000E-01  0.10000000E+01
 0.20002000E-09  0.82505587E-02  0.00000000E+00  0.17182621E-01  0.00000000E+00  0.00000000E+00  0.19043963E+09  0.00000000E+00  0.00000000E+00  0.00000000E+00  0.00000000E+00  0.00000000E+00  0.10000000E-01  0.10000000E+01
 0.21002000E-09  0.82505587E-02  0.00000000E+00  0.19087017E-01  0.00000000E+00  0.00000000E+00  0.19043963E+09  0.00000000E+00  0.00000000E+00  0.00000000E+00  0.00000000E+00  0.00000000E+00  0.10000000E-01  0.10000000E+01
 0.22002000E-09  0.82505587E-02  0.00000000E+00  0.20991413E-01  0.00000000E+00  0.00000000E+00  0.19043963E+09  0.00000000E+00  0.00000000E+00  0.00000000E+00  0.00000000E+00  0.00000000E+00  0.10000000E-01  0.10000000E+01
 0.23002000E-09  0.82505587E-02  0.00000000E+00  0.22895810E-01  0.00000000E+00  0.00000000E+00  0.19043963E+09  0.00000000E+00  0.00000000E+00  0.00000000E+00  0.00000000E+00  0.00000000E+00  0.10000000E-01  0.10000000E+01
 0.24002000E-09  0.82505587E-02  0.00000000E+00  0.24800206E-01  0.00000000E+00  0.00000000E+00  0.19043963E+09  0.00000000E+00  0.00000000E+00  0.00000000E+00  0.00000000E+00  0.00000000E+00  0.10000000E-01  0.10000000E+01
 0.25002000E-09  0.82505587E-02  0.00000000E+00  0.26704602E-01  0.00000000E+00  0.00000000E+00  0.19043963E+09  0.00000000E+00  0.00000000E+00  0.00000000E+00  0.00000000E+00  0.00000000E+00  0.10000000E-01  0.10000000E+01
 0.26002000E-09  0.82505587E-02  0.00000000E+00  0.28608999E-01  0.00000000E+00  0.00000000E+00  0.19043963E+09  0.00000000E+00  0.00000000E+00  0.00000000E+00  0.00000000E+00  0.00000000E+00  0.10000000E-01  0.10000000E+01
 0.27002000E-09  0.82505587E-02  0.00000000E+00  0.30513395E-01  0.00000000E+00  0.00000000E+00  0.19043963E+09  0.00000000E+00  0.00000000E+00  0.00000000E+00  0.00000000E+00  0.00000000E+00  0.10000000E-01  0.10000000E+01
 0.28002000E-09  0.82505587E-02  0.00000000E+00  0.32417791E-01  0.00000000E+00  0.00000000E+00  0.19043963E+09  0.00000000E+00  0.00000000E+00  0.00000000E+00  0.00000000E+00  0.00000000E+00  0.10000000E-01  0.10000000E+01
 0.29002000E-09  0.82505587E-02  0.00000000E+00  0.34322187E-01  0.00000000E+00  0.00000000E+00  0.19043963E+09  0.00000000E+00  0.00000000E+00  0.00000000E+00  0.00000000E+00  0.00000000E+00  0.10000000E-01  0.10000000E+01
 0.30000000E-09  0.82505587E-02  0.00000000E+00  0.36222775E-01  0.00000000E+00  0.00000000E+00  0.19043963E+09  0.00000000E+00  0.00000000E+00  0.00000000E+00  0.00000000E+00  0.00000000E+00  0.10000000E-01  0.10000000E+01
 0.31000000E-09  0.82505587E-02  0.00000000E+00  0.38127171E-01  0.00000000E+00  0.00000000E+00  0.19043963E+09  0.00000000E+00  0.00000000E+00  0.00000000E+00  0.00000000E+00  0.00000000E+00  0.10000000E-01  0.10000000E+01
 0.32000000E-09  0.82505587E-02  0.00000000E+00  0.40031568E-01  0.00000000E+00  0.00000000E+00  0.19043963E+09  0.00000000E+00  0.00000000E+00  0.00000000E+00  0.00000000E+00  0.00000000E+00  0.10000000E-01  0.10000000E+01
 0.33000000E-09  0.82505587E-02  0.00000000E+00  0.41935964E-01  0.00000000E+00  0.00000000E+00  0.19043963E+09  0.00000000E+00  0.00000000E+00  0.00000000E+00  0.00000000E+00  0.00000000E+00  0.10000000E-01  0.10000000E+01
 0.34000000E-09  0.82505587E-02  0.00000000E+00  0.43840360E-01  0.00000000E+00  0.00000000E+00  0.19043963E+09  0.00000000E+00  0.00000000E+00  0.00000000E+00  0.00000000E+00  0.00000000E+00  0.10000000E-01  0.10000000E+01
 0.35000000E-09  0.82505587E-02  0.00000000E+00  0.45744757E-01  0.00000000E+00  0.00000000E+00  0.19043963E+09  0.00000000E+00  0.00000000E+00  0.00000000E+00  0.00000000E+00  0.00000000E+00  0.10000000E-01  0.10000000E+01
 0.36000000E-09  0.82505587E-02  0.00000000E+00  0.47649153E-01  0.00000000E+00  0.00000000E+00  0.19043963E+09  0.00000000E+00  0.00000000E+00  0.00000000E+00  0.00000000E+00  0.00000000E+00  0.10000000E-01  0.10000000E+01
 0.37000000E-09  0.82505587E-02  0.00000000E+00  0.49553549E-01  0.00000000E+00  0.00000000E+00  0.19043963E+09  0.00000000E+00  0.00000000E+00  0.00000000E+00  0.00000000E+00  0.00000000E+00  0.10000000E-01  0.10000000E+01
 0.38000000E-09  0.82505587E-02  0.00000000E+00  0.51457945E-01  0.00000000E+00  0.00000000E+00  0.19043963E+09  0.00000000E+00  0.00000000E+00  0.00000000E+00  0.00000000E+00  0.00000000E+00  0.10000000E-01  0.10000000E+01
 0.39000000E-09  0.82505587E-02  0.00000000E+00  0.53362342E-01  0.00000000E+00  0.00000000E+00  0.19043963E+09  0.00000000E+00  0.00000000E+00  0.00000000E+00  0.00000000E+00  0.00000000E+00  0.10000000E-01  0.10000000E+01
 0.40000000E-09  0.82505587E-02  0.00000000E+00  0.55266738E-01  0.00000000E+00  0.00000000E+00  0.19043963E+09  0.00000000E+00  0.00000000E+00  0.00000000E+00  0.00000000E+00  0.00000000E+00  0.10000000E-01  0.10000000E+01
 0.41000000E-09  0.82505587E-02  0.00000000E+00  0.57171134E-01  0.00000000E+00  0.00000000E+00  0.19043963E+09  0.00000000E+00  0.00000000E+00  0.00000000E+00  0.00000000E+00  0.00000000E+00  0.10000000E-01  0.10000000E+01
 0.42000000E-09  0.82505587E-02  0.00000000E+00  0.59075531E-01  0.00000000E+00  0.00000000E+00  0.19043963E+09  0.00000000E+00  0.00000000E+00  0.00000000E+00  0.00000000E+00  0.00000000E+00  0.10000000E-01  0.10000000E+01
 0.43000000E-09  0.82505587E-02  0.00000000E+00  0.60979927E-01  0.00000000E+00  0.00000000E+00  0.19043963E+09  0.00000000E+00  0.00000000E+00  0.00000000E+00  0.00000000E+00  0.00000000E+00  0.10000000E-01  0.10000000E+01
 0.44000000E-09  0.82505587E-02  0.00000000E+00  0.62884323E-01  0.00000000E+00  0.00000000E+00  0.19043963E+09  0.00000000E+00  0.00000000E+00  0.00000000E+00  0.00000000E+00  0.00000000E+00  0.10000000E-01  0.10000000E+01
 0.45000000E-09  0.82505587E-02  0.00000000E+00  0.64788720E-01  0.00000000E+00  0.00000000E+00  0.19043963E+09  0.00000000E+00  0.00000000E+00  0.00000000E+00  0.00000000E+00  0.00000000E+00  0.10000000E-01  0.10000000E+01
 0.46000000E-09  0.82505587E-02  0.00000000E+00  0.66693116E-01  0.00000000E+00  0.00000000E+00  0.19043963E+09  0.00000000E+00  0.00000000E+00  0.00000000E+00  0.00000000E+00  0.00000000E+00  0.10000000E-01  0.10000000E+01
 0.47000000E-09  0.82505587E-02  0.00000000E+00  0.68597512E-01  0.00000000E+00  0.00000000E+00  0.19043963E+09  0.00000000E+00  0.00000000E+00  0.00000000E+00  0.00000000E+00  0.00000000E+00  0.10000000E-01  0.10000000E+01
 0.48000000E-09  0.82505587E-02  0.00000000E+00  0.70501908E-01  0.00000000E+00  0.00000000E+00  0.19043963E+09  0.00000000E+00  0.00000000E+00  0.00000000E+00  0.00000000E+00  0.00000000E+00  0.10000000E-01  0.10000000E+01
 0.49000000E-09  0.82505587E-02  0.00000000E+00  0.72406305E-01  0.00000000E+00  0.00000000E+00  0.19043963E+09  0.00000000E+00  0.00000000E+00  0.00000000E+00  0.00000000E+00  0.00000000E+00  0.10000000E-01  0.10000000E+01
 0.50000000E-09  0.82505587E-02  0.00000000E+00  0.74310701E-01  0.00000000E+00  0.00000000E+00  0.19043963E+09  0.00000000E+00  0.00000000E+00  0.00000000E+00  0.00000000E+00  0.00000000E+00  0.10000000E-01  0.10000000E+01
 0.51000000E-09  0.82505587E-02  0.00000000E+00  0.76215097E-01  0.00000000E+00  0.00000000E+00  0.19043963E+09  0.00000000E+00  0.00000000E+00  0.00000000E+00  0.00000000E+00  0.00000000E+00  0.10000000E-01  0.10000000E+01
 0.52000000E-09  0.82505587E-02  0.00000000E+00  0.78119494E-01  0.00000000E+00  0.00000000E+00  0.19043963E+09  0.00000000E+00  0.00000000E+00  0.00000000E+00  0.00000000E+00  0.00000000E+00  0.10000000E-01  0.10000000E+01
 0.53000000E-09  0.82505587E-02  0.00000000E+00  0.80023890E-01  0.00000000E+00  0.00000000E+00  0.19043963E+09  0.00000000E+00  0.00000000E+00  0.00000000E+00  0.00000000E+00  0.00000000E+00  0.10000000E-01  0.10000000E+01
 0.54000000E-09  0.82505587E-02  0.00000000E+00  0.81928286E-01  0.00000000E+00  0.00000000E+00  0.19043963E+09  0.00000000E+00  0.00000000E+00  0.00000000E+00  0.00000000E+00  0.00000000E+00  0.10000000E-01  0.10000000E+01
 0.55002000E-09  0.82505587E-02  0.00000000E+00  0.83836491E-01  0.00000000E+00  0.00000000E+00  0.19043963E+09  0.00000000E+00  0.00000000E+00  0.00000000E+00  0.00000000E+00  0.00000000E+00  0.10000000E-01  0.10000000E+01
 0.56002000E-09  0.82505587E-02  0.00000000E+00  0.85740888E-01  0.00000000E+00  0.00000000E+00  0.19043963E+09  0.00000000E+00  0.00000000E+00  0.00000000E+00  0.00000000E+00  0.00000000E+00  0.10000000E-01  0.10000000E+01
 0.57002000E-09  0.82505587E-02  0.00000000E+00  0.87645284E-01  0.00000000E+00  0.00000000E+00  0.19043963E+09  0.00000000E+00  0.00000000E+00  0.00000000E+00  0.00000000E+00  0.00000000E+00  0.10000000E-01  0.10000000E+01
 0.58002000E-09  0.82505587E-02  0.00000000E+00  0.89549680E-01  0.00000000E+00  0.00000000E+00  0.19043963E+09  0.00000000E+00  0.00000000E+00  0.00000000E+00  0.00000000E+00  0.00000000E+00  0.10000000E-01  0.10000000E+01
 0.59002000E-09  0.82505587E-02  0.00000000E+00  0.91454076E-01  0.00000000E+00  0.00000000E+00  0.19043963E+09  0.00000000E+00  0.00000000E+00  0.00000000E+00  0.00000000E+00  0.00000000E+00  0.10000000E-01  0.10000000E+01
 0.60002000E-09  0.82505587E-02  0.00000000E+00  0.93358473E-01  0.00000000E+00  0.00000000E+00  0.19043963E+09  0.00000000E+00  0.00000000E+00  0.00000000E+00  0.00000000E+00  0.00000000E+00  0.10000000E-01  0.10000000E+01
 0.61002000E-09  0.82505587E-02  0.00000000E+00  0.95262869E-01  0.00000000E+00  0.00000000E+00  0.19043963E+09  0.00000000E+00  0.00000000E+00  0.00000000E+00  0.00000000E+00  0.00000000E+00  0.10000000E-01  0.10000000E+01
 0.62002000E-09  0.82505587E-02  0.00000000E+00  0.97167265E-01  0.00000000E+00  0.00000000E+00  0.19043963E+09  0.00000000E+00  0.00000000E+00  0.00000000E+00  0.00000000E+00  0.00000000E+00  0.10000000E-01  0.10000000E+01
 0.63002000E-09  0.82505587E-02  0.00000000E+00  0.99071662E-01  0.00000000E+00  0.00000000E+00  0.19043963E+09  0.00000000E+00  0.00000000E+00  0.00000000E+00  0.00000000E+00  0.00000000E+00  0.10000000E-01  0.10000000E+01
 0.64002000E-09  0.82505587E-02  0.00000000E+00  0.10097606E+00  0.00000000E+00  0.00000000E+00  0.19043963E+09  0.00000000E+00  0.00000000E+00  0.00000000E+00  0.00000000E+00  0.00000000E+00  0.10000000E-01  0.10000000E+01
 0.65002000E-09  0.82505587E-02  0.00000000E+00  0.10288045E+00  0.00000000E+00  0.00000000E+00  0.19043963E+09  0.00000000E+00  0.00000000E+00  0.00000000E+00  0.00000000E+00  0.00000000E+00  0.10000000E-01  0.10000000E+01
 0.66002000E-09  0.82505587E-02  0.00000000E+00  0.10478485E+00  0.00000000E+00  0.00000000E+00  0.19043963E+09  0.00000000E+00  0.00000000E+00  0.00000000E+00  0.00000000E+00  0.00000000E+00  0.10000000E-01  0.10000000E+01
 0.67002000E-09  0.82505587E-02  0.00000000E+00  0.10668925E+00  0.00000000E+00  0.00000000E+00  0.19043963E+09  0.00000000E+00  0.00000000E+00  0.00000000E+00  0.00000000E+00  0.00000000E+00  0.10000000E-01  0.10000000E+01
 0.68002000E-09  0.82505587E-02  0.00000000E+00  0.10859364E+00  0.00000000E+00  0.00000000E+00  0.19043963E+09  0.00000000E+00  0.00000000E+00  0.00000000E+00  0.00000000E+00  0.00000000E+00  0.10000000E-01  0.10000000E+01
 0.69002000E-09  0.82505587E-02  0.00000000E+00  0.11049804E+00  0.00000000E+00  0.00000000E+00  0.19043963E+09  0.00000000E+00  0.00000000E+00  0.00000000E+00  0.00000000E+00  0.00000000E+00  0.10000000E-01  0.10000000E+01
 0.70002000E-09  0.82505587E-02  0.00000000E+00  0.11240244E+00  0.00000000E+00  0.00000000E+00  0.19043963E+09  0.00000000E+00  0.00000000E+00  0.00000000E+00  0.00000000E+00  0.00000000E+00  0.10000000E-01  0.10000000E+01
 0.71002000E-09  0.82505587E-02  0.00000000E+00  0.11430683E+00  0.00000000E+00  0.00000000E+00  0.19043963E+09  0.00000000E+00  0.00000000E+00  0.00000000E+00  0.00000000E+00  0.00000000E+00  0.10000000E-01  0.10000000E+01
 0.72002000E-09  0.82505587E-02  0.00000000E+00  0.11621123E+00  0.00000000E+00  0.00000000E+00  0.19043963E+09  0.00000000E+00  0.00000000E+00  0.00000000E+00  0.00000000E+00  0.00000000E+00  0.10000000E-01  0.10000000E+01
 0.73002000E-09  0.82505587E-02  0.00000000E+00  0.11811562E+00  0.00000000E+00  0.00000000E+00  0.19043963E+09  0.00000000E+00  0.00000000E+00  0.00000000E+00  0.00000000E+00  0.00000000E+00  0.10000000E-01  0.10000000E+01
 0.74002000E-09  0.82505587E-02  0.00000000E+00  0.12002002E+00  0.00000000E+00  0.00000000E+00  0.19043963E+09  0.00000000E+00  0.00000000E+00  0.00000000E+00  0.00000000E+00  0.00000000E+00  0.10000000E-01  0.10000000E+01
 0.75002000E-09  0.82505587E-02  0.00000000E+00  0.12192442E+00  0.00000000E+00  0.00000000E+00  0.19043963E+09  0.00000000E+00  0.00000000E+00  0.00000000E+00  0.00000000E+00  0.00000000E+00  0.10000000E-01  0.10000000E+01
 0.76002000E-09  0.82505587E-02  0.00000000E+00  0.12382881E+00  0.00000000E+00  0.00000000E+00  0.19043963E+09  0.00000000E+00  0.00000000E+00  0.00000000E+00  0.00000000E+00  0.00000000E+00  0.10000000E-01  0.10000000E+01
 0.77002000E-09  0.82505587E-02  0.00000000E+00  0.12573321E+00  0.00000000E+00  0.00000000E+00  0.19043963E+09  0.00000000E+00  0.00000000E+00  0.00000000E+00  0.00000000E+00  0.00000000E+00  0.10000000E-01  0.10000000E+01
 0.78002000E-09  0.82505587E-02  0.00000000E+00  0.12763761E+00  0.00000000E+00  0.00000000E+00  0.19043963E+09  0.00000000E+00  0.00000000E+00  0.00000000E+00  0.00000000E+00  0.00000000E+00  0.10000000E-01  0.10000000E+01
 0.79002000E-09  0.82505587E-02  0.00000000E+00  0.12954200E+00  0.00000000E+00  0.00000000E+00  0.19043963E+09  0.00000000E+00  0.00000000E+00  0.00000000E+00  0.00000000E+00  0.00000000E+00  0.10000000E-01  0.10000000E+01
 0.80002000E-09  0.82505587E-02  0.00000000E+00  0.13144640E+00  0.00000000E+00  0.00000000E+00  0.19043963E+09  0.00000000E+00  0.00000000E+00  0.00000000E+00  0.00000000E+00  0.00000000E+00  0.10000000E-01  0.10000000E+01
 0.81002000E-09  0.82505587E-02  0.00000000E+00  0.13335080E+00  0.00000000E+00  0.00000000E+00  0.19043963E+09  0.00000000E+00  0.00000000E+00  0.00000000E+00  0.00000000E+00  0.00000000E+00  0.10000000E-01  0.10000000E+01
 0.82002000E-09  0.82505587E-02  0.00000000E+00  0.13525519E+00  0.00000000E+00  0.00000000E+00  0.19043963E+09  0.00000000E+00  0.00000000E+00  0.00000000E+00  0.00000000E+00  0.00000000E+00  0.10000000E-01  0.10000000E+01
 0.83002000E-09  0.82505587E-02  0.00000000E+00  0.13715959E+00  0.00000000E+00  0.00000000E+00  0.19043963E+09  0.00000000E+00  0.00000000E+00  0.00000000E+00  0.00000000E+00  0.00000000E+00  0.10000000E-01  0.10000000E+01
 0.84002000E-09  0.82505587E-02  0.00000000E+00  0.13906398E+00  0.00000000E+00  0.00000000E+00  0.19043963E+09  0.00000000E+00  0.00000000E+00  0.00000000E+00  0.00000000E+00  0.00000000E+00  0.10000000E-01  0.10000000E+01
 0.85002000E-09  0.82505587E-02  0.00000000E+00  0.14096838E+00  0.00000000E+00  0.00000000E+00  0.19043963E+09  0.00000000E+00  0.00000000E+00  0.00000000E+00  0.00000000E+00  0.00000000E+00  0.10000000E-01  0.10000000E+01
 0.86002000E-09  0.82505587E-02  0.00000000E+00  0.14287278E+00  0.00000000E+00  0.00000000E+00  0.19043963E+09  0.00000000E+00  0.00000000E+00  0.00000000E+00  0.00000000E+00  0.00000000E+00  0.10000000E-01  0.10000000E+01
 0.87002000E-09  0.82505587E-02  0.00000000E+00  0.14477717E+00  0.00000000E+00  0.00000000E+00  0.19043963E+09  0.00000000E+00  0.00000000E+00  0.00000000E+00  0.00000000E+00  0.00000000E+00  0.10000000E-01  0.10000000E+01
 0.88002000E-09  0.82505587E-02  0.00000000E+00  0.14668157E+00  0.00000000E+00  0.00000000E+00  0.19043963E+09  0.00000000E+00  0.00000000E+00  0.00000000E+00  0.00000000E+00  0.00000000E+00  0.10000000E-01  0.10000000E+01
 0.89002000E-09  0.82505587E-02  0.00000000E+00  0.14858597E+00  0.00000000E+00  0.00000000E+00  0.19043963E+09  0.00000000E+00  0.00000000E+00  0.00000000E+00  0.00000000E+00  0.00000000E+00  0.10000000E-01  0.10000000E+01
 0.90002000E-09  0.82505587E-02  0.00000000E+00  0.15049036E+00  0.00000000E+00  0.00000000E+00  0.19043963E+09  0.00000000E+00  0.00000000E+00  0.00000000E+00  0.00000000E+00  0.00000000E+00  0.10000000E-01  0.10000000E+01
 0.91002000E-09  0.82505587E-02  0.00000000E+00  0.15239476E+00  0.00000000E+00  0.00000000E+00  0.19043963E+09  0.00000000E+00  0.00000000E+00  0.00000000E+00  0.00000000E+00  0.00000000E+00  0.10000000E-01  0.10000000E+01
 0.92002000E-09  0.82505587E-02  0.00000000E+00  0.15429915E+00  0.00000000E+00  0.00000000E+00  0.19043963E+09  0.00000000E+00  0.00000000E+00  0.00000000E+00  0.00000000E+00  0.00000000E+00  0.10000000E-01  0.10000000E+01
 0.93002000E-09  0.82505587E-02  0.00000000E+00  0.15620355E+00  0.00000000E+00  0.00000000E+00  0.19043963E+09  0.00000000E+00  0.00000000E+00  0.00000000E+00  0.00000000E+00  0.00000000E+00  0.10000000E-01  0.10000000E+01
 0.94002000E-09  0.82505587E-02  0.00000000E+00  0.15810795E+00  0.00000000E+00  0.00000000E+00  0.19043963E+09  0.00000000E+00  0.00000000E+00  0.00000000E+00  0.00000000E+00  0.00000000E+00  0.10000000E-01  0.10000000E+01
 0.95002000E-09  0.82505587E-02  0.00000000E+00  0.16001234E+00  0.00000000E+00  0.00000000E+00  0.19043963E+09  0.00000000E+00  0.00000000E+00  0.00000000E+00  0.00000000E+00  0.00000000E+00  0.10000000E-01  0.10000000E+01
 0.96002000E-09  0.82505587E-02  0.00000000E+00  0.16191674E+00  0.00000000E+00  0.00000000E+00  0.19043963E+09  0.00000000E+00  0.00000000E+00  0.00000000E+00  0.00000000E+00  0.00000000E+00  0.10000000E-01  0.10000000E+01
 0.97002000E-09  0.82505587E-02  0.00000000E+00  0.16382114E+00  0.00000000E+00  0.00000000E+00  0.19043963E+09  0.00000000E+00  0.00000000E+00  0.00000000E+00  0.00000000E+00  0.00000000E+00  0.10000000E-01  0.10000000E+01
 0.98002000E-09  0.82505587E-02  0.00000000E+00  0.16572553E+00  0.00000000E+00  0.00000000E+00  0.19043963E+09  0.00000000E+00  0.00000000E+00  0.00000000E+00  0.00000000E+00  0.00000000E+00  0.10000000E-01  0.10000000E+01
 0.99002000E-09  0.82505587E-02  0.00000000E+00  0.16762993E+00  0.00000000E+00  0.00000000E+00  0.19043963E+09  0.00000000E+00  0.00000000E+00  0.00000000E+00  0.00000000E+00  0.00000000E+00  0.10000000E-01  0.10000000E+01
 0.10000200E-08  0.82505587E-02  0.00000000E+00  0.16953432E+00  0.00000000E+00  0.00000000E+00  0.19043963E+09  0.00000000E+00  0.00000000E+00  0.00000000E+00  0.00000000E+00  0.00000000E+00  0.10000000E-01  0.10000000E+01
 0.10100200E-08  0.82505587E-02  0.00000000E+00  0.17143872E+00  0.00000000E+00  0.00000000E+00  0.19043963E+09  0.00000000E+00  0.00000000E+00  0.00000000E+00  0.00000000E+00  0.00000000E+00  0.10000000E-01  0.10000000E+01
 0.10200200E-08  0.82505587E-02  0.00000000E+00  0.17334312E+00  0.00000000E+00  0.00000000E+00  0.19043963E+09  0.00000000E+00  0.00000000E+00  0.00000000E+00  0.00000000E+00  0.00000000E+00  0.10000000E-01  0.10000000E+01
 0.10300200E-08  0.82505587E-02  0.00000000E+00  0.17524751E+00  0.00000000E+00  0.00000000E+00  0.19043963E+09  0.00000000E+00  0.00000000E+00  0.00000000E+00  0.00000000E+00  0.00000000E+00  0.10000000E-01  0.10000000E+01
 0.10400200E-08  0.82505587E-02  0.00000000E+00  0.17715191E+00  0.00000000E+00  0.00000000E+00  0.19043963E+09  0.00000000E+00  0.00000000E+00  0.00000000E+00  0.00000000E+00  0.00000000E+00  0.10000000E-01  0.10000000E+01
 0.10500200E-08  0.82505587E-02  0.00000000E+00  0.17905631E+00  0.00000000E+00  0.00000000E+00  0.19043963E+09  0.00000000E+00  0.00000000E+00  0.00000000E+00  0.00000000E+00  0.00000000E+00  0.10000000E-01  0.10000000E+01
 0.10600200E-08  0.82505587E-02  0.00000000E+00  0.18096070E+00  0.00000000E+00  0.00000000E+00  0.19043963E+09  0.00000000E+00  0.00000000E+00  0.00000000E+00  0.00000000E+00  0.00000000E+00  0.10000000E-01  0.10000000E+01
 0.10700200E-08  0.82505587E-02  0.00000000E+00  0.18286510E+00  0.00000000E+00  0.00000000E+00  0.19043963E+09  0.00000000E+00  0.00000000E+00  0.00000000E+00  0.00000000E+00  0.00000000E+00  0.10000000E-01  0.10000000E+01
 0.10800200E-08  0.82505587E-02  0.00000000E+00  0.18476950E+00  0.00000000E+00  0.00000000E+00  0.19043963E+09  0.00000000E+00  0.00000000E+00  0.00000000E+00  0.00000000E+00  0.00000000E+00  0.10000000E-01  0.10000000E+01
 0.10900200E-08  0.82505587E-02  0.00000000E+00  0.18667389E+00  0.00000000E+00  0.00000000E+00  0.19043963E+09  0.00000000E+00  0.00000000E+00  0.00000000E+00  0.00000000E+00  0.00000000E+00  0.10000000E-01  0.10000000E+01
 0.11000200E-08  0.82505587E-02  0.00000000E+00  0.18857829E+00  0.00000000E+00  0.00000000E+00  0.19043963E+09  0.00000000E+00  0.00000000E+00  0.00000000E+00  0.00000000E+00  0.00000000E+00  0.10000000E-01  0.10000000E+01
 0.11100200E-08  0.82505587E-02  0.00000000E+00  0.19048268E+00  0.00000000E+00  0.00000000E+00  0.19043963E+09  0.00000000E+00  0.00000000E+00  0.00000000E+00  0.00000000E+00  0.00000000E+00  0.10000000E-01  0.10000000E+01
 0.11200200E-08  0.82505587E-02  0.00000000E+00  0.19238708E+00  0.00000000E+00  0.00000000E+00  0.19043963E+09  0.00000000E+00  0.00000000E+00  0.00000000E+00  0.00000000E+00  0.00000000E+00  0.10000000E-01  0.10000000E+01
 0.11300200E-08  0.82505587E-02  0.00000000E+00  0.19429148E+00  0.00000000E+00  0.00000000E+00  0.19043963E+09  0.00000000E+00  0.00000000E+00  0.00000000E+00  0.00000000E+00  0.00000000E+00  0.10000000E-01  0.10000000E+01
 0.11400200E-08  0.82505587E-02  0.00000000E+00  0.19619587E+00  0.00000000E+00  0.00000000E+00  0.19043963E+09  0.00000000E+00  0.00000000E+00  0.00000000E+00  0.00000000E+00  0.00000000E+00  0.10000000E-01  0.10000000E+01
 0.11500200E-08  0.82505587E-02  0.00000000E+00  0.19810027E+00  0.00000000E+00  0.00000000E+00  0.19043963E+09  0.00000000E+00  0.00000000E+00  0.00000000E+00  0.00000000E+00  0.00000000E+00  0.10000000E-01  0.10000000E+01
 0.11600200E-08  0.82505587E-02  0.00000000E+00  0.20000467E+00  0.00000000E+00  0.00000000E+00  0.19043963E+09  0.00000000E+00  0.00000000E+00  0.00000000E+00  0.00000000E+00  0.00000000E+00  0.10000000E-01  0.10000000E+01
 0.11700200E-08  0.82505587E-02  0.00000000E+00  0.20190906E+00  0.00000000E+00  0.00000000E+00  0.19043963E+09  0.00000000E+00  0.00000000E+00  0.00000000E+00  0.00000000E+00  0.00000000E+00  0.10000000E-01  0.10000000E+01
 0.11800200E-08  0.82505587E-02  0.00000000E+00  0.20381346E+00  0.00000000E+00  0.00000000E+00  0.19043963E+09  0.00000000E+00  0.00000000E+00  0.00000000E+00  0.00000000E+00  0.00000000E+00  0.10000000E-01  0.10000000E+01
 0.11900200E-08  0.82505587E-02  0.00000000E+00  0.20571785E+00  0.00000000E+00  0.00000000E+00  0.19043963E+09  0.00000000E+00  0.00000000E+00  0.00000000E+00  0.00000000E+00  0.00000000E+00  0.10000000E-01  0.10000000E+01
 0.12000200E-08  0.82505587E-02  0.00000000E+00  0.20762225E+00  0.00000000E+00  0.00000000E+00  0.19043963E+09  0.00000000E+00  0.00000000E+00  0.00000000E+00  0.00000000E+00  0.00000000E+00  0.10000000E-01  0.10000000E+01
 0.12100200E-08  0.82505587E-02  0.00000000E+00  0.20952665E+00  0.00000000E+00  0.00000000E+00  0.19043963E+09  0.00000000E+00  0.00000000E+00  0.00000000E+00  0.00000000E+00  0.00000000E+00  0.10000000E-01  0.10000000E+01
 0.12200200E-08  0.82505587E-02  0.00000000E+00  0.21143104E+00  0.00000000E+00  0.00000000E+00  0.19043963E+09  0.00000000E+00  0.00000000E+00  0.00000000E+00  0.00000000E+00  0.00000000E+00  0.10000000E-01  0.10000000E+01
 0.12300200E-08  0.82505587E-02  0.00000000E+00  0.21333544E+00  0.00000000E+00  0.00000000E+00  0.19043963E+09  0.00000000E+00  0.00000000E+00  0.00000000E+00  0.00000000E+00  0.00000000E+00  0.10000000E-01  0.10000000E+01
 0.12400200E-08  0.82505587E-02  0.00000000E+00  0.21523984E+00  0.00000000E+00  0.00000000E+00  0.19043963E+09  0.00000000E+00  0.00000000E+00  0.00000000E+00  0.00000000E+00  0.00000000E+00  0.10000000E-01  0.10000000E+01
 0.12500200E-08  0.82505587E-02  0.00000000E+00  0.21714423E+00  0.00000000E+00  0.00000000E+00  0.19043963E+09  0.00000000E+00  0.00000000E+00  0.00000000E+00  0.00000000E+00  0.00000000E+00  0.10000000E-01  0.10000000E+01
 0.12600200E-08  0.82505587E-02  0.00000000E+00  0.21904863E+00  0.00000000E+00  0.00000000E+00  0.19043963E+09  0.00000000E+00  0.00000000E+00  0.00000000E+00  0.00000000E+00  0.00000000E+00  0.10000000E-01  0.10000000E+01
 0.12700200E-08  0.82505587E-02  0.00000000E+00  0.22095302E+00  0.00000000E+00  0.00000000E+00  0.19043963E+09  0.00000000E+00  0.00000000E+00  0.00000000E+00  0.00000000E+00  0.00000000E+00  0.10000000E-01  0.10000000E+01
 0.12800200E-08  0.82505587E-02  0.00000000E+00  0.22285742E+00  0.00000000E+00  0.00000000E+00  0.19043963E+09  0.00000000E+00  0.00000000E+00  0.00000000E+00  0.00000000E+00  0.00000000E+00  0.10000000E-01  0.10000000E+01
 0.12900200E-08  0.82505587E-02  0.00000000E+00  0.22476182E+00  0.00000000E+00  0.00000000E+00  0.19043963E+09  0.00000000E+00  0.00000000E+00  0.00000000E+00  0.00000000E+00  0.00000000E+00  0.10000000E-01  0.10000000E+01
 0.13000200E-08  0.82505587E-02  0.00000000E+00  0.22666621E+00  0.00000000E+00  0.00000000E+00  0.19043963E+09  0.00000000E+00  0.00000000E+00  0.00000000E+00  0.00000000E+00  0.00000000E+00  0.10000000E-01  0.10000000E+01
 0.13100200E-08  0.82505587E-02  0.00000000E+00  0.22857061E+00  0.00000000E+00  0.00000000E+00  0.19043963E+09  0.00000000E+00  0.00000000E+00  0.00000000E+00  0.00000000E+00  0.00000000E+00  0.10000000E-01  0.10000000E+01
 0.13200200E-08  0.82505587E-02  0.00000000E+00  0.23047501E+00  0.00000000E+00  0.00000000E+00  0.19043963E+09  0.00000000E+00  0.00000000E+00  0.00000000E+00  0.00000000E+00  0.00000000E+00  0.10000000E-01  0.10000000E+01
 0.13300200E-08  0.82505587E-02  0.00000000E+00  0.23237940E+00  0.00000000E+00  0.00000000E+00  0.19043963E+09  0.00000000E+00  0.00000000E+00  0.00000000E+00  0.00000000E+00  0.00000000E+00  0.10000000E-01  0.10000000E+01
 0.13400200E-08  0.82505587E-02  0.00000000E+00  0.23428380E+00  0.00000000E+00  0.00000000E+00  0.19043963E+09  0.00000000E+00  0.00000000E+00  0.00000000E+00  0.00000000E+00  0.00000000E+00  0.10000000E-01  0.10000000E+01
 0.13500200E-08  0.82505587E-02  0.00000000E+00  0.23618820E+00  0.00000000E+00  0.00000000E+00  0.19043963E+09  0.00000000E+00  0.00000000E+00  0.00000000E+00  0.00000000E+00  0.00000000E+00  0.10000000E-01  0.10000000E+01
 0.13600200E-08  0.82505587E-02  0.00000000E+00  0.23809259E+00  0.00000000E+00  0.00000000E+00  0.19043963E+09  0.00000000E+00  0.00000000E+00  0.00000000E+00  0.00000000E+00  0.00000000E+00  0.10000000E-01  0.10000000E+01
 0.13700200E-08  0.82505587E-02  0.00000000E+00  0.23999699E+00  0.00000000E+00  0.00000000E+00  0.19043963E+09  0.00000000E+00  0.00000000E+00  0.00000000E+00  0.00000000E+00  0.00000000E+00  0.10000000E-01  0.10000000E+01
 0.13800200E-08  0.82505587E-02  0.00000000E+00  0.24190138E+00  0.00000000E+00  0.00000000E+00  0.19043963E+09  0.00000000E+00  0.00000000E+00  0.00000000E+00  0.00000000E+00  0.00000000E+00  0.10000000E-01  0.10000000E+01
 0.13900200E-08  0.82505587E-02  0.00000000E+00  0.24380578E+00  0.00000000E+00  0.00000000E+00  0.19043963E+09  0.00000000E+00  0.00000000E+00  0.00000000E+00  0.00000000E+00  0.00000000E+00  0.10000000E-01  0.10000000E+01
 0.14000200E-08  0.82505587E-02  0.00000000E+00  0.24571018E+00  0.00000000E+00  0.00000000E+00  0.19043963E+09  0.00000000E+00  0.00000000E+00  0.00000000E+00  0.00000000E+00  0.00000000E+00  0.10000000E-01  0.10000000E+01
 0.14100200E-08  0.82505587E-02  0.00000000E+00  0.24761457E+00  0.00000000E+00  0.00000000E+00  0.19043963E+09  0.00000000E+00  0.00000000E+00  0.00000000E+00  0.00000000E+00  0.00000000E+00  0.10000000E-01  0.10000000E+01
 0.14200200E-08  0.82505587E-02  0.00000000E+00  0.24951897E+00  0.00000000E+00  0.00000000E+00  0.19043963E+09  0.00000000E+00  0.00000000E+00  0.00000000E+00  0.00000000E+00  0.00000000E+00  0.10000000E-01  0.10000000E+01
 0.14300200E-08  0.82505587E-02  0.00000000E+00  0.25142337E+00  0.00000000E+00  0.00000000E+00  0.19043963E+09  0.00000000E+00  0.00000000E+00  0.00000000E+00  0.00000000E+00  0.00000000E+00  0.10000000E-01  0.10000000E+01
 0.14400200E-08  0.82505587E-02  0.00000000E+00  0.25332776E+00  0.00000000E+00  0.00000000E+00  0.19043963E+09  0.00000000E+00  0.00000000E+00  0.00000000E+00  0.00000000E+00  0.00000000E+00  0.10000000E-01  0.10000000E+01
 0.14500200E-08  0.82505587E-02  0.00000000E+00  0.25523216E+00  0.00000000E+00  0.00000000E+00  0.19043963E+09  0.00000000E+00  0.00000000E+00  0.00000000E+00  0.00000000E+00  0.00000000E+00  0.10000000E-01  0.10000000E+01
 0.14600200E-08  0.82505587E-02  0.00000000E+00  0.25713655E+00  0.00000000E+00  0.00000000E+00  0.19043963E+09  0.00000000E+00  0.00000000E+00  0.00000000E+00  0.00000000E+00  0.00000000E+00  0.10000000E-01  0.10000000E+01
 0.14700200E-08  0.82505587E-02  0.00000000E+00  0.25904095E+00  0.00000000E+00  0.00000000E+00  0.19043963E+09  0.00000000E+00  0.00000000E+00  0.00000000E+00  0.00000000E+00  0.00000000E+00  0.10000000E-01  0.10000000E+01
 0.14800200E-08  0.82505587E-02  0.00000000E+00  0.26094535E+00  0.00000000E+00  0.00000000E+00  0.19043963E+09  0.00000000E+00  0.00000000E+00  0.00000000E+00  0.00000000E+00  0.00000000E+00  0.10000000E-01  0.10000000E+01
 0.14900200E-08  0.82505587E-02  0.00000000E+00  0.26284974E+00  0.00000000E+00  0.00000000E+00  0.19043963E+09  0.00000000E+00  0.00000000E+00  0.00000000E+00  0.00000000E+00  0.00000000E+00  0.10000000E-01  0.10000000E+01
 0.15000200E-08  0.82505587E-02  0.00000000E+00  0.26475414E+00  0.00000000E+00  0.00000000E+00  0.19043963E+09  0.00000000E+00  0.00000000E+00  0.00000000E+00  0.00000000E+00  0.00000000E+00  0.10000000E-01  0.10000000E+01
 0.15100200E-08  0.82505587E-02  0.00000000E+00  0.26665854E+00  0.00000000E+00  0.00000000E+00  0.19043963E+09  0.00000000E+00  0.00000000E+00  0.00000000E+00  0.00000000E+00  0.00000000E+00  0.10000000E-01  0.10000000E+01
 0.15200200E-08  0.82505587E-02  0.00000000E+00  0.26856293E+00  0.00000000E+00  0.00000000E+00  0.19043963E+09  0.00000000E+00  0.00000000E+00  0.00000000E+00  0.00000000E+00  0.00000000E+00  0.10000000E-01  0.10000000E+01
 0.15300200E-08  0.82505587E-02  0.00000000E+00  0.27046733E+00  0.00000000E+00  0.00000000E+00  0.19043963E+09  0.00000000E+00  0.00000000E+00  0.00000000E+00  0.00000000E+00  0.00000000E+00  0.10000000E-01  0.10000000E+01
 0.15400200E-08  0.82505587E-02  0.00000000E+00  0.27237172E+00  0.00000000E+00  0.00000000E+00  0.19043963E+09  0.00000000E+00  0.00000000E+00  0.00000000E+00  0.00000000E+00  0.00000000E+00  0.10000000E-01  0.10000000E+01
 0.15500200E-08  0.82505587E-02  0.00000000E+00  0.27427612E+00  0.00000000E+00  0.00000000E+00  0.19043963E+09  0.00000000E+00  0.00000000E+00  0.00000000E+00  0.00000000E+00  0.00000000E+00  0.10000000E-01  0.10000000E+01
 0.15600200E-08  0.82505587E-02  0.00000000E+00  0.27618052E+00  0.00000000E+00  0.00000000E+00  0.19043963E+09  0.00000000E+00  0.00000000E+00  0.00000000E+00  0.00000000E+00  0.00000000E+00  0.10000000E-01  0.10000000E+01
 0.15700200E-08  0.82505587E-02  0.00000000E+00  0.27808491E+00  0.00000000E+00  0.00000000E+00  0.19043963E+09  0.00000000E+00  0.00000000E+00  0.00000000E+00  0.00000000E+00  0.00000000E+00  0.10000000E-01  0.10000000E+01
 0.15800200E-08  0.82505587E-02  0.00000000E+00  0.27998931E+00  0.00000000E+00  0.00000000E+00  0.19043963E+09  0.00000000E+00  0.00000000E+00  0.00000000E+00  0.00000000E+00  0.00000000E+00  0.10000000E-01  0.10000000E+01
 0.15900200E-08  0.82505587E-02  0.00000000E+00  0.28189371E+00  0.00000000E+00  0.00000000E+00  0.19043963E+09  0.00000000E+00  0.00000000E+00  0.00000000E+00  0.00000000E+00  0.00000000E+00  0.10000000E-01  0.10000000E+01
 0.16000200E-08  0.82505587E-02  0.00000000E+00  0.28379810E+00  0.00000000E+00  0.00000000E+00  0.19043963E+09  0.00000000E+00  0.00000000E+00  0.00000000E+00  0.00000000E+00  0.00000000E+00  0.10000000E-01  0.10000000E+01
 0.16100200E-08  0.82505587E-02  0.00000000E+00  0.28570250E+00  0.00000000E+00  0.00000000E+00  0.19043963E+09  0.00000000E+00  0.00000000E+00  0.00000000E+00  0.00000000E+00  0.00000000E+00  0.10000000E-01  0.10000000E+01
 0.16200200E-08  0.82505587E-02  0.00000000E+00  0.28760690E+00  0.00000000E+00  0.00000000E+00  0.19043963E+09  0.00000000E+00  0.00000000E+00  0.00000000E+00  0.00000000E+00  0.00000000E+00  0.10000000E-01  0.10000000E+01
 0.16300200E-08  0.82505587E-02  0.00000000E+00  0.28951129E+00  0.00000000E+00  0.00000000E+00  0.19043963E+09  0.00000000E+00  0.00000000E+00  0.00000000E+00  0.00000000E+00  0.00000000E+00  0.10000000E-01  0.10000000E+01
 0.16400200E-08  0.82505587E-02  0.00000000E+00  0.29141569E+00  0.00000000E+00  0.00000000E+00  0.19043963E+09  0.00000000E+00  0.00000000E+00  0.00000000E+00  0.00000000E+00  0.00000000E+00  0.10000000E-01  0.10000000E+01
 0.16500200E-08  0.82505587E-02  0.00000000E+00  0.29332008E+00  0.00000000E+00  0.00000000E+00  0.19043963E+09  0.00000000E+00  0.00000000E+00  0.00000000E+00  0.00000000E+00  0.00000000E+00  0.10000000E-01  0.10000000E+01
 0.16600200E-08  0.82505587E-02  0.00000000E+00  0.29522448E+00  0.00000000E+00  0.00000000E+00  0.19043963E+09  0.00000000E+00  0.00000000E+00  0.00000000E+00  0.00000000E+00  0.00000000E+00  0.10000000E-01  0.10000000E+01
 0.16700200E-08  0.82505587E-02  0.00000000E+00  0.29712888E+00  0.00000000E+00  0.00000000E+00  0.19043963E+09  0.00000000E+00  0.00000000E+00  0.00000000E+00  0.00000000E+00  0.00000000E+00  0.10000000E-01  0.10000000E+01
 0.16800200E-08  0.82505587E-02  0.00000000E+00  0.29903327E+00  0.00000000E+00  0.00000000E+00  0.19043963E+09  0.00000000E+00  0.00000000E+00  0.00000000E+00  0.00000000E+00  0.00000000E+00  0.10000000E-01  0.10000000E+01
 0.16900200E-08  0.82505587E-02  0.00000000E+00  0.30093767E+00  0.00000000E+00  0.00000000E+00  0.19043963E+09  0.00000000E+00  0.00000000E+00  0.00000000E+00  0.00000000E+00  0.00000000E+00  0.10000000E-01  0.10000000E+01
 0.17000200E-08  0.82505587E-02  0.00000000E+00  0.30284207E+00  0.00000000E+00  0.00000000E+00  0.19043963E+09  0.00000000E+00  0.00000000E+00  0.00000000E+00  0.00000000E+00  0.00000000E+00  0.10000000E-01  0.10000000E+01
 0.17100200E-08  0.82505587E-02  0.00000000E+00  0.30474646E+00  0.00000000E+00  0.00000000E+00  0.19043963E+09  0.00000000E+00  0.00000000E+00  0.00000000E+00  0.00000000E+00  0.00000000E+00  0.10000000E-01  0.10000000E+01
 0.17200200E-08  0.82505587E-02  0.00000000E+00  0.30665086E+00  0.00000000E+00  0.00000000E+00  0.19043963E+09  0.00000000E+00  0.00000000E+00  0.00000000E+00  0.00000000E+00  0.00000000E+00  0.10000000E-01  0.10000000E+01
 0.17300200E-08  0.82505587E-02  0.00000000E+00  0.30855525E+00  0.00000000E+00  0.00000000E+00  0.19043963E+09  0.00000000E+00  0.00000000E+00  0.00000000E+00  0.00000000E+00  0.00000000E+00  0.10000000E-01  0.10000000E+01
 0.17400200E-08  0.82505587E-02  0.00000000E+00  0.31045965E+00  0.00000000E+00  0.00000000E+00  0.19043963E+09  0.00000000E+00  0.00000000E+00  0.00000000E+00  0.00000000E+00  0.00000000E+00  0.10000000E-01  0.10000000E+01
 0.17500200E-08  0.82505587E-02  0.00000000E+00  0.31236405E+00  0.00000000E+00  0.00000000E+00  0.19043963E+09  0.00000000E+00  0.00000000E+00  0.00000000E+00  0.00000000E+00  0.00000000E+00  0.10000000E-01  0.10000000E+01
 0.17600200E-08  0.82505587E-02  0.00000000E+00  0.31426844E+00  0.00000000E+00  0.00000000E+00  0.19043963E+09  0.00000000E+00  0.00000000E+00  0.00000000E+00  0.00000000E+00  0.00000000E+00  0.10000000E-01  0.10000000E+01
 0.17700200E-08  0.82505587E-02  0.00000000E+00  0.31617284E+00  0.00000000E+00  0.00000000E+00  0.19043963E+09  0.00000000E+00  0.00000000E+00  0.00000000E+00  0.00000000E+00  0.00000000E+00  0.10000000E-01  0.10000000E+01
 0.17800200E-08  0.82505587E-02  0.00000000E+00  0.31807724E+00  0.00000000E+00  0.00000000E+00  0.19043963E+09  0.00000000E+00  0.00000000E+00  0.00000000E+00  0.00000000E+00  0.00000000E+00  0.10000000E-01  0.10000000E+01
 0.17900200E-08  0.82505587E-02  0.00000000E+00  0.31998163E+00  0.00000000E+00  0.00000000E+00  0.19043963E+09  0.00000000E+00  0.00000000E+00  0.00000000E+00  0.00000000E+00  0.00000000E+00  0.10000000E-01  0.10000000E+01
 0.18000200E-08  0.82505587E-02  0.00000000E+00  0.32188603E+00  0.00000000E+00  0.00000000E+00  0.19043963E+09  0.00000000E+00  0.00000000E+00  0.00000000E+00  0.00000000E+00  0.00000000E+00  0.10000000E-01  0.10000000E+01
 0.18100200E-08  0.82505587E-02  0.00000000E+00  0.32379043E+00  0.00000000E+00  0.00000000E+00  0.19043963E+09  0.00000000E+00  0.00000000E+00  0.00000000E+00  0.00000000E+00  0.00000000E+00  0.10000000E-01  0.10000000E+01
 0.18200200E-08  0.82505587E-02  0.00000000E+00  0.32569482E+00  0.00000000E+00  0.00000000E+00  0.19043963E+09  0.00000000E+00  0.00000000E+00  0.00000000E+00  0.00000000E+00  0.00000000E+00  0.10000000E-01  0.10000000E+01
 0.18300200E-08  0.82505587E-02  0.00000000E+00  0.32759922E+00  0.00000000E+00  0.00000000E+00  0.19043963E+09  0.00000000E+00  0.00000000E+00  0.00000000E+00  0.00000000E+00  0.00000000E+00  0.10000000E-01  0.10000000E+01
 0.18400200E-08  0.82505587E-02  0.00000000E+00  0.32950361E+00  0.00000000E+00  0.00000000E+00  0.19043963E+09  0.00000000E+00  0.00000000E+00  0.00000000E+00  0.00000000E+00  0.00000000E+00  0.10000000E-01  0.10000000E+01
 0.18500200E-08  0.82505587E-02  0.00000000E+00  0.33140801E+00  0.00000000E+00  0.00000000E+00  0.19043963E+09  0.00000000E+00  0.00000000E+00  0.00000000E+00  0.00000000E+00  0.00000000E+00  0.10000000E-01  0.10000000E+01
 0.18600200E-08  0.82505587E-02  0.00000000E+00  0.33331241E+00  0.00000000E+00  0.00000000E+00  0.19043963E+09  0.00000000E+00  0.00000000E+00  0.00000000E+00  0.00000000E+00  0.00000000E+00  0.10000000E-01  0.10000000E+01
 0.18700200E-08  0.82505587E-02  0.00000000E+00  0.33521680E+00  0.00000000E+00  0.00000000E+00  0.19043963E+09  0.00000000E+00  0.00000000E+00  0.00000000E+00  0.00000000E+00  0.00000000E+00  0.10000000E-01  0.10000000E+01
 0.18800200E-08  0.82505587E-02  0.00000000E+00  0.33712120E+00  0.00000000E+00  0.00000000E+00  0.19043963E+09  0.00000000E+00  0.00000000E+00  0.00000000E+00  0.00000000E+00  0.00000000E+00  0.10000000E-01  0.10000000E+01
 0.18900200E-08  0.82505587E-02  0.00000000E+00  0.33902560E+00  0.00000000E+00  0.00000000E+00  0.19043963E+09  0.00000000E+00  0.00000000E+00  0.00000000E+00  0.00000000E+00  0.00000000E+00  0.10000000E-01  0.10000000E+01
 0.19000200E-08  0.82505587E-02  0.00000000E+00  0.34092999E+00  0.00000000E+00  0.00000000E+00  0.19043963E+09  0.00000000E+00  0.00000000E+00  0.00000000E+00  0.00000000E+00  0.00000000E+00  0.10000000E-01  0.10000000E+01
 0.19100200E-08  0.82505587E-02  0.00000000E+00  0.34283439E+00  0.00000000E+00  0.00000000E+00  0.19043963E+09  0.00000000E+00  0.00000000E+00  0.00000000E+00  0.00000000E+00  0.00000000E+00  0.10000000E-01  0.10000000E+01
 0.19200200E-08  0.82505587E-02  0.00000000E+00  0.34473878E+00  0.00000000E+00  0.00000000E+00  0.19043963E+09  0.00000000E+00  0.00000000E+00  0.00000000E+00  0.00000000E+00  0.00000000E+00  0.10000000E-01  0.10000000E+01
 0.19300200E-08  0.82505587E-02  0.00000000E+00  0.34664318E+00  0.00000000E+00  0.00000000E+00  0.19043963E+09  0.00000000E+00  0.00000000E+00  0.00000000E+00  0.00000000E+00  0.00000000E+00  0.10000000E-01  0.10000000E+01
 0.19400200E-08  0.82505587E-02  0.00000000E+00  0.34854758E+00  0.00000000E+00  0.00000000E+00  0.19043963E+09  0.00000000E+00  0.00000000E+00  0.00000000E+00  0.00000000E+00  0.00000000E+00  0.10000000E-01  0.10000000E+01
 0.19500200E-08  0.82505587E-02  0.00000000E+00  0.35045197E+00  0.00000000E+00  0.00000000E+00  0.19043963E+09  0.00000000E+00  0.00000000E+00  0.00000000E+00  0.00000000E+00  0.00000000E+00  0.10000000E-01  0.10000000E+01
 0.19600200E-08  0.82505587E-02  0.00000000E+00  0.35235637E+00  0.00000000E+00  0.00000000E+00  0.19043963E+09  0.00000000E+00  0.00000000E+00  0.00000000E+00  0.00000000E+00  0.00000000E+00  0.10000000E-01  0.10000000E+01
 0.19700200E-08  0.82505587E-02  0.00000000E+00  0.35426077E+00  0.00000000E+00  0.00000000E+00  0.19043963E+09  0.00000000E+00  0.00000000E+00  0.00000000E+00  0.00000000E+00  0.00000000E+00  0.10000000E-01  0.10000000E+01
 0.19800200E-08  0.82505587E-02  0.00000000E+00  0.35616516E+00  0.00000000E+00  0.00000000E+00  0.19043963E+09  0.00000000E+00  0.00000000E+00  0.00000000E+00  0.00000000E+00  0.00000000E+00  0.10000000E-01  0.10000000E+01
 0.19900200E-08  0.82505587E-02  0.00000000E+00  0.35806956E+00  0.00000000E+00  0.00000000E+00  0.19043963E+09  0.00000000E+00  0.00000000E+00  0.00000000E+00  0.00000000E+00  0.00000000E+00  0.10000000E-01  0.10000000E+01
