# ptime xp yp zp vx vy vz ex ey ez bx by bz wt
 0.20000000E-13  0.63809437E-02  0.00000000E+00 -0.19759230E-01  0.00000000E+00  0.00000000E+00  0.18319620E+09  0.00000000E+00  0.00000000E+00  0.00000000E+00  0.00000000E+00  0.00000000E+00  0.10000000E-01  0.10000000E+01
 0.10000000E-10  0.63809437E-02  0.00000000E+00 -0.17930932E-01  0.00000000E+00  0.00000000E+00  0.18319620E+09  0.00000000E+00  0.00000000E+00  0.00000000E+00  0.00000000E+00  0.00000000E+00  0.10000000E-01  0.10000000E+01
 0.20000000E-10  0.63809437E-02  0.00000000E+00 -0.16098970E-01  0.00000000E+00  0.00000000E+00  0.18319620E+09  0.00000000E+00  0.00000000E+00  0.00000000E+00  0.00000000E+00  0.00000000E+00  0.10000000E-01  0.10000000E+01
 0.30000000E-10  0.63809437E-02  0.00000000E+00 -0.14267008E-01  0.00000000E+00  0.00000000E+00  0.18319620E+09  0.00000000E+00  0.00000000E+00  0.00000000E+00  0.00000000E+00  0.00000000E+00  0.10000000E-01  0.10000000E+01
 0.40020000E-10  0.63809437E-02  0.00000000E+00 -0.12431382E-01  0.00000000E+00  0.00000000E+00  0.18319620E+09  0.00000000E+00  0.00000000E+00  0.00000000E+00  0.00000000E+00  0.00000000E+00  0.10000000E-01  0.10000000E+01
 0.50020000E-10  0.63809437E-02  0.00000000E+00 -0.10599420E-01  0.00000000E+00  0.00000000E+00  0.18319620E+09  0.00000000E+00  0.00000000E+00  0.00000000E+00  0.00000000E+00  0.00000000E+00  0.10000000E-01  0.10000000E+01
 0.60020000E-10  0.63809437E-02  0.00000000E+00 -0.87674580E-02  0.00000000E+00  0.00000000E+00  0.18319620E+09  0.00000000E+00  0.00000000E+00  0.00000000E+00  0.00000000E+00  0.00000000E+00  0.10000000E-01  0.10000000E+01
 0.70020000E-10  0.63809437E-02  0.00000000E+00 -0.69354960E-02  0.00000000E+00  0.00000000E+00  0.18319620E+09  0.00000000E+00  0.00000000E+00  0.00000000E+00  0.00000000E+00  0.00000000E+00  0.10000000E-01  0.10000000E+01
 0.80000000E-10  0.63809437E-02  0.00000000E+00 -0.51071980E-02  0.00000000E+00  0.00000000E+00  0.18319620E+09  0.00000000E+00  0.00000000E+00  0.00000000E+00  0.00000000E+00  0.00000000E+00  0.10000000E-01  0.10000000E+01
 0.90000000E-10  0.63809437E-02  0.00000000E+00 -0.32752360E-02  0.00000000E+00  0.00000000E+00  0.18319620E+09  0.00000000E+00  0.00000000E+00  0.00000000E+00  0.00000000E+00  0.00000000E+00  0.10000000E-01  0.10000000E+01
 0.10000000E-09  0.63809437E-02  0.00000000E+00 -0.14432740E-02  0.00000000E+00  0.00000000E+00  0.18319620E+09  0.00000000E+00  0.00000000E+00  0.00000000E+00  0.00000000E+00  0.00000000E+00  0.10000000E-01  0.10000000E+01
 0.11000000E-09  0.63809437E-02  0.00000000E+00  0.38868799E-03  0.00000000E+00  0.00000000E+00  0.18319620E+09  0.00000000E+00  0.00000000E+00  0.00000000E+00  0.00000000E+00  0.00000000E+00  0.10000000E-01  0.10000000E+01
 0.12000000E-09  0.63809437E-02  0.00000000E+00  0.22206500E-02  0.00000000E+00  0.00000000E+00  0.18319620E+09  0.00000000E+00  0.00000000E+00  0.00000000E+00  0.00000000E+00  0.00000000E+00  0.10000000E-01  0.10000000E+01
 0.13000000E-09  0.63809437E-02  0.00000000E+00  0.40526120E-02  0.00000000E+00  0.00000000E+00  0.18319620E+09  0.00000000E+00  0.00000000E+00  0.00000000E+00  0.00000000E+00  0.00000000E+00  0.10000000E-01  0.10000000E+01
 0.14002000E-09  0.63809437E-02  0.00000000E+00  0.58882379E-02  0.00000000E+00  0.00000000E+00  0.18319620E+09  0.00000000E+00  0.00000000E+00  0.00000000E+00  0.00000000E+00  0.00000000E+00  0.10000000E-01  0.10000000E+01
 0.15002000E-09  0.63809437E-02  0.00000000E+00  0.77201999E-02  0.00000000E+00  0.00000000E+00  0.18319620E+09  0.00000000E+00  0.00000000E+00  0.00000000E+00  0.00000000E+00  0.00000000E+00  0.10000000E-01  0.10000000E+01
 0.16002000E-09  0.63809437E-02  0.00000000E+00  0.95521619E-02  0.00000000E+00  0.00000000E+00  0.18319620E+09  0.00000000E+00  0.00000000E+00  0.00000000E+00  0.00000000E+00  0.00000000E+00  0.10000000E-01  0.10000000E+01
 0.17002000E-09  0.63809437E-02  0.00000000E+00  0.11384124E-01  0.00000000E+00  0.00000000E+00  0.18319620E+09  0.00000000E+00  0.00000000E+00  0.00000000E+00  0.00000000E+00  0.00000000E+00  0.10000000E-01  0.10000000E+01
 0.18002000E-09  0.63809437E-02  0.00000000E+00  0.13216086E-01  0.00000000E+00  0.00000000E+00  0.18319620E+09  0.00000000E+00  0.00000000E+00  0.00000000E+00  0.00000000E+00  0.00000000E+00  0.10000000E-01  0.10000000E+01
 0.19002000E-09  0.63809437E-02  0.00000000E+00  0.15048048E-01  0.00000000E+00  0.00000000E+00  0.18319620E+09  0.00000000E+00  0.00000000E+00  0.00000000E+00  0.00000000E+00  0.00000000E+00  0.10000000E-01  0.10000000E+01
 0.20002000E-09  0.63809437E-02  0.00000000E+00  0.16880010E-01  0.00000000E+00  0.00000000E+00  0.18319620E+09  0.00000000E+00  0.00000000E+00  0.00000000E+00  0.00000000E+00  0.00000000E+00  0.10000000E-01  0.10000000E+01
 0.21002000E-09  0.63809437E-02  0.00000000E+00  0.18711972E-01  0.00000000E+00  0.00000000E+00  0.18319620E+09  0.00000000E+00  0.00000000E+00  0.00000000E+00  0.00000000E+00  0.00000000E+00  0.10000000E-01  0.10000000E+01
 0.22002000E-09  0.63809437E-02  0.00000000E+00  0.20543934E-01  0.00000000E+00  0.00000000E+00  0.18319620E+09  0.00000000E+00  0.00000000E+00  0.00000000E+00  0.00000000E+00  0.00000000E+00  0.10000000E-01  0.10000000E+01
 0.23002000E-09  0.63809437E-02  0.00000000E+00  0.22375896E-01  0.00000000E+00  0.00000000E+00  0.18319620E+09  0.00000000E+00  0.00000000E+00  0.00000000E+00  0.00000000E+00  0.00000000E+00  0.10000000E-01  0.10000000E+01
 0.24002000E-09  0.63809437E-02  0.00000000E+00  0.24207858E-01  0.00000000E+00  0.00000000E+00  0.18319620E+09  0.00000000E+00  0.00000000E+00  0.00000000E+00  0.00000000E+00  0.00000000E+00  0.10000000E-01  0.10000000E+01
 0.25002000E-09  0.63809437E-02  0.00000000E+00  0.26039820E-01  0.00000000E+00  0.00000000E+00  0.18319620E+09  0.00000000E+00  0.00000000E+00  0.00000000E+00  0.00000000E+00  0.00000000E+00  0.10000000E-01  0.10000000E+01
 0.26002000E-09  0.63809437E-02  0.00000000E+00  0.27871782E-01  0.00000000E+00  0.00000000E+00  0.18319620E+09  0.00000000E+00  0.00000000E+00  0.00000000E+00  0.00000000E+00  0.00000000E+00  0.10000000E-01  0.10000000E+01
 0.27002000E-09  0.63809437E-02  0.00000000E+00  0.29703744E-01  0.00000000E+00  0.00000000E+00  0.18319620E+09  0.00000000E+00  0.00000000E+00  0.00000000E+00  0.00000000E+00  0.00000000E+00  0.10000000E-01  0.10000000E+01
 0.28002000E-09  0.63809437E-02  0.00000000E+00  0.31535706E-01  0.00000000E+00  0.00000000E+00  0.18319620E+09  0.00000000E+00  0.00000000E+00  0.00000000E+00  0.00000000E+00  0.00000000E+00  0.10000000E-01  0.10000000E+01
 0.29002000E-09  0.63809437E-02  0.00000000E+00  0.33367668E-01  0.00000000E+00  0.00000000E+00  0.18319620E+09  0.00000000E+00  0.00000000E+00  0.00000000E+00  0.00000000E+00  0.00000000E+00  0.10000000E-01  0.10000000E+01
 0.30000000E-09  0.63809437E-02  0.00000000E+00  0.35195966E-01  0.00000000E+00  0.00000000E+00  0.18319620E+09  0.00000000E+00  0.00000000E+00  0.00000000E+00  0.00000000E+00  0.00000000E+00  0.10000000E-01  0.10000000E+01
 0.31000000E-09  0.63809437E-02  0.00000000E+00  0.37027928E-01  0.00000000E+00  0.00000000E+00  0.18319620E+09  0.00000000E+00  0.00000000E+00  0.00000000E+00  0.00000000E+00  0.00000000E+00  0.10000000E-01  0.10000000E+01
 0.32000000E-09  0.63809437E-02  0.00000000E+00  0.38859890E-01  0.00000000E+00  0.00000000E+00  0.18319620E+09  0.00000000E+00  0.00000000E+00  0.00000000E+00  0.00000000E+00  0.00000000E+00  0.10000000E-01  0.10000000E+01
 0.33000000E-09  0.63809437E-02  0.00000000E+00  0.40691852E-01  0.00000000E+00  0.00000000E+00  0.18319620E+09  0.00000000E+00  0.00000000E+00  0.00000000E+00  0.00000000E+00  0.00000000E+00  0.10000000E-01  0.10000000E+01
 0.34000000E-09  0.63809437E-02  0.00000000E+00  0.42523814E-01  0.00000000E+00  0.00000000E+00  0.18319620E+09  0.00000000E+00  0.00000000E+00  0.00000000E+00  0.00000000E+00  0.00000000E+00  0.10000000E-01  0.10000000E+01
 0.35000000E-09  0.63809437E-02  0.00000000E+00  0.44355776E-01  0.00000000E+00  0.00000000E+00  0.18319620E+09  0.00000000E+00  0.00000000E+00  0.00000000E+00  0.00000000E+00  0.00000000E+00  0.10000000E-01  0.10000000E+01
 0.36000000E-09  0.63809437E-02  0.00000000E+00  0.46187738E-01  0.00000000E+00  0.00000000E+00  0.18319620E+09  0.00000000E+00  0.00000000E+00  0.00000000E+00  0.00000000E+00  0.00000000E+00  0.10000000E-01  0.10000000E+01
 0.37000000E-09  0.63809437E-02  0.00000000E+00  0.48019700E-01  0.00000000E+00  0.00000000E+00  0.18319620E+09  0.00000000E+00  0.00000000E+00  0.00000000E+00  0.00000000E+00  0.00000000E+00  0.10000000E-01  0.10000000E+01
 0.38000000E-09  0.63809437E-02  0.00000000E+00  0.49851662E-01  0.00000000E+00  0.00000000E+00  0.18319620E+09  0.00000000E+00  0.00000000E+00  0.00000000E+00  0.00000000E+00  0.00000000E+00  0.10000000E-01  0.10000000E+01
 0.39000000E-09  0.63809437E-02  0.00000000E+00  0.51683624E-01  0.00000000E+00  0.00000000E+00  0.18319620E+09  0.00000000E+00  0.00000000E+00  0.00000000E+00  0.00000000E+00  0.00000000E+00  0.10000000E-01  0.10000000E+01
 0.40000000E-09  0.63809437E-02  0.00000000E+00  0.53515586E-01  0.00000000E+00  0.00000000E+00  0.18319620E+09  0.00000000E+00  0.00000000E+00  0.00000000E+00  0.00000000E+00  0.00000000E+00  0.10000000E-01  0.10000000E+01
 0.41000000E-09  0.63809437E-02  0.00000000E+00  0.55347548E-01  0.00000000E+00  0.00000000E+00  0.18319620E+09  0.00000000E+00  0.00000000E+00  0.00000000E+00  0.00000000E+00  0.00000000E+00  0.10000000E-01  0.10000000E+01
 0.42000000E-09  0.63809437E-02  0.00000000E+00  0.57179510E-01  0.00000000E+00  0.00000000E+00  0.18319620E+09  0.00000000E+00  0.00000000E+00  0.00000000E+00  0.00000000E+00  0.00000000E+00  0.10000000E-01  0.10000000E+01
 0.43000000E-09  0.63809437E-02  0.00000000E+00  0.59011472E-01  0.00000000E+00  0.00000000E+00  0.18319620E+09  0.00000000E+00  0.00000000E+00  0.00000000E+00  0.00000000E+00  0.00000000E+00  0.10000000E-01  0.10000000E+01
 0.44000000E-09  0.63809437E-02  0.00000000E+00  0.60843434E-01  0.00000000E+00  0.00000000E+00  0.18319620E+09  0.00000000E+00  0.00000000E+00  0.00000000E+00  0.00000000E+00  0.00000000E+00  0.10000000E-01  0.10000000E+01
 0.45000000E-09  0.63809437E-02  0.00000000E+00  0.62675396E-01  0.00000000E+00  0.00000000E+00  0.18319620E+09  0.00000000E+00  0.00000000E+00  0.00000000E+00  0.00000000E+00  0.00000000E+00  0.10000000E-01  0.10000000E+01
 0.46000000E-09  0.63809437E-02  0.00000000E+00  0.64507358E-01  0.00000000E+00  0.00000000E+00  0.18319620E+09  0.00000000E+00  0.00000000E+00  0.00000000E+00  0.00000000E+00  0.00000000E+00  0.10000000E-01  0.10000000E+01
 0.47000000E-09  0.63809437E-02  0.00000000E+00  0.66339320E-01  0.00000000E+00  0.00000000E+00  0.18319620E+09  0.00000000E+00  0.00000000E+00  0.00000000E+00  0.00000000E+00  0.00000000E+00  0.10000000E-01  0.10000000E+01
 0.48000000E-09  0.63809437E-02  0.00000000E+00  0.68171282E-01  0.00000000E+00  0.00000000E+00  0.18319620E+09  0.00000000E+00  0.00000000E+00  0.00000000E+00  0.00000000E+00  0.00000000E+00  0.10000000E-01  0.10000000E+01
 0.49000000E-09  0.63809437E-02  0.00000000E+00  0.70003244E-01  0.00000000E+00  0.00000000E+00  0.18319620E+09  0.00000000E+00  0.00000000E+00  0.00000000E+00  0.00000000E+00  0.00000000E+00  0.10000000E-01  0.10000000E+01
 0.50000000E-09  0.63809437E-02  0.00000000E+00  0.71835206E-01  0.00000000E+00  0.00000000E+00  0.18319620E+09  0.00000000E+00  0.00000000E+00  0.00000000E+00  0.00000000E+00  0.00000000E+00  0.10000000E-01  0.10000000E+01
 0.51000000E-09  0.63809437E-02  0.00000000E+00  0.73667168E-01  0.00000000E+00  0.00000000E+00  0.18319620E+09  0.00000000E+00  0.00000000E+00  0.00000000E+00  0.00000000E+00  0.00000000E+00  0.10000000E-01  0.10000000E+01
 0.52000000E-09  0.63809437E-02  0.00000000E+00  0.75499130E-01  0.00000000E+00  0.00000000E+00  0.18319620E+09  0.00000000E+00  0.00000000E+00  0.00000000E+00  0.00000000E+00  0.00000000E+00  0.10000000E-01  0.10000000E+01
 0.53000000E-09  0.63809437E-02  0.00000000E+00  0.77331092E-01  0.00000000E+00  0.00000000E+00  0.18319620E+09  0.00000000E+00  0.00000000E+00  0.00000000E+00  0.00000000E+00  0.00000000E+00  0.10000000E-01  0.10000000E+01
 0.54000000E-09  0.63809437E-02  0.00000000E+00  0.79163054E-01  0.00000000E+00  0.00000000E+00  0.18319620E+09  0.00000000E+00  0.00000000E+00  0.00000000E+00  0.00000000E+00  0.00000000E+00  0.10000000E-01  0.10000000E+01
 0.55002000E-09  0.63809437E-02  0.00000000E+00  0.80998679E-01  0.00000000E+00  0.00000000E+00  0.18319620E+09  0.00000000E+00  0.00000000E+00  0.00000000E+00  0.00000000E+00  0.00000000E+00  0.10000000E-01  0.10000000E+01
 0.56002000E-09  0.63809437E-02  0.00000000E+00  0.82830641E-01  0.00000000E+00  0.00000000E+00  0.18319620E+09  0.00000000E+00  0.00000000E+00  0.00000000E+00  0.00000000E+00  0.00000000E+00  0.10000000E-01  0.10000000E+01
 0.57002000E-09  0.63809437E-02  0.00000000E+00  0.84662603E-01  0.00000000E+00  0.00000000E+00  0.18319620E+09  0.00000000E+00  0.00000000E+00  0.00000000E+00  0.00000000E+00  0.00000000E+00  0.10000000E-01  0.10000000E+01
 0.58002000E-09  0.63809437E-02  0.00000000E+00  0.86494565E-01  0.00000000E+00  0.00000000E+00  0.18319620E+09  0.00000000E+00  0.00000000E+00  0.00000000E+00  0.00000000E+00  0.00000000E+00  0.10000000E-01  0.10000000E+01
 0.59002000E-09  0.63809437E-02  0.00000000E+00  0.88326527E-01  0.00000000E+00  0.00000000E+00  0.18319620E+09  0.00000000E+00  0.00000000E+00  0.00000000E+00  0.00000000E+00  0.00000000E+00  0.10000000E-01  0.10000000E+01
 0.60002000E-09  0.63809437E-02  0.00000000E+00  0.90158489E-01  0.00000000E+00  0.00000000E+00  0.18319620E+09  0.00000000E+00  0.00000000E+00  0.00000000E+00  0.00000000E+00  0.00000000E+00  0.10000000E-01  0.10000000E+01
 0.61002000E-09  0.63809437E-02  0.00000000E+00  0.91990451E-01  0.00000000E+00  0.00000000E+00  0.18319620E+09  0.00000000E+00  0.00000000E+00  0.00000000E+00  0.00000000E+00  0.00000000E+00  0.10000000E-01  0.10000000E+01
 0.62002000E-09  0.63809437E-02  0.00000000E+00  0.93822413E-01  0.00000000E+00  0.00000000E+00  0.18319620E+09  0.00000000E+00  0.00000000E+00  0.00000000E+00  0.00000000E+00  0.00000000E+00  0.10000000E-01  0.10000000E+01
 0.63002000E-09  0.63809437E-02  0.00000000E+00  0.95654375E-01  0.00000000E+00  0.00000000E+00  0.18319620E+09  0.00000000E+00  0.00000000E+00  0.00000000E+00  0.00000000E+00  0.00000000E+00  0.10000000E-01  0.10000000E+01
 0.64002000E-09  0.63809437E-02  0.00000000E+00  0.97486337E-01  0.00000000E+00  0.00000000E+00  0.18319620E+09  0.00000000E+00  0.00000000E+00  0.00000000E+00  0.00000000E+00  0.00000000E+00  0.10000000E-01  0.10000000E+01
 0.65002000E-09  0.63809437E-02  0.00000000E+00  0.99318299E-01  0.00000000E+00  0.00000000E+00  0.18319620E+09  0.00000000E+00  0.00000000E+00  0.00000000E+00  0.00000000E+00  0.00000000E+00  0.10000000E-01  0.10000000E+01
 0.66002000E-09  0.63809437E-02  0.00000000E+00  0.10115026E+00  0.00000000E+00  0.00000000E+00  0.18319620E+09  0.00000000E+00  0.00000000E+00  0.00000000E+00  0.00000000E+00  0.00000000E+00  0.10000000E-01  0.10000000E+01
 0.67002000E-09  0.63809437E-02  0.00000000E+00  0.10298222E+00  0.00000000E+00  0.00000000E+00  0.18319620E+09  0.00000000E+00  0.00000000E+00  0.00000000E+00  0.00000000E+00  0.00000000E+00  0.10000000E-01  0.10000000E+01
 0.68002000E-09  0.63809437E-02  0.00000000E+00  0.10481419E+00  0.00000000E+00  0.00000000E+00  0.18319620E+09  0.00000000E+00  0.00000000E+00  0.00000000E+00  0.00000000E+00  0.00000000E+00  0.10000000E-01  0.10000000E+01
 0.69002000E-09  0.63809437E-02  0.00000000E+00  0.10664615E+00  0.00000000E+00  0.00000000E+00  0.18319620E+09  0.00000000E+00  0.00000000E+00  0.00000000E+00  0.00000000E+00  0.00000000E+00  0.10000000E-01  0.10000000E+01
 0.70002000E-09  0.63809437E-02  0.00000000E+00  0.10847811E+00  0.00000000E+00  0.00000000E+00  0.18319620E+09  0.00000000E+00  0.00000000E+00  0.00000000E+00  0.00000000E+00  0.00000000E+00  0.10000000E-01  0.10000000E+01
 0.71002000E-09  0.63809437E-02  0.00000000E+00  0.11031007E+00  0.00000000E+00  0.00000000E+00  0.18319620E+09  0.00000000E+00  0.00000000E+00  0.00000000E+00  0.00000000E+00  0.00000000E+00  0.10000000E-01  0.10000000E+01
 0.72002000E-09  0.63809437E-02  0.00000000E+00  0.11214203E+00  0.00000000E+00  0.00000000E+00  0.18319620E+09  0.00000000E+00  0.00000000E+00  0.00000000E+00  0.00000000E+00  0.00000000E+00  0.10000000E-01  0.10000000E+01
 0.73002000E-09  0.63809437E-02  0.00000000E+00  0.11397400E+00  0.00000000E+00  0.00000000E+00  0.18319620E+09  0.00000000E+00  0.00000000E+00  0.00000000E+00  0.00000000E+00  0.00000000E+00  0.10000000E-01  0.10000000E+01
 0.74002000E-09  0.63809437E-02  0.00000000E+00  0.11580596E+00  0.00000000E+00  0.00000000E+00  0.18319620E+09  0.00000000E+00  0.00000000E+00  0.00000000E+00  0.00000000E+00  0.00000000E+00  0.10000000E-01  0.10000000E+01
 0.75002000E-09  0.63809437E-02  0.00000000E+00  0.11763792E+00  0.00000000E+00  0.00000000E+00  0.18319620E+09  0.00000000E+00  0.00000000E+00  0.00000000E+00  0.00000000E+00  0.00000000E+00  0.10000000E-01  0.10000000E+01
 0.76002000E-09  0.63809437E-02  0.00000000E+00  0.11946988E+00  0.00000000E+00  0.00000000E+00  0.18319620E+09  0.00000000E+00  0.00000000E+00  0.00000000E+00  0.00000000E+00  0.00000000E+00  0.10000000E-01  0.10000000E+01
 0.77002000E-09  0.63809437E-02  0.00000000E+00  0.12130184E+00  0.00000000E+00  0.00000000E+00  0.18319620E+09  0.00000000E+00  0.00000000E+00  0.00000000E+00  0.00000000E+00  0.00000000E+00  0.10000000E-01  0.10000000E+01
 0.78002000E-09  0.63809437E-02  0.00000000E+00  0.12313381E+00  0.00000000E+00  0.00000000E+00  0.18319620E+09  0.00000000E+00  0.00000000E+00  0.00000000E+00  0.00000000E+00  0.00000000E+00  0.10000000E-01  0.10000000E+01
 0.79002000E-09  0.63809437E-02  0.00000000E+00  0.12496577E+00  0.00000000E+00  0.00000000E+00  0.18319620E+09  0.00000000E+00  0.00000000E+00  0.00000000E+00  0.00000000E+00  0.00000000E+00  0.10000000E-01  0.10000000E+01
 0.80002000E-09  0.63809437E-02  0.00000000E+00  0.12679773E+00  0.00000000E+00  0.00000000E+00  0.18319620E+09  0.00000000E+00  0.00000000E+00  0.00000000E+00  0.00000000E+00  0.00000000E+00  0.10000000E-01  0.10000000E+01
 0.81002000E-09  0.63809437E-02  0.00000000E+00  0.12862969E+00  0.00000000E+00  0.00000000E+00  0.18319620E+09  0.00000000E+00  0.00000000E+00  0.00000000E+00  0.00000000E+00  0.00000000E+00  0.10000000E-01  0.10000000E+01
 0.82002000E-09  0.63809437E-02  0.00000000E+00  0.13046165E+00  0.00000000E+00  0.00000000E+00  0.18319620E+09  0.00000000E+00  0.00000000E+00  0.00000000E+00  0.00000000E+00  0.00000000E+00  0.10000000E-01  0.10000000E+01
 0.83002000E-09  0.63809437E-02  0.00000000E+00  0.13229362E+00  0.00000000E+00  0.00000000E+00  0.18319620E+09  0.00000000E+00  0.00000000E+00  0.00000000E+00  0.00000000E+00  0.00000000E+00  0.10000000E-01  0.10000000E+01
 0.84002000E-09  0.63809437E-02  0.00000000E+00  0.13412558E+00  0.00000000E+00  0.00000000E+00  0.18319620E+09  0.00000000E+00  0.00000000E+00  0.00000000E+00  0.00000000E+00  0.00000000E+00  0.10000000E-01  0.10000000E+01
 0.85002000E-09  0.63809437E-02  0.00000000E+00  0.13595754E+00  0.00000000E+00  0.00000000E+00  0.18319620E+09  0.00000000E+00  0.00000000E+00  0.00000000E+00  0.00000000E+00  0.00000000E+00  0.10000000E-01  0.10000000E+01
 0.86002000E-09  0.63809437E-02  0.00000000E+00  0.13778950E+00  0.00000000E+00  0.00000000E+00  0.18319620E+09  0.00000000E+00  0.00000000E+00  0.00000000E+00  0.00000000E+00  0.00000000E+00  0.10000000E-01  0.10000000E+01
 0.87002000E-09  0.63809437E-02  0.00000000E+00  0.13962146E+00  0.00000000E+00  0.00000000E+00  0.18319620E+09  0.00000000E+00  0.00000000E+00  0.00000000E+00  0.00000000E+00  0.00000000E+00  0.10000000E-01  0.10000000E+01
 0.88002000E-09  0.63809437E-02  0.00000000E+00  0.14145343E+00  0.00000000E+00  0.00000000E+00  0.18319620E+09  0.00000000E+00  0.00000000E+00  0.00000000E+00  0.00000000E+00  0.00000000E+00  0.10000000E-01  0.10000000E+01
 0.89002000E-09  0.63809437E-02  0.00000000E+00  0.14328539E+00  0.00000000E+00  0.00000000E+00  0.18319620E+09  0.00000000E+00  0.00000000E+00  0.00000000E+00  0.00000000E+00  0.00000000E+00  0.10000000E-01  0.10000000E+01
 0.90002000E-09  0.63809437E-02  0.00000000E+00  0.14511735E+00  0.00000000E+00  0.00000000E+00  0.18319620E+09  0.00000000E+00  0.00000000E+00  0.00000000E+00  0.00000000E+00  0.00000000E+00  0.10000000E-01  0.10000000E+01
 0.91002000E-09  0.63809437E-02  0.00000000E+00  0.14694931E+00  0.00000000E+00  0.00000000E+00  0.18319620E+09  0.00000000E+00  0.00000000E+00  0.00000000E+00  0.00000000E+00  0.00000000E+00  0.10000000E-01  0.10000000E+01
 0.92002000E-09  0.63809437E-02  0.00000000E+00  0.14878127E+00  0.00000000E+00  0.00000000E+00  0.18319620E+09  0.00000000E+00  0.00000000E+00  0.00000000E+00  0.00000000E+00  0.00000000E+00  0.10000000E-01  0.10000000E+01
 0.93002000E-09  0.63809437E-02  0.00000000E+00  0.15061324E+00  0.00000000E+00  0.00000000E+00  0.18319620E+09  0.00000000E+00  0.00000000E+00  0.00000000E+00  0.00000000E+00  0.00000000E+00  0.10000000E-01  0.10000000E+01
 0.94002000E-09  0.63809437E-02  0.00000000E+00  0.15244520E+00  0.00000000E+00  0.00000000E+00  0.18319620E+09  0.00000000E+00  0.00000000E+00  0.00000000E+00  0.00000000E+00  0.00000000E+00  0.10000000E-01  0.10000000E+01
 0.95002000E-09  0.63809437E-02  0.00000000E+00  0.15427716E+00  0.00000000E+00  0.00000000E+00  0.18319620E+09  0.00000000E+00  0.00000000E+00  0.00000000E+00  0.00000000E+00  0.00000000E+00  0.10000000E-01  0.10000000E+01
 0.96002000E-09  0.63809437E-02  0.00000000E+00  0.15610912E+00  0.00000000E+00  0.00000000E+00  0.18319620E+09  0.00000000E+00  0.00000000E+00  0.00000000E+00  0.00000000E+00  0.00000000E+00  0.10000000E-01  0.10000000E+01
 0.97002000E-09  0.63809437E-02  0.00000000E+00  0.15794108E+00  0.00000000E+00  0.00000000E+00  0.18319620E+09  0.00000000E+00  0.00000000E+00  0.00000000E+00  0.00000000E+00  0.00000000E+00  0.10000000E-01  0.10000000E+01
 0.98002000E-09  0.63809437E-02  0.00000000E+00  0.15977305E+00  0.00000000E+00  0.00000000E+00  0.18319620E+09  0.00000000E+00  0.00000000E+00  0.00000000E+00  0.00000000E+00  0.00000000E+00  0.10000000E-01  0.10000000E+01
 0.99002000E-09  0.63809437E-02  0.00000000E+00  0.16160501E+00  0.00000000E+00  0.00000000E+00  0.18319620E+09  0.00000000E+00  0.00000000E+00  0.00000000E+00  0.00000000E+00  0.00000000E+00  0.10000000E-01  0.10000000E+01
 0.10000200E-08  0.63809437E-02  0.00000000E+00  0.16343697E+00  0.00000000E+00  0.00000000E+00  0.18319620E+09  0.00000000E+00  0.00000000E+00  0.00000000E+00  0.00000000E+00  0.00000000E+00  0.10000000E-01  0.10000000E+01
 0.10100200E-08  0.63809437E-02  0.00000000E+00  0.16526893E+00  0.00000000E+00  0.00000000E+00  0.18319620E+09  0.00000000E+00  0.00000000E+00  0.00000000E+00  0.00000000E+00  0.00000000E+00  0.10000000E-01  0.10000000E+01
 0.10200200E-08  0.63809437E-02  0.00000000E+00  0.16710089E+00  0.00000000E+00  0.00000000E+00  0.18319620E+09  0.00000000E+00  0.00000000E+00  0.00000000E+00  0.00000000E+00  0.00000000E+00  0.10000000E-01  0.10000000E+01
 0.10300200E-08  0.63809437E-02  0.00000000E+00  0.16893285E+00  0.00000000E+00  0.00000000E+00  0.18319620E+09  0.00000000E+00  0.00000000E+00  0.00000000E+00  0.00000000E+00  0.00000000E+00  0.10000000E-01  0.10000000E+01
 0.10400200E-08  0.63809437E-02  0.00000000E+00  0.17076482E+00  0.00000000E+00  0.00000000E+00  0.18319620E+09  0.00000000E+00  0.00000000E+00  0.00000000E+00  0.00000000E+00  0.00000000E+00  0.10000000E-01  0.10000000E+01
 0.10500200E-08  0.63809437E-02  0.00000000E+00  0.17259678E+00  0.00000000E+00  0.00000000E+00  0.18319620E+09  0.00000000E+00  0.00000000E+00  0.00000000E+00  0.00000000E+00  0.00000000E+00  0.10000000E-01  0.10000000E+01
 0.10600200E-08  0.63809437E-02  0.00000000E+00  0.17442874E+00  0.00000000E+00  0.00000000E+00  0.18319620E+09  0.00000000E+00  0.00000000E+00  0.00000000E+00  0.00000000E+00  0.00000000E+00  0.10000000E-01  0.10000000E+01
 0.10700200E-08  0.63809437E-02  0.00000000E+00  0.17626070E+00  0.00000000E+00  0.00000000E+00  0.18319620E+09  0.00000000E+00  0.00000000E+00  0.00000000E+00  0.00000000E+00  0.00000000E+00  0.10000000E-01  0.10000000E+01
 0.10800200E-08  0.63809437E-02  0.00000000E+00  0.17809266E+00  0.00000000E+00  0.00000000E+00  0.18319620E+09  0.00000000E+00  0.00000000E+00  0.00000000E+00  0.00000000E+00  0.00000000E+00  0.10000000E-01  0.10000000E+01
 0.10900200E-08  0.63809437E-02  0.00000000E+00  0.17992463E+00  0.00000000E+00  0.00000000E+00  0.18319620E+09  0.00000000E+00  0.00000000E+00  0.00000000E+00  0.00000000E+00  0.00000000E+00  0.10000000E-01  0.10000000E+01
 0.11000200E-08  0.63809437E-02  0.00000000E+00  0.18175659E+00  0.00000000E+00  0.00000000E+00  0.18319620E+09  0.00000000E+00  0.00000000E+00  0.00000000E+00  0.00000000E+00  0.00000000E+00  0.10000000E-01  0.10000000E+01
 0.11100200E-08  0.63809437E-02  0.00000000E+00  0.18358855E+00  0.00000000E+00  0.00000000E+00  0.18319620E+09  0.00000000E+00  0.00000000E+00  0.00000000E+00  0.00000000E+00  0.00000000E+00  0.10000000E-01  0.10000000E+01
 0.11200200E-08  0.63809437E-02  0.00000000E+00  0.18542051E+00  0.00000000E+00  0.00000000E+00  0.18319620E+09  0.00000000E+00  0.00000000E+00  0.00000000E+00  0.00000000E+00  0.00000000E+00  0.10000000E-01  0.10000000E+01
 0.11300200E-08  0.63809437E-02  0.00000000E+00  0.18725247E+00  0.00000000E+00  0.00000000E+00  0.18319620E+09  0.00000000E+00  0.00000000E+00  0.00000000E+00  0.00000000E+00  0.00000000E+00  0.10000000E-01  0.10000000E+01
 0.11400200E-08  0.63809437E-02  0.00000000E+00  0.18908444E+00  0.00000000E+00  0.00000000E+00  0.18319620E+09  0.00000000E+00  0.00000000E+00  0.00000000E+00  0.00000000E+00  0.00000000E+00  0.10000000E-01  0.10000000E+01
 0.11500200E-08  0.63809437E-02  0.00000000E+00  0.19091640E+00  0.00000000E+00  0.00000000E+00  0.18319620E+09  0.00000000E+00  0.00000000E+00  0.00000000E+00  0.00000000E+00  0.00000000E+00  0.10000000E-01  0.10000000E+01
 0.11600200E-08  0.63809437E-02  0.00000000E+00  0.19274836E+00  0.00000000E+00  0.00000000E+00  0.18319620E+09  0.00000000E+00  0.00000000E+00  0.00000000E+00  0.00000000E+00  0.00000000E+00  0.10000000E-01  0.10000000E+01
 0.11700200E-08  0.63809437E-02  0.00000000E+00  0.19458032E+00  0.00000000E+00  0.00000000E+00  0.18319620E+09  0.00000000E+00  0.00000000E+00  0.00000000E+00  0.00000000E+00  0.00000000E+00  0.10000000E-01  0.10000000E+01
 0.11800200E-08  0.63809437E-02  0.00000000E+00  0.19641228E+00  0.00000000E+00  0.00000000E+00  0.18319620E+09  0.00000000E+00  0.00000000E+00  0.00000000E+00  0.00000000E+00  0.00000000E+00  0.10000000E-01  0.10000000E+01
 0.11900200E-08  0.63809437E-02  0.00000000E+00  0.19824425E+00  0.00000000E+00  0.00000000E+00  0.18319620E+09  0.00000000E+00  0.00000000E+00  0.00000000E+00  0.00000000E+00  0.00000000E+00  0.10000000E-01  0.10000000E+01
 0.12000200E-08  0.63809437E-02  0.00000000E+00  0.20007621E+00  0.00000000E+00  0.00000000E+00  0.18319620E+09  0.00000000E+00  0.00000000E+00  0.00000000E+00  0.00000000E+00  0.00000000E+00  0.10000000E-01  0.10000000E+01
 0.12100200E-08  0.63809437E-02  0.00000000E+00  0.20190817E+00  0.00000000E+00  0.00000000E+00  0.18319620E+09  0.00000000E+00  0.00000000E+00  0.00000000E+00  0.00000000E+00  0.00000000E+00  0.10000000E-01  0.10000000E+01
 0.12200200E-08  0.63809437E-02  0.00000000E+00  0.20374013E+00  0.00000000E+00  0.00000000E+00  0.18319620E+09  0.00000000E+00  0.00000000E+00  0.00000000E+00  0.00000000E+00  0.00000000E+00  0.10000000E-01  0.10000000E+01
 0.12300200E-08  0.63809437E-02  0.00000000E+00  0.20557209E+00  0.00000000E+00  0.00000000E+00  0.18319620E+09  0.00000000E+00  0.00000000E+00  0.00000000E+00  0.00000000E+00  0.00000000E+00  0.10000000E-01  0.10000000E+01
 0.12400200E-08  0.63809437E-02  0.00000000E+00  0.20740406E+00  0.00000000E+00  0.00000000E+00  0.18319620E+09  0.00000000E+00  0.00000000E+00  0.00000000E+00  0.00000000E+00  0.00000000E+00  0.10000000E-01  0.10000000E+01
 0.12500200E-08  0.63809437E-02  0.00000000E+00  0.20923602E+00  0.00000000E+00  0.00000000E+00  0.18319620E+09  0.00000000E+00  0.00000000E+00  0.00000000E+00  0.00000000E+00  0.00000000E+00  0.10000000E-01  0.10000000E+01
 0.12600200E-08  0.63809437E-02  0.00000000E+00  0.21106798E+00  0.00000000E+00  0.00000000E+00  0.18319620E+09  0.00000000E+00  0.00000000E+00  0.00000000E+00  0.00000000E+00  0.00000000E+00  0.10000000E-01  0.10000000E+01
 0.12700200E-08  0.63809437E-02  0.00000000E+00  0.21289994E+00  0.00000000E+00  0.00000000E+00  0.18319620E+09  0.00000000E+00  0.00000000E+00  0.00000000E+00  0.00000000E+00  0.00000000E+00  0.10000000E-01  0.10000000E+01
 0.12800200E-08  0.63809437E-02  0.00000000E+00  0.21473190E+00  0.00000000E+00  0.00000000E+00  0.18319620E+09  0.00000000E+00  0.00000000E+00  0.00000000E+00  0.00000000E+00  0.00000000E+00  0.10000000E-01  0.10000000E+01
 0.12900200E-08  0.63809437E-02  0.00000000E+00  0.21656387E+00  0.00000000E+00  0.00000000E+00  0.18319620E+09  0.00000000E+00  0.00000000E+00  0.00000000E+00  0.00000000E+00  0.00000000E+00  0.10000000E-01  0.10000000E+01
 0.13000200E-08  0.63809437E-02  0.00000000E+00  0.21839583E+00  0.00000000E+00  0.00000000E+00  0.18319620E+09  0.00000000E+00  0.00000000E+00  0.00000000E+00  0.00000000E+00  0.00000000E+00  0.10000000E-01  0.10000000E+01
 0.13100200E-08  0.63809437E-02  0.00000000E+00  0.22022779E+00  0.00000000E+00  0.00000000E+00  0.18319620E+09  0.00000000E+00  0.00000000E+00  0.00000000E+00  0.00000000E+00  0.00000000E+00  0.10000000E-01  0.10000000E+01
 0.13200200E-08  0.63809437E-02  0.00000000E+00  0.22205975E+00  0.00000000E+00  0.00000000E+00  0.18319620E+09  0.00000000E+00  0.00000000E+00  0.00000000E+00  0.00000000E+00  0.00000000E+00  0.10000000E-01  0.10000000E+01
 0.13300200E-08  0.63809437E-02  0.00000000E+00  0.22389171E+00  0.00000000E+00  0.00000000E+00  0.18319620E+09  0.00000000E+00  0.00000000E+00  0.00000000E+00  0.00000000E+00  0.00000000E+00  0.10000000E-01  0.10000000E+01
 0.13400200E-08  0.63809437E-02  0.00000000E+00  0.22572368E+00  0.00000000E+00  0.00000000E+00  0.18319620E+09  0.00000000E+00  0.00000000E+00  0.00000000E+00  0.00000000E+00  0.00000000E+00  0.10000000E-01  0.10000000E+01
 0.13500200E-08  0.63809437E-02  0.00000000E+00  0.22755564E+00  0.00000000E+00  0.00000000E+00  0.18319620E+09  0.00000000E+00  0.00000000E+00  0.00000000E+00  0.00000000E+00  0.00000000E+00  0.10000000E-01  0.10000000E+01
 0.13600200E-08  0.63809437E-02  0.00000000E+00  0.22938760E+00  0.00000000E+00  0.00000000E+00  0.18319620E+09  0.00000000E+00  0.00000000E+00  0.00000000E+00  0.00000000E+00  0.00000000E+00  0.10000000E-01  0.10000000E+01
 0.13700200E-08  0.63809437E-02  0.00000000E+00  0.23121956E+00  0.00000000E+00  0.00000000E+00  0.18319620E+09  0.00000000E+00  0.00000000E+00  0.00000000E+00  0.00000000E+00  0.00000000E+00  0.10000000E-01  0.10000000E+01
 0.13800200E-08  0.63809437E-02  0.00000000E+00  0.23305152E+00  0.00000000E+00  0.00000000E+00  0.18319620E+09  0.00000000E+00  0.00000000E+00  0.00000000E+00  0.00000000E+00  0.00000000E+00  0.10000000E-01  0.10000000E+01
 0.13900200E-08  0.63809437E-02  0.00000000E+00  0.23488349E+00  0.00000000E+00  0.00000000E+00  0.18319620E+09  0.00000000E+00  0.00000000E+00  0.00000000E+00  0.00000000E+00  0.00000000E+00  0.10000000E-01  0.10000000E+01
 0.14000200E-08  0.63809437E-02  0.00000000E+00  0.23671545E+00  0.00000000E+00  0.00000000E+00  0.18319620E+09  0.00000000E+00  0.00000000E+00  0.00000000E+00  0.00000000E+00  0.00000000E+00  0.10000000E-01  0.10000000E+01
 0.14100200E-08  0.63809437E-02  0.00000000E+00  0.23854741E+00  0.00000000E+00  0.00000000E+00  0.18319620E+09  0.00000000E+00  0.00000000E+00  0.00000000E+00  0.00000000E+00  0.00000000E+00  0.10000000E-01  0.10000000E+01
 0.14200200E-08  0.63809437E-02  0.00000000E+00  0.24037937E+00  0.00000000E+00  0.00000000E+00  0.18319620E+09  0.00000000E+00  0.00000000E+00  0.00000000E+00  0.00000000E+00  0.00000000E+00  0.10000000E-01  0.10000000E+01
 0.14300200E-08  0.63809437E-02  0.00000000E+00  0.24221133E+00  0.00000000E+00  0.00000000E+00  0.18319620E+09  0.00000000E+00  0.00000000E+00  0.00000000E+00  0.00000000E+00  0.00000000E+00  0.10000000E-01  0.10000000E+01
 0.14400200E-08  0.63809437E-02  0.00000000E+00  0.24404330E+00  0.00000000E+00  0.00000000E+00  0.18319620E+09  0.00000000E+00  0.00000000E+00  0.00000000E+00  0.00000000E+00  0.00000000E+00  0.10000000E-01  0.10000000E+01
 0.14500200E-08  0.63809437E-02  0.00000000E+00  0.24587526E+00  0.00000000E+00  0.00000000E+00  0.18319620E+09  0.00000000E+00  0.00000000E+00  0.00000000E+00  0.00000000E+00  0.00000000E+00  0.10000000E-01  0.10000000E+01
 0.14600200E-08  0.63809437E-02  0.00000000E+00  0.24770722E+00  0.00000000E+00  0.00000000E+00  0.18319620E+09  0.00000000E+00  0.00000000E+00  0.00000000E+00  0.00000000E+00  0.00000000E+00  0.10000000E-01  0.10000000E+01
 0.14700200E-08  0.63809437E-02  0.00000000E+00  0.24953918E+00  0.00000000E+00  0.00000000E+00  0.18319620E+09  0.00000000E+00  0.00000000E+00  0.00000000E+00  0.00000000E+00  0.00000000E+00  0.10000000E-01  0.10000000E+01
 0.14800200E-08  0.63809437E-02  0.00000000E+00  0.25137114E+00  0.00000000E+00  0.00000000E+00  0.18319620E+09  0.00000000E+00  0.00000000E+00  0.00000000E+00  0.00000000E+00  0.00000000E+00  0.10000000E-01  0.10000000E+01
 0.14900200E-08  0.63809437E-02  0.00000000E+00  0.25320311E+00  0.00000000E+00  0.00000000E+00  0.18319620E+09  0.00000000E+00  0.00000000E+00  0.00000000E+00  0.00000000E+00  0.00000000E+00  0.10000000E-01  0.10000000E+01
 0.15000200E-08  0.63809437E-02  0.00000000E+00  0.25503507E+00  0.00000000E+00  0.00000000E+00  0.18319620E+09  0.00000000E+00  0.00000000E+00  0.00000000E+00  0.00000000E+00  0.00000000E+00  0.10000000E-01  0.10000000E+01
 0.15100200E-08  0.63809437E-02  0.00000000E+00  0.25686703E+00  0.00000000E+00  0.00000000E+00  0.18319620E+09  0.00000000E+00  0.00000000E+00  0.00000000E+00  0.00000000E+00  0.00000000E+00  0.10000000E-01  0.10000000E+01
 0.15200200E-08  0.63809437E-02  0.00000000E+00  0.25869899E+00  0.00000000E+00  0.00000000E+00  0.18319620E+09  0.00000000E+00  0.00000000E+00  0.00000000E+00  0.00000000E+00  0.00000000E+00  0.10000000E-01  0.10000000E+01
 0.15300200E-08  0.63809437E-02  0.00000000E+00  0.26053095E+00  0.00000000E+00  0.00000000E+00  0.18319620E+09  0.00000000E+00  0.00000000E+00  0.00000000E+00  0.00000000E+00  0.00000000E+00  0.10000000E-01  0.10000000E+01
 0.15400200E-08  0.63809437E-02  0.00000000E+00  0.26236292E+00  0.00000000E+00  0.00000000E+00  0.18319620E+09  0.00000000E+00  0.00000000E+00  0.00000000E+00  0.00000000E+00  0.00000000E+00  0.10000000E-01  0.10000000E+01
 0.15500200E-08  0.63809437E-02  0.00000000E+00  0.26419488E+00  0.00000000E+00  0.00000000E+00  0.18319620E+09  0.00000000E+00  0.00000000E+00  0.00000000E+00  0.00000000E+00  0.00000000E+00  0.10000000E-01  0.10000000E+01
 0.15600200E-08  0.63809437E-02  0.00000000E+00  0.26602684E+00  0.00000000E+00  0.00000000E+00  0.18319620E+09  0.00000000E+00  0.00000000E+00  0.00000000E+00  0.00000000E+00  0.00000000E+00  0.10000000E-01  0.10000000E+01
 0.15700200E-08  0.63809437E-02  0.00000000E+00  0.26785880E+00  0.00000000E+00  0.00000000E+00  0.18319620E+09  0.00000000E+00  0.00000000E+00  0.00000000E+00  0.00000000E+00  0.00000000E+00  0.10000000E-01  0.10000000E+01
 0.15800200E-08  0.63809437E-02  0.00000000E+00  0.26969076E+00  0.00000000E+00  0.00000000E+00  0.18319620E+09  0.00000000E+00  0.00000000E+00  0.00000000E+00  0.00000000E+00  0.00000000E+00  0.10000000E-01  0.10000000E+01
 0.15900200E-08  0.63809437E-02  0.00000000E+00  0.27152273E+00  0.00000000E+00  0.00000000E+00  0.18319620E+09  0.00000000E+00  0.00000000E+00  0.00000000E+00  0.00000000E+00  0.00000000E+00  0.10000000E-01  0.10000000E+01
 0.16000200E-08  0.63809437E-02  0.00000000E+00  0.27335469E+00  0.00000000E+00  0.00000000E+00  0.18319620E+09  0.00000000E+00  0.00000000E+00  0.00000000E+00  0.00000000E+00  0.00000000E+00  0.10000000E-01  0.10000000E+01
 0.16100200E-08  0.63809437E-02  0.00000000E+00  0.27518665E+00  0.00000000E+00  0.00000000E+00  0.18319620E+09  0.00000000E+00  0.00000000E+00  0.00000000E+00  0.00000000E+00  0.00000000E+00  0.10000000E-01  0.10000000E+01
 0.16200200E-08  0.63809437E-02  0.00000000E+00  0.27701861E+00  0.00000000E+00  0.00000000E+00  0.18319620E+09  0.00000000E+00  0.00000000E+00  0.00000000E+00  0.00000000E+00  0.00000000E+00  0.10000000E-01  0.10000000E+01
 0.16300200E-08  0.63809437E-02  0.00000000E+00  0.27885057E+00  0.00000000E+00  0.00000000E+00  0.18319620E+09  0.00000000E+00  0.00000000E+00  0.00000000E+00  0.00000000E+00  0.00000000E+00  0.10000000E-01  0.10000000E+01
 0.16400200E-08  0.63809437E-02  0.00000000E+00  0.28068254E+00  0.00000000E+00  0.00000000E+00  0.18319620E+09  0.00000000E+00  0.00000000E+00  0.00000000E+00  0.00000000E+00  0.00000000E+00  0.10000000E-01  0.10000000E+01
 0.16500200E-08  0.63809437E-02  0.00000000E+00  0.28251450E+00  0.00000000E+00  0.00000000E+00  0.18319620E+09  0.00000000E+00  0.00000000E+00  0.00000000E+00  0.00000000E+00  0.00000000E+00  0.10000000E-01  0.10000000E+01
 0.16600200E-08  0.63809437E-02  0.00000000E+00  0.28434646E+00  0.00000000E+00  0.00000000E+00  0.18319620E+09  0.00000000E+00  0.00000000E+00  0.00000000E+00  0.00000000E+00  0.00000000E+00  0.10000000E-01  0.10000000E+01
 0.16700200E-08  0.63809437E-02  0.00000000E+00  0.28617842E+00  0.00000000E+00  0.00000000E+00  0.18319620E+09  0.00000000E+00  0.00000000E+00  0.00000000E+00  0.00000000E+00  0.00000000E+00  0.10000000E-01  0.10000000E+01
 0.16800200E-08  0.63809437E-02  0.00000000E+00  0.28801038E+00  0.00000000E+00  0.00000000E+00  0.18319620E+09  0.00000000E+00  0.00000000E+00  0.00000000E+00  0.00000000E+00  0.00000000E+00  0.10000000E-01  0.10000000E+01
 0.16900200E-08  0.63809437E-02  0.00000000E+00  0.28984235E+00  0.00000000E+00  0.00000000E+00  0.18319620E+09  0.00000000E+00  0.00000000E+00  0.00000000E+00  0.00000000E+00  0.00000000E+00  0.10000000E-01  0.10000000E+01
 0.17000200E-08  0.63809437E-02  0.00000000E+00  0.29167431E+00  0.00000000E+00  0.00000000E+00  0.18319620E+09  0.00000000E+00  0.00000000E+00  0.00000000E+00  0.00000000E+00  0.00000000E+00  0.10000000E-01  0.10000000E+01
 0.17100200E-08  0.63809437E-02  0.00000000E+00  0.29350627E+00  0.00000000E+00  0.00000000E+00  0.18319620E+09  0.00000000E+00  0.00000000E+00  0.00000000E+00  0.00000000E+00  0.00000000E+00  0.10000000E-01  0.10000000E+01
 0.17200200E-08  0.63809437E-02  0.00000000E+00  0.29533823E+00  0.00000000E+00  0.00000000E+00  0.18319620E+09  0.00000000E+00  0.00000000E+00  0.00000000E+00  0.00000000E+00  0.00000000E+00  0.10000000E-01  0.10000000E+01
 0.17300200E-08  0.63809437E-02  0.00000000E+00  0.29717019E+00  0.00000000E+00  0.00000000E+00  0.18319620E+09  0.00000000E+00  0.00000000E+00  0.00000000E+00  0.00000000E+00  0.00000000E+00  0.10000000E-01  0.10000000E+01
 0.17400200E-08  0.63809437E-02  0.00000000E+00  0.29900216E+00  0.00000000E+00  0.00000000E+00  0.18319620E+09  0.00000000E+00  0.00000000E+00  0.00000000E+00  0.00000000E+00  0.00000000E+00  0.10000000E-01  0.10000000E+01
 0.17500200E-08  0.63809437E-02  0.00000000E+00  0.30083412E+00  0.00000000E+00  0.00000000E+00  0.18319620E+09  0.00000000E+00  0.00000000E+00  0.00000000E+00  0.00000000E+00  0.00000000E+00  0.10000000E-01  0.10000000E+01
 0.17600200E-08  0.63809437E-02  0.00000000E+00  0.30266608E+00  0.00000000E+00  0.00000000E+00  0.18319620E+09  0.00000000E+00  0.00000000E+00  0.00000000E+00  0.00000000E+00  0.00000000E+00  0.10000000E-01  0.10000000E+01
 0.17700200E-08  0.63809437E-02  0.00000000E+00  0.30449804E+00  0.00000000E+00  0.00000000E+00  0.18319620E+09  0.00000000E+00  0.00000000E+00  0.00000000E+00  0.00000000E+00  0.00000000E+00  0.10000000E-01  0.10000000E+01
 0.17800200E-08  0.63809437E-02  0.00000000E+00  0.30633000E+00  0.00000000E+00  0.00000000E+00  0.18319620E+09  0.00000000E+00  0.00000000E+00  0.00000000E+00  0.00000000E+00  0.00000000E+00  0.10000000E-01  0.10000000E+01
 0.17900200E-08  0.63809437E-02  0.00000000E+00  0.30816197E+00  0.00000000E+00  0.00000000E+00  0.18319620E+09  0.00000000E+00  0.00000000E+00  0.00000000E+00  0.00000000E+00  0.00000000E+00  0.10000000E-01  0.10000000E+01
 0.18000200E-08  0.63809437E-02  0.00000000E+00  0.30999393E+00  0.00000000E+00  0.00000000E+00  0.18319620E+09  0.00000000E+00  0.00000000E+00  0.00000000E+00  0.00000000E+00  0.00000000E+00  0.10000000E-01  0.10000000E+01
 0.18100200E-08  0.63809437E-02  0.00000000E+00  0.31182589E+00  0.00000000E+00  0.00000000E+00  0.18319620E+09  0.00000000E+00  0.00000000E+00  0.00000000E+00  0.00000000E+00  0.00000000E+00  0.10000000E-01  0.10000000E+01
 0.18200200E-08  0.63809437E-02  0.00000000E+00  0.31365785E+00  0.00000000E+00  0.00000000E+00  0.18319620E+09  0.00000000E+00  0.00000000E+00  0.00000000E+00  0.00000000E+00  0.00000000E+00  0.10000000E-01  0.10000000E+01
 0.18300200E-08  0.63809437E-02  0.00000000E+00  0.31548981E+00  0.00000000E+00  0.00000000E+00  0.18319620E+09  0.00000000E+00  0.00000000E+00  0.00000000E+00  0.00000000E+00  0.00000000E+00  0.10000000E-01  0.10000000E+01
 0.18400200E-08  0.63809437E-02  0.00000000E+00  0.31732178E+00  0.00000000E+00  0.00000000E+00  0.18319620E+09  0.00000000E+00  0.00000000E+00  0.00000000E+00  0.00000000E+00  0.00000000E+00  0.10000000E-01  0.10000000E+01
 0.18500200E-08  0.63809437E-02  0.00000000E+00  0.31915374E+00  0.00000000E+00  0.00000000E+00  0.18319620E+09  0.00000000E+00  0.00000000E+00  0.00000000E+00  0.00000000E+00  0.00000000E+00  0.10000000E-01  0.10000000E+01
 0.18600200E-08  0.63809437E-02  0.00000000E+00  0.32098570E+00  0.00000000E+00  0.00000000E+00  0.18319620E+09  0.00000000E+00  0.00000000E+00  0.00000000E+00  0.00000000E+00  0.00000000E+00  0.10000000E-01  0.10000000E+01
 0.18700200E-08  0.63809437E-02  0.00000000E+00  0.32281766E+00  0.00000000E+00  0.00000000E+00  0.18319620E+09  0.00000000E+00  0.00000000E+00  0.00000000E+00  0.00000000E+00  0.00000000E+00  0.10000000E-01  0.10000000E+01
 0.18800200E-08  0.63809437E-02  0.00000000E+00  0.32464962E+00  0.00000000E+00  0.00000000E+00  0.18319620E+09  0.00000000E+00  0.00000000E+00  0.00000000E+00  0.00000000E+00  0.00000000E+00  0.10000000E-01  0.10000000E+01
 0.18900200E-08  0.63809437E-02  0.00000000E+00  0.32648159E+00  0.00000000E+00  0.00000000E+00  0.18319620E+09  0.00000000E+00  0.00000000E+00  0.00000000E+00  0.00000000E+00  0.00000000E+00  0.10000000E-01  0.10000000E+01
 0.19000200E-08  0.63809437E-02  0.00000000E+00  0.32831355E+00  0.00000000E+00  0.00000000E+00  0.18319620E+09  0.00000000E+00  0.00000000E+00  0.00000000E+00  0.00000000E+00  0.00000000E+00  0.10000000E-01  0.10000000E+01
 0.19100200E-08  0.63809437E-02  0.00000000E+00  0.33014551E+00  0.00000000E+00  0.00000000E+00  0.18319620E+09  0.00000000E+00  0.00000000E+00  0.00000000E+00  0.00000000E+00  0.00000000E+00  0.10000000E-01  0.10000000E+01
 0.19200200E-08  0.63809437E-02  0.00000000E+00  0.33197747E+00  0.00000000E+00  0.00000000E+00  0.18319620E+09  0.00000000E+00  0.00000000E+00  0.00000000E+00  0.00000000E+00  0.00000000E+00  0.10000000E-01  0.10000000E+01
 0.19300200E-08  0.63809437E-02  0.00000000E+00  0.33380943E+00  0.00000000E+00  0.00000000E+00  0.18319620E+09  0.00000000E+00  0.00000000E+00  0.00000000E+00  0.00000000E+00  0.00000000E+00  0.10000000E-01  0.10000000E+01
 0.19400200E-08  0.63809437E-02  0.00000000E+00  0.33564140E+00  0.00000000E+00  0.00000000E+00  0.18319620E+09  0.00000000E+00  0.00000000E+00  0.00000000E+00  0.00000000E+00  0.00000000E+00  0.10000000E-01  0.10000000E+01
 0.19500200E-08  0.63809437E-02  0.00000000E+00  0.33747336E+00  0.00000000E+00  0.00000000E+00  0.18319620E+09  0.00000000E+00  0.00000000E+00  0.00000000E+00  0.00000000E+00  0.00000000E+00  0.10000000E-01  0.10000000E+01
 0.19600200E-08  0.63809437E-02  0.00000000E+00  0.33930532E+00  0.00000000E+00  0.00000000E+00  0.18319620E+09  0.00000000E+00  0.00000000E+00  0.00000000E+00  0.00000000E+00  0.00000000E+00  0.10000000E-01  0.10000000E+01
 0.19700200E-08  0.63809437E-02  0.00000000E+00  0.34113728E+00  0.00000000E+00  0.00000000E+00  0.18319620E+09  0.00000000E+00  0.00000000E+00  0.00000000E+00  0.00000000E+00  0.00000000E+00  0.10000000E-01  0.10000000E+01
 0.19800200E-08  0.63809437E-02  0.00000000E+00  0.34296924E+00  0.00000000E+00  0.00000000E+00  0.18319620E+09  0.00000000E+00  0.00000000E+00  0.00000000E+00  0.00000000E+00  0.00000000E+00  0.10000000E-01  0.10000000E+01
 0.19900200E-08  0.63809437E-02  0.00000000E+00  0.34480121E+00  0.00000000E+00  0.00000000E+00  0.18319620E+09  0.00000000E+00  0.00000000E+00  0.00000000E+00  0.00000000E+00  0.00000000E+00  0.10000000E-01  0.10000000E+01
