# ptime xp yp zp vx vy vz ex ey ez bx by bz wt
 0.20000000E-13  0.17903493E-01  0.00000000E+00 -0.35397002E-01  0.00000000E+00  0.00000000E+00  0.19448273E+09  0.00000000E+00  0.00000000E+00  0.00000000E+00  0.00000000E+00  0.00000000E+00  0.10000000E-01  0.10000000E+01
 0.10000000E-10  0.17903493E-01  0.00000000E+00 -0.33456065E-01  0.00000000E+00  0.00000000E+00  0.19448273E+09  0.00000000E+00  0.00000000E+00  0.00000000E+00  0.00000000E+00  0.00000000E+00  0.10000000E-01  0.10000000E+01
 0.20000000E-10  0.17903493E-01  0.00000000E+00 -0.31511237E-01  0.00000000E+00  0.00000000E+00  0.19448273E+09  0.00000000E+00  0.00000000E+00  0.00000000E+00  0.00000000E+00  0.00000000E+00  0.10000000E-01  0.10000000E+01
 0.30000000E-10  0.17903493E-01  0.00000000E+00 -0.29566410E-01  0.00000000E+00  0.00000000E+00  0.19448273E+09  0.00000000E+00  0.00000000E+00  0.00000000E+00  0.00000000E+00  0.00000000E+00  0.10000000E-01  0.10000000E+01
 0.40020000E-10  0.17903493E-01  0.00000000E+00 -0.27617693E-01  0.00000000E+00  0.00000000E+00  0.19448273E+09  0.00000000E+00  0.00000000E+00  0.00000000E+00  0.00000000E+00  0.00000000E+00  0.10000000E-01  0.10000000E+01
 0.50020000E-10  0.17903493E-01  0.00000000E+00 -0.25672866E-01  0.00000000E+00  0.00000000E+00  0.19448273E+09  0.00000000E+00  0.00000000E+00  0.00000000E+00  0.00000000E+00  0.00000000E+00  0.10000000E-01  0.10000000E+01
 0.60020000E-10  0.17903493E-01  0.00000000E+00 -0.23728039E-01  0.00000000E+00  0.00000000E+00  0.19448273E+09  0.00000000E+00  0.00000000E+00  0.00000000E+00  0.00000000E+00  0.00000000E+00  0.10000000E-01  0.10000000E+01
 0.70020000E-10  0.17903493E-01  0.00000000E+00 -0.21783211E-01  0.00000000E+00  0.00000000E+00  0.19448273E+09  0.00000000E+00  0.00000000E+00  0.00000000E+00  0.00000000E+00  0.00000000E+00  0.10000000E-01  0.10000000E+01
 0.80000000E-10  0.17903493E-01  0.00000000E+00 -0.19842274E-01  0.00000000E+00  0.00000000E+00  0.19448273E+09  0.00000000E+00  0.00000000E+00  0.00000000E+00  0.00000000E+00  0.00000000E+00  0.10000000E-01  0.10000000E+01
 0.90000000E-10  0.17903493E-01  0.00000000E+00 -0.17897447E-01  0.00000000E+00  0.00000000E+00  0.19448273E+09  0.00000000E+00  0.00000000E+00  0.00000000E+00  0.00000000E+00  0.00000000E+00  0.10000000E-01  0.10000000E+01
 0.10000000E-09  0.17903493E-01  0.00000000E+00 -0.15952619E-01  0.00000000E+00  0.00000000E+00  0.19448273E+09  0.00000000E+00  0.00000000E+00  0.00000000E+00  0.00000000E+00  0.00000000E+00  0.10000000E-01  0.10000000E+01
 0.11000000E-09  0.17903493E-01  0.00000000E+00 -0.14007792E-01  0.00000000E+00  0.00000000E+00  0.19448273E+09  0.00000000E+00  0.00000000E+00  0.00000000E+00  0.00000000E+00  0.00000000E+00  0.10000000E-01  0.10000000E+01
 0.12000000E-09  0.17903493E-01  0.00000000E+00 -0.12062965E-01  0.00000000E+00  0.00000000E+00  0.19448273E+09  0.00000000E+00  0.00000000E+00  0.00000000E+00  0.00000000E+00  0.00000000E+00  0.10000000E-01  0.10000000E+01
 0.13000000E-09  0.17903493E-01  0.00000000E+00 -0.10118138E-01  0.00000000E+00  0.00000000E+00  0.19448273E+09  0.00000000E+00  0.00000000E+00  0.00000000E+00  0.00000000E+00  0.00000000E+00  0.10000000E-01  0.10000000E+01
 0.14002000E-09  0.17903493E-01  0.00000000E+00 -0.81694207E-02  0.00000000E+00  0.00000000E+00  0.19448273E+09  0.00000000E+00  0.00000000E+00  0.00000000E+00  0.00000000E+00  0.00000000E+00  0.10000000E-01  0.10000000E+01
 0.15002000E-09  0.17903493E-01  0.00000000E+00 -0.62245935E-02  0.00000000E+00  0.00000000E+00  0.19448273E+09  0.00000000E+00  0.00000000E+00  0.00000000E+00  0.00000000E+00  0.00000000E+00  0.10000000E-01  0.10000000E+01
 0.16002000E-09  0.17903493E-01  0.00000000E+00 -0.42797662E-02  0.00000000E+00  0.00000000E+00  0.19448273E+09  0.00000000E+00  0.00000000E+00  0.00000000E+00  0.00000000E+00  0.00000000E+00  0.10000000E-01  0.10000000E+01
 0.17002000E-09  0.17903493E-01  0.00000000E+00 -0.23349390E-02  0.00000000E+00  0.00000000E+00  0.19448273E+09  0.00000000E+00  0.00000000E+00  0.00000000E+00  0.00000000E+00  0.00000000E+00  0.10000000E-01  0.10000000E+01
 0.18002000E-09  0.17903493E-01  0.00000000E+00 -0.39011175E-03  0.00000000E+00  0.00000000E+00  0.19448273E+09  0.00000000E+00  0.00000000E+00  0.00000000E+00  0.00000000E+00  0.00000000E+00  0.10000000E-01  0.10000000E+01
 0.19002000E-09  0.17903493E-01  0.00000000E+00  0.15547155E-02  0.00000000E+00  0.00000000E+00  0.19448273E+09  0.00000000E+00  0.00000000E+00  0.00000000E+00  0.00000000E+00  0.00000000E+00  0.10000000E-01  0.10000000E+01
 0.20002000E-09  0.17903493E-01  0.00000000E+00  0.34995428E-02  0.00000000E+00  0.00000000E+00  0.19448273E+09  0.00000000E+00  0.00000000E+00  0.00000000E+00  0.00000000E+00  0.00000000E+00  0.10000000E-01  0.10000000E+01
 0.21002000E-09  0.17903493E-01  0.00000000E+00  0.54443700E-02  0.00000000E+00  0.00000000E+00  0.19448273E+09  0.00000000E+00  0.00000000E+00  0.00000000E+00  0.00000000E+00  0.00000000E+00  0.10000000E-01  0.10000000E+01
 0.22002000E-09  0.17903493E-01  0.00000000E+00  0.73891973E-02  0.00000000E+00  0.00000000E+00  0.19448273E+09  0.00000000E+00  0.00000000E+00  0.00000000E+00  0.00000000E+00  0.00000000E+00  0.10000000E-01  0.10000000E+01
 0.23002000E-09  0.17903493E-01  0.00000000E+00  0.93340245E-02  0.00000000E+00  0.00000000E+00  0.19448273E+09  0.00000000E+00  0.00000000E+00  0.00000000E+00  0.00000000E+00  0.00000000E+00  0.10000000E-01  0.10000000E+01
 0.24002000E-09  0.17903493E-01  0.00000000E+00  0.11278852E-01  0.00000000E+00  0.00000000E+00  0.19448273E+09  0.00000000E+00  0.00000000E+00  0.00000000E+00  0.00000000E+00  0.00000000E+00  0.10000000E-01  0.10000000E+01
 0.25002000E-09  0.17903493E-01  0.00000000E+00  0.13223679E-01  0.00000000E+00  0.00000000E+00  0.19448273E+09  0.00000000E+00  0.00000000E+00  0.00000000E+00  0.00000000E+00  0.00000000E+00  0.10000000E-01  0.10000000E+01
 0.26002000E-09  0.17903493E-01  0.00000000E+00  0.15168506E-01  0.00000000E+00  0.00000000E+00  0.19448273E+09  0.00000000E+00  0.00000000E+00  0.00000000E+00  0.00000000E+00  0.00000000E+00  0.10000000E-01  0.10000000E+01
 0.27002000E-09  0.17903493E-01  0.00000000E+00  0.17113334E-01  0.00000000E+00  0.00000000E+00  0.19448273E+09  0.00000000E+00  0.00000000E+00  0.00000000E+00  0.00000000E+00  0.00000000E+00  0.10000000E-01  0.10000000E+01
 0.28002000E-09  0.17903493E-01  0.00000000E+00  0.19058161E-01  0.00000000E+00  0.00000000E+00  0.19448273E+09  0.00000000E+00  0.00000000E+00  0.00000000E+00  0.00000000E+00  0.00000000E+00  0.10000000E-01  0.10000000E+01
 0.29002000E-09  0.17903493E-01  0.00000000E+00  0.21002988E-01  0.00000000E+00  0.00000000E+00  0.19448273E+09  0.00000000E+00  0.00000000E+00  0.00000000E+00  0.00000000E+00  0.00000000E+00  0.10000000E-01  0.10000000E+01
 0.30000000E-09  0.17903493E-01  0.00000000E+00  0.22943926E-01  0.00000000E+00  0.00000000E+00  0.19448273E+09  0.00000000E+00  0.00000000E+00  0.00000000E+00  0.00000000E+00  0.00000000E+00  0.10000000E-01  0.10000000E+01
 0.31000000E-09  0.17903493E-01  0.00000000E+00  0.24888753E-01  0.00000000E+00  0.00000000E+00  0.19448273E+09  0.00000000E+00  0.00000000E+00  0.00000000E+00  0.00000000E+00  0.00000000E+00  0.10000000E-01  0.10000000E+01
 0.32000000E-09  0.17903493E-01  0.00000000E+00  0.26833580E-01  0.00000000E+00  0.00000000E+00  0.19448273E+09  0.00000000E+00  0.00000000E+00  0.00000000E+00  0.00000000E+00  0.00000000E+00  0.10000000E-01  0.10000000E+01
 0.33000000E-09  0.17903493E-01  0.00000000E+00  0.28778407E-01  0.00000000E+00  0.00000000E+00  0.19448273E+09  0.00000000E+00  0.00000000E+00  0.00000000E+00  0.00000000E+00  0.00000000E+00  0.10000000E-01  0.10000000E+01
 0.34000000E-09  0.17903493E-01  0.00000000E+00  0.30723235E-01  0.00000000E+00  0.00000000E+00  0.19448273E+09  0.00000000E+00  0.00000000E+00  0.00000000E+00  0.00000000E+00  0.00000000E+00  0.10000000E-01  0.10000000E+01
 0.35000000E-09  0.17903493E-01  0.00000000E+00  0.32668062E-01  0.00000000E+00  0.00000000E+00  0.19448273E+09  0.00000000E+00  0.00000000E+00  0.00000000E+00  0.00000000E+00  0.00000000E+00  0.10000000E-01  0.10000000E+01
 0.36000000E-09  0.17903493E-01  0.00000000E+00  0.34612889E-01  0.00000000E+00  0.00000000E+00  0.19448273E+09  0.00000000E+00  0.00000000E+00  0.00000000E+00  0.00000000E+00  0.00000000E+00  0.10000000E-01  0.10000000E+01
 0.37000000E-09  0.17903493E-01  0.00000000E+00  0.36557716E-01  0.00000000E+00  0.00000000E+00  0.19448273E+09  0.00000000E+00  0.00000000E+00  0.00000000E+00  0.00000000E+00  0.00000000E+00  0.10000000E-01  0.10000000E+01
 0.38000000E-09  0.17903493E-01  0.00000000E+00  0.38502544E-01  0.00000000E+00  0.00000000E+00  0.19448273E+09  0.00000000E+00  0.00000000E+00  0.00000000E+00  0.00000000E+00  0.00000000E+00  0.10000000E-01  0.10000000E+01
 0.39000000E-09  0.17903493E-01  0.00000000E+00  0.40447371E-01  0.00000000E+00  0.00000000E+00  0.19448273E+09  0.00000000E+00  0.00000000E+00  0.00000000E+00  0.00000000E+00  0.00000000E+00  0.10000000E-01  0.10000000E+01
 0.40000000E-09  0.17903493E-01  0.00000000E+00  0.42392198E-01  0.00000000E+00  0.00000000E+00  0.19448273E+09  0.00000000E+00  0.00000000E+00  0.00000000E+00  0.00000000E+00  0.00000000E+00  0.10000000E-01  0.10000000E+01
 0.41000000E-09  0.17903493E-01  0.00000000E+00  0.44337025E-01  0.00000000E+00  0.00000000E+00  0.19448273E+09  0.00000000E+00  0.00000000E+00  0.00000000E+00  0.00000000E+00  0.00000000E+00  0.10000000E-01  0.10000000E+01
 0.42000000E-09  0.17903493E-01  0.00000000E+00  0.46281853E-01  0.00000000E+00  0.00000000E+00  0.19448273E+09  0.00000000E+00  0.00000000E+00  0.00000000E+00  0.00000000E+00  0.00000000E+00  0.10000000E-01  0.10000000E+01
 0.43000000E-09  0.17903493E-01  0.00000000E+00  0.48226680E-01  0.00000000E+00  0.00000000E+00  0.19448273E+09  0.00000000E+00  0.00000000E+00  0.00000000E+00  0.00000000E+00  0.00000000E+00  0.10000000E-01  0.10000000E+01
 0.44000000E-09  0.17903493E-01  0.00000000E+00  0.50171507E-01  0.00000000E+00  0.00000000E+00  0.19448273E+09  0.00000000E+00  0.00000000E+00  0.00000000E+00  0.00000000E+00  0.00000000E+00  0.10000000E-01  0.10000000E+01
 0.45000000E-09  0.17903493E-01  0.00000000E+00  0.52116334E-01  0.00000000E+00  0.00000000E+00  0.19448273E+09  0.00000000E+00  0.00000000E+00  0.00000000E+00  0.00000000E+00  0.00000000E+00  0.10000000E-01  0.10000000E+01
 0.46000000E-09  0.17903493E-01  0.00000000E+00  0.54061162E-01  0.00000000E+00  0.00000000E+00  0.19448273E+09  0.00000000E+00  0.00000000E+00  0.00000000E+00  0.00000000E+00  0.00000000E+00  0.10000000E-01  0.10000000E+01
 0.47000000E-09  0.17903493E-01  0.00000000E+00  0.56005989E-01  0.00000000E+00  0.00000000E+00  0.19448273E+09  0.00000000E+00  0.00000000E+00  0.00000000E+00  0.00000000E+00  0.00000000E+00  0.10000000E-01  0.10000000E+01
 0.48000000E-09  0.17903493E-01  0.00000000E+00  0.57950816E-01  0.00000000E+00  0.00000000E+00  0.19448273E+09  0.00000000E+00  0.00000000E+00  0.00000000E+00  0.00000000E+00  0.00000000E+00  0.10000000E-01  0.10000000E+01
 0.49000000E-09  0.17903493E-01  0.00000000E+00  0.59895643E-01  0.00000000E+00  0.00000000E+00  0.19448273E+09  0.00000000E+00  0.00000000E+00  0.00000000E+00  0.00000000E+00  0.00000000E+00  0.10000000E-01  0.10000000E+01
 0.50000000E-09  0.17903493E-01  0.00000000E+00  0.61840471E-01  0.00000000E+00  0.00000000E+00  0.19448273E+09  0.00000000E+00  0.00000000E+00  0.00000000E+00  0.00000000E+00  0.00000000E+00  0.10000000E-01  0.10000000E+01
 0.51000000E-09  0.17903493E-01  0.00000000E+00  0.63785298E-01  0.00000000E+00  0.00000000E+00  0.19448273E+09  0.00000000E+00  0.00000000E+00  0.00000000E+00  0.00000000E+00  0.00000000E+00  0.10000000E-01  0.10000000E+01
 0.52000000E-09  0.17903493E-01  0.00000000E+00  0.65730125E-01  0.00000000E+00  0.00000000E+00  0.19448273E+09  0.00000000E+00  0.00000000E+00  0.00000000E+00  0.00000000E+00  0.00000000E+00  0.10000000E-01  0.10000000E+01
 0.53000000E-09  0.17903493E-01  0.00000000E+00  0.67674952E-01  0.00000000E+00  0.00000000E+00  0.19448273E+09  0.00000000E+00  0.00000000E+00  0.00000000E+00  0.00000000E+00  0.00000000E+00  0.10000000E-01  0.10000000E+01
 0.54000000E-09  0.17903493E-01  0.00000000E+00  0.69619780E-01  0.00000000E+00  0.00000000E+00  0.19448273E+09  0.00000000E+00  0.00000000E+00  0.00000000E+00  0.00000000E+00  0.00000000E+00  0.10000000E-01  0.10000000E+01
 0.55002000E-09  0.17903493E-01  0.00000000E+00  0.71568497E-01  0.00000000E+00  0.00000000E+00  0.19448273E+09  0.00000000E+00  0.00000000E+00  0.00000000E+00  0.00000000E+00  0.00000000E+00  0.10000000E-01  0.10000000E+01
 0.56002000E-09  0.17903493E-01  0.00000000E+00  0.73513324E-01  0.00000000E+00  0.00000000E+00  0.19448273E+09  0.00000000E+00  0.00000000E+00  0.00000000E+00  0.00000000E+00  0.00000000E+00  0.10000000E-01  0.10000000E+01
 0.57002000E-09  0.17903493E-01  0.00000000E+00  0.75458151E-01  0.00000000E+00  0.00000000E+00  0.19448273E+09  0.00000000E+00  0.00000000E+00  0.00000000E+00  0.00000000E+00  0.00000000E+00  0.10000000E-01  0.10000000E+01
 0.58002000E-09  0.17903493E-01  0.00000000E+00  0.77402978E-01  0.00000000E+00  0.00000000E+00  0.19448273E+09  0.00000000E+00  0.00000000E+00  0.00000000E+00  0.00000000E+00  0.00000000E+00  0.10000000E-01  0.10000000E+01
 0.59002000E-09  0.17903493E-01  0.00000000E+00  0.79347806E-01  0.00000000E+00  0.00000000E+00  0.19448273E+09  0.00000000E+00  0.00000000E+00  0.00000000E+00  0.00000000E+00  0.00000000E+00  0.10000000E-01  0.10000000E+01
 0.60002000E-09  0.17903493E-01  0.00000000E+00  0.81292633E-01  0.00000000E+00  0.00000000E+00  0.19448273E+09  0.00000000E+00  0.00000000E+00  0.00000000E+00  0.00000000E+00  0.00000000E+00  0.10000000E-01  0.10000000E+01
 0.61002000E-09  0.17903493E-01  0.00000000E+00  0.83237460E-01  0.00000000E+00  0.00000000E+00  0.19448273E+09  0.00000000E+00  0.00000000E+00  0.00000000E+00  0.00000000E+00  0.00000000E+00  0.10000000E-01  0.10000000E+01
 0.62002000E-09  0.17903493E-01  0.00000000E+00  0.85182287E-01  0.00000000E+00  0.00000000E+00  0.19448273E+09  0.00000000E+00  0.00000000E+00  0.00000000E+00  0.00000000E+00  0.00000000E+00  0.10000000E-01  0.10000000E+01
 0.63002000E-09  0.17903493E-01  0.00000000E+00  0.87127115E-01  0.00000000E+00  0.00000000E+00  0.19448273E+09  0.00000000E+00  0.00000000E+00  0.00000000E+00  0.00000000E+00  0.00000000E+00  0.10000000E-01  0.10000000E+01
 0.64002000E-09  0.17903493E-01  0.00000000E+00  0.89071942E-01  0.00000000E+00  0.00000000E+00  0.19448273E+09  0.00000000E+00  0.00000000E+00  0.00000000E+00  0.00000000E+00  0.00000000E+00  0.10000000E-01  0.10000000E+01
 0.65002000E-09  0.17903493E-01  0.00000000E+00  0.91016769E-01  0.00000000E+00  0.00000000E+00  0.19448273E+09  0.00000000E+00  0.00000000E+00  0.00000000E+00  0.00000000E+00  0.00000000E+00  0.10000000E-01  0.10000000E+01
 0.66002000E-09  0.17903493E-01  0.00000000E+00  0.92961596E-01  0.00000000E+00  0.00000000E+00  0.19448273E+09  0.00000000E+00  0.00000000E+00  0.00000000E+00  0.00000000E+00  0.00000000E+00  0.10000000E-01  0.10000000E+01
 0.67002000E-09  0.17903493E-01  0.00000000E+00  0.94906424E-01  0.00000000E+00  0.00000000E+00  0.19448273E+09  0.00000000E+00  0.00000000E+00  0.00000000E+00  0.00000000E+00  0.00000000E+00  0.10000000E-01  0.10000000E+01
 0.68002000E-09  0.17903493E-01  0.00000000E+00  0.96851251E-01  0.00000000E+00  0.00000000E+00  0.19448273E+09  0.00000000E+00  0.00000000E+00  0.00000000E+00  0.00000000E+00  0.00000000E+00  0.10000000E-01  0.10000000E+01
 0.69002000E-09  0.17903493E-01  0.00000000E+00  0.98796078E-01  0.00000000E+00  0.00000000E+00  0.19448273E+09  0.00000000E+00  0.00000000E+00  0.00000000E+00  0.00000000E+00  0.00000000E+00  0.10000000E-01  0.10000000E+01
 0.70002000E-09  0.17903493E-01  0.00000000E+00  0.10074091E+00  0.00000000E+00  0.00000000E+00  0.19448273E+09  0.00000000E+00  0.00000000E+00  0.00000000E+00  0.00000000E+00  0.00000000E+00  0.10000000E-01  0.10000000E+01
 0.71002000E-09  0.17903493E-01  0.00000000E+00  0.10268573E+00  0.00000000E+00  0.00000000E+00  0.19448273E+09  0.00000000E+00  0.00000000E+00  0.00000000E+00  0.00000000E+00  0.00000000E+00  0.10000000E-01  0.10000000E+01
 0.72002000E-09  0.17903493E-01  0.00000000E+00  0.10463056E+00  0.00000000E+00  0.00000000E+00  0.19448273E+09  0.00000000E+00  0.00000000E+00  0.00000000E+00  0.00000000E+00  0.00000000E+00  0.10000000E-01  0.10000000E+01
 0.73002000E-09  0.17903493E-01  0.00000000E+00  0.10657539E+00  0.00000000E+00  0.00000000E+00  0.19448273E+09  0.00000000E+00  0.00000000E+00  0.00000000E+00  0.00000000E+00  0.00000000E+00  0.10000000E-01  0.10000000E+01
 0.74002000E-09  0.17903493E-01  0.00000000E+00  0.10852021E+00  0.00000000E+00  0.00000000E+00  0.19448273E+09  0.00000000E+00  0.00000000E+00  0.00000000E+00  0.00000000E+00  0.00000000E+00  0.10000000E-01  0.10000000E+01
 0.75002000E-09  0.17903493E-01  0.00000000E+00  0.11046504E+00  0.00000000E+00  0.00000000E+00  0.19448273E+09  0.00000000E+00  0.00000000E+00  0.00000000E+00  0.00000000E+00  0.00000000E+00  0.10000000E-01  0.10000000E+01
 0.76002000E-09  0.17903493E-01  0.00000000E+00  0.11240987E+00  0.00000000E+00  0.00000000E+00  0.19448273E+09  0.00000000E+00  0.00000000E+00  0.00000000E+00  0.00000000E+00  0.00000000E+00  0.10000000E-01  0.10000000E+01
 0.77002000E-09  0.17903493E-01  0.00000000E+00  0.11435470E+00  0.00000000E+00  0.00000000E+00  0.19448273E+09  0.00000000E+00  0.00000000E+00  0.00000000E+00  0.00000000E+00  0.00000000E+00  0.10000000E-01  0.10000000E+01
 0.78002000E-09  0.17903493E-01  0.00000000E+00  0.11629952E+00  0.00000000E+00  0.00000000E+00  0.19448273E+09  0.00000000E+00  0.00000000E+00  0.00000000E+00  0.00000000E+00  0.00000000E+00  0.10000000E-01  0.10000000E+01
 0.79002000E-09  0.17903493E-01  0.00000000E+00  0.11824435E+00  0.00000000E+00  0.00000000E+00  0.19448273E+09  0.00000000E+00  0.00000000E+00  0.00000000E+00  0.00000000E+00  0.00000000E+00  0.10000000E-01  0.10000000E+01
 0.80002000E-09  0.17903493E-01  0.00000000E+00  0.12018918E+00  0.00000000E+00  0.00000000E+00  0.19448273E+09  0.00000000E+00  0.00000000E+00  0.00000000E+00  0.00000000E+00  0.00000000E+00  0.10000000E-01  0.10000000E+01
 0.81002000E-09  0.17903493E-01  0.00000000E+00  0.12213401E+00  0.00000000E+00  0.00000000E+00  0.19448273E+09  0.00000000E+00  0.00000000E+00  0.00000000E+00  0.00000000E+00  0.00000000E+00  0.10000000E-01  0.10000000E+01
 0.82002000E-09  0.17903493E-01  0.00000000E+00  0.12407883E+00  0.00000000E+00  0.00000000E+00  0.19448273E+09  0.00000000E+00  0.00000000E+00  0.00000000E+00  0.00000000E+00  0.00000000E+00  0.10000000E-01  0.10000000E+01
 0.83002000E-09  0.17903493E-01  0.00000000E+00  0.12602366E+00  0.00000000E+00  0.00000000E+00  0.19448273E+09  0.00000000E+00  0.00000000E+00  0.00000000E+00  0.00000000E+00  0.00000000E+00  0.10000000E-01  0.10000000E+01
 0.84002000E-09  0.17903493E-01  0.00000000E+00  0.12796849E+00  0.00000000E+00  0.00000000E+00  0.19448273E+09  0.00000000E+00  0.00000000E+00  0.00000000E+00  0.00000000E+00  0.00000000E+00  0.10000000E-01  0.10000000E+01
 0.85002000E-09  0.17903493E-01  0.00000000E+00  0.12991331E+00  0.00000000E+00  0.00000000E+00  0.19448273E+09  0.00000000E+00  0.00000000E+00  0.00000000E+00  0.00000000E+00  0.00000000E+00  0.10000000E-01  0.10000000E+01
 0.86002000E-09  0.17903493E-01  0.00000000E+00  0.13185814E+00  0.00000000E+00  0.00000000E+00  0.19448273E+09  0.00000000E+00  0.00000000E+00  0.00000000E+00  0.00000000E+00  0.00000000E+00  0.10000000E-01  0.10000000E+01
 0.87002000E-09  0.17903493E-01  0.00000000E+00  0.13380297E+00  0.00000000E+00  0.00000000E+00  0.19448273E+09  0.00000000E+00  0.00000000E+00  0.00000000E+00  0.00000000E+00  0.00000000E+00  0.10000000E-01  0.10000000E+01
 0.88002000E-09  0.17903493E-01  0.00000000E+00  0.13574780E+00  0.00000000E+00  0.00000000E+00  0.19448273E+09  0.00000000E+00  0.00000000E+00  0.00000000E+00  0.00000000E+00  0.00000000E+00  0.10000000E-01  0.10000000E+01
 0.89002000E-09  0.17903493E-01  0.00000000E+00  0.13769262E+00  0.00000000E+00  0.00000000E+00  0.19448273E+09  0.00000000E+00  0.00000000E+00  0.00000000E+00  0.00000000E+00  0.00000000E+00  0.10000000E-01  0.10000000E+01
 0.90002000E-09  0.17903493E-01  0.00000000E+00  0.13963745E+00  0.00000000E+00  0.00000000E+00  0.19448273E+09  0.00000000E+00  0.00000000E+00  0.00000000E+00  0.00000000E+00  0.00000000E+00  0.10000000E-01  0.10000000E+01
 0.91002000E-09  0.17903493E-01  0.00000000E+00  0.14158228E+00  0.00000000E+00  0.00000000E+00  0.19448273E+09  0.00000000E+00  0.00000000E+00  0.00000000E+00  0.00000000E+00  0.00000000E+00  0.10000000E-01  0.10000000E+01
 0.92002000E-09  0.17903493E-01  0.00000000E+00  0.14352710E+00  0.00000000E+00  0.00000000E+00  0.19448273E+09  0.00000000E+00  0.00000000E+00  0.00000000E+00  0.00000000E+00  0.00000000E+00  0.10000000E-01  0.10000000E+01
 0.93002000E-09  0.17903493E-01  0.00000000E+00  0.14547193E+00  0.00000000E+00  0.00000000E+00  0.19448273E+09  0.00000000E+00  0.00000000E+00  0.00000000E+00  0.00000000E+00  0.00000000E+00  0.10000000E-01  0.10000000E+01
 0.94002000E-09  0.17903493E-01  0.00000000E+00  0.14741676E+00  0.00000000E+00  0.00000000E+00  0.19448273E+09  0.00000000E+00  0.00000000E+00  0.00000000E+00  0.00000000E+00  0.00000000E+00  0.10000000E-01  0.10000000E+01
 0.95002000E-09  0.17903493E-01  0.00000000E+00  0.14936159E+00  0.00000000E+00  0.00000000E+00  0.19448273E+09  0.00000000E+00  0.00000000E+00  0.00000000E+00  0.00000000E+00  0.00000000E+00  0.10000000E-01  0.10000000E+01
 0.96002000E-09  0.17903493E-01  0.00000000E+00  0.15130641E+00  0.00000000E+00  0.00000000E+00  0.19448273E+09  0.00000000E+00  0.00000000E+00  0.00000000E+00  0.00000000E+00  0.00000000E+00  0.10000000E-01  0.10000000E+01
 0.97002000E-09  0.17903493E-01  0.00000000E+00  0.15325124E+00  0.00000000E+00  0.00000000E+00  0.19448273E+09  0.00000000E+00  0.00000000E+00  0.00000000E+00  0.00000000E+00  0.00000000E+00  0.10000000E-01  0.10000000E+01
 0.98002000E-09  0.17903493E-01  0.00000000E+00  0.15519607E+00  0.00000000E+00  0.00000000E+00  0.19448273E+09  0.00000000E+00  0.00000000E+00  0.00000000E+00  0.00000000E+00  0.00000000E+00  0.10000000E-01  0.10000000E+01
 0.99002000E-09  0.17903493E-01  0.00000000E+00  0.15714090E+00  0.00000000E+00  0.00000000E+00  0.19448273E+09  0.00000000E+00  0.00000000E+00  0.00000000E+00  0.00000000E+00  0.00000000E+00  0.10000000E-01  0.10000000E+01
 0.10000200E-08  0.17903493E-01  0.00000000E+00  0.15908572E+00  0.00000000E+00  0.00000000E+00  0.19448273E+09  0.00000000E+00  0.00000000E+00  0.00000000E+00  0.00000000E+00  0.00000000E+00  0.10000000E-01  0.10000000E+01
 0.10100200E-08  0.17903493E-01  0.00000000E+00  0.16103055E+00  0.00000000E+00  0.00000000E+00  0.19448273E+09  0.00000000E+00  0.00000000E+00  0.00000000E+00  0.00000000E+00  0.00000000E+00  0.10000000E-01  0.10000000E+01
 0.10200200E-08  0.17903493E-01  0.00000000E+00  0.16297538E+00  0.00000000E+00  0.00000000E+00  0.19448273E+09  0.00000000E+00  0.00000000E+00  0.00000000E+00  0.00000000E+00  0.00000000E+00  0.10000000E-01  0.10000000E+01
 0.10300200E-08  0.17903493E-01  0.00000000E+00  0.16492020E+00  0.00000000E+00  0.00000000E+00  0.19448273E+09  0.00000000E+00  0.00000000E+00  0.00000000E+00  0.00000000E+00  0.00000000E+00  0.10000000E-01  0.10000000E+01
 0.10400200E-08  0.17903493E-01  0.00000000E+00  0.16686503E+00  0.00000000E+00  0.00000000E+00  0.19448273E+09  0.00000000E+00  0.00000000E+00  0.00000000E+00  0.00000000E+00  0.00000000E+00  0.10000000E-01  0.10000000E+01
 0.10500200E-08  0.17903493E-01  0.00000000E+00  0.16880986E+00  0.00000000E+00  0.00000000E+00  0.19448273E+09  0.00000000E+00  0.00000000E+00  0.00000000E+00  0.00000000E+00  0.00000000E+00  0.10000000E-01  0.10000000E+01
 0.10600200E-08  0.17903493E-01  0.00000000E+00  0.17075469E+00  0.00000000E+00  0.00000000E+00  0.19448273E+09  0.00000000E+00  0.00000000E+00  0.00000000E+00  0.00000000E+00  0.00000000E+00  0.10000000E-01  0.10000000E+01
 0.10700200E-08  0.17903493E-01  0.00000000E+00  0.17269951E+00  0.00000000E+00  0.00000000E+00  0.19448273E+09  0.00000000E+00  0.00000000E+00  0.00000000E+00  0.00000000E+00  0.00000000E+00  0.10000000E-01  0.10000000E+01
 0.10800200E-08  0.17903493E-01  0.00000000E+00  0.17464434E+00  0.00000000E+00  0.00000000E+00  0.19448273E+09  0.00000000E+00  0.00000000E+00  0.00000000E+00  0.00000000E+00  0.00000000E+00  0.10000000E-01  0.10000000E+01
 0.10900200E-08  0.17903493E-01  0.00000000E+00  0.17658917E+00  0.00000000E+00  0.00000000E+00  0.19448273E+09  0.00000000E+00  0.00000000E+00  0.00000000E+00  0.00000000E+00  0.00000000E+00  0.10000000E-01  0.10000000E+01
 0.11000200E-08  0.17903493E-01  0.00000000E+00  0.17853400E+00  0.00000000E+00  0.00000000E+00  0.19448273E+09  0.00000000E+00  0.00000000E+00  0.00000000E+00  0.00000000E+00  0.00000000E+00  0.10000000E-01  0.10000000E+01
 0.11100200E-08  0.17903493E-01  0.00000000E+00  0.18047882E+00  0.00000000E+00  0.00000000E+00  0.19448273E+09  0.00000000E+00  0.00000000E+00  0.00000000E+00  0.00000000E+00  0.00000000E+00  0.10000000E-01  0.10000000E+01
 0.11200200E-08  0.17903493E-01  0.00000000E+00  0.18242365E+00  0.00000000E+00  0.00000000E+00  0.19448273E+09  0.00000000E+00  0.00000000E+00  0.00000000E+00  0.00000000E+00  0.00000000E+00  0.10000000E-01  0.10000000E+01
 0.11300200E-08  0.17903493E-01  0.00000000E+00  0.18436848E+00  0.00000000E+00  0.00000000E+00  0.19448273E+09  0.00000000E+00  0.00000000E+00  0.00000000E+00  0.00000000E+00  0.00000000E+00  0.10000000E-01  0.10000000E+01
 0.11400200E-08  0.17903493E-01  0.00000000E+00  0.18631330E+00  0.00000000E+00  0.00000000E+00  0.19448273E+09  0.00000000E+00  0.00000000E+00  0.00000000E+00  0.00000000E+00  0.00000000E+00  0.10000000E-01  0.10000000E+01
 0.11500200E-08  0.17903493E-01  0.00000000E+00  0.18825813E+00  0.00000000E+00  0.00000000E+00  0.19448273E+09  0.00000000E+00  0.00000000E+00  0.00000000E+00  0.00000000E+00  0.00000000E+00  0.10000000E-01  0.10000000E+01
 0.11600200E-08  0.17903493E-01  0.00000000E+00  0.19020296E+00  0.00000000E+00  0.00000000E+00  0.19448273E+09  0.00000000E+00  0.00000000E+00  0.00000000E+00  0.00000000E+00  0.00000000E+00  0.10000000E-01  0.10000000E+01
 0.11700200E-08  0.17903493E-01  0.00000000E+00  0.19214779E+00  0.00000000E+00  0.00000000E+00  0.19448273E+09  0.00000000E+00  0.00000000E+00  0.00000000E+00  0.00000000E+00  0.00000000E+00  0.10000000E-01  0.10000000E+01
 0.11800200E-08  0.17903493E-01  0.00000000E+00  0.19409261E+00  0.00000000E+00  0.00000000E+00  0.19448273E+09  0.00000000E+00  0.00000000E+00  0.00000000E+00  0.00000000E+00  0.00000000E+00  0.10000000E-01  0.10000000E+01
 0.11900200E-08  0.17903493E-01  0.00000000E+00  0.19603744E+00  0.00000000E+00  0.00000000E+00  0.19448273E+09  0.00000000E+00  0.00000000E+00  0.00000000E+00  0.00000000E+00  0.00000000E+00  0.10000000E-01  0.10000000E+01
 0.12000200E-08  0.17903493E-01  0.00000000E+00  0.19798227E+00  0.00000000E+00  0.00000000E+00  0.19448273E+09  0.00000000E+00  0.00000000E+00  0.00000000E+00  0.00000000E+00  0.00000000E+00  0.10000000E-01  0.10000000E+01
 0.12100200E-08  0.17903493E-01  0.00000000E+00  0.19992710E+00  0.00000000E+00  0.00000000E+00  0.19448273E+09  0.00000000E+00  0.00000000E+00  0.00000000E+00  0.00000000E+00  0.00000000E+00  0.10000000E-01  0.10000000E+01
 0.12200200E-08  0.17903493E-01  0.00000000E+00  0.20187192E+00  0.00000000E+00  0.00000000E+00  0.19448273E+09  0.00000000E+00  0.00000000E+00  0.00000000E+00  0.00000000E+00  0.00000000E+00  0.10000000E-01  0.10000000E+01
 0.12300200E-08  0.17903493E-01  0.00000000E+00  0.20381675E+00  0.00000000E+00  0.00000000E+00  0.19448273E+09  0.00000000E+00  0.00000000E+00  0.00000000E+00  0.00000000E+00  0.00000000E+00  0.10000000E-01  0.10000000E+01
 0.12400200E-08  0.17903493E-01  0.00000000E+00  0.20576158E+00  0.00000000E+00  0.00000000E+00  0.19448273E+09  0.00000000E+00  0.00000000E+00  0.00000000E+00  0.00000000E+00  0.00000000E+00  0.10000000E-01  0.10000000E+01
 0.12500200E-08  0.17903493E-01  0.00000000E+00  0.20770640E+00  0.00000000E+00  0.00000000E+00  0.19448273E+09  0.00000000E+00  0.00000000E+00  0.00000000E+00  0.00000000E+00  0.00000000E+00  0.10000000E-01  0.10000000E+01
 0.12600200E-08  0.17903493E-01  0.00000000E+00  0.20965123E+00  0.00000000E+00  0.00000000E+00  0.19448273E+09  0.00000000E+00  0.00000000E+00  0.00000000E+00  0.00000000E+00  0.00000000E+00  0.10000000E-01  0.10000000E+01
 0.12700200E-08  0.17903493E-01  0.00000000E+00  0.21159606E+00  0.00000000E+00  0.00000000E+00  0.19448273E+09  0.00000000E+00  0.00000000E+00  0.00000000E+00  0.00000000E+00  0.00000000E+00  0.10000000E-01  0.10000000E+01
 0.12800200E-08  0.17903493E-01  0.00000000E+00  0.21354089E+00  0.00000000E+00  0.00000000E+00  0.19448273E+09  0.00000000E+00  0.00000000E+00  0.00000000E+00  0.00000000E+00  0.00000000E+00  0.10000000E-01  0.10000000E+01
 0.12900200E-08  0.17903493E-01  0.00000000E+00  0.21548571E+00  0.00000000E+00  0.00000000E+00  0.19448273E+09  0.00000000E+00  0.00000000E+00  0.00000000E+00  0.00000000E+00  0.00000000E+00  0.10000000E-01  0.10000000E+01
 0.13000200E-08  0.17903493E-01  0.00000000E+00  0.21743054E+00  0.00000000E+00  0.00000000E+00  0.19448273E+09  0.00000000E+00  0.00000000E+00  0.00000000E+00  0.00000000E+00  0.00000000E+00  0.10000000E-01  0.10000000E+01
 0.13100200E-08  0.17903493E-01  0.00000000E+00  0.21937537E+00  0.00000000E+00  0.00000000E+00  0.19448273E+09  0.00000000E+00  0.00000000E+00  0.00000000E+00  0.00000000E+00  0.00000000E+00  0.10000000E-01  0.10000000E+01
 0.13200200E-08  0.17903493E-01  0.00000000E+00  0.22132019E+00  0.00000000E+00  0.00000000E+00  0.19448273E+09  0.00000000E+00  0.00000000E+00  0.00000000E+00  0.00000000E+00  0.00000000E+00  0.10000000E-01  0.10000000E+01
 0.13300200E-08  0.17903493E-01  0.00000000E+00  0.22326502E+00  0.00000000E+00  0.00000000E+00  0.19448273E+09  0.00000000E+00  0.00000000E+00  0.00000000E+00  0.00000000E+00  0.00000000E+00  0.10000000E-01  0.10000000E+01
 0.13400200E-08  0.17903493E-01  0.00000000E+00  0.22520985E+00  0.00000000E+00  0.00000000E+00  0.19448273E+09  0.00000000E+00  0.00000000E+00  0.00000000E+00  0.00000000E+00  0.00000000E+00  0.10000000E-01  0.10000000E+01
 0.13500200E-08  0.17903493E-01  0.00000000E+00  0.22715468E+00  0.00000000E+00  0.00000000E+00  0.19448273E+09  0.00000000E+00  0.00000000E+00  0.00000000E+00  0.00000000E+00  0.00000000E+00  0.10000000E-01  0.10000000E+01
 0.13600200E-08  0.17903493E-01  0.00000000E+00  0.22909950E+00  0.00000000E+00  0.00000000E+00  0.19448273E+09  0.00000000E+00  0.00000000E+00  0.00000000E+00  0.00000000E+00  0.00000000E+00  0.10000000E-01  0.10000000E+01
 0.13700200E-08  0.17903493E-01  0.00000000E+00  0.23104433E+00  0.00000000E+00  0.00000000E+00  0.19448273E+09  0.00000000E+00  0.00000000E+00  0.00000000E+00  0.00000000E+00  0.00000000E+00  0.10000000E-01  0.10000000E+01
 0.13800200E-08  0.17903493E-01  0.00000000E+00  0.23298916E+00  0.00000000E+00  0.00000000E+00  0.19448273E+09  0.00000000E+00  0.00000000E+00  0.00000000E+00  0.00000000E+00  0.00000000E+00  0.10000000E-01  0.10000000E+01
 0.13900200E-08  0.17903493E-01  0.00000000E+00  0.23493399E+00  0.00000000E+00  0.00000000E+00  0.19448273E+09  0.00000000E+00  0.00000000E+00  0.00000000E+00  0.00000000E+00  0.00000000E+00  0.10000000E-01  0.10000000E+01
 0.14000200E-08  0.17903493E-01  0.00000000E+00  0.23687881E+00  0.00000000E+00  0.00000000E+00  0.19448273E+09  0.00000000E+00  0.00000000E+00  0.00000000E+00  0.00000000E+00  0.00000000E+00  0.10000000E-01  0.10000000E+01
 0.14100200E-08  0.17903493E-01  0.00000000E+00  0.23882364E+00  0.00000000E+00  0.00000000E+00  0.19448273E+09  0.00000000E+00  0.00000000E+00  0.00000000E+00  0.00000000E+00  0.00000000E+00  0.10000000E-01  0.10000000E+01
 0.14200200E-08  0.17903493E-01  0.00000000E+00  0.24076847E+00  0.00000000E+00  0.00000000E+00  0.19448273E+09  0.00000000E+00  0.00000000E+00  0.00000000E+00  0.00000000E+00  0.00000000E+00  0.10000000E-01  0.10000000E+01
 0.14300200E-08  0.17903493E-01  0.00000000E+00  0.24271329E+00  0.00000000E+00  0.00000000E+00  0.19448273E+09  0.00000000E+00  0.00000000E+00  0.00000000E+00  0.00000000E+00  0.00000000E+00  0.10000000E-01  0.10000000E+01
 0.14400200E-08  0.17903493E-01  0.00000000E+00  0.24465812E+00  0.00000000E+00  0.00000000E+00  0.19448273E+09  0.00000000E+00  0.00000000E+00  0.00000000E+00  0.00000000E+00  0.00000000E+00  0.10000000E-01  0.10000000E+01
 0.14500200E-08  0.17903493E-01  0.00000000E+00  0.24660295E+00  0.00000000E+00  0.00000000E+00  0.19448273E+09  0.00000000E+00  0.00000000E+00  0.00000000E+00  0.00000000E+00  0.00000000E+00  0.10000000E-01  0.10000000E+01
 0.14600200E-08  0.17903493E-01  0.00000000E+00  0.24854778E+00  0.00000000E+00  0.00000000E+00  0.19448273E+09  0.00000000E+00  0.00000000E+00  0.00000000E+00  0.00000000E+00  0.00000000E+00  0.10000000E-01  0.10000000E+01
 0.14700200E-08  0.17903493E-01  0.00000000E+00  0.25049260E+00  0.00000000E+00  0.00000000E+00  0.19448273E+09  0.00000000E+00  0.00000000E+00  0.00000000E+00  0.00000000E+00  0.00000000E+00  0.10000000E-01  0.10000000E+01
 0.14800200E-08  0.17903493E-01  0.00000000E+00  0.25243743E+00  0.00000000E+00  0.00000000E+00  0.19448273E+09  0.00000000E+00  0.00000000E+00  0.00000000E+00  0.00000000E+00  0.00000000E+00  0.10000000E-01  0.10000000E+01
 0.14900200E-08  0.17903493E-01  0.00000000E+00  0.25438226E+00  0.00000000E+00  0.00000000E+00  0.19448273E+09  0.00000000E+00  0.00000000E+00  0.00000000E+00  0.00000000E+00  0.00000000E+00  0.10000000E-01  0.10000000E+01
 0.15000200E-08  0.17903493E-01  0.00000000E+00  0.25632709E+00  0.00000000E+00  0.00000000E+00  0.19448273E+09  0.00000000E+00  0.00000000E+00  0.00000000E+00  0.00000000E+00  0.00000000E+00  0.10000000E-01  0.10000000E+01
 0.15100200E-08  0.17903493E-01  0.00000000E+00  0.25827191E+00  0.00000000E+00  0.00000000E+00  0.19448273E+09  0.00000000E+00  0.00000000E+00  0.00000000E+00  0.00000000E+00  0.00000000E+00  0.10000000E-01  0.10000000E+01
 0.15200200E-08  0.17903493E-01  0.00000000E+00  0.26021674E+00  0.00000000E+00  0.00000000E+00  0.19448273E+09  0.00000000E+00  0.00000000E+00  0.00000000E+00  0.00000000E+00  0.00000000E+00  0.10000000E-01  0.10000000E+01
 0.15300200E-08  0.17903493E-01  0.00000000E+00  0.26216157E+00  0.00000000E+00  0.00000000E+00  0.19448273E+09  0.00000000E+00  0.00000000E+00  0.00000000E+00  0.00000000E+00  0.00000000E+00  0.10000000E-01  0.10000000E+01
 0.15400200E-08  0.17903493E-01  0.00000000E+00  0.26410639E+00  0.00000000E+00  0.00000000E+00  0.19448273E+09  0.00000000E+00  0.00000000E+00  0.00000000E+00  0.00000000E+00  0.00000000E+00  0.10000000E-01  0.10000000E+01
 0.15500200E-08  0.17903493E-01  0.00000000E+00  0.26605122E+00  0.00000000E+00  0.00000000E+00  0.19448273E+09  0.00000000E+00  0.00000000E+00  0.00000000E+00  0.00000000E+00  0.00000000E+00  0.10000000E-01  0.10000000E+01
 0.15600200E-08  0.17903493E-01  0.00000000E+00  0.26799605E+00  0.00000000E+00  0.00000000E+00  0.19448273E+09  0.00000000E+00  0.00000000E+00  0.00000000E+00  0.00000000E+00  0.00000000E+00  0.10000000E-01  0.10000000E+01
 0.15700200E-08  0.17903493E-01  0.00000000E+00  0.26994088E+00  0.00000000E+00  0.00000000E+00  0.19448273E+09  0.00000000E+00  0.00000000E+00  0.00000000E+00  0.00000000E+00  0.00000000E+00  0.10000000E-01  0.10000000E+01
 0.15800200E-08  0.17903493E-01  0.00000000E+00  0.27188570E+00  0.00000000E+00  0.00000000E+00  0.19448273E+09  0.00000000E+00  0.00000000E+00  0.00000000E+00  0.00000000E+00  0.00000000E+00  0.10000000E-01  0.10000000E+01
 0.15900200E-08  0.17903493E-01  0.00000000E+00  0.27383053E+00  0.00000000E+00  0.00000000E+00  0.19448273E+09  0.00000000E+00  0.00000000E+00  0.00000000E+00  0.00000000E+00  0.00000000E+00  0.10000000E-01  0.10000000E+01
 0.16000200E-08  0.17903493E-01  0.00000000E+00  0.27577536E+00  0.00000000E+00  0.00000000E+00  0.19448273E+09  0.00000000E+00  0.00000000E+00  0.00000000E+00  0.00000000E+00  0.00000000E+00  0.10000000E-01  0.10000000E+01
 0.16100200E-08  0.17903493E-01  0.00000000E+00  0.27772019E+00  0.00000000E+00  0.00000000E+00  0.19448273E+09  0.00000000E+00  0.00000000E+00  0.00000000E+00  0.00000000E+00  0.00000000E+00  0.10000000E-01  0.10000000E+01
 0.16200200E-08  0.17903493E-01  0.00000000E+00  0.27966501E+00  0.00000000E+00  0.00000000E+00  0.19448273E+09  0.00000000E+00  0.00000000E+00  0.00000000E+00  0.00000000E+00  0.00000000E+00  0.10000000E-01  0.10000000E+01
 0.16300200E-08  0.17903493E-01  0.00000000E+00  0.28160984E+00  0.00000000E+00  0.00000000E+00  0.19448273E+09  0.00000000E+00  0.00000000E+00  0.00000000E+00  0.00000000E+00  0.00000000E+00  0.10000000E-01  0.10000000E+01
 0.16400200E-08  0.17903493E-01  0.00000000E+00  0.28355467E+00  0.00000000E+00  0.00000000E+00  0.19448273E+09  0.00000000E+00  0.00000000E+00  0.00000000E+00  0.00000000E+00  0.00000000E+00  0.10000000E-01  0.10000000E+01
 0.16500200E-08  0.17903493E-01  0.00000000E+00  0.28549949E+00  0.00000000E+00  0.00000000E+00  0.19448273E+09  0.00000000E+00  0.00000000E+00  0.00000000E+00  0.00000000E+00  0.00000000E+00  0.10000000E-01  0.10000000E+01
 0.16600200E-08  0.17903493E-01  0.00000000E+00  0.28744432E+00  0.00000000E+00  0.00000000E+00  0.19448273E+09  0.00000000E+00  0.00000000E+00  0.00000000E+00  0.00000000E+00  0.00000000E+00  0.10000000E-01  0.10000000E+01
 0.16700200E-08  0.17903493E-01  0.00000000E+00  0.28938915E+00  0.00000000E+00  0.00000000E+00  0.19448273E+09  0.00000000E+00  0.00000000E+00  0.00000000E+00  0.00000000E+00  0.00000000E+00  0.10000000E-01  0.10000000E+01
 0.16800200E-08  0.17903493E-01  0.00000000E+00  0.29133398E+00  0.00000000E+00  0.00000000E+00  0.19448273E+09  0.00000000E+00  0.00000000E+00  0.00000000E+00  0.00000000E+00  0.00000000E+00  0.10000000E-01  0.10000000E+01
 0.16900200E-08  0.17903493E-01  0.00000000E+00  0.29327880E+00  0.00000000E+00  0.00000000E+00  0.19448273E+09  0.00000000E+00  0.00000000E+00  0.00000000E+00  0.00000000E+00  0.00000000E+00  0.10000000E-01  0.10000000E+01
 0.17000200E-08  0.17903493E-01  0.00000000E+00  0.29522363E+00  0.00000000E+00  0.00000000E+00  0.19448273E+09  0.00000000E+00  0.00000000E+00  0.00000000E+00  0.00000000E+00  0.00000000E+00  0.10000000E-01  0.10000000E+01
 0.17100200E-08  0.17903493E-01  0.00000000E+00  0.29716846E+00  0.00000000E+00  0.00000000E+00  0.19448273E+09  0.00000000E+00  0.00000000E+00  0.00000000E+00  0.00000000E+00  0.00000000E+00  0.10000000E-01  0.10000000E+01
 0.17200200E-08  0.17903493E-01  0.00000000E+00  0.29911328E+00  0.00000000E+00  0.00000000E+00  0.19448273E+09  0.00000000E+00  0.00000000E+00  0.00000000E+00  0.00000000E+00  0.00000000E+00  0.10000000E-01  0.10000000E+01
 0.17300200E-08  0.17903493E-01  0.00000000E+00  0.30105811E+00  0.00000000E+00  0.00000000E+00  0.19448273E+09  0.00000000E+00  0.00000000E+00  0.00000000E+00  0.00000000E+00  0.00000000E+00  0.10000000E-01  0.10000000E+01
 0.17400200E-08  0.17903493E-01  0.00000000E+00  0.30300294E+00  0.00000000E+00  0.00000000E+00  0.19448273E+09  0.00000000E+00  0.00000000E+00  0.00000000E+00  0.00000000E+00  0.00000000E+00  0.10000000E-01  0.10000000E+01
 0.17500200E-08  0.17903493E-01  0.00000000E+00  0.30494777E+00  0.00000000E+00  0.00000000E+00  0.19448273E+09  0.00000000E+00  0.00000000E+00  0.00000000E+00  0.00000000E+00  0.00000000E+00  0.10000000E-01  0.10000000E+01
 0.17600200E-08  0.17903493E-01  0.00000000E+00  0.30689259E+00  0.00000000E+00  0.00000000E+00  0.19448273E+09  0.00000000E+00  0.00000000E+00  0.00000000E+00  0.00000000E+00  0.00000000E+00  0.10000000E-01  0.10000000E+01
 0.17700200E-08  0.17903493E-01  0.00000000E+00  0.30883742E+00  0.00000000E+00  0.00000000E+00  0.19448273E+09  0.00000000E+00  0.00000000E+00  0.00000000E+00  0.00000000E+00  0.00000000E+00  0.10000000E-01  0.10000000E+01
 0.17800200E-08  0.17903493E-01  0.00000000E+00  0.31078225E+00  0.00000000E+00  0.00000000E+00  0.19448273E+09  0.00000000E+00  0.00000000E+00  0.00000000E+00  0.00000000E+00  0.00000000E+00  0.10000000E-01  0.10000000E+01
 0.17900200E-08  0.17903493E-01  0.00000000E+00  0.31272708E+00  0.00000000E+00  0.00000000E+00  0.19448273E+09  0.00000000E+00  0.00000000E+00  0.00000000E+00  0.00000000E+00  0.00000000E+00  0.10000000E-01  0.10000000E+01
 0.18000200E-08  0.17903493E-01  0.00000000E+00  0.31467190E+00  0.00000000E+00  0.00000000E+00  0.19448273E+09  0.00000000E+00  0.00000000E+00  0.00000000E+00  0.00000000E+00  0.00000000E+00  0.10000000E-01  0.10000000E+01
 0.18100200E-08  0.17903493E-01  0.00000000E+00  0.31661673E+00  0.00000000E+00  0.00000000E+00  0.19448273E+09  0.00000000E+00  0.00000000E+00  0.00000000E+00  0.00000000E+00  0.00000000E+00  0.10000000E-01  0.10000000E+01
 0.18200200E-08  0.17903493E-01  0.00000000E+00  0.31856156E+00  0.00000000E+00  0.00000000E+00  0.19448273E+09  0.00000000E+00  0.00000000E+00  0.00000000E+00  0.00000000E+00  0.00000000E+00  0.10000000E-01  0.10000000E+01
 0.18300200E-08  0.17903493E-01  0.00000000E+00  0.32050638E+00  0.00000000E+00  0.00000000E+00  0.19448273E+09  0.00000000E+00  0.00000000E+00  0.00000000E+00  0.00000000E+00  0.00000000E+00  0.10000000E-01  0.10000000E+01
 0.18400200E-08  0.17903493E-01  0.00000000E+00  0.32245121E+00  0.00000000E+00  0.00000000E+00  0.19448273E+09  0.00000000E+00  0.00000000E+00  0.00000000E+00  0.00000000E+00  0.00000000E+00  0.10000000E-01  0.10000000E+01
 0.18500200E-08  0.17903493E-01  0.00000000E+00  0.32439604E+00  0.00000000E+00  0.00000000E+00  0.19448273E+09  0.00000000E+00  0.00000000E+00  0.00000000E+00  0.00000000E+00  0.00000000E+00  0.10000000E-01  0.10000000E+01
 0.18600200E-08  0.17903493E-01  0.00000000E+00  0.32634087E+00  0.00000000E+00  0.00000000E+00  0.19448273E+09  0.00000000E+00  0.00000000E+00  0.00000000E+00  0.00000000E+00  0.00000000E+00  0.10000000E-01  0.10000000E+01
 0.18700200E-08  0.17903493E-01  0.00000000E+00  0.32828569E+00  0.00000000E+00  0.00000000E+00  0.19448273E+09  0.00000000E+00  0.00000000E+00  0.00000000E+00  0.00000000E+00  0.00000000E+00  0.10000000E-01  0.10000000E+01
 0.18800200E-08  0.17903493E-01  0.00000000E+00  0.33023052E+00  0.00000000E+00  0.00000000E+00  0.19448273E+09  0.00000000E+00  0.00000000E+00  0.00000000E+00  0.00000000E+00  0.00000000E+00  0.10000000E-01  0.10000000E+01
 0.18900200E-08  0.17903493E-01  0.00000000E+00  0.33217535E+00  0.00000000E+00  0.00000000E+00  0.19448273E+09  0.00000000E+00  0.00000000E+00  0.00000000E+00  0.00000000E+00  0.00000000E+00  0.10000000E-01  0.10000000E+01
 0.19000200E-08  0.17903493E-01  0.00000000E+00  0.33412018E+00  0.00000000E+00  0.00000000E+00  0.19448273E+09  0.00000000E+00  0.00000000E+00  0.00000000E+00  0.00000000E+00  0.00000000E+00  0.10000000E-01  0.10000000E+01
 0.19100200E-08  0.17903493E-01  0.00000000E+00  0.33606500E+00  0.00000000E+00  0.00000000E+00  0.19448273E+09  0.00000000E+00  0.00000000E+00  0.00000000E+00  0.00000000E+00  0.00000000E+00  0.10000000E-01  0.10000000E+01
 0.19200200E-08  0.17903493E-01  0.00000000E+00  0.33800983E+00  0.00000000E+00  0.00000000E+00  0.19448273E+09  0.00000000E+00  0.00000000E+00  0.00000000E+00  0.00000000E+00  0.00000000E+00  0.10000000E-01  0.10000000E+01
 0.19300200E-08  0.17903493E-01  0.00000000E+00  0.33995466E+00  0.00000000E+00  0.00000000E+00  0.19448273E+09  0.00000000E+00  0.00000000E+00  0.00000000E+00  0.00000000E+00  0.00000000E+00  0.10000000E-01  0.10000000E+01
 0.19400200E-08  0.17903493E-01  0.00000000E+00  0.34189948E+00  0.00000000E+00  0.00000000E+00  0.19448273E+09  0.00000000E+00  0.00000000E+00  0.00000000E+00  0.00000000E+00  0.00000000E+00  0.10000000E-01  0.10000000E+01
 0.19500200E-08  0.17903493E-01  0.00000000E+00  0.34384431E+00  0.00000000E+00  0.00000000E+00  0.19448273E+09  0.00000000E+00  0.00000000E+00  0.00000000E+00  0.00000000E+00  0.00000000E+00  0.10000000E-01  0.10000000E+01
 0.19600200E-08  0.17903493E-01  0.00000000E+00  0.34578914E+00  0.00000000E+00  0.00000000E+00  0.19448273E+09  0.00000000E+00  0.00000000E+00  0.00000000E+00  0.00000000E+00  0.00000000E+00  0.10000000E-01  0.10000000E+01
 0.19700200E-08  0.17903493E-01  0.00000000E+00  0.34773397E+00  0.00000000E+00  0.00000000E+00  0.19448273E+09  0.00000000E+00  0.00000000E+00  0.00000000E+00  0.00000000E+00  0.00000000E+00  0.10000000E-01  0.10000000E+01
 0.19800200E-08  0.17903493E-01  0.00000000E+00  0.34967879E+00  0.00000000E+00  0.00000000E+00  0.19448273E+09  0.00000000E+00  0.00000000E+00  0.00000000E+00  0.00000000E+00  0.00000000E+00  0.10000000E-01  0.10000000E+01
 0.19900200E-08  0.17903493E-01  0.00000000E+00  0.35162362E+00  0.00000000E+00  0.00000000E+00  0.19448273E+09  0.00000000E+00  0.00000000E+00  0.00000000E+00  0.00000000E+00  0.00000000E+00  0.10000000E-01  0.10000000E+01
