# ptime xp yp zp vx vy vz ex ey ez bx by bz wt
 0.20000000E-13  0.56773994E-02  0.00000000E+00 -0.10524812E-02  0.00000000E+00  0.00000000E+00  0.19228824E+09  0.00000000E+00  0.00000000E+00  0.00000000E+00  0.00000000E+00  0.00000000E+00  0.10000000E-01  0.10000000E+01
 0.10000000E-10  0.56773994E-02  0.00000000E+00  0.86655547E-03  0.00000000E+00  0.00000000E+00  0.19228824E+09  0.00000000E+00  0.00000000E+00  0.00000000E+00  0.00000000E+00  0.00000000E+00  0.10000000E-01  0.10000000E+01
 0.20000000E-10  0.56773994E-02  0.00000000E+00  0.27894379E-02  0.00000000E+00  0.00000000E+00  0.19228824E+09  0.00000000E+00  0.00000000E+00  0.00000000E+00  0.00000000E+00  0.00000000E+00  0.10000000E-01  0.10000000E+01
 0.30000000E-10  0.56773994E-02  0.00000000E+00  0.47123204E-02  0.00000000E+00  0.00000000E+00  0.19228824E+09  0.00000000E+00  0.00000000E+00  0.00000000E+00  0.00000000E+00  0.00000000E+00  0.10000000E-01  0.10000000E+01
 0.40020000E-10  0.56773994E-02  0.00000000E+00  0.66390486E-02  0.00000000E+00  0.00000000E+00  0.19228824E+09  0.00000000E+00  0.00000000E+00  0.00000000E+00  0.00000000E+00  0.00000000E+00  0.10000000E-01  0.10000000E+01
 0.50020000E-10  0.56773994E-02  0.00000000E+00  0.85619310E-02  0.00000000E+00  0.00000000E+00  0.19228824E+09  0.00000000E+00  0.00000000E+00  0.00000000E+00  0.00000000E+00  0.00000000E+00  0.10000000E-01  0.10000000E+01
 0.60020000E-10  0.56773994E-02  0.00000000E+00  0.10484813E-01  0.00000000E+00  0.00000000E+00  0.19228824E+09  0.00000000E+00  0.00000000E+00  0.00000000E+00  0.00000000E+00  0.00000000E+00  0.10000000E-01  0.10000000E+01
 0.70020000E-10  0.56773994E-02  0.00000000E+00  0.12407696E-01  0.00000000E+00  0.00000000E+00  0.19228824E+09  0.00000000E+00  0.00000000E+00  0.00000000E+00  0.00000000E+00  0.00000000E+00  0.10000000E-01  0.10000000E+01
 0.80000000E-10  0.56773994E-02  0.00000000E+00  0.14326733E-01  0.00000000E+00  0.00000000E+00  0.19228824E+09  0.00000000E+00  0.00000000E+00  0.00000000E+00  0.00000000E+00  0.00000000E+00  0.10000000E-01  0.10000000E+01
 0.90000000E-10  0.56773994E-02  0.00000000E+00  0.16249615E-01  0.00000000E+00  0.00000000E+00  0.19228824E+09  0.00000000E+00  0.00000000E+00  0.00000000E+00  0.00000000E+00  0.00000000E+00  0.10000000E-01  0.10000000E+01
 0.10000000E-09  0.56773994E-02  0.00000000E+00  0.18172497E-01  0.00000000E+00  0.00000000E+00  0.19228824E+09  0.00000000E+00  0.00000000E+00  0.00000000E+00  0.00000000E+00  0.00000000E+00  0.10000000E-01  0.10000000E+01
 0.11000000E-09  0.56773994E-02  0.00000000E+00  0.20095380E-01  0.00000000E+00  0.00000000E+00  0.19228824E+09  0.00000000E+00  0.00000000E+00  0.00000000E+00  0.00000000E+00  0.00000000E+00  0.10000000E-01  0.10000000E+01
 0.12000000E-09  0.56773994E-02  0.00000000E+00  0.22018262E-01  0.00000000E+00  0.00000000E+00  0.19228824E+09  0.00000000E+00  0.00000000E+00  0.00000000E+00  0.00000000E+00  0.00000000E+00  0.10000000E-01  0.10000000E+01
 0.13000000E-09  0.56773994E-02  0.00000000E+00  0.23941145E-01  0.00000000E+00  0.00000000E+00  0.19228824E+09  0.00000000E+00  0.00000000E+00  0.00000000E+00  0.00000000E+00  0.00000000E+00  0.10000000E-01  0.10000000E+01
 0.14002000E-09  0.56773994E-02  0.00000000E+00  0.25867873E-01  0.00000000E+00  0.00000000E+00  0.19228824E+09  0.00000000E+00  0.00000000E+00  0.00000000E+00  0.00000000E+00  0.00000000E+00  0.10000000E-01  0.10000000E+01
 0.15002000E-09  0.56773994E-02  0.00000000E+00  0.27790755E-01  0.00000000E+00  0.00000000E+00  0.19228824E+09  0.00000000E+00  0.00000000E+00  0.00000000E+00  0.00000000E+00  0.00000000E+00  0.10000000E-01  0.10000000E+01
 0.16002000E-09  0.56773994E-02  0.00000000E+00  0.29713638E-01  0.00000000E+00  0.00000000E+00  0.19228824E+09  0.00000000E+00  0.00000000E+00  0.00000000E+00  0.00000000E+00  0.00000000E+00  0.10000000E-01  0.10000000E+01
 0.17002000E-09  0.56773994E-02  0.00000000E+00  0.31636520E-01  0.00000000E+00  0.00000000E+00  0.19228824E+09  0.00000000E+00  0.00000000E+00  0.00000000E+00  0.00000000E+00  0.00000000E+00  0.10000000E-01  0.10000000E+01
 0.18002000E-09  0.56773994E-02  0.00000000E+00  0.33559403E-01  0.00000000E+00  0.00000000E+00  0.19228824E+09  0.00000000E+00  0.00000000E+00  0.00000000E+00  0.00000000E+00  0.00000000E+00  0.10000000E-01  0.10000000E+01
 0.19002000E-09  0.56773994E-02  0.00000000E+00  0.35482285E-01  0.00000000E+00  0.00000000E+00  0.19228824E+09  0.00000000E+00  0.00000000E+00  0.00000000E+00  0.00000000E+00  0.00000000E+00  0.10000000E-01  0.10000000E+01
 0.20002000E-09  0.56773994E-02  0.00000000E+00  0.37405168E-01  0.00000000E+00  0.00000000E+00  0.19228824E+09  0.00000000E+00  0.00000000E+00  0.00000000E+00  0.00000000E+00  0.00000000E+00  0.10000000E-01  0.10000000E+01
 0.21002000E-09  0.56773994E-02  0.00000000E+00  0.39328050E-01  0.00000000E+00  0.00000000E+00  0.19228824E+09  0.00000000E+00  0.00000000E+00  0.00000000E+00  0.00000000E+00  0.00000000E+00  0.10000000E-01  0.10000000E+01
 0.22002000E-09  0.56773994E-02  0.00000000E+00  0.41250932E-01  0.00000000E+00  0.00000000E+00  0.19228824E+09  0.00000000E+00  0.00000000E+00  0.00000000E+00  0.00000000E+00  0.00000000E+00  0.10000000E-01  0.10000000E+01
 0.23002000E-09  0.56773994E-02  0.00000000E+00  0.43173815E-01  0.00000000E+00  0.00000000E+00  0.19228824E+09  0.00000000E+00  0.00000000E+00  0.00000000E+00  0.00000000E+00  0.00000000E+00  0.10000000E-01  0.10000000E+01
 0.24002000E-09  0.56773994E-02  0.00000000E+00  0.45096697E-01  0.00000000E+00  0.00000000E+00  0.19228824E+09  0.00000000E+00  0.00000000E+00  0.00000000E+00  0.00000000E+00  0.00000000E+00  0.10000000E-01  0.10000000E+01
 0.25002000E-09  0.56773994E-02  0.00000000E+00  0.47019580E-01  0.00000000E+00  0.00000000E+00  0.19228824E+09  0.00000000E+00  0.00000000E+00  0.00000000E+00  0.00000000E+00  0.00000000E+00  0.10000000E-01  0.10000000E+01
 0.26002000E-09  0.56773994E-02  0.00000000E+00  0.48942462E-01  0.00000000E+00  0.00000000E+00  0.19228824E+09  0.00000000E+00  0.00000000E+00  0.00000000E+00  0.00000000E+00  0.00000000E+00  0.10000000E-01  0.10000000E+01
 0.27002000E-09  0.56773994E-02  0.00000000E+00  0.50865345E-01  0.00000000E+00  0.00000000E+00  0.19228824E+09  0.00000000E+00  0.00000000E+00  0.00000000E+00  0.00000000E+00  0.00000000E+00  0.10000000E-01  0.10000000E+01
 0.28002000E-09  0.56773994E-02  0.00000000E+00  0.52788227E-01  0.00000000E+00  0.00000000E+00  0.19228824E+09  0.00000000E+00  0.00000000E+00  0.00000000E+00  0.00000000E+00  0.00000000E+00  0.10000000E-01  0.10000000E+01
 0.29002000E-09  0.56773994E-02  0.00000000E+00  0.54711110E-01  0.00000000E+00  0.00000000E+00  0.19228824E+09  0.00000000E+00  0.00000000E+00  0.00000000E+00  0.00000000E+00  0.00000000E+00  0.10000000E-01  0.10000000E+01
 0.30000000E-09  0.56773994E-02  0.00000000E+00  0.56630146E-01  0.00000000E+00  0.00000000E+00  0.19228824E+09  0.00000000E+00  0.00000000E+00  0.00000000E+00  0.00000000E+00  0.00000000E+00  0.10000000E-01  0.10000000E+01
 0.31000000E-09  0.56773994E-02  0.00000000E+00  0.58553029E-01  0.00000000E+00  0.00000000E+00  0.19228824E+09  0.00000000E+00  0.00000000E+00  0.00000000E+00  0.00000000E+00  0.00000000E+00  0.10000000E-01  0.10000000E+01
 0.32000000E-09  0.56773994E-02  0.00000000E+00  0.60475911E-01  0.00000000E+00  0.00000000E+00  0.19228824E+09  0.00000000E+00  0.00000000E+00  0.00000000E+00  0.00000000E+00  0.00000000E+00  0.10000000E-01  0.10000000E+01
 0.33000000E-09  0.56773994E-02  0.00000000E+00  0.62398794E-01  0.00000000E+00  0.00000000E+00  0.19228824E+09  0.00000000E+00  0.00000000E+00  0.00000000E+00  0.00000000E+00  0.00000000E+00  0.10000000E-01  0.10000000E+01
 0.34000000E-09  0.56773994E-02  0.00000000E+00  0.64321676E-01  0.00000000E+00  0.00000000E+00  0.19228824E+09  0.00000000E+00  0.00000000E+00  0.00000000E+00  0.00000000E+00  0.00000000E+00  0.10000000E-01  0.10000000E+01
 0.35000000E-09  0.56773994E-02  0.00000000E+00  0.66244558E-01  0.00000000E+00  0.00000000E+00  0.19228824E+09  0.00000000E+00  0.00000000E+00  0.00000000E+00  0.00000000E+00  0.00000000E+00  0.10000000E-01  0.10000000E+01
 0.36000000E-09  0.56773994E-02  0.00000000E+00  0.68167441E-01  0.00000000E+00  0.00000000E+00  0.19228824E+09  0.00000000E+00  0.00000000E+00  0.00000000E+00  0.00000000E+00  0.00000000E+00  0.10000000E-01  0.10000000E+01
 0.37000000E-09  0.56773994E-02  0.00000000E+00  0.70090323E-01  0.00000000E+00  0.00000000E+00  0.19228824E+09  0.00000000E+00  0.00000000E+00  0.00000000E+00  0.00000000E+00  0.00000000E+00  0.10000000E-01  0.10000000E+01
 0.38000000E-09  0.56773994E-02  0.00000000E+00  0.72013206E-01  0.00000000E+00  0.00000000E+00  0.19228824E+09  0.00000000E+00  0.00000000E+00  0.00000000E+00  0.00000000E+00  0.00000000E+00  0.10000000E-01  0.10000000E+01
 0.39000000E-09  0.56773994E-02  0.00000000E+00  0.73936088E-01  0.00000000E+00  0.00000000E+00  0.19228824E+09  0.00000000E+00  0.00000000E+00  0.00000000E+00  0.00000000E+00  0.00000000E+00  0.10000000E-01  0.10000000E+01
 0.40000000E-09  0.56773994E-02  0.00000000E+00  0.75858971E-01  0.00000000E+00  0.00000000E+00  0.19228824E+09  0.00000000E+00  0.00000000E+00  0.00000000E+00  0.00000000E+00  0.00000000E+00  0.10000000E-01  0.10000000E+01
 0.41000000E-09  0.56773994E-02  0.00000000E+00  0.77781853E-01  0.00000000E+00  0.00000000E+00  0.19228824E+09  0.00000000E+00  0.00000000E+00  0.00000000E+00  0.00000000E+00  0.00000000E+00  0.10000000E-01  0.10000000E+01
 0.42000000E-09  0.56773994E-02  0.00000000E+00  0.79704736E-01  0.00000000E+00  0.00000000E+00  0.19228824E+09  0.00000000E+00  0.00000000E+00  0.00000000E+00  0.00000000E+00  0.00000000E+00  0.10000000E-01  0.10000000E+01
 0.43000000E-09  0.56773994E-02  0.00000000E+00  0.81627618E-01  0.00000000E+00  0.00000000E+00  0.19228824E+09  0.00000000E+00  0.00000000E+00  0.00000000E+00  0.00000000E+00  0.00000000E+00  0.10000000E-01  0.10000000E+01
 0.44000000E-09  0.56773994E-02  0.00000000E+00  0.83550500E-01  0.00000000E+00  0.00000000E+00  0.19228824E+09  0.00000000E+00  0.00000000E+00  0.00000000E+00  0.00000000E+00  0.00000000E+00  0.10000000E-01  0.10000000E+01
 0.45000000E-09  0.56773994E-02  0.00000000E+00  0.85473383E-01  0.00000000E+00  0.00000000E+00  0.19228824E+09  0.00000000E+00  0.00000000E+00  0.00000000E+00  0.00000000E+00  0.00000000E+00  0.10000000E-01  0.10000000E+01
 0.46000000E-09  0.56773994E-02  0.00000000E+00  0.87396265E-01  0.00000000E+00  0.00000000E+00  0.19228824E+09  0.00000000E+00  0.00000000E+00  0.00000000E+00  0.00000000E+00  0.00000000E+00  0.10000000E-01  0.10000000E+01
 0.47000000E-09  0.56773994E-02  0.00000000E+00  0.89319148E-01  0.00000000E+00  0.00000000E+00  0.19228824E+09  0.00000000E+00  0.00000000E+00  0.00000000E+00  0.00000000E+00  0.00000000E+00  0.10000000E-01  0.10000000E+01
 0.48000000E-09  0.56773994E-02  0.00000000E+00  0.91242030E-01  0.00000000E+00  0.00000000E+00  0.19228824E+09  0.00000000E+00  0.00000000E+00  0.00000000E+00  0.00000000E+00  0.00000000E+00  0.10000000E-01  0.10000000E+01
 0.49000000E-09  0.56773994E-02  0.00000000E+00  0.93164913E-01  0.00000000E+00  0.00000000E+00  0.19228824E+09  0.00000000E+00  0.00000000E+00  0.00000000E+00  0.00000000E+00  0.00000000E+00  0.10000000E-01  0.10000000E+01
 0.50000000E-09  0.56773994E-02  0.00000000E+00  0.95087795E-01  0.00000000E+00  0.00000000E+00  0.19228824E+09  0.00000000E+00  0.00000000E+00  0.00000000E+00  0.00000000E+00  0.00000000E+00  0.10000000E-01  0.10000000E+01
 0.51000000E-09  0.56773994E-02  0.00000000E+00  0.97010677E-01  0.00000000E+00  0.00000000E+00  0.19228824E+09  0.00000000E+00  0.00000000E+00  0.00000000E+00  0.00000000E+00  0.00000000E+00  0.10000000E-01  0.10000000E+01
 0.52000000E-09  0.56773994E-02  0.00000000E+00  0.98933560E-01  0.00000000E+00  0.00000000E+00  0.19228824E+09  0.00000000E+00  0.00000000E+00  0.00000000E+00  0.00000000E+00  0.00000000E+00  0.10000000E-01  0.10000000E+01
 0.53000000E-09  0.56773994E-02  0.00000000E+00  0.10085644E+00  0.00000000E+00  0.00000000E+00  0.19228824E+09  0.00000000E+00  0.00000000E+00  0.00000000E+00  0.00000000E+00  0.00000000E+00  0.10000000E-01  0.10000000E+01
 0.54000000E-09  0.56773994E-02  0.00000000E+00  0.10277932E+00  0.00000000E+00  0.00000000E+00  0.19228824E+09  0.00000000E+00  0.00000000E+00  0.00000000E+00  0.00000000E+00  0.00000000E+00  0.10000000E-01  0.10000000E+01
 0.55002000E-09  0.56773994E-02  0.00000000E+00  0.10470605E+00  0.00000000E+00  0.00000000E+00  0.19228824E+09  0.00000000E+00  0.00000000E+00  0.00000000E+00  0.00000000E+00  0.00000000E+00  0.10000000E-01  0.10000000E+01
 0.56002000E-09  0.56773994E-02  0.00000000E+00  0.10662894E+00  0.00000000E+00  0.00000000E+00  0.19228824E+09  0.00000000E+00  0.00000000E+00  0.00000000E+00  0.00000000E+00  0.00000000E+00  0.10000000E-01  0.10000000E+01
 0.57002000E-09  0.56773994E-02  0.00000000E+00  0.10855182E+00  0.00000000E+00  0.00000000E+00  0.19228824E+09  0.00000000E+00  0.00000000E+00  0.00000000E+00  0.00000000E+00  0.00000000E+00  0.10000000E-01  0.10000000E+01
 0.58002000E-09  0.56773994E-02  0.00000000E+00  0.11047470E+00  0.00000000E+00  0.00000000E+00  0.19228824E+09  0.00000000E+00  0.00000000E+00  0.00000000E+00  0.00000000E+00  0.00000000E+00  0.10000000E-01  0.10000000E+01
 0.59002000E-09  0.56773994E-02  0.00000000E+00  0.11239758E+00  0.00000000E+00  0.00000000E+00  0.19228824E+09  0.00000000E+00  0.00000000E+00  0.00000000E+00  0.00000000E+00  0.00000000E+00  0.10000000E-01  0.10000000E+01
 0.60002000E-09  0.56773994E-02  0.00000000E+00  0.11432047E+00  0.00000000E+00  0.00000000E+00  0.19228824E+09  0.00000000E+00  0.00000000E+00  0.00000000E+00  0.00000000E+00  0.00000000E+00  0.10000000E-01  0.10000000E+01
 0.61002000E-09  0.56773994E-02  0.00000000E+00  0.11624335E+00  0.00000000E+00  0.00000000E+00  0.19228824E+09  0.00000000E+00  0.00000000E+00  0.00000000E+00  0.00000000E+00  0.00000000E+00  0.10000000E-01  0.10000000E+01
 0.62002000E-09  0.56773994E-02  0.00000000E+00  0.11816623E+00  0.00000000E+00  0.00000000E+00  0.19228824E+09  0.00000000E+00  0.00000000E+00  0.00000000E+00  0.00000000E+00  0.00000000E+00  0.10000000E-01  0.10000000E+01
 0.63002000E-09  0.56773994E-02  0.00000000E+00  0.12008911E+00  0.00000000E+00  0.00000000E+00  0.19228824E+09  0.00000000E+00  0.00000000E+00  0.00000000E+00  0.00000000E+00  0.00000000E+00  0.10000000E-01  0.10000000E+01
 0.64002000E-09  0.56773994E-02  0.00000000E+00  0.12201199E+00  0.00000000E+00  0.00000000E+00  0.19228824E+09  0.00000000E+00  0.00000000E+00  0.00000000E+00  0.00000000E+00  0.00000000E+00  0.10000000E-01  0.10000000E+01
 0.65002000E-09  0.56773994E-02  0.00000000E+00  0.12393488E+00  0.00000000E+00  0.00000000E+00  0.19228824E+09  0.00000000E+00  0.00000000E+00  0.00000000E+00  0.00000000E+00  0.00000000E+00  0.10000000E-01  0.10000000E+01
 0.66002000E-09  0.56773994E-02  0.00000000E+00  0.12585776E+00  0.00000000E+00  0.00000000E+00  0.19228824E+09  0.00000000E+00  0.00000000E+00  0.00000000E+00  0.00000000E+00  0.00000000E+00  0.10000000E-01  0.10000000E+01
 0.67002000E-09  0.56773994E-02  0.00000000E+00  0.12778064E+00  0.00000000E+00  0.00000000E+00  0.19228824E+09  0.00000000E+00  0.00000000E+00  0.00000000E+00  0.00000000E+00  0.00000000E+00  0.10000000E-01  0.10000000E+01
 0.68002000E-09  0.56773994E-02  0.00000000E+00  0.12970352E+00  0.00000000E+00  0.00000000E+00  0.19228824E+09  0.00000000E+00  0.00000000E+00  0.00000000E+00  0.00000000E+00  0.00000000E+00  0.10000000E-01  0.10000000E+01
 0.69002000E-09  0.56773994E-02  0.00000000E+00  0.13162641E+00  0.00000000E+00  0.00000000E+00  0.19228824E+09  0.00000000E+00  0.00000000E+00  0.00000000E+00  0.00000000E+00  0.00000000E+00  0.10000000E-01  0.10000000E+01
 0.70002000E-09  0.56773994E-02  0.00000000E+00  0.13354929E+00  0.00000000E+00  0.00000000E+00  0.19228824E+09  0.00000000E+00  0.00000000E+00  0.00000000E+00  0.00000000E+00  0.00000000E+00  0.10000000E-01  0.10000000E+01
 0.71002000E-09  0.56773994E-02  0.00000000E+00  0.13547217E+00  0.00000000E+00  0.00000000E+00  0.19228824E+09  0.00000000E+00  0.00000000E+00  0.00000000E+00  0.00000000E+00  0.00000000E+00  0.10000000E-01  0.10000000E+01
 0.72002000E-09  0.56773994E-02  0.00000000E+00  0.13739505E+00  0.00000000E+00  0.00000000E+00  0.19228824E+09  0.00000000E+00  0.00000000E+00  0.00000000E+00  0.00000000E+00  0.00000000E+00  0.10000000E-01  0.10000000E+01
 0.73002000E-09  0.56773994E-02  0.00000000E+00  0.13931794E+00  0.00000000E+00  0.00000000E+00  0.19228824E+09  0.00000000E+00  0.00000000E+00  0.00000000E+00  0.00000000E+00  0.00000000E+00  0.10000000E-01  0.10000000E+01
 0.74002000E-09  0.56773994E-02  0.00000000E+00  0.14124082E+00  0.00000000E+00  0.00000000E+00  0.19228824E+09  0.00000000E+00  0.00000000E+00  0.00000000E+00  0.00000000E+00  0.00000000E+00  0.10000000E-01  0.10000000E+01
 0.75002000E-09  0.56773994E-02  0.00000000E+00  0.14316370E+00  0.00000000E+00  0.00000000E+00  0.19228824E+09  0.00000000E+00  0.00000000E+00  0.00000000E+00  0.00000000E+00  0.00000000E+00  0.10000000E-01  0.10000000E+01
 0.76002000E-09  0.56773994E-02  0.00000000E+00  0.14508658E+00  0.00000000E+00  0.00000000E+00  0.19228824E+09  0.00000000E+00  0.00000000E+00  0.00000000E+00  0.00000000E+00  0.00000000E+00  0.10000000E-01  0.10000000E+01
 0.77002000E-09  0.56773994E-02  0.00000000E+00  0.14700947E+00  0.00000000E+00  0.00000000E+00  0.19228824E+09  0.00000000E+00  0.00000000E+00  0.00000000E+00  0.00000000E+00  0.00000000E+00  0.10000000E-01  0.10000000E+01
 0.78002000E-09  0.56773994E-02  0.00000000E+00  0.14893235E+00  0.00000000E+00  0.00000000E+00  0.19228824E+09  0.00000000E+00  0.00000000E+00  0.00000000E+00  0.00000000E+00  0.00000000E+00  0.10000000E-01  0.10000000E+01
 0.79002000E-09  0.56773994E-02  0.00000000E+00  0.15085523E+00  0.00000000E+00  0.00000000E+00  0.19228824E+09  0.00000000E+00  0.00000000E+00  0.00000000E+00  0.00000000E+00  0.00000000E+00  0.10000000E-01  0.10000000E+01
 0.80002000E-09  0.56773994E-02  0.00000000E+00  0.15277811E+00  0.00000000E+00  0.00000000E+00  0.19228824E+09  0.00000000E+00  0.00000000E+00  0.00000000E+00  0.00000000E+00  0.00000000E+00  0.10000000E-01  0.10000000E+01
 0.81002000E-09  0.56773994E-02  0.00000000E+00  0.15470100E+00  0.00000000E+00  0.00000000E+00  0.19228824E+09  0.00000000E+00  0.00000000E+00  0.00000000E+00  0.00000000E+00  0.00000000E+00  0.10000000E-01  0.10000000E+01
 0.82002000E-09  0.56773994E-02  0.00000000E+00  0.15662388E+00  0.00000000E+00  0.00000000E+00  0.19228824E+09  0.00000000E+00  0.00000000E+00  0.00000000E+00  0.00000000E+00  0.00000000E+00  0.10000000E-01  0.10000000E+01
 0.83002000E-09  0.56773994E-02  0.00000000E+00  0.15854676E+00  0.00000000E+00  0.00000000E+00  0.19228824E+09  0.00000000E+00  0.00000000E+00  0.00000000E+00  0.00000000E+00  0.00000000E+00  0.10000000E-01  0.10000000E+01
 0.84002000E-09  0.56773994E-02  0.00000000E+00  0.16046964E+00  0.00000000E+00  0.00000000E+00  0.19228824E+09  0.00000000E+00  0.00000000E+00  0.00000000E+00  0.00000000E+00  0.00000000E+00  0.10000000E-01  0.10000000E+01
 0.85002000E-09  0.56773994E-02  0.00000000E+00  0.16239253E+00  0.00000000E+00  0.00000000E+00  0.19228824E+09  0.00000000E+00  0.00000000E+00  0.00000000E+00  0.00000000E+00  0.00000000E+00  0.10000000E-01  0.10000000E+01
 0.86002000E-09  0.56773994E-02  0.00000000E+00  0.16431541E+00  0.00000000E+00  0.00000000E+00  0.19228824E+09  0.00000000E+00  0.00000000E+00  0.00000000E+00  0.00000000E+00  0.00000000E+00  0.10000000E-01  0.10000000E+01
 0.87002000E-09  0.56773994E-02  0.00000000E+00  0.16623829E+00  0.00000000E+00  0.00000000E+00  0.19228824E+09  0.00000000E+00  0.00000000E+00  0.00000000E+00  0.00000000E+00  0.00000000E+00  0.10000000E-01  0.10000000E+01
 0.88002000E-09  0.56773994E-02  0.00000000E+00  0.16816117E+00  0.00000000E+00  0.00000000E+00  0.19228824E+09  0.00000000E+00  0.00000000E+00  0.00000000E+00  0.00000000E+00  0.00000000E+00  0.10000000E-01  0.10000000E+01
 0.89002000E-09  0.56773994E-02  0.00000000E+00  0.17008406E+00  0.00000000E+00  0.00000000E+00  0.19228824E+09  0.00000000E+00  0.00000000E+00  0.00000000E+00  0.00000000E+00  0.00000000E+00  0.10000000E-01  0.10000000E+01
 0.90002000E-09  0.56773994E-02  0.00000000E+00  0.17200694E+00  0.00000000E+00  0.00000000E+00  0.19228824E+09  0.00000000E+00  0.00000000E+00  0.00000000E+00  0.00000000E+00  0.00000000E+00  0.10000000E-01  0.10000000E+01
 0.91002000E-09  0.56773994E-02  0.00000000E+00  0.17392982E+00  0.00000000E+00  0.00000000E+00  0.19228824E+09  0.00000000E+00  0.00000000E+00  0.00000000E+00  0.00000000E+00  0.00000000E+00  0.10000000E-01  0.10000000E+01
 0.92002000E-09  0.56773994E-02  0.00000000E+00  0.17585270E+00  0.00000000E+00  0.00000000E+00  0.19228824E+09  0.00000000E+00  0.00000000E+00  0.00000000E+00  0.00000000E+00  0.00000000E+00  0.10000000E-01  0.10000000E+01
 0.93002000E-09  0.56773994E-02  0.00000000E+00  0.17777559E+00  0.00000000E+00  0.00000000E+00  0.19228824E+09  0.00000000E+00  0.00000000E+00  0.00000000E+00  0.00000000E+00  0.00000000E+00  0.10000000E-01  0.10000000E+01
 0.94002000E-09  0.56773994E-02  0.00000000E+00  0.17969847E+00  0.00000000E+00  0.00000000E+00  0.19228824E+09  0.00000000E+00  0.00000000E+00  0.00000000E+00  0.00000000E+00  0.00000000E+00  0.10000000E-01  0.10000000E+01
 0.95002000E-09  0.56773994E-02  0.00000000E+00  0.18162135E+00  0.00000000E+00  0.00000000E+00  0.19228824E+09  0.00000000E+00  0.00000000E+00  0.00000000E+00  0.00000000E+00  0.00000000E+00  0.10000000E-01  0.10000000E+01
 0.96002000E-09  0.56773994E-02  0.00000000E+00  0.18354423E+00  0.00000000E+00  0.00000000E+00  0.19228824E+09  0.00000000E+00  0.00000000E+00  0.00000000E+00  0.00000000E+00  0.00000000E+00  0.10000000E-01  0.10000000E+01
 0.97002000E-09  0.56773994E-02  0.00000000E+00  0.18546712E+00  0.00000000E+00  0.00000000E+00  0.19228824E+09  0.00000000E+00  0.00000000E+00  0.00000000E+00  0.00000000E+00  0.00000000E+00  0.10000000E-01  0.10000000E+01
 0.98002000E-09  0.56773994E-02  0.00000000E+00  0.18739000E+00  0.00000000E+00  0.00000000E+00  0.19228824E+09  0.00000000E+00  0.00000000E+00  0.00000000E+00  0.00000000E+00  0.00000000E+00  0.10000000E-01  0.10000000E+01
 0.99002000E-09  0.56773994E-02  0.00000000E+00  0.18931288E+00  0.00000000E+00  0.00000000E+00  0.19228824E+09  0.00000000E+00  0.00000000E+00  0.00000000E+00  0.00000000E+00  0.00000000E+00  0.10000000E-01  0.10000000E+01
 0.10000200E-08  0.56773994E-02  0.00000000E+00  0.19123576E+00  0.00000000E+00  0.00000000E+00  0.19228824E+09  0.00000000E+00  0.00000000E+00  0.00000000E+00  0.00000000E+00  0.00000000E+00  0.10000000E-01  0.10000000E+01
 0.10100200E-08  0.56773994E-02  0.00000000E+00  0.19315865E+00  0.00000000E+00  0.00000000E+00  0.19228824E+09  0.00000000E+00  0.00000000E+00  0.00000000E+00  0.00000000E+00  0.00000000E+00  0.10000000E-01  0.10000000E+01
 0.10200200E-08  0.56773994E-02  0.00000000E+00  0.19508153E+00  0.00000000E+00  0.00000000E+00  0.19228824E+09  0.00000000E+00  0.00000000E+00  0.00000000E+00  0.00000000E+00  0.00000000E+00  0.10000000E-01  0.10000000E+01
 0.10300200E-08  0.56773994E-02  0.00000000E+00  0.19700441E+00  0.00000000E+00  0.00000000E+00  0.19228824E+09  0.00000000E+00  0.00000000E+00  0.00000000E+00  0.00000000E+00  0.00000000E+00  0.10000000E-01  0.10000000E+01
 0.10400200E-08  0.56773994E-02  0.00000000E+00  0.19892729E+00  0.00000000E+00  0.00000000E+00  0.19228824E+09  0.00000000E+00  0.00000000E+00  0.00000000E+00  0.00000000E+00  0.00000000E+00  0.10000000E-01  0.10000000E+01
 0.10500200E-08  0.56773994E-02  0.00000000E+00  0.20085017E+00  0.00000000E+00  0.00000000E+00  0.19228824E+09  0.00000000E+00  0.00000000E+00  0.00000000E+00  0.00000000E+00  0.00000000E+00  0.10000000E-01  0.10000000E+01
 0.10600200E-08  0.56773994E-02  0.00000000E+00  0.20277306E+00  0.00000000E+00  0.00000000E+00  0.19228824E+09  0.00000000E+00  0.00000000E+00  0.00000000E+00  0.00000000E+00  0.00000000E+00  0.10000000E-01  0.10000000E+01
 0.10700200E-08  0.56773994E-02  0.00000000E+00  0.20469594E+00  0.00000000E+00  0.00000000E+00  0.19228824E+09  0.00000000E+00  0.00000000E+00  0.00000000E+00  0.00000000E+00  0.00000000E+00  0.10000000E-01  0.10000000E+01
 0.10800200E-08  0.56773994E-02  0.00000000E+00  0.20661882E+00  0.00000000E+00  0.00000000E+00  0.19228824E+09  0.00000000E+00  0.00000000E+00  0.00000000E+00  0.00000000E+00  0.00000000E+00  0.10000000E-01  0.10000000E+01
 0.10900200E-08  0.56773994E-02  0.00000000E+00  0.20854170E+00  0.00000000E+00  0.00000000E+00  0.19228824E+09  0.00000000E+00  0.00000000E+00  0.00000000E+00  0.00000000E+00  0.00000000E+00  0.10000000E-01  0.10000000E+01
 0.11000200E-08  0.56773994E-02  0.00000000E+00  0.21046459E+00  0.00000000E+00  0.00000000E+00  0.19228824E+09  0.00000000E+00  0.00000000E+00  0.00000000E+00  0.00000000E+00  0.00000000E+00  0.10000000E-01  0.10000000E+01
 0.11100200E-08  0.56773994E-02  0.00000000E+00  0.21238747E+00  0.00000000E+00  0.00000000E+00  0.19228824E+09  0.00000000E+00  0.00000000E+00  0.00000000E+00  0.00000000E+00  0.00000000E+00  0.10000000E-01  0.10000000E+01
 0.11200200E-08  0.56773994E-02  0.00000000E+00  0.21431035E+00  0.00000000E+00  0.00000000E+00  0.19228824E+09  0.00000000E+00  0.00000000E+00  0.00000000E+00  0.00000000E+00  0.00000000E+00  0.10000000E-01  0.10000000E+01
 0.11300200E-08  0.56773994E-02  0.00000000E+00  0.21623323E+00  0.00000000E+00  0.00000000E+00  0.19228824E+09  0.00000000E+00  0.00000000E+00  0.00000000E+00  0.00000000E+00  0.00000000E+00  0.10000000E-01  0.10000000E+01
 0.11400200E-08  0.56773994E-02  0.00000000E+00  0.21815612E+00  0.00000000E+00  0.00000000E+00  0.19228824E+09  0.00000000E+00  0.00000000E+00  0.00000000E+00  0.00000000E+00  0.00000000E+00  0.10000000E-01  0.10000000E+01
 0.11500200E-08  0.56773994E-02  0.00000000E+00  0.22007900E+00  0.00000000E+00  0.00000000E+00  0.19228824E+09  0.00000000E+00  0.00000000E+00  0.00000000E+00  0.00000000E+00  0.00000000E+00  0.10000000E-01  0.10000000E+01
 0.11600200E-08  0.56773994E-02  0.00000000E+00  0.22200188E+00  0.00000000E+00  0.00000000E+00  0.19228824E+09  0.00000000E+00  0.00000000E+00  0.00000000E+00  0.00000000E+00  0.00000000E+00  0.10000000E-01  0.10000000E+01
 0.11700200E-08  0.56773994E-02  0.00000000E+00  0.22392476E+00  0.00000000E+00  0.00000000E+00  0.19228824E+09  0.00000000E+00  0.00000000E+00  0.00000000E+00  0.00000000E+00  0.00000000E+00  0.10000000E-01  0.10000000E+01
 0.11800200E-08  0.56773994E-02  0.00000000E+00  0.22584765E+00  0.00000000E+00  0.00000000E+00  0.19228824E+09  0.00000000E+00  0.00000000E+00  0.00000000E+00  0.00000000E+00  0.00000000E+00  0.10000000E-01  0.10000000E+01
 0.11900200E-08  0.56773994E-02  0.00000000E+00  0.22777053E+00  0.00000000E+00  0.00000000E+00  0.19228824E+09  0.00000000E+00  0.00000000E+00  0.00000000E+00  0.00000000E+00  0.00000000E+00  0.10000000E-01  0.10000000E+01
 0.12000200E-08  0.56773994E-02  0.00000000E+00  0.22969341E+00  0.00000000E+00  0.00000000E+00  0.19228824E+09  0.00000000E+00  0.00000000E+00  0.00000000E+00  0.00000000E+00  0.00000000E+00  0.10000000E-01  0.10000000E+01
 0.12100200E-08  0.56773994E-02  0.00000000E+00  0.23161629E+00  0.00000000E+00  0.00000000E+00  0.19228824E+09  0.00000000E+00  0.00000000E+00  0.00000000E+00  0.00000000E+00  0.00000000E+00  0.10000000E-01  0.10000000E+01
 0.12200200E-08  0.56773994E-02  0.00000000E+00  0.23353918E+00  0.00000000E+00  0.00000000E+00  0.19228824E+09  0.00000000E+00  0.00000000E+00  0.00000000E+00  0.00000000E+00  0.00000000E+00  0.10000000E-01  0.10000000E+01
 0.12300200E-08  0.56773994E-02  0.00000000E+00  0.23546206E+00  0.00000000E+00  0.00000000E+00  0.19228824E+09  0.00000000E+00  0.00000000E+00  0.00000000E+00  0.00000000E+00  0.00000000E+00  0.10000000E-01  0.10000000E+01
 0.12400200E-08  0.56773994E-02  0.00000000E+00  0.23738494E+00  0.00000000E+00  0.00000000E+00  0.19228824E+09  0.00000000E+00  0.00000000E+00  0.00000000E+00  0.00000000E+00  0.00000000E+00  0.10000000E-01  0.10000000E+01
 0.12500200E-08  0.56773994E-02  0.00000000E+00  0.23930782E+00  0.00000000E+00  0.00000000E+00  0.19228824E+09  0.00000000E+00  0.00000000E+00  0.00000000E+00  0.00000000E+00  0.00000000E+00  0.10000000E-01  0.10000000E+01
 0.12600200E-08  0.56773994E-02  0.00000000E+00  0.24123071E+00  0.00000000E+00  0.00000000E+00  0.19228824E+09  0.00000000E+00  0.00000000E+00  0.00000000E+00  0.00000000E+00  0.00000000E+00  0.10000000E-01  0.10000000E+01
 0.12700200E-08  0.56773994E-02  0.00000000E+00  0.24315359E+00  0.00000000E+00  0.00000000E+00  0.19228824E+09  0.00000000E+00  0.00000000E+00  0.00000000E+00  0.00000000E+00  0.00000000E+00  0.10000000E-01  0.10000000E+01
 0.12800200E-08  0.56773994E-02  0.00000000E+00  0.24507647E+00  0.00000000E+00  0.00000000E+00  0.19228824E+09  0.00000000E+00  0.00000000E+00  0.00000000E+00  0.00000000E+00  0.00000000E+00  0.10000000E-01  0.10000000E+01
 0.12900200E-08  0.56773994E-02  0.00000000E+00  0.24699935E+00  0.00000000E+00  0.00000000E+00  0.19228824E+09  0.00000000E+00  0.00000000E+00  0.00000000E+00  0.00000000E+00  0.00000000E+00  0.10000000E-01  0.10000000E+01
 0.13000200E-08  0.56773994E-02  0.00000000E+00  0.24892224E+00  0.00000000E+00  0.00000000E+00  0.19228824E+09  0.00000000E+00  0.00000000E+00  0.00000000E+00  0.00000000E+00  0.00000000E+00  0.10000000E-01  0.10000000E+01
 0.13100200E-08  0.56773994E-02  0.00000000E+00  0.25084512E+00  0.00000000E+00  0.00000000E+00  0.19228824E+09  0.00000000E+00  0.00000000E+00  0.00000000E+00  0.00000000E+00  0.00000000E+00  0.10000000E-01  0.10000000E+01
 0.13200200E-08  0.56773994E-02  0.00000000E+00  0.25276800E+00  0.00000000E+00  0.00000000E+00  0.19228824E+09  0.00000000E+00  0.00000000E+00  0.00000000E+00  0.00000000E+00  0.00000000E+00  0.10000000E-01  0.10000000E+01
 0.13300200E-08  0.56773994E-02  0.00000000E+00  0.25469088E+00  0.00000000E+00  0.00000000E+00  0.19228824E+09  0.00000000E+00  0.00000000E+00  0.00000000E+00  0.00000000E+00  0.00000000E+00  0.10000000E-01  0.10000000E+01
 0.13400200E-08  0.56773994E-02  0.00000000E+00  0.25661377E+00  0.00000000E+00  0.00000000E+00  0.19228824E+09  0.00000000E+00  0.00000000E+00  0.00000000E+00  0.00000000E+00  0.00000000E+00  0.10000000E-01  0.10000000E+01
 0.13500200E-08  0.56773994E-02  0.00000000E+00  0.25853665E+00  0.00000000E+00  0.00000000E+00  0.19228824E+09  0.00000000E+00  0.00000000E+00  0.00000000E+00  0.00000000E+00  0.00000000E+00  0.10000000E-01  0.10000000E+01
 0.13600200E-08  0.56773994E-02  0.00000000E+00  0.26045953E+00  0.00000000E+00  0.00000000E+00  0.19228824E+09  0.00000000E+00  0.00000000E+00  0.00000000E+00  0.00000000E+00  0.00000000E+00  0.10000000E-01  0.10000000E+01
 0.13700200E-08  0.56773994E-02  0.00000000E+00  0.26238241E+00  0.00000000E+00  0.00000000E+00  0.19228824E+09  0.00000000E+00  0.00000000E+00  0.00000000E+00  0.00000000E+00  0.00000000E+00  0.10000000E-01  0.10000000E+01
 0.13800200E-08  0.56773994E-02  0.00000000E+00  0.26430530E+00  0.00000000E+00  0.00000000E+00  0.19228824E+09  0.00000000E+00  0.00000000E+00  0.00000000E+00  0.00000000E+00  0.00000000E+00  0.10000000E-01  0.10000000E+01
 0.13900200E-08  0.56773994E-02  0.00000000E+00  0.26622818E+00  0.00000000E+00  0.00000000E+00  0.19228824E+09  0.00000000E+00  0.00000000E+00  0.00000000E+00  0.00000000E+00  0.00000000E+00  0.10000000E-01  0.10000000E+01
 0.14000200E-08  0.56773994E-02  0.00000000E+00  0.26815106E+00  0.00000000E+00  0.00000000E+00  0.19228824E+09  0.00000000E+00  0.00000000E+00  0.00000000E+00  0.00000000E+00  0.00000000E+00  0.10000000E-01  0.10000000E+01
 0.14100200E-08  0.56773994E-02  0.00000000E+00  0.27007394E+00  0.00000000E+00  0.00000000E+00  0.19228824E+09  0.00000000E+00  0.00000000E+00  0.00000000E+00  0.00000000E+00  0.00000000E+00  0.10000000E-01  0.10000000E+01
 0.14200200E-08  0.56773994E-02  0.00000000E+00  0.27199683E+00  0.00000000E+00  0.00000000E+00  0.19228824E+09  0.00000000E+00  0.00000000E+00  0.00000000E+00  0.00000000E+00  0.00000000E+00  0.10000000E-01  0.10000000E+01
 0.14300200E-08  0.56773994E-02  0.00000000E+00  0.27391971E+00  0.00000000E+00  0.00000000E+00  0.19228824E+09  0.00000000E+00  0.00000000E+00  0.00000000E+00  0.00000000E+00  0.00000000E+00  0.10000000E-01  0.10000000E+01
 0.14400200E-08  0.56773994E-02  0.00000000E+00  0.27584259E+00  0.00000000E+00  0.00000000E+00  0.19228824E+09  0.00000000E+00  0.00000000E+00  0.00000000E+00  0.00000000E+00  0.00000000E+00  0.10000000E-01  0.10000000E+01
 0.14500200E-08  0.56773994E-02  0.00000000E+00  0.27776547E+00  0.00000000E+00  0.00000000E+00  0.19228824E+09  0.00000000E+00  0.00000000E+00  0.00000000E+00  0.00000000E+00  0.00000000E+00  0.10000000E-01  0.10000000E+01
 0.14600200E-08  0.56773994E-02  0.00000000E+00  0.27968836E+00  0.00000000E+00  0.00000000E+00  0.19228824E+09  0.00000000E+00  0.00000000E+00  0.00000000E+00  0.00000000E+00  0.00000000E+00  0.10000000E-01  0.10000000E+01
 0.14700200E-08  0.56773994E-02  0.00000000E+00  0.28161124E+00  0.00000000E+00  0.00000000E+00  0.19228824E+09  0.00000000E+00  0.00000000E+00  0.00000000E+00  0.00000000E+00  0.00000000E+00  0.10000000E-01  0.10000000E+01
 0.14800200E-08  0.56773994E-02  0.00000000E+00  0.28353412E+00  0.00000000E+00  0.00000000E+00  0.19228824E+09  0.00000000E+00  0.00000000E+00  0.00000000E+00  0.00000000E+00  0.00000000E+00  0.10000000E-01  0.10000000E+01
 0.14900200E-08  0.56773994E-02  0.00000000E+00  0.28545700E+00  0.00000000E+00  0.00000000E+00  0.19228824E+09  0.00000000E+00  0.00000000E+00  0.00000000E+00  0.00000000E+00  0.00000000E+00  0.10000000E-01  0.10000000E+01
 0.15000200E-08  0.56773994E-02  0.00000000E+00  0.28737988E+00  0.00000000E+00  0.00000000E+00  0.19228824E+09  0.00000000E+00  0.00000000E+00  0.00000000E+00  0.00000000E+00  0.00000000E+00  0.10000000E-01  0.10000000E+01
 0.15100200E-08  0.56773994E-02  0.00000000E+00  0.28930277E+00  0.00000000E+00  0.00000000E+00  0.19228824E+09  0.00000000E+00  0.00000000E+00  0.00000000E+00  0.00000000E+00  0.00000000E+00  0.10000000E-01  0.10000000E+01
 0.15200200E-08  0.56773994E-02  0.00000000E+00  0.29122565E+00  0.00000000E+00  0.00000000E+00  0.19228824E+09  0.00000000E+00  0.00000000E+00  0.00000000E+00  0.00000000E+00  0.00000000E+00  0.10000000E-01  0.10000000E+01
 0.15300200E-08  0.56773994E-02  0.00000000E+00  0.29314853E+00  0.00000000E+00  0.00000000E+00  0.19228824E+09  0.00000000E+00  0.00000000E+00  0.00000000E+00  0.00000000E+00  0.00000000E+00  0.10000000E-01  0.10000000E+01
 0.15400200E-08  0.56773994E-02  0.00000000E+00  0.29507141E+00  0.00000000E+00  0.00000000E+00  0.19228824E+09  0.00000000E+00  0.00000000E+00  0.00000000E+00  0.00000000E+00  0.00000000E+00  0.10000000E-01  0.10000000E+01
 0.15500200E-08  0.56773994E-02  0.00000000E+00  0.29699430E+00  0.00000000E+00  0.00000000E+00  0.19228824E+09  0.00000000E+00  0.00000000E+00  0.00000000E+00  0.00000000E+00  0.00000000E+00  0.10000000E-01  0.10000000E+01
 0.15600200E-08  0.56773994E-02  0.00000000E+00  0.29891718E+00  0.00000000E+00  0.00000000E+00  0.19228824E+09  0.00000000E+00  0.00000000E+00  0.00000000E+00  0.00000000E+00  0.00000000E+00  0.10000000E-01  0.10000000E+01
 0.15700200E-08  0.56773994E-02  0.00000000E+00  0.30084006E+00  0.00000000E+00  0.00000000E+00  0.19228824E+09  0.00000000E+00  0.00000000E+00  0.00000000E+00  0.00000000E+00  0.00000000E+00  0.10000000E-01  0.10000000E+01
 0.15800200E-08  0.56773994E-02  0.00000000E+00  0.30276294E+00  0.00000000E+00  0.00000000E+00  0.19228824E+09  0.00000000E+00  0.00000000E+00  0.00000000E+00  0.00000000E+00  0.00000000E+00  0.10000000E-01  0.10000000E+01
 0.15900200E-08  0.56773994E-02  0.00000000E+00  0.30468583E+00  0.00000000E+00  0.00000000E+00  0.19228824E+09  0.00000000E+00  0.00000000E+00  0.00000000E+00  0.00000000E+00  0.00000000E+00  0.10000000E-01  0.10000000E+01
 0.16000200E-08  0.56773994E-02  0.00000000E+00  0.30660871E+00  0.00000000E+00  0.00000000E+00  0.19228824E+09  0.00000000E+00  0.00000000E+00  0.00000000E+00  0.00000000E+00  0.00000000E+00  0.10000000E-01  0.10000000E+01
 0.16100200E-08  0.56773994E-02  0.00000000E+00  0.30853159E+00  0.00000000E+00  0.00000000E+00  0.19228824E+09  0.00000000E+00  0.00000000E+00  0.00000000E+00  0.00000000E+00  0.00000000E+00  0.10000000E-01  0.10000000E+01
 0.16200200E-08  0.56773994E-02  0.00000000E+00  0.31045447E+00  0.00000000E+00  0.00000000E+00  0.19228824E+09  0.00000000E+00  0.00000000E+00  0.00000000E+00  0.00000000E+00  0.00000000E+00  0.10000000E-01  0.10000000E+01
 0.16300200E-08  0.56773994E-02  0.00000000E+00  0.31237736E+00  0.00000000E+00  0.00000000E+00  0.19228824E+09  0.00000000E+00  0.00000000E+00  0.00000000E+00  0.00000000E+00  0.00000000E+00  0.10000000E-01  0.10000000E+01
 0.16400200E-08  0.56773994E-02  0.00000000E+00  0.31430024E+00  0.00000000E+00  0.00000000E+00  0.19228824E+09  0.00000000E+00  0.00000000E+00  0.00000000E+00  0.00000000E+00  0.00000000E+00  0.10000000E-01  0.10000000E+01
 0.16500200E-08  0.56773994E-02  0.00000000E+00  0.31622312E+00  0.00000000E+00  0.00000000E+00  0.19228824E+09  0.00000000E+00  0.00000000E+00  0.00000000E+00  0.00000000E+00  0.00000000E+00  0.10000000E-01  0.10000000E+01
 0.16600200E-08  0.56773994E-02  0.00000000E+00  0.31814600E+00  0.00000000E+00  0.00000000E+00  0.19228824E+09  0.00000000E+00  0.00000000E+00  0.00000000E+00  0.00000000E+00  0.00000000E+00  0.10000000E-01  0.10000000E+01
 0.16700200E-08  0.56773994E-02  0.00000000E+00  0.32006889E+00  0.00000000E+00  0.00000000E+00  0.19228824E+09  0.00000000E+00  0.00000000E+00  0.00000000E+00  0.00000000E+00  0.00000000E+00  0.10000000E-01  0.10000000E+01
 0.16800200E-08  0.56773994E-02  0.00000000E+00  0.32199177E+00  0.00000000E+00  0.00000000E+00  0.19228824E+09  0.00000000E+00  0.00000000E+00  0.00000000E+00  0.00000000E+00  0.00000000E+00  0.10000000E-01  0.10000000E+01
 0.16900200E-08  0.56773994E-02  0.00000000E+00  0.32391465E+00  0.00000000E+00  0.00000000E+00  0.19228824E+09  0.00000000E+00  0.00000000E+00  0.00000000E+00  0.00000000E+00  0.00000000E+00  0.10000000E-01  0.10000000E+01
 0.17000200E-08  0.56773994E-02  0.00000000E+00  0.32583753E+00  0.00000000E+00  0.00000000E+00  0.19228824E+09  0.00000000E+00  0.00000000E+00  0.00000000E+00  0.00000000E+00  0.00000000E+00  0.10000000E-01  0.10000000E+01
 0.17100200E-08  0.56773994E-02  0.00000000E+00  0.32776042E+00  0.00000000E+00  0.00000000E+00  0.19228824E+09  0.00000000E+00  0.00000000E+00  0.00000000E+00  0.00000000E+00  0.00000000E+00  0.10000000E-01  0.10000000E+01
 0.17200200E-08  0.56773994E-02  0.00000000E+00  0.32968330E+00  0.00000000E+00  0.00000000E+00  0.19228824E+09  0.00000000E+00  0.00000000E+00  0.00000000E+00  0.00000000E+00  0.00000000E+00  0.10000000E-01  0.10000000E+01
 0.17300200E-08  0.56773994E-02  0.00000000E+00  0.33160618E+00  0.00000000E+00  0.00000000E+00  0.19228824E+09  0.00000000E+00  0.00000000E+00  0.00000000E+00  0.00000000E+00  0.00000000E+00  0.10000000E-01  0.10000000E+01
 0.17400200E-08  0.56773994E-02  0.00000000E+00  0.33352906E+00  0.00000000E+00  0.00000000E+00  0.19228824E+09  0.00000000E+00  0.00000000E+00  0.00000000E+00  0.00000000E+00  0.00000000E+00  0.10000000E-01  0.10000000E+01
 0.17500200E-08  0.56773994E-02  0.00000000E+00  0.33545195E+00  0.00000000E+00  0.00000000E+00  0.19228824E+09  0.00000000E+00  0.00000000E+00  0.00000000E+00  0.00000000E+00  0.00000000E+00  0.10000000E-01  0.10000000E+01
 0.17600200E-08  0.56773994E-02  0.00000000E+00  0.33737483E+00  0.00000000E+00  0.00000000E+00  0.19228824E+09  0.00000000E+00  0.00000000E+00  0.00000000E+00  0.00000000E+00  0.00000000E+00  0.10000000E-01  0.10000000E+01
 0.17700200E-08  0.56773994E-02  0.00000000E+00  0.33929771E+00  0.00000000E+00  0.00000000E+00  0.19228824E+09  0.00000000E+00  0.00000000E+00  0.00000000E+00  0.00000000E+00  0.00000000E+00  0.10000000E-01  0.10000000E+01
 0.17800200E-08  0.56773994E-02  0.00000000E+00  0.34122059E+00  0.00000000E+00  0.00000000E+00  0.19228824E+09  0.00000000E+00  0.00000000E+00  0.00000000E+00  0.00000000E+00  0.00000000E+00  0.10000000E-01  0.10000000E+01
 0.17900200E-08  0.56773994E-02  0.00000000E+00  0.34314348E+00  0.00000000E+00  0.00000000E+00  0.19228824E+09  0.00000000E+00  0.00000000E+00  0.00000000E+00  0.00000000E+00  0.00000000E+00  0.10000000E-01  0.10000000E+01
 0.18000200E-08  0.56773994E-02  0.00000000E+00  0.34506636E+00  0.00000000E+00  0.00000000E+00  0.19228824E+09  0.00000000E+00  0.00000000E+00  0.00000000E+00  0.00000000E+00  0.00000000E+00  0.10000000E-01  0.10000000E+01
 0.18100200E-08  0.56773994E-02  0.00000000E+00  0.34698924E+00  0.00000000E+00  0.00000000E+00  0.19228824E+09  0.00000000E+00  0.00000000E+00  0.00000000E+00  0.00000000E+00  0.00000000E+00  0.10000000E-01  0.10000000E+01
 0.18200200E-08  0.56773994E-02  0.00000000E+00  0.34891212E+00  0.00000000E+00  0.00000000E+00  0.19228824E+09  0.00000000E+00  0.00000000E+00  0.00000000E+00  0.00000000E+00  0.00000000E+00  0.10000000E-01  0.10000000E+01
 0.18300200E-08  0.56773994E-02  0.00000000E+00  0.35083501E+00  0.00000000E+00  0.00000000E+00  0.19228824E+09  0.00000000E+00  0.00000000E+00  0.00000000E+00  0.00000000E+00  0.00000000E+00  0.10000000E-01  0.10000000E+01
 0.18400200E-08  0.56773994E-02  0.00000000E+00  0.35275789E+00  0.00000000E+00  0.00000000E+00  0.19228824E+09  0.00000000E+00  0.00000000E+00  0.00000000E+00  0.00000000E+00  0.00000000E+00  0.10000000E-01  0.10000000E+01
 0.18500200E-08  0.56773994E-02  0.00000000E+00  0.35468077E+00  0.00000000E+00  0.00000000E+00  0.19228824E+09  0.00000000E+00  0.00000000E+00  0.00000000E+00  0.00000000E+00  0.00000000E+00  0.10000000E-01  0.10000000E+01
 0.18600200E-08  0.56773994E-02  0.00000000E+00  0.35660365E+00  0.00000000E+00  0.00000000E+00  0.19228824E+09  0.00000000E+00  0.00000000E+00  0.00000000E+00  0.00000000E+00  0.00000000E+00  0.10000000E-01  0.10000000E+01
 0.18700200E-08  0.56773994E-02  0.00000000E+00  0.35852654E+00  0.00000000E+00  0.00000000E+00  0.19228824E+09  0.00000000E+00  0.00000000E+00  0.00000000E+00  0.00000000E+00  0.00000000E+00  0.10000000E-01  0.10000000E+01
 0.18800200E-08  0.56773994E-02  0.00000000E+00  0.36044942E+00  0.00000000E+00  0.00000000E+00  0.19228824E+09  0.00000000E+00  0.00000000E+00  0.00000000E+00  0.00000000E+00  0.00000000E+00  0.10000000E-01  0.10000000E+01
 0.18900200E-08  0.56773994E-02  0.00000000E+00  0.36237230E+00  0.00000000E+00  0.00000000E+00  0.19228824E+09  0.00000000E+00  0.00000000E+00  0.00000000E+00  0.00000000E+00  0.00000000E+00  0.10000000E-01  0.10000000E+01
 0.19000200E-08  0.56773994E-02  0.00000000E+00  0.36429518E+00  0.00000000E+00  0.00000000E+00  0.19228824E+09  0.00000000E+00  0.00000000E+00  0.00000000E+00  0.00000000E+00  0.00000000E+00  0.10000000E-01  0.10000000E+01
 0.19100200E-08  0.56773994E-02  0.00000000E+00  0.36621806E+00  0.00000000E+00  0.00000000E+00  0.19228824E+09  0.00000000E+00  0.00000000E+00  0.00000000E+00  0.00000000E+00  0.00000000E+00  0.10000000E-01  0.10000000E+01
 0.19200200E-08  0.56773994E-02  0.00000000E+00  0.36814095E+00  0.00000000E+00  0.00000000E+00  0.19228824E+09  0.00000000E+00  0.00000000E+00  0.00000000E+00  0.00000000E+00  0.00000000E+00  0.10000000E-01  0.10000000E+01
 0.19300200E-08  0.56773994E-02  0.00000000E+00  0.37006383E+00  0.00000000E+00  0.00000000E+00  0.19228824E+09  0.00000000E+00  0.00000000E+00  0.00000000E+00  0.00000000E+00  0.00000000E+00  0.10000000E-01  0.10000000E+01
 0.19400200E-08  0.56773994E-02  0.00000000E+00  0.37198671E+00  0.00000000E+00  0.00000000E+00  0.19228824E+09  0.00000000E+00  0.00000000E+00  0.00000000E+00  0.00000000E+00  0.00000000E+00  0.10000000E-01  0.10000000E+01
 0.19500200E-08  0.56773994E-02  0.00000000E+00  0.37390959E+00  0.00000000E+00  0.00000000E+00  0.19228824E+09  0.00000000E+00  0.00000000E+00  0.00000000E+00  0.00000000E+00  0.00000000E+00  0.10000000E-01  0.10000000E+01
 0.19600200E-08  0.56773994E-02  0.00000000E+00  0.37583248E+00  0.00000000E+00  0.00000000E+00  0.19228824E+09  0.00000000E+00  0.00000000E+00  0.00000000E+00  0.00000000E+00  0.00000000E+00  0.10000000E-01  0.10000000E+01
 0.19700200E-08  0.56773994E-02  0.00000000E+00  0.37775536E+00  0.00000000E+00  0.00000000E+00  0.19228824E+09  0.00000000E+00  0.00000000E+00  0.00000000E+00  0.00000000E+00  0.00000000E+00  0.10000000E-01  0.10000000E+01
 0.19800200E-08  0.56773994E-02  0.00000000E+00  0.37967824E+00  0.00000000E+00  0.00000000E+00  0.19228824E+09  0.00000000E+00  0.00000000E+00  0.00000000E+00  0.00000000E+00  0.00000000E+00  0.10000000E-01  0.10000000E+01
 0.19900200E-08  0.56773994E-02  0.00000000E+00  0.38160112E+00  0.00000000E+00  0.00000000E+00  0.19228824E+09  0.00000000E+00  0.00000000E+00  0.00000000E+00  0.00000000E+00  0.00000000E+00  0.10000000E-01  0.10000000E+01
