# ptime xp yp zp vx vy vz ex ey ez bx by bz wt
 0.20000000E-13  0.87714968E-02  0.00000000E+00 -0.46567242E-01  0.00000000E+00  0.00000000E+00  0.17553443E+09  0.00000000E+00  0.00000000E+00  0.00000000E+00  0.00000000E+00  0.00000000E+00  0.10000000E-01  0.10000000E+01
 0.10000000E-10  0.87714968E-02  0.00000000E+00 -0.44815409E-01  0.00000000E+00  0.00000000E+00  0.17553443E+09  0.00000000E+00  0.00000000E+00  0.00000000E+00  0.00000000E+00  0.00000000E+00  0.10000000E-01  0.10000000E+01
 0.20000000E-10  0.87714968E-02  0.00000000E+00 -0.43060064E-01  0.00000000E+00  0.00000000E+00  0.17553443E+09  0.00000000E+00  0.00000000E+00  0.00000000E+00  0.00000000E+00  0.00000000E+00  0.10000000E-01  0.10000000E+01
 0.30000000E-10  0.87714968E-02  0.00000000E+00 -0.41304720E-01  0.00000000E+00  0.00000000E+00  0.17553443E+09  0.00000000E+00  0.00000000E+00  0.00000000E+00  0.00000000E+00  0.00000000E+00  0.10000000E-01  0.10000000E+01
 0.40020000E-10  0.87714968E-02  0.00000000E+00 -0.39545865E-01  0.00000000E+00  0.00000000E+00  0.17553443E+09  0.00000000E+00  0.00000000E+00  0.00000000E+00  0.00000000E+00  0.00000000E+00  0.10000000E-01  0.10000000E+01
 0.50020000E-10  0.87714968E-02  0.00000000E+00 -0.37790521E-01  0.00000000E+00  0.00000000E+00  0.17553443E+09  0.00000000E+00  0.00000000E+00  0.00000000E+00  0.00000000E+00  0.00000000E+00  0.10000000E-01  0.10000000E+01
 0.60020000E-10  0.87714968E-02  0.00000000E+00 -0.36035176E-01  0.00000000E+00  0.00000000E+00  0.17553443E+09  0.00000000E+00  0.00000000E+00  0.00000000E+00  0.00000000E+00  0.00000000E+00  0.10000000E-01  0.10000000E+01
 0.70020000E-10  0.87714968E-02  0.00000000E+00 -0.34279832E-01  0.00000000E+00  0.00000000E+00  0.17553443E+09  0.00000000E+00  0.00000000E+00  0.00000000E+00  0.00000000E+00  0.00000000E+00  0.10000000E-01  0.10000000E+01
 0.80000000E-10  0.87714968E-02  0.00000000E+00 -0.32527999E-01  0.00000000E+00  0.00000000E+00  0.17553443E+09  0.00000000E+00  0.00000000E+00  0.00000000E+00  0.00000000E+00  0.00000000E+00  0.10000000E-01  0.10000000E+01
 0.90000000E-10  0.87714968E-02  0.00000000E+00 -0.30772654E-01  0.00000000E+00  0.00000000E+00  0.17553443E+09  0.00000000E+00  0.00000000E+00  0.00000000E+00  0.00000000E+00  0.00000000E+00  0.10000000E-01  0.10000000E+01
 0.10000000E-09  0.87714968E-02  0.00000000E+00 -0.29017310E-01  0.00000000E+00  0.00000000E+00  0.17553443E+09  0.00000000E+00  0.00000000E+00  0.00000000E+00  0.00000000E+00  0.00000000E+00  0.10000000E-01  0.10000000E+01
 0.11000000E-09  0.87714968E-02  0.00000000E+00 -0.27261966E-01  0.00000000E+00  0.00000000E+00  0.17553443E+09  0.00000000E+00  0.00000000E+00  0.00000000E+00  0.00000000E+00  0.00000000E+00  0.10000000E-01  0.10000000E+01
 0.12000000E-09  0.87714968E-02  0.00000000E+00 -0.25506621E-01  0.00000000E+00  0.00000000E+00  0.17553443E+09  0.00000000E+00  0.00000000E+00  0.00000000E+00  0.00000000E+00  0.00000000E+00  0.10000000E-01  0.10000000E+01
 0.13000000E-09  0.87714968E-02  0.00000000E+00 -0.23751277E-01  0.00000000E+00  0.00000000E+00  0.17553443E+09  0.00000000E+00  0.00000000E+00  0.00000000E+00  0.00000000E+00  0.00000000E+00  0.10000000E-01  0.10000000E+01
 0.14002000E-09  0.87714968E-02  0.00000000E+00 -0.21992422E-01  0.00000000E+00  0.00000000E+00  0.17553443E+09  0.00000000E+00  0.00000000E+00  0.00000000E+00  0.00000000E+00  0.00000000E+00  0.10000000E-01  0.10000000E+01
 0.15002000E-09  0.87714968E-02  0.00000000E+00 -0.20237078E-01  0.00000000E+00  0.00000000E+00  0.17553443E+09  0.00000000E+00  0.00000000E+00  0.00000000E+00  0.00000000E+00  0.00000000E+00  0.10000000E-01  0.10000000E+01
 0.16002000E-09  0.87714968E-02  0.00000000E+00 -0.18481733E-01  0.00000000E+00  0.00000000E+00  0.17553443E+09  0.00000000E+00  0.00000000E+00  0.00000000E+00  0.00000000E+00  0.00000000E+00  0.10000000E-01  0.10000000E+01
 0.17002000E-09  0.87714968E-02  0.00000000E+00 -0.16726389E-01  0.00000000E+00  0.00000000E+00  0.17553443E+09  0.00000000E+00  0.00000000E+00  0.00000000E+00  0.00000000E+00  0.00000000E+00  0.10000000E-01  0.10000000E+01
 0.18002000E-09  0.87714968E-02  0.00000000E+00 -0.14971045E-01  0.00000000E+00  0.00000000E+00  0.17553443E+09  0.00000000E+00  0.00000000E+00  0.00000000E+00  0.00000000E+00  0.00000000E+00  0.10000000E-01  0.10000000E+01
 0.19002000E-09  0.87714968E-02  0.00000000E+00 -0.13215700E-01  0.00000000E+00  0.00000000E+00  0.17553443E+09  0.00000000E+00  0.00000000E+00  0.00000000E+00  0.00000000E+00  0.00000000E+00  0.10000000E-01  0.10000000E+01
 0.20002000E-09  0.87714968E-02  0.00000000E+00 -0.11460356E-01  0.00000000E+00  0.00000000E+00  0.17553443E+09  0.00000000E+00  0.00000000E+00  0.00000000E+00  0.00000000E+00  0.00000000E+00  0.10000000E-01  0.10000000E+01
 0.21002000E-09  0.87714968E-02  0.00000000E+00 -0.97050118E-02  0.00000000E+00  0.00000000E+00  0.17553443E+09  0.00000000E+00  0.00000000E+00  0.00000000E+00  0.00000000E+00  0.00000000E+00  0.10000000E-01  0.10000000E+01
 0.22002000E-09  0.87714968E-02  0.00000000E+00 -0.79496675E-02  0.00000000E+00  0.00000000E+00  0.17553443E+09  0.00000000E+00  0.00000000E+00  0.00000000E+00  0.00000000E+00  0.00000000E+00  0.10000000E-01  0.10000000E+01
 0.23002000E-09  0.87714968E-02  0.00000000E+00 -0.61943232E-02  0.00000000E+00  0.00000000E+00  0.17553443E+09  0.00000000E+00  0.00000000E+00  0.00000000E+00  0.00000000E+00  0.00000000E+00  0.10000000E-01  0.10000000E+01
 0.24002000E-09  0.87714968E-02  0.00000000E+00 -0.44389789E-02  0.00000000E+00  0.00000000E+00  0.17553443E+09  0.00000000E+00  0.00000000E+00  0.00000000E+00  0.00000000E+00  0.00000000E+00  0.10000000E-01  0.10000000E+01
 0.25002000E-09  0.87714968E-02  0.00000000E+00 -0.26836346E-02  0.00000000E+00  0.00000000E+00  0.17553443E+09  0.00000000E+00  0.00000000E+00  0.00000000E+00  0.00000000E+00  0.00000000E+00  0.10000000E-01  0.10000000E+01
 0.26002000E-09  0.87714968E-02  0.00000000E+00 -0.92829025E-03  0.00000000E+00  0.00000000E+00  0.17553443E+09  0.00000000E+00  0.00000000E+00  0.00000000E+00  0.00000000E+00  0.00000000E+00  0.10000000E-01  0.10000000E+01
 0.27002000E-09  0.87714968E-02  0.00000000E+00  0.82705406E-03  0.00000000E+00  0.00000000E+00  0.17553443E+09  0.00000000E+00  0.00000000E+00  0.00000000E+00  0.00000000E+00  0.00000000E+00  0.10000000E-01  0.10000000E+01
 0.28002000E-09  0.87714968E-02  0.00000000E+00  0.25823984E-02  0.00000000E+00  0.00000000E+00  0.17553443E+09  0.00000000E+00  0.00000000E+00  0.00000000E+00  0.00000000E+00  0.00000000E+00  0.10000000E-01  0.10000000E+01
 0.29002000E-09  0.87714968E-02  0.00000000E+00  0.43377427E-02  0.00000000E+00  0.00000000E+00  0.17553443E+09  0.00000000E+00  0.00000000E+00  0.00000000E+00  0.00000000E+00  0.00000000E+00  0.10000000E-01  0.10000000E+01
 0.30000000E-09  0.87714968E-02  0.00000000E+00  0.60895763E-02  0.00000000E+00  0.00000000E+00  0.17553443E+09  0.00000000E+00  0.00000000E+00  0.00000000E+00  0.00000000E+00  0.00000000E+00  0.10000000E-01  0.10000000E+01
 0.31000000E-09  0.87714968E-02  0.00000000E+00  0.78449206E-02  0.00000000E+00  0.00000000E+00  0.17553443E+09  0.00000000E+00  0.00000000E+00  0.00000000E+00  0.00000000E+00  0.00000000E+00  0.10000000E-01  0.10000000E+01
 0.32000000E-09  0.87714968E-02  0.00000000E+00  0.96002649E-02  0.00000000E+00  0.00000000E+00  0.17553443E+09  0.00000000E+00  0.00000000E+00  0.00000000E+00  0.00000000E+00  0.00000000E+00  0.10000000E-01  0.10000000E+01
 0.33000000E-09  0.87714968E-02  0.00000000E+00  0.11355609E-01  0.00000000E+00  0.00000000E+00  0.17553443E+09  0.00000000E+00  0.00000000E+00  0.00000000E+00  0.00000000E+00  0.00000000E+00  0.10000000E-01  0.10000000E+01
 0.34000000E-09  0.87714968E-02  0.00000000E+00  0.13110954E-01  0.00000000E+00  0.00000000E+00  0.17553443E+09  0.00000000E+00  0.00000000E+00  0.00000000E+00  0.00000000E+00  0.00000000E+00  0.10000000E-01  0.10000000E+01
 0.35000000E-09  0.87714968E-02  0.00000000E+00  0.14866298E-01  0.00000000E+00  0.00000000E+00  0.17553443E+09  0.00000000E+00  0.00000000E+00  0.00000000E+00  0.00000000E+00  0.00000000E+00  0.10000000E-01  0.10000000E+01
 0.36000000E-09  0.87714968E-02  0.00000000E+00  0.16621642E-01  0.00000000E+00  0.00000000E+00  0.17553443E+09  0.00000000E+00  0.00000000E+00  0.00000000E+00  0.00000000E+00  0.00000000E+00  0.10000000E-01  0.10000000E+01
 0.37000000E-09  0.87714968E-02  0.00000000E+00  0.18376986E-01  0.00000000E+00  0.00000000E+00  0.17553443E+09  0.00000000E+00  0.00000000E+00  0.00000000E+00  0.00000000E+00  0.00000000E+00  0.10000000E-01  0.10000000E+01
 0.38000000E-09  0.87714968E-02  0.00000000E+00  0.20132331E-01  0.00000000E+00  0.00000000E+00  0.17553443E+09  0.00000000E+00  0.00000000E+00  0.00000000E+00  0.00000000E+00  0.00000000E+00  0.10000000E-01  0.10000000E+01
 0.39000000E-09  0.87714968E-02  0.00000000E+00  0.21887675E-01  0.00000000E+00  0.00000000E+00  0.17553443E+09  0.00000000E+00  0.00000000E+00  0.00000000E+00  0.00000000E+00  0.00000000E+00  0.10000000E-01  0.10000000E+01
 0.40000000E-09  0.87714968E-02  0.00000000E+00  0.23643019E-01  0.00000000E+00  0.00000000E+00  0.17553443E+09  0.00000000E+00  0.00000000E+00  0.00000000E+00  0.00000000E+00  0.00000000E+00  0.10000000E-01  0.10000000E+01
 0.41000000E-09  0.87714968E-02  0.00000000E+00  0.25398364E-01  0.00000000E+00  0.00000000E+00  0.17553443E+09  0.00000000E+00  0.00000000E+00  0.00000000E+00  0.00000000E+00  0.00000000E+00  0.10000000E-01  0.10000000E+01
 0.42000000E-09  0.87714968E-02  0.00000000E+00  0.27153708E-01  0.00000000E+00  0.00000000E+00  0.17553443E+09  0.00000000E+00  0.00000000E+00  0.00000000E+00  0.00000000E+00  0.00000000E+00  0.10000000E-01  0.10000000E+01
 0.43000000E-09  0.87714968E-02  0.00000000E+00  0.28909052E-01  0.00000000E+00  0.00000000E+00  0.17553443E+09  0.00000000E+00  0.00000000E+00  0.00000000E+00  0.00000000E+00  0.00000000E+00  0.10000000E-01  0.10000000E+01
 0.44000000E-09  0.87714968E-02  0.00000000E+00  0.30664397E-01  0.00000000E+00  0.00000000E+00  0.17553443E+09  0.00000000E+00  0.00000000E+00  0.00000000E+00  0.00000000E+00  0.00000000E+00  0.10000000E-01  0.10000000E+01
 0.45000000E-09  0.87714968E-02  0.00000000E+00  0.32419741E-01  0.00000000E+00  0.00000000E+00  0.17553443E+09  0.00000000E+00  0.00000000E+00  0.00000000E+00  0.00000000E+00  0.00000000E+00  0.10000000E-01  0.10000000E+01
 0.46000000E-09  0.87714968E-02  0.00000000E+00  0.34175085E-01  0.00000000E+00  0.00000000E+00  0.17553443E+09  0.00000000E+00  0.00000000E+00  0.00000000E+00  0.00000000E+00  0.00000000E+00  0.10000000E-01  0.10000000E+01
 0.47000000E-09  0.87714968E-02  0.00000000E+00  0.35930430E-01  0.00000000E+00  0.00000000E+00  0.17553443E+09  0.00000000E+00  0.00000000E+00  0.00000000E+00  0.00000000E+00  0.00000000E+00  0.10000000E-01  0.10000000E+01
 0.48000000E-09  0.87714968E-02  0.00000000E+00  0.37685774E-01  0.00000000E+00  0.00000000E+00  0.17553443E+09  0.00000000E+00  0.00000000E+00  0.00000000E+00  0.00000000E+00  0.00000000E+00  0.10000000E-01  0.10000000E+01
 0.49000000E-09  0.87714968E-02  0.00000000E+00  0.39441118E-01  0.00000000E+00  0.00000000E+00  0.17553443E+09  0.00000000E+00  0.00000000E+00  0.00000000E+00  0.00000000E+00  0.00000000E+00  0.10000000E-01  0.10000000E+01
 0.50000000E-09  0.87714968E-02  0.00000000E+00  0.41196462E-01  0.00000000E+00  0.00000000E+00  0.17553443E+09  0.00000000E+00  0.00000000E+00  0.00000000E+00  0.00000000E+00  0.00000000E+00  0.10000000E-01  0.10000000E+01
 0.51000000E-09  0.87714968E-02  0.00000000E+00  0.42951807E-01  0.00000000E+00  0.00000000E+00  0.17553443E+09  0.00000000E+00  0.00000000E+00  0.00000000E+00  0.00000000E+00  0.00000000E+00  0.10000000E-01  0.10000000E+01
 0.52000000E-09  0.87714968E-02  0.00000000E+00  0.44707151E-01  0.00000000E+00  0.00000000E+00  0.17553443E+09  0.00000000E+00  0.00000000E+00  0.00000000E+00  0.00000000E+00  0.00000000E+00  0.10000000E-01  0.10000000E+01
 0.53000000E-09  0.87714968E-02  0.00000000E+00  0.46462495E-01  0.00000000E+00  0.00000000E+00  0.17553443E+09  0.00000000E+00  0.00000000E+00  0.00000000E+00  0.00000000E+00  0.00000000E+00  0.10000000E-01  0.10000000E+01
 0.54000000E-09  0.87714968E-02  0.00000000E+00  0.48217840E-01  0.00000000E+00  0.00000000E+00  0.17553443E+09  0.00000000E+00  0.00000000E+00  0.00000000E+00  0.00000000E+00  0.00000000E+00  0.10000000E-01  0.10000000E+01
 0.55002000E-09  0.87714968E-02  0.00000000E+00  0.49976695E-01  0.00000000E+00  0.00000000E+00  0.17553443E+09  0.00000000E+00  0.00000000E+00  0.00000000E+00  0.00000000E+00  0.00000000E+00  0.10000000E-01  0.10000000E+01
 0.56002000E-09  0.87714968E-02  0.00000000E+00  0.51732039E-01  0.00000000E+00  0.00000000E+00  0.17553443E+09  0.00000000E+00  0.00000000E+00  0.00000000E+00  0.00000000E+00  0.00000000E+00  0.10000000E-01  0.10000000E+01
 0.57002000E-09  0.87714968E-02  0.00000000E+00  0.53487383E-01  0.00000000E+00  0.00000000E+00  0.17553443E+09  0.00000000E+00  0.00000000E+00  0.00000000E+00  0.00000000E+00  0.00000000E+00  0.10000000E-01  0.10000000E+01
 0.58002000E-09  0.87714968E-02  0.00000000E+00  0.55242728E-01  0.00000000E+00  0.00000000E+00  0.17553443E+09  0.00000000E+00  0.00000000E+00  0.00000000E+00  0.00000000E+00  0.00000000E+00  0.10000000E-01  0.10000000E+01
 0.59002000E-09  0.87714968E-02  0.00000000E+00  0.56998072E-01  0.00000000E+00  0.00000000E+00  0.17553443E+09  0.00000000E+00  0.00000000E+00  0.00000000E+00  0.00000000E+00  0.00000000E+00  0.10000000E-01  0.10000000E+01
 0.60002000E-09  0.87714968E-02  0.00000000E+00  0.58753416E-01  0.00000000E+00  0.00000000E+00  0.17553443E+09  0.00000000E+00  0.00000000E+00  0.00000000E+00  0.00000000E+00  0.00000000E+00  0.10000000E-01  0.10000000E+01
 0.61002000E-09  0.87714968E-02  0.00000000E+00  0.60508761E-01  0.00000000E+00  0.00000000E+00  0.17553443E+09  0.00000000E+00  0.00000000E+00  0.00000000E+00  0.00000000E+00  0.00000000E+00  0.10000000E-01  0.10000000E+01
 0.62002000E-09  0.87714968E-02  0.00000000E+00  0.62264105E-01  0.00000000E+00  0.00000000E+00  0.17553443E+09  0.00000000E+00  0.00000000E+00  0.00000000E+00  0.00000000E+00  0.00000000E+00  0.10000000E-01  0.10000000E+01
 0.63002000E-09  0.87714968E-02  0.00000000E+00  0.64019449E-01  0.00000000E+00  0.00000000E+00  0.17553443E+09  0.00000000E+00  0.00000000E+00  0.00000000E+00  0.00000000E+00  0.00000000E+00  0.10000000E-01  0.10000000E+01
 0.64002000E-09  0.87714968E-02  0.00000000E+00  0.65774794E-01  0.00000000E+00  0.00000000E+00  0.17553443E+09  0.00000000E+00  0.00000000E+00  0.00000000E+00  0.00000000E+00  0.00000000E+00  0.10000000E-01  0.10000000E+01
 0.65002000E-09  0.87714968E-02  0.00000000E+00  0.67530138E-01  0.00000000E+00  0.00000000E+00  0.17553443E+09  0.00000000E+00  0.00000000E+00  0.00000000E+00  0.00000000E+00  0.00000000E+00  0.10000000E-01  0.10000000E+01
 0.66002000E-09  0.87714968E-02  0.00000000E+00  0.69285482E-01  0.00000000E+00  0.00000000E+00  0.17553443E+09  0.00000000E+00  0.00000000E+00  0.00000000E+00  0.00000000E+00  0.00000000E+00  0.10000000E-01  0.10000000E+01
 0.67002000E-09  0.87714968E-02  0.00000000E+00  0.71040826E-01  0.00000000E+00  0.00000000E+00  0.17553443E+09  0.00000000E+00  0.00000000E+00  0.00000000E+00  0.00000000E+00  0.00000000E+00  0.10000000E-01  0.10000000E+01
 0.68002000E-09  0.87714968E-02  0.00000000E+00  0.72796171E-01  0.00000000E+00  0.00000000E+00  0.17553443E+09  0.00000000E+00  0.00000000E+00  0.00000000E+00  0.00000000E+00  0.00000000E+00  0.10000000E-01  0.10000000E+01
 0.69002000E-09  0.87714968E-02  0.00000000E+00  0.74551515E-01  0.00000000E+00  0.00000000E+00  0.17553443E+09  0.00000000E+00  0.00000000E+00  0.00000000E+00  0.00000000E+00  0.00000000E+00  0.10000000E-01  0.10000000E+01
 0.70002000E-09  0.87714968E-02  0.00000000E+00  0.76306859E-01  0.00000000E+00  0.00000000E+00  0.17553443E+09  0.00000000E+00  0.00000000E+00  0.00000000E+00  0.00000000E+00  0.00000000E+00  0.10000000E-01  0.10000000E+01
 0.71002000E-09  0.87714968E-02  0.00000000E+00  0.78062204E-01  0.00000000E+00  0.00000000E+00  0.17553443E+09  0.00000000E+00  0.00000000E+00  0.00000000E+00  0.00000000E+00  0.00000000E+00  0.10000000E-01  0.10000000E+01
 0.72002000E-09  0.87714968E-02  0.00000000E+00  0.79817548E-01  0.00000000E+00  0.00000000E+00  0.17553443E+09  0.00000000E+00  0.00000000E+00  0.00000000E+00  0.00000000E+00  0.00000000E+00  0.10000000E-01  0.10000000E+01
 0.73002000E-09  0.87714968E-02  0.00000000E+00  0.81572892E-01  0.00000000E+00  0.00000000E+00  0.17553443E+09  0.00000000E+00  0.00000000E+00  0.00000000E+00  0.00000000E+00  0.00000000E+00  0.10000000E-01  0.10000000E+01
 0.74002000E-09  0.87714968E-02  0.00000000E+00  0.83328237E-01  0.00000000E+00  0.00000000E+00  0.17553443E+09  0.00000000E+00  0.00000000E+00  0.00000000E+00  0.00000000E+00  0.00000000E+00  0.10000000E-01  0.10000000E+01
 0.75002000E-09  0.87714968E-02  0.00000000E+00  0.85083581E-01  0.00000000E+00  0.00000000E+00  0.17553443E+09  0.00000000E+00  0.00000000E+00  0.00000000E+00  0.00000000E+00  0.00000000E+00  0.10000000E-01  0.10000000E+01
 0.76002000E-09  0.87714968E-02  0.00000000E+00  0.86838925E-01  0.00000000E+00  0.00000000E+00  0.17553443E+09  0.00000000E+00  0.00000000E+00  0.00000000E+00  0.00000000E+00  0.00000000E+00  0.10000000E-01  0.10000000E+01
 0.77002000E-09  0.87714968E-02  0.00000000E+00  0.88594270E-01  0.00000000E+00  0.00000000E+00  0.17553443E+09  0.00000000E+00  0.00000000E+00  0.00000000E+00  0.00000000E+00  0.00000000E+00  0.10000000E-01  0.10000000E+01
 0.78002000E-09  0.87714968E-02  0.00000000E+00  0.90349614E-01  0.00000000E+00  0.00000000E+00  0.17553443E+09  0.00000000E+00  0.00000000E+00  0.00000000E+00  0.00000000E+00  0.00000000E+00  0.10000000E-01  0.10000000E+01
 0.79002000E-09  0.87714968E-02  0.00000000E+00  0.92104958E-01  0.00000000E+00  0.00000000E+00  0.17553443E+09  0.00000000E+00  0.00000000E+00  0.00000000E+00  0.00000000E+00  0.00000000E+00  0.10000000E-01  0.10000000E+01
 0.80002000E-09  0.87714968E-02  0.00000000E+00  0.93860302E-01  0.00000000E+00  0.00000000E+00  0.17553443E+09  0.00000000E+00  0.00000000E+00  0.00000000E+00  0.00000000E+00  0.00000000E+00  0.10000000E-01  0.10000000E+01
 0.81002000E-09  0.87714968E-02  0.00000000E+00  0.95615647E-01  0.00000000E+00  0.00000000E+00  0.17553443E+09  0.00000000E+00  0.00000000E+00  0.00000000E+00  0.00000000E+00  0.00000000E+00  0.10000000E-01  0.10000000E+01
 0.82002000E-09  0.87714968E-02  0.00000000E+00  0.97370991E-01  0.00000000E+00  0.00000000E+00  0.17553443E+09  0.00000000E+00  0.00000000E+00  0.00000000E+00  0.00000000E+00  0.00000000E+00  0.10000000E-01  0.10000000E+01
 0.83002000E-09  0.87714968E-02  0.00000000E+00  0.99126335E-01  0.00000000E+00  0.00000000E+00  0.17553443E+09  0.00000000E+00  0.00000000E+00  0.00000000E+00  0.00000000E+00  0.00000000E+00  0.10000000E-01  0.10000000E+01
 0.84002000E-09  0.87714968E-02  0.00000000E+00  0.10088168E+00  0.00000000E+00  0.00000000E+00  0.17553443E+09  0.00000000E+00  0.00000000E+00  0.00000000E+00  0.00000000E+00  0.00000000E+00  0.10000000E-01  0.10000000E+01
 0.85002000E-09  0.87714968E-02  0.00000000E+00  0.10263702E+00  0.00000000E+00  0.00000000E+00  0.17553443E+09  0.00000000E+00  0.00000000E+00  0.00000000E+00  0.00000000E+00  0.00000000E+00  0.10000000E-01  0.10000000E+01
 0.86002000E-09  0.87714968E-02  0.00000000E+00  0.10439237E+00  0.00000000E+00  0.00000000E+00  0.17553443E+09  0.00000000E+00  0.00000000E+00  0.00000000E+00  0.00000000E+00  0.00000000E+00  0.10000000E-01  0.10000000E+01
 0.87002000E-09  0.87714968E-02  0.00000000E+00  0.10614771E+00  0.00000000E+00  0.00000000E+00  0.17553443E+09  0.00000000E+00  0.00000000E+00  0.00000000E+00  0.00000000E+00  0.00000000E+00  0.10000000E-01  0.10000000E+01
 0.88002000E-09  0.87714968E-02  0.00000000E+00  0.10790306E+00  0.00000000E+00  0.00000000E+00  0.17553443E+09  0.00000000E+00  0.00000000E+00  0.00000000E+00  0.00000000E+00  0.00000000E+00  0.10000000E-01  0.10000000E+01
 0.89002000E-09  0.87714968E-02  0.00000000E+00  0.10965840E+00  0.00000000E+00  0.00000000E+00  0.17553443E+09  0.00000000E+00  0.00000000E+00  0.00000000E+00  0.00000000E+00  0.00000000E+00  0.10000000E-01  0.10000000E+01
 0.90002000E-09  0.87714968E-02  0.00000000E+00  0.11141375E+00  0.00000000E+00  0.00000000E+00  0.17553443E+09  0.00000000E+00  0.00000000E+00  0.00000000E+00  0.00000000E+00  0.00000000E+00  0.10000000E-01  0.10000000E+01
 0.91002000E-09  0.87714968E-02  0.00000000E+00  0.11316909E+00  0.00000000E+00  0.00000000E+00  0.17553443E+09  0.00000000E+00  0.00000000E+00  0.00000000E+00  0.00000000E+00  0.00000000E+00  0.10000000E-01  0.10000000E+01
 0.92002000E-09  0.87714968E-02  0.00000000E+00  0.11492443E+00  0.00000000E+00  0.00000000E+00  0.17553443E+09  0.00000000E+00  0.00000000E+00  0.00000000E+00  0.00000000E+00  0.00000000E+00  0.10000000E-01  0.10000000E+01
 0.93002000E-09  0.87714968E-02  0.00000000E+00  0.11667978E+00  0.00000000E+00  0.00000000E+00  0.17553443E+09  0.00000000E+00  0.00000000E+00  0.00000000E+00  0.00000000E+00  0.00000000E+00  0.10000000E-01  0.10000000E+01
 0.94002000E-09  0.87714968E-02  0.00000000E+00  0.11843512E+00  0.00000000E+00  0.00000000E+00  0.17553443E+09  0.00000000E+00  0.00000000E+00  0.00000000E+00  0.00000000E+00  0.00000000E+00  0.10000000E-01  0.10000000E+01
 0.95002000E-09  0.87714968E-02  0.00000000E+00  0.12019047E+00  0.00000000E+00  0.00000000E+00  0.17553443E+09  0.00000000E+00  0.00000000E+00  0.00000000E+00  0.00000000E+00  0.00000000E+00  0.10000000E-01  0.10000000E+01
 0.96002000E-09  0.87714968E-02  0.00000000E+00  0.12194581E+00  0.00000000E+00  0.00000000E+00  0.17553443E+09  0.00000000E+00  0.00000000E+00  0.00000000E+00  0.00000000E+00  0.00000000E+00  0.10000000E-01  0.10000000E+01
 0.97002000E-09  0.87714968E-02  0.00000000E+00  0.12370116E+00  0.00000000E+00  0.00000000E+00  0.17553443E+09  0.00000000E+00  0.00000000E+00  0.00000000E+00  0.00000000E+00  0.00000000E+00  0.10000000E-01  0.10000000E+01
 0.98002000E-09  0.87714968E-02  0.00000000E+00  0.12545650E+00  0.00000000E+00  0.00000000E+00  0.17553443E+09  0.00000000E+00  0.00000000E+00  0.00000000E+00  0.00000000E+00  0.00000000E+00  0.10000000E-01  0.10000000E+01
 0.99002000E-09  0.87714968E-02  0.00000000E+00  0.12721184E+00  0.00000000E+00  0.00000000E+00  0.17553443E+09  0.00000000E+00  0.00000000E+00  0.00000000E+00  0.00000000E+00  0.00000000E+00  0.10000000E-01  0.10000000E+01
 0.10000200E-08  0.87714968E-02  0.00000000E+00  0.12896719E+00  0.00000000E+00  0.00000000E+00  0.17553443E+09  0.00000000E+00  0.00000000E+00  0.00000000E+00  0.00000000E+00  0.00000000E+00  0.10000000E-01  0.10000000E+01
 0.10100200E-08  0.87714968E-02  0.00000000E+00  0.13072253E+00  0.00000000E+00  0.00000000E+00  0.17553443E+09  0.00000000E+00  0.00000000E+00  0.00000000E+00  0.00000000E+00  0.00000000E+00  0.10000000E-01  0.10000000E+01
 0.10200200E-08  0.87714968E-02  0.00000000E+00  0.13247788E+00  0.00000000E+00  0.00000000E+00  0.17553443E+09  0.00000000E+00  0.00000000E+00  0.00000000E+00  0.00000000E+00  0.00000000E+00  0.10000000E-01  0.10000000E+01
 0.10300200E-08  0.87714968E-02  0.00000000E+00  0.13423322E+00  0.00000000E+00  0.00000000E+00  0.17553443E+09  0.00000000E+00  0.00000000E+00  0.00000000E+00  0.00000000E+00  0.00000000E+00  0.10000000E-01  0.10000000E+01
 0.10400200E-08  0.87714968E-02  0.00000000E+00  0.13598857E+00  0.00000000E+00  0.00000000E+00  0.17553443E+09  0.00000000E+00  0.00000000E+00  0.00000000E+00  0.00000000E+00  0.00000000E+00  0.10000000E-01  0.10000000E+01
 0.10500200E-08  0.87714968E-02  0.00000000E+00  0.13774391E+00  0.00000000E+00  0.00000000E+00  0.17553443E+09  0.00000000E+00  0.00000000E+00  0.00000000E+00  0.00000000E+00  0.00000000E+00  0.10000000E-01  0.10000000E+01
 0.10600200E-08  0.87714968E-02  0.00000000E+00  0.13949925E+00  0.00000000E+00  0.00000000E+00  0.17553443E+09  0.00000000E+00  0.00000000E+00  0.00000000E+00  0.00000000E+00  0.00000000E+00  0.10000000E-01  0.10000000E+01
 0.10700200E-08  0.87714968E-02  0.00000000E+00  0.14125460E+00  0.00000000E+00  0.00000000E+00  0.17553443E+09  0.00000000E+00  0.00000000E+00  0.00000000E+00  0.00000000E+00  0.00000000E+00  0.10000000E-01  0.10000000E+01
 0.10800200E-08  0.87714968E-02  0.00000000E+00  0.14300994E+00  0.00000000E+00  0.00000000E+00  0.17553443E+09  0.00000000E+00  0.00000000E+00  0.00000000E+00  0.00000000E+00  0.00000000E+00  0.10000000E-01  0.10000000E+01
 0.10900200E-08  0.87714968E-02  0.00000000E+00  0.14476529E+00  0.00000000E+00  0.00000000E+00  0.17553443E+09  0.00000000E+00  0.00000000E+00  0.00000000E+00  0.00000000E+00  0.00000000E+00  0.10000000E-01  0.10000000E+01
 0.11000200E-08  0.87714968E-02  0.00000000E+00  0.14652063E+00  0.00000000E+00  0.00000000E+00  0.17553443E+09  0.00000000E+00  0.00000000E+00  0.00000000E+00  0.00000000E+00  0.00000000E+00  0.10000000E-01  0.10000000E+01
 0.11100200E-08  0.87714968E-02  0.00000000E+00  0.14827598E+00  0.00000000E+00  0.00000000E+00  0.17553443E+09  0.00000000E+00  0.00000000E+00  0.00000000E+00  0.00000000E+00  0.00000000E+00  0.10000000E-01  0.10000000E+01
 0.11200200E-08  0.87714968E-02  0.00000000E+00  0.15003132E+00  0.00000000E+00  0.00000000E+00  0.17553443E+09  0.00000000E+00  0.00000000E+00  0.00000000E+00  0.00000000E+00  0.00000000E+00  0.10000000E-01  0.10000000E+01
 0.11300200E-08  0.87714968E-02  0.00000000E+00  0.15178666E+00  0.00000000E+00  0.00000000E+00  0.17553443E+09  0.00000000E+00  0.00000000E+00  0.00000000E+00  0.00000000E+00  0.00000000E+00  0.10000000E-01  0.10000000E+01
 0.11400200E-08  0.87714968E-02  0.00000000E+00  0.15354201E+00  0.00000000E+00  0.00000000E+00  0.17553443E+09  0.00000000E+00  0.00000000E+00  0.00000000E+00  0.00000000E+00  0.00000000E+00  0.10000000E-01  0.10000000E+01
 0.11500200E-08  0.87714968E-02  0.00000000E+00  0.15529735E+00  0.00000000E+00  0.00000000E+00  0.17553443E+09  0.00000000E+00  0.00000000E+00  0.00000000E+00  0.00000000E+00  0.00000000E+00  0.10000000E-01  0.10000000E+01
 0.11600200E-08  0.87714968E-02  0.00000000E+00  0.15705270E+00  0.00000000E+00  0.00000000E+00  0.17553443E+09  0.00000000E+00  0.00000000E+00  0.00000000E+00  0.00000000E+00  0.00000000E+00  0.10000000E-01  0.10000000E+01
 0.11700200E-08  0.87714968E-02  0.00000000E+00  0.15880804E+00  0.00000000E+00  0.00000000E+00  0.17553443E+09  0.00000000E+00  0.00000000E+00  0.00000000E+00  0.00000000E+00  0.00000000E+00  0.10000000E-01  0.10000000E+01
 0.11800200E-08  0.87714968E-02  0.00000000E+00  0.16056339E+00  0.00000000E+00  0.00000000E+00  0.17553443E+09  0.00000000E+00  0.00000000E+00  0.00000000E+00  0.00000000E+00  0.00000000E+00  0.10000000E-01  0.10000000E+01
 0.11900200E-08  0.87714968E-02  0.00000000E+00  0.16231873E+00  0.00000000E+00  0.00000000E+00  0.17553443E+09  0.00000000E+00  0.00000000E+00  0.00000000E+00  0.00000000E+00  0.00000000E+00  0.10000000E-01  0.10000000E+01
 0.12000200E-08  0.87714968E-02  0.00000000E+00  0.16407407E+00  0.00000000E+00  0.00000000E+00  0.17553443E+09  0.00000000E+00  0.00000000E+00  0.00000000E+00  0.00000000E+00  0.00000000E+00  0.10000000E-01  0.10000000E+01
 0.12100200E-08  0.87714968E-02  0.00000000E+00  0.16582942E+00  0.00000000E+00  0.00000000E+00  0.17553443E+09  0.00000000E+00  0.00000000E+00  0.00000000E+00  0.00000000E+00  0.00000000E+00  0.10000000E-01  0.10000000E+01
 0.12200200E-08  0.87714968E-02  0.00000000E+00  0.16758476E+00  0.00000000E+00  0.00000000E+00  0.17553443E+09  0.00000000E+00  0.00000000E+00  0.00000000E+00  0.00000000E+00  0.00000000E+00  0.10000000E-01  0.10000000E+01
 0.12300200E-08  0.87714968E-02  0.00000000E+00  0.16934011E+00  0.00000000E+00  0.00000000E+00  0.17553443E+09  0.00000000E+00  0.00000000E+00  0.00000000E+00  0.00000000E+00  0.00000000E+00  0.10000000E-01  0.10000000E+01
 0.12400200E-08  0.87714968E-02  0.00000000E+00  0.17109545E+00  0.00000000E+00  0.00000000E+00  0.17553443E+09  0.00000000E+00  0.00000000E+00  0.00000000E+00  0.00000000E+00  0.00000000E+00  0.10000000E-01  0.10000000E+01
 0.12500200E-08  0.87714968E-02  0.00000000E+00  0.17285080E+00  0.00000000E+00  0.00000000E+00  0.17553443E+09  0.00000000E+00  0.00000000E+00  0.00000000E+00  0.00000000E+00  0.00000000E+00  0.10000000E-01  0.10000000E+01
 0.12600200E-08  0.87714968E-02  0.00000000E+00  0.17460614E+00  0.00000000E+00  0.00000000E+00  0.17553443E+09  0.00000000E+00  0.00000000E+00  0.00000000E+00  0.00000000E+00  0.00000000E+00  0.10000000E-01  0.10000000E+01
 0.12700200E-08  0.87714968E-02  0.00000000E+00  0.17636149E+00  0.00000000E+00  0.00000000E+00  0.17553443E+09  0.00000000E+00  0.00000000E+00  0.00000000E+00  0.00000000E+00  0.00000000E+00  0.10000000E-01  0.10000000E+01
 0.12800200E-08  0.87714968E-02  0.00000000E+00  0.17811683E+00  0.00000000E+00  0.00000000E+00  0.17553443E+09  0.00000000E+00  0.00000000E+00  0.00000000E+00  0.00000000E+00  0.00000000E+00  0.10000000E-01  0.10000000E+01
 0.12900200E-08  0.87714968E-02  0.00000000E+00  0.17987217E+00  0.00000000E+00  0.00000000E+00  0.17553443E+09  0.00000000E+00  0.00000000E+00  0.00000000E+00  0.00000000E+00  0.00000000E+00  0.10000000E-01  0.10000000E+01
 0.13000200E-08  0.87714968E-02  0.00000000E+00  0.18162752E+00  0.00000000E+00  0.00000000E+00  0.17553443E+09  0.00000000E+00  0.00000000E+00  0.00000000E+00  0.00000000E+00  0.00000000E+00  0.10000000E-01  0.10000000E+01
 0.13100200E-08  0.87714968E-02  0.00000000E+00  0.18338286E+00  0.00000000E+00  0.00000000E+00  0.17553443E+09  0.00000000E+00  0.00000000E+00  0.00000000E+00  0.00000000E+00  0.00000000E+00  0.10000000E-01  0.10000000E+01
 0.13200200E-08  0.87714968E-02  0.00000000E+00  0.18513821E+00  0.00000000E+00  0.00000000E+00  0.17553443E+09  0.00000000E+00  0.00000000E+00  0.00000000E+00  0.00000000E+00  0.00000000E+00  0.10000000E-01  0.10000000E+01
 0.13300200E-08  0.87714968E-02  0.00000000E+00  0.18689355E+00  0.00000000E+00  0.00000000E+00  0.17553443E+09  0.00000000E+00  0.00000000E+00  0.00000000E+00  0.00000000E+00  0.00000000E+00  0.10000000E-01  0.10000000E+01
 0.13400200E-08  0.87714968E-02  0.00000000E+00  0.18864890E+00  0.00000000E+00  0.00000000E+00  0.17553443E+09  0.00000000E+00  0.00000000E+00  0.00000000E+00  0.00000000E+00  0.00000000E+00  0.10000000E-01  0.10000000E+01
 0.13500200E-08  0.87714968E-02  0.00000000E+00  0.19040424E+00  0.00000000E+00  0.00000000E+00  0.17553443E+09  0.00000000E+00  0.00000000E+00  0.00000000E+00  0.00000000E+00  0.00000000E+00  0.10000000E-01  0.10000000E+01
 0.13600200E-08  0.87714968E-02  0.00000000E+00  0.19215958E+00  0.00000000E+00  0.00000000E+00  0.17553443E+09  0.00000000E+00  0.00000000E+00  0.00000000E+00  0.00000000E+00  0.00000000E+00  0.10000000E-01  0.10000000E+01
 0.13700200E-08  0.87714968E-02  0.00000000E+00  0.19391493E+00  0.00000000E+00  0.00000000E+00  0.17553443E+09  0.00000000E+00  0.00000000E+00  0.00000000E+00  0.00000000E+00  0.00000000E+00  0.10000000E-01  0.10000000E+01
 0.13800200E-08  0.87714968E-02  0.00000000E+00  0.19567027E+00  0.00000000E+00  0.00000000E+00  0.17553443E+09  0.00000000E+00  0.00000000E+00  0.00000000E+00  0.00000000E+00  0.00000000E+00  0.10000000E-01  0.10000000E+01
 0.13900200E-08  0.87714968E-02  0.00000000E+00  0.19742562E+00  0.00000000E+00  0.00000000E+00  0.17553443E+09  0.00000000E+00  0.00000000E+00  0.00000000E+00  0.00000000E+00  0.00000000E+00  0.10000000E-01  0.10000000E+01
 0.14000200E-08  0.87714968E-02  0.00000000E+00  0.19918096E+00  0.00000000E+00  0.00000000E+00  0.17553443E+09  0.00000000E+00  0.00000000E+00  0.00000000E+00  0.00000000E+00  0.00000000E+00  0.10000000E-01  0.10000000E+01
 0.14100200E-08  0.87714968E-02  0.00000000E+00  0.20093631E+00  0.00000000E+00  0.00000000E+00  0.17553443E+09  0.00000000E+00  0.00000000E+00  0.00000000E+00  0.00000000E+00  0.00000000E+00  0.10000000E-01  0.10000000E+01
 0.14200200E-08  0.87714968E-02  0.00000000E+00  0.20269165E+00  0.00000000E+00  0.00000000E+00  0.17553443E+09  0.00000000E+00  0.00000000E+00  0.00000000E+00  0.00000000E+00  0.00000000E+00  0.10000000E-01  0.10000000E+01
 0.14300200E-08  0.87714968E-02  0.00000000E+00  0.20444699E+00  0.00000000E+00  0.00000000E+00  0.17553443E+09  0.00000000E+00  0.00000000E+00  0.00000000E+00  0.00000000E+00  0.00000000E+00  0.10000000E-01  0.10000000E+01
 0.14400200E-08  0.87714968E-02  0.00000000E+00  0.20620234E+00  0.00000000E+00  0.00000000E+00  0.17553443E+09  0.00000000E+00  0.00000000E+00  0.00000000E+00  0.00000000E+00  0.00000000E+00  0.10000000E-01  0.10000000E+01
 0.14500200E-08  0.87714968E-02  0.00000000E+00  0.20795768E+00  0.00000000E+00  0.00000000E+00  0.17553443E+09  0.00000000E+00  0.00000000E+00  0.00000000E+00  0.00000000E+00  0.00000000E+00  0.10000000E-01  0.10000000E+01
 0.14600200E-08  0.87714968E-02  0.00000000E+00  0.20971303E+00  0.00000000E+00  0.00000000E+00  0.17553443E+09  0.00000000E+00  0.00000000E+00  0.00000000E+00  0.00000000E+00  0.00000000E+00  0.10000000E-01  0.10000000E+01
 0.14700200E-08  0.87714968E-02  0.00000000E+00  0.21146837E+00  0.00000000E+00  0.00000000E+00  0.17553443E+09  0.00000000E+00  0.00000000E+00  0.00000000E+00  0.00000000E+00  0.00000000E+00  0.10000000E-01  0.10000000E+01
 0.14800200E-08  0.87714968E-02  0.00000000E+00  0.21322372E+00  0.00000000E+00  0.00000000E+00  0.17553443E+09  0.00000000E+00  0.00000000E+00  0.00000000E+00  0.00000000E+00  0.00000000E+00  0.10000000E-01  0.10000000E+01
 0.14900200E-08  0.87714968E-02  0.00000000E+00  0.21497906E+00  0.00000000E+00  0.00000000E+00  0.17553443E+09  0.00000000E+00  0.00000000E+00  0.00000000E+00  0.00000000E+00  0.00000000E+00  0.10000000E-01  0.10000000E+01
 0.15000200E-08  0.87714968E-02  0.00000000E+00  0.21673440E+00  0.00000000E+00  0.00000000E+00  0.17553443E+09  0.00000000E+00  0.00000000E+00  0.00000000E+00  0.00000000E+00  0.00000000E+00  0.10000000E-01  0.10000000E+01
 0.15100200E-08  0.87714968E-02  0.00000000E+00  0.21848975E+00  0.00000000E+00  0.00000000E+00  0.17553443E+09  0.00000000E+00  0.00000000E+00  0.00000000E+00  0.00000000E+00  0.00000000E+00  0.10000000E-01  0.10000000E+01
 0.15200200E-08  0.87714968E-02  0.00000000E+00  0.22024509E+00  0.00000000E+00  0.00000000E+00  0.17553443E+09  0.00000000E+00  0.00000000E+00  0.00000000E+00  0.00000000E+00  0.00000000E+00  0.10000000E-01  0.10000000E+01
 0.15300200E-08  0.87714968E-02  0.00000000E+00  0.22200044E+00  0.00000000E+00  0.00000000E+00  0.17553443E+09  0.00000000E+00  0.00000000E+00  0.00000000E+00  0.00000000E+00  0.00000000E+00  0.10000000E-01  0.10000000E+01
 0.15400200E-08  0.87714968E-02  0.00000000E+00  0.22375578E+00  0.00000000E+00  0.00000000E+00  0.17553443E+09  0.00000000E+00  0.00000000E+00  0.00000000E+00  0.00000000E+00  0.00000000E+00  0.10000000E-01  0.10000000E+01
 0.15500200E-08  0.87714968E-02  0.00000000E+00  0.22551113E+00  0.00000000E+00  0.00000000E+00  0.17553443E+09  0.00000000E+00  0.00000000E+00  0.00000000E+00  0.00000000E+00  0.00000000E+00  0.10000000E-01  0.10000000E+01
 0.15600200E-08  0.87714968E-02  0.00000000E+00  0.22726647E+00  0.00000000E+00  0.00000000E+00  0.17553443E+09  0.00000000E+00  0.00000000E+00  0.00000000E+00  0.00000000E+00  0.00000000E+00  0.10000000E-01  0.10000000E+01
 0.15700200E-08  0.87714968E-02  0.00000000E+00  0.22902181E+00  0.00000000E+00  0.00000000E+00  0.17553443E+09  0.00000000E+00  0.00000000E+00  0.00000000E+00  0.00000000E+00  0.00000000E+00  0.10000000E-01  0.10000000E+01
 0.15800200E-08  0.87714968E-02  0.00000000E+00  0.23077716E+00  0.00000000E+00  0.00000000E+00  0.17553443E+09  0.00000000E+00  0.00000000E+00  0.00000000E+00  0.00000000E+00  0.00000000E+00  0.10000000E-01  0.10000000E+01
 0.15900200E-08  0.87714968E-02  0.00000000E+00  0.23253250E+00  0.00000000E+00  0.00000000E+00  0.17553443E+09  0.00000000E+00  0.00000000E+00  0.00000000E+00  0.00000000E+00  0.00000000E+00  0.10000000E-01  0.10000000E+01
 0.16000200E-08  0.87714968E-02  0.00000000E+00  0.23428785E+00  0.00000000E+00  0.00000000E+00  0.17553443E+09  0.00000000E+00  0.00000000E+00  0.00000000E+00  0.00000000E+00  0.00000000E+00  0.10000000E-01  0.10000000E+01
 0.16100200E-08  0.87714968E-02  0.00000000E+00  0.23604319E+00  0.00000000E+00  0.00000000E+00  0.17553443E+09  0.00000000E+00  0.00000000E+00  0.00000000E+00  0.00000000E+00  0.00000000E+00  0.10000000E-01  0.10000000E+01
 0.16200200E-08  0.87714968E-02  0.00000000E+00  0.23779854E+00  0.00000000E+00  0.00000000E+00  0.17553443E+09  0.00000000E+00  0.00000000E+00  0.00000000E+00  0.00000000E+00  0.00000000E+00  0.10000000E-01  0.10000000E+01
 0.16300200E-08  0.87714968E-02  0.00000000E+00  0.23955388E+00  0.00000000E+00  0.00000000E+00  0.17553443E+09  0.00000000E+00  0.00000000E+00  0.00000000E+00  0.00000000E+00  0.00000000E+00  0.10000000E-01  0.10000000E+01
 0.16400200E-08  0.87714968E-02  0.00000000E+00  0.24130922E+00  0.00000000E+00  0.00000000E+00  0.17553443E+09  0.00000000E+00  0.00000000E+00  0.00000000E+00  0.00000000E+00  0.00000000E+00  0.10000000E-01  0.10000000E+01
 0.16500200E-08  0.87714968E-02  0.00000000E+00  0.24306457E+00  0.00000000E+00  0.00000000E+00  0.17553443E+09  0.00000000E+00  0.00000000E+00  0.00000000E+00  0.00000000E+00  0.00000000E+00  0.10000000E-01  0.10000000E+01
 0.16600200E-08  0.87714968E-02  0.00000000E+00  0.24481991E+00  0.00000000E+00  0.00000000E+00  0.17553443E+09  0.00000000E+00  0.00000000E+00  0.00000000E+00  0.00000000E+00  0.00000000E+00  0.10000000E-01  0.10000000E+01
 0.16700200E-08  0.87714968E-02  0.00000000E+00  0.24657526E+00  0.00000000E+00  0.00000000E+00  0.17553443E+09  0.00000000E+00  0.00000000E+00  0.00000000E+00  0.00000000E+00  0.00000000E+00  0.10000000E-01  0.10000000E+01
 0.16800200E-08  0.87714968E-02  0.00000000E+00  0.24833060E+00  0.00000000E+00  0.00000000E+00  0.17553443E+09  0.00000000E+00  0.00000000E+00  0.00000000E+00  0.00000000E+00  0.00000000E+00  0.10000000E-01  0.10000000E+01
 0.16900200E-08  0.87714968E-02  0.00000000E+00  0.25008595E+00  0.00000000E+00  0.00000000E+00  0.17553443E+09  0.00000000E+00  0.00000000E+00  0.00000000E+00  0.00000000E+00  0.00000000E+00  0.10000000E-01  0.10000000E+01
 0.17000200E-08  0.87714968E-02  0.00000000E+00  0.25184129E+00  0.00000000E+00  0.00000000E+00  0.17553443E+09  0.00000000E+00  0.00000000E+00  0.00000000E+00  0.00000000E+00  0.00000000E+00  0.10000000E-01  0.10000000E+01
 0.17100200E-08  0.87714968E-02  0.00000000E+00  0.25359663E+00  0.00000000E+00  0.00000000E+00  0.17553443E+09  0.00000000E+00  0.00000000E+00  0.00000000E+00  0.00000000E+00  0.00000000E+00  0.10000000E-01  0.10000000E+01
 0.17200200E-08  0.87714968E-02  0.00000000E+00  0.25535198E+00  0.00000000E+00  0.00000000E+00  0.17553443E+09  0.00000000E+00  0.00000000E+00  0.00000000E+00  0.00000000E+00  0.00000000E+00  0.10000000E-01  0.10000000E+01
 0.17300200E-08  0.87714968E-02  0.00000000E+00  0.25710732E+00  0.00000000E+00  0.00000000E+00  0.17553443E+09  0.00000000E+00  0.00000000E+00  0.00000000E+00  0.00000000E+00  0.00000000E+00  0.10000000E-01  0.10000000E+01
 0.17400200E-08  0.87714968E-02  0.00000000E+00  0.25886267E+00  0.00000000E+00  0.00000000E+00  0.17553443E+09  0.00000000E+00  0.00000000E+00  0.00000000E+00  0.00000000E+00  0.00000000E+00  0.10000000E-01  0.10000000E+01
 0.17500200E-08  0.87714968E-02  0.00000000E+00  0.26061801E+00  0.00000000E+00  0.00000000E+00  0.17553443E+09  0.00000000E+00  0.00000000E+00  0.00000000E+00  0.00000000E+00  0.00000000E+00  0.10000000E-01  0.10000000E+01
 0.17600200E-08  0.87714968E-02  0.00000000E+00  0.26237336E+00  0.00000000E+00  0.00000000E+00  0.17553443E+09  0.00000000E+00  0.00000000E+00  0.00000000E+00  0.00000000E+00  0.00000000E+00  0.10000000E-01  0.10000000E+01
 0.17700200E-08  0.87714968E-02  0.00000000E+00  0.26412870E+00  0.00000000E+00  0.00000000E+00  0.17553443E+09  0.00000000E+00  0.00000000E+00  0.00000000E+00  0.00000000E+00  0.00000000E+00  0.10000000E-01  0.10000000E+01
 0.17800200E-08  0.87714968E-02  0.00000000E+00  0.26588404E+00  0.00000000E+00  0.00000000E+00  0.17553443E+09  0.00000000E+00  0.00000000E+00  0.00000000E+00  0.00000000E+00  0.00000000E+00  0.10000000E-01  0.10000000E+01
 0.17900200E-08  0.87714968E-02  0.00000000E+00  0.26763939E+00  0.00000000E+00  0.00000000E+00  0.17553443E+09  0.00000000E+00  0.00000000E+00  0.00000000E+00  0.00000000E+00  0.00000000E+00  0.10000000E-01  0.10000000E+01
 0.18000200E-08  0.87714968E-02  0.00000000E+00  0.26939473E+00  0.00000000E+00  0.00000000E+00  0.17553443E+09  0.00000000E+00  0.00000000E+00  0.00000000E+00  0.00000000E+00  0.00000000E+00  0.10000000E-01  0.10000000E+01
 0.18100200E-08  0.87714968E-02  0.00000000E+00  0.27115008E+00  0.00000000E+00  0.00000000E+00  0.17553443E+09  0.00000000E+00  0.00000000E+00  0.00000000E+00  0.00000000E+00  0.00000000E+00  0.10000000E-01  0.10000000E+01
 0.18200200E-08  0.87714968E-02  0.00000000E+00  0.27290542E+00  0.00000000E+00  0.00000000E+00  0.17553443E+09  0.00000000E+00  0.00000000E+00  0.00000000E+00  0.00000000E+00  0.00000000E+00  0.10000000E-01  0.10000000E+01
 0.18300200E-08  0.87714968E-02  0.00000000E+00  0.27466077E+00  0.00000000E+00  0.00000000E+00  0.17553443E+09  0.00000000E+00  0.00000000E+00  0.00000000E+00  0.00000000E+00  0.00000000E+00  0.10000000E-01  0.10000000E+01
 0.18400200E-08  0.87714968E-02  0.00000000E+00  0.27641611E+00  0.00000000E+00  0.00000000E+00  0.17553443E+09  0.00000000E+00  0.00000000E+00  0.00000000E+00  0.00000000E+00  0.00000000E+00  0.10000000E-01  0.10000000E+01
 0.18500200E-08  0.87714968E-02  0.00000000E+00  0.27817146E+00  0.00000000E+00  0.00000000E+00  0.17553443E+09  0.00000000E+00  0.00000000E+00  0.00000000E+00  0.00000000E+00  0.00000000E+00  0.10000000E-01  0.10000000E+01
 0.18600200E-08  0.87714968E-02  0.00000000E+00  0.27992680E+00  0.00000000E+00  0.00000000E+00  0.17553443E+09  0.00000000E+00  0.00000000E+00  0.00000000E+00  0.00000000E+00  0.00000000E+00  0.10000000E-01  0.10000000E+01
 0.18700200E-08  0.87714968E-02  0.00000000E+00  0.28168214E+00  0.00000000E+00  0.00000000E+00  0.17553443E+09  0.00000000E+00  0.00000000E+00  0.00000000E+00  0.00000000E+00  0.00000000E+00  0.10000000E-01  0.10000000E+01
 0.18800200E-08  0.87714968E-02  0.00000000E+00  0.28343749E+00  0.00000000E+00  0.00000000E+00  0.17553443E+09  0.00000000E+00  0.00000000E+00  0.00000000E+00  0.00000000E+00  0.00000000E+00  0.10000000E-01  0.10000000E+01
 0.18900200E-08  0.87714968E-02  0.00000000E+00  0.28519283E+00  0.00000000E+00  0.00000000E+00  0.17553443E+09  0.00000000E+00  0.00000000E+00  0.00000000E+00  0.00000000E+00  0.00000000E+00  0.10000000E-01  0.10000000E+01
 0.19000200E-08  0.87714968E-02  0.00000000E+00  0.28694818E+00  0.00000000E+00  0.00000000E+00  0.17553443E+09  0.00000000E+00  0.00000000E+00  0.00000000E+00  0.00000000E+00  0.00000000E+00  0.10000000E-01  0.10000000E+01
 0.19100200E-08  0.87714968E-02  0.00000000E+00  0.28870352E+00  0.00000000E+00  0.00000000E+00  0.17553443E+09  0.00000000E+00  0.00000000E+00  0.00000000E+00  0.00000000E+00  0.00000000E+00  0.10000000E-01  0.10000000E+01
 0.19200200E-08  0.87714968E-02  0.00000000E+00  0.29045887E+00  0.00000000E+00  0.00000000E+00  0.17553443E+09  0.00000000E+00  0.00000000E+00  0.00000000E+00  0.00000000E+00  0.00000000E+00  0.10000000E-01  0.10000000E+01
 0.19300200E-08  0.87714968E-02  0.00000000E+00  0.29221421E+00  0.00000000E+00  0.00000000E+00  0.17553443E+09  0.00000000E+00  0.00000000E+00  0.00000000E+00  0.00000000E+00  0.00000000E+00  0.10000000E-01  0.10000000E+01
 0.19400200E-08  0.87714968E-02  0.00000000E+00  0.29396955E+00  0.00000000E+00  0.00000000E+00  0.17553443E+09  0.00000000E+00  0.00000000E+00  0.00000000E+00  0.00000000E+00  0.00000000E+00  0.10000000E-01  0.10000000E+01
 0.19500200E-08  0.87714968E-02  0.00000000E+00  0.29572490E+00  0.00000000E+00  0.00000000E+00  0.17553443E+09  0.00000000E+00  0.00000000E+00  0.00000000E+00  0.00000000E+00  0.00000000E+00  0.10000000E-01  0.10000000E+01
 0.19600200E-08  0.87714968E-02  0.00000000E+00  0.29748024E+00  0.00000000E+00  0.00000000E+00  0.17553443E+09  0.00000000E+00  0.00000000E+00  0.00000000E+00  0.00000000E+00  0.00000000E+00  0.10000000E-01  0.10000000E+01
 0.19700200E-08  0.87714968E-02  0.00000000E+00  0.29923559E+00  0.00000000E+00  0.00000000E+00  0.17553443E+09  0.00000000E+00  0.00000000E+00  0.00000000E+00  0.00000000E+00  0.00000000E+00  0.10000000E-01  0.10000000E+01
 0.19800200E-08  0.87714968E-02  0.00000000E+00  0.30099093E+00  0.00000000E+00  0.00000000E+00  0.17553443E+09  0.00000000E+00  0.00000000E+00  0.00000000E+00  0.00000000E+00  0.00000000E+00  0.10000000E-01  0.10000000E+01
 0.19900200E-08  0.87714968E-02  0.00000000E+00  0.30274628E+00  0.00000000E+00  0.00000000E+00  0.17553443E+09  0.00000000E+00  0.00000000E+00  0.00000000E+00  0.00000000E+00  0.00000000E+00  0.10000000E-01  0.10000000E+01
