# ptime xp yp zp vx vy vz ex ey ez bx by bz wt
 0.20000000E-13  0.33550881E-02  0.00000000E+00 -0.13508306E-01  0.00000000E+00  0.00000000E+00  0.16477853E+09  0.00000000E+00  0.00000000E+00  0.00000000E+00  0.00000000E+00  0.00000000E+00  0.10000000E-01  0.10000000E+01
 0.10000000E-10  0.33550881E-02  0.00000000E+00 -0.11863816E-01  0.00000000E+00  0.00000000E+00  0.16477853E+09  0.00000000E+00  0.00000000E+00  0.00000000E+00  0.00000000E+00  0.00000000E+00  0.10000000E-01  0.10000000E+01
 0.20000000E-10  0.33550881E-02  0.00000000E+00 -0.10216031E-01  0.00000000E+00  0.00000000E+00  0.16477853E+09  0.00000000E+00  0.00000000E+00  0.00000000E+00  0.00000000E+00  0.00000000E+00  0.10000000E-01  0.10000000E+01
 0.30000000E-10  0.33550881E-02  0.00000000E+00 -0.85682454E-02  0.00000000E+00  0.00000000E+00  0.16477853E+09  0.00000000E+00  0.00000000E+00  0.00000000E+00  0.00000000E+00  0.00000000E+00  0.10000000E-01  0.10000000E+01
 0.40020000E-10  0.33550881E-02  0.00000000E+00 -0.69171646E-02  0.00000000E+00  0.00000000E+00  0.16477853E+09  0.00000000E+00  0.00000000E+00  0.00000000E+00  0.00000000E+00  0.00000000E+00  0.10000000E-01  0.10000000E+01
 0.50020000E-10  0.33550881E-02  0.00000000E+00 -0.52693793E-02  0.00000000E+00  0.00000000E+00  0.16477853E+09  0.00000000E+00  0.00000000E+00  0.00000000E+00  0.00000000E+00  0.00000000E+00  0.10000000E-01  0.10000000E+01
 0.60020000E-10  0.33550881E-02  0.00000000E+00 -0.36215941E-02  0.00000000E+00  0.00000000E+00  0.16477853E+09  0.00000000E+00  0.00000000E+00  0.00000000E+00  0.00000000E+00  0.00000000E+00  0.10000000E-01  0.10000000E+01
 0.70020000E-10  0.33550881E-02  0.00000000E+00 -0.19738088E-02  0.00000000E+00  0.00000000E+00  0.16477853E+09  0.00000000E+00  0.00000000E+00  0.00000000E+00  0.00000000E+00  0.00000000E+00  0.10000000E-01  0.10000000E+01
 0.80000000E-10  0.33550881E-02  0.00000000E+00 -0.32931912E-03  0.00000000E+00  0.00000000E+00  0.16477853E+09  0.00000000E+00  0.00000000E+00  0.00000000E+00  0.00000000E+00  0.00000000E+00  0.10000000E-01  0.10000000E+01
 0.90000000E-10  0.33550881E-02  0.00000000E+00  0.13184661E-02  0.00000000E+00  0.00000000E+00  0.16477853E+09  0.00000000E+00  0.00000000E+00  0.00000000E+00  0.00000000E+00  0.00000000E+00  0.10000000E-01  0.10000000E+01
 0.10000000E-09  0.33550881E-02  0.00000000E+00  0.29662514E-02  0.00000000E+00  0.00000000E+00  0.16477853E+09  0.00000000E+00  0.00000000E+00  0.00000000E+00  0.00000000E+00  0.00000000E+00  0.10000000E-01  0.10000000E+01
 0.11000000E-09  0.33550881E-02  0.00000000E+00  0.46140367E-02  0.00000000E+00  0.00000000E+00  0.16477853E+09  0.00000000E+00  0.00000000E+00  0.00000000E+00  0.00000000E+00  0.00000000E+00  0.10000000E-01  0.10000000E+01
 0.12000000E-09  0.33550881E-02  0.00000000E+00  0.62618219E-02  0.00000000E+00  0.00000000E+00  0.16477853E+09  0.00000000E+00  0.00000000E+00  0.00000000E+00  0.00000000E+00  0.00000000E+00  0.10000000E-01  0.10000000E+01
 0.13000000E-09  0.33550881E-02  0.00000000E+00  0.79096072E-02  0.00000000E+00  0.00000000E+00  0.16477853E+09  0.00000000E+00  0.00000000E+00  0.00000000E+00  0.00000000E+00  0.00000000E+00  0.10000000E-01  0.10000000E+01
 0.14002000E-09  0.33550881E-02  0.00000000E+00  0.95606880E-02  0.00000000E+00  0.00000000E+00  0.16477853E+09  0.00000000E+00  0.00000000E+00  0.00000000E+00  0.00000000E+00  0.00000000E+00  0.10000000E-01  0.10000000E+01
 0.15002000E-09  0.33550881E-02  0.00000000E+00  0.11208473E-01  0.00000000E+00  0.00000000E+00  0.16477853E+09  0.00000000E+00  0.00000000E+00  0.00000000E+00  0.00000000E+00  0.00000000E+00  0.10000000E-01  0.10000000E+01
 0.16002000E-09  0.33550881E-02  0.00000000E+00  0.12856259E-01  0.00000000E+00  0.00000000E+00  0.16477853E+09  0.00000000E+00  0.00000000E+00  0.00000000E+00  0.00000000E+00  0.00000000E+00  0.10000000E-01  0.10000000E+01
 0.17002000E-09  0.33550881E-02  0.00000000E+00  0.14504044E-01  0.00000000E+00  0.00000000E+00  0.16477853E+09  0.00000000E+00  0.00000000E+00  0.00000000E+00  0.00000000E+00  0.00000000E+00  0.10000000E-01  0.10000000E+01
 0.18002000E-09  0.33550881E-02  0.00000000E+00  0.16151829E-01  0.00000000E+00  0.00000000E+00  0.16477853E+09  0.00000000E+00  0.00000000E+00  0.00000000E+00  0.00000000E+00  0.00000000E+00  0.10000000E-01  0.10000000E+01
 0.19002000E-09  0.33550881E-02  0.00000000E+00  0.17799614E-01  0.00000000E+00  0.00000000E+00  0.16477853E+09  0.00000000E+00  0.00000000E+00  0.00000000E+00  0.00000000E+00  0.00000000E+00  0.10000000E-01  0.10000000E+01
 0.20002000E-09  0.33550881E-02  0.00000000E+00  0.19447400E-01  0.00000000E+00  0.00000000E+00  0.16477853E+09  0.00000000E+00  0.00000000E+00  0.00000000E+00  0.00000000E+00  0.00000000E+00  0.10000000E-01  0.10000000E+01
 0.21002000E-09  0.33550881E-02  0.00000000E+00  0.21095185E-01  0.00000000E+00  0.00000000E+00  0.16477853E+09  0.00000000E+00  0.00000000E+00  0.00000000E+00  0.00000000E+00  0.00000000E+00  0.10000000E-01  0.10000000E+01
 0.22002000E-09  0.33550881E-02  0.00000000E+00  0.22742970E-01  0.00000000E+00  0.00000000E+00  0.16477853E+09  0.00000000E+00  0.00000000E+00  0.00000000E+00  0.00000000E+00  0.00000000E+00  0.10000000E-01  0.10000000E+01
 0.23002000E-09  0.33550881E-02  0.00000000E+00  0.24390755E-01  0.00000000E+00  0.00000000E+00  0.16477853E+09  0.00000000E+00  0.00000000E+00  0.00000000E+00  0.00000000E+00  0.00000000E+00  0.10000000E-01  0.10000000E+01
 0.24002000E-09  0.33550881E-02  0.00000000E+00  0.26038541E-01  0.00000000E+00  0.00000000E+00  0.16477853E+09  0.00000000E+00  0.00000000E+00  0.00000000E+00  0.00000000E+00  0.00000000E+00  0.10000000E-01  0.10000000E+01
 0.25002000E-09  0.33550881E-02  0.00000000E+00  0.27686326E-01  0.00000000E+00  0.00000000E+00  0.16477853E+09  0.00000000E+00  0.00000000E+00  0.00000000E+00  0.00000000E+00  0.00000000E+00  0.10000000E-01  0.10000000E+01
 0.26002000E-09  0.33550881E-02  0.00000000E+00  0.29334111E-01  0.00000000E+00  0.00000000E+00  0.16477853E+09  0.00000000E+00  0.00000000E+00  0.00000000E+00  0.00000000E+00  0.00000000E+00  0.10000000E-01  0.10000000E+01
 0.27002000E-09  0.33550881E-02  0.00000000E+00  0.30981896E-01  0.00000000E+00  0.00000000E+00  0.16477853E+09  0.00000000E+00  0.00000000E+00  0.00000000E+00  0.00000000E+00  0.00000000E+00  0.10000000E-01  0.10000000E+01
 0.28002000E-09  0.33550881E-02  0.00000000E+00  0.32629682E-01  0.00000000E+00  0.00000000E+00  0.16477853E+09  0.00000000E+00  0.00000000E+00  0.00000000E+00  0.00000000E+00  0.00000000E+00  0.10000000E-01  0.10000000E+01
 0.29002000E-09  0.33550881E-02  0.00000000E+00  0.34277467E-01  0.00000000E+00  0.00000000E+00  0.16477853E+09  0.00000000E+00  0.00000000E+00  0.00000000E+00  0.00000000E+00  0.00000000E+00  0.10000000E-01  0.10000000E+01
 0.30000000E-09  0.33550881E-02  0.00000000E+00  0.35921957E-01  0.00000000E+00  0.00000000E+00  0.16477853E+09  0.00000000E+00  0.00000000E+00  0.00000000E+00  0.00000000E+00  0.00000000E+00  0.10000000E-01  0.10000000E+01
 0.31000000E-09  0.33550881E-02  0.00000000E+00  0.37569742E-01  0.00000000E+00  0.00000000E+00  0.16477853E+09  0.00000000E+00  0.00000000E+00  0.00000000E+00  0.00000000E+00  0.00000000E+00  0.10000000E-01  0.10000000E+01
 0.32000000E-09  0.33550881E-02  0.00000000E+00  0.39217527E-01  0.00000000E+00  0.00000000E+00  0.16477853E+09  0.00000000E+00  0.00000000E+00  0.00000000E+00  0.00000000E+00  0.00000000E+00  0.10000000E-01  0.10000000E+01
 0.33000000E-09  0.33550881E-02  0.00000000E+00  0.40865312E-01  0.00000000E+00  0.00000000E+00  0.16477853E+09  0.00000000E+00  0.00000000E+00  0.00000000E+00  0.00000000E+00  0.00000000E+00  0.10000000E-01  0.10000000E+01
 0.34000000E-09  0.33550881E-02  0.00000000E+00  0.42513098E-01  0.00000000E+00  0.00000000E+00  0.16477853E+09  0.00000000E+00  0.00000000E+00  0.00000000E+00  0.00000000E+00  0.00000000E+00  0.10000000E-01  0.10000000E+01
 0.35000000E-09  0.33550881E-02  0.00000000E+00  0.44160883E-01  0.00000000E+00  0.00000000E+00  0.16477853E+09  0.00000000E+00  0.00000000E+00  0.00000000E+00  0.00000000E+00  0.00000000E+00  0.10000000E-01  0.10000000E+01
 0.36000000E-09  0.33550881E-02  0.00000000E+00  0.45808668E-01  0.00000000E+00  0.00000000E+00  0.16477853E+09  0.00000000E+00  0.00000000E+00  0.00000000E+00  0.00000000E+00  0.00000000E+00  0.10000000E-01  0.10000000E+01
 0.37000000E-09  0.33550881E-02  0.00000000E+00  0.47456453E-01  0.00000000E+00  0.00000000E+00  0.16477853E+09  0.00000000E+00  0.00000000E+00  0.00000000E+00  0.00000000E+00  0.00000000E+00  0.10000000E-01  0.10000000E+01
 0.38000000E-09  0.33550881E-02  0.00000000E+00  0.49104239E-01  0.00000000E+00  0.00000000E+00  0.16477853E+09  0.00000000E+00  0.00000000E+00  0.00000000E+00  0.00000000E+00  0.00000000E+00  0.10000000E-01  0.10000000E+01
 0.39000000E-09  0.33550881E-02  0.00000000E+00  0.50752024E-01  0.00000000E+00  0.00000000E+00  0.16477853E+09  0.00000000E+00  0.00000000E+00  0.00000000E+00  0.00000000E+00  0.00000000E+00  0.10000000E-01  0.10000000E+01
 0.40000000E-09  0.33550881E-02  0.00000000E+00  0.52399809E-01  0.00000000E+00  0.00000000E+00  0.16477853E+09  0.00000000E+00  0.00000000E+00  0.00000000E+00  0.00000000E+00  0.00000000E+00  0.10000000E-01  0.10000000E+01
 0.41000000E-09  0.33550881E-02  0.00000000E+00  0.54047594E-01  0.00000000E+00  0.00000000E+00  0.16477853E+09  0.00000000E+00  0.00000000E+00  0.00000000E+00  0.00000000E+00  0.00000000E+00  0.10000000E-01  0.10000000E+01
 0.42000000E-09  0.33550881E-02  0.00000000E+00  0.55695380E-01  0.00000000E+00  0.00000000E+00  0.16477853E+09  0.00000000E+00  0.00000000E+00  0.00000000E+00  0.00000000E+00  0.00000000E+00  0.10000000E-01  0.10000000E+01
 0.43000000E-09  0.33550881E-02  0.00000000E+00  0.57343165E-01  0.00000000E+00  0.00000000E+00  0.16477853E+09  0.00000000E+00  0.00000000E+00  0.00000000E+00  0.00000000E+00  0.00000000E+00  0.10000000E-01  0.10000000E+01
 0.44000000E-09  0.33550881E-02  0.00000000E+00  0.58990950E-01  0.00000000E+00  0.00000000E+00  0.16477853E+09  0.00000000E+00  0.00000000E+00  0.00000000E+00  0.00000000E+00  0.00000000E+00  0.10000000E-01  0.10000000E+01
 0.45000000E-09  0.33550881E-02  0.00000000E+00  0.60638735E-01  0.00000000E+00  0.00000000E+00  0.16477853E+09  0.00000000E+00  0.00000000E+00  0.00000000E+00  0.00000000E+00  0.00000000E+00  0.10000000E-01  0.10000000E+01
 0.46000000E-09  0.33550881E-02  0.00000000E+00  0.62286521E-01  0.00000000E+00  0.00000000E+00  0.16477853E+09  0.00000000E+00  0.00000000E+00  0.00000000E+00  0.00000000E+00  0.00000000E+00  0.10000000E-01  0.10000000E+01
 0.47000000E-09  0.33550881E-02  0.00000000E+00  0.63934306E-01  0.00000000E+00  0.00000000E+00  0.16477853E+09  0.00000000E+00  0.00000000E+00  0.00000000E+00  0.00000000E+00  0.00000000E+00  0.10000000E-01  0.10000000E+01
 0.48000000E-09  0.33550881E-02  0.00000000E+00  0.65582091E-01  0.00000000E+00  0.00000000E+00  0.16477853E+09  0.00000000E+00  0.00000000E+00  0.00000000E+00  0.00000000E+00  0.00000000E+00  0.10000000E-01  0.10000000E+01
 0.49000000E-09  0.33550881E-02  0.00000000E+00  0.67229877E-01  0.00000000E+00  0.00000000E+00  0.16477853E+09  0.00000000E+00  0.00000000E+00  0.00000000E+00  0.00000000E+00  0.00000000E+00  0.10000000E-01  0.10000000E+01
 0.50000000E-09  0.33550881E-02  0.00000000E+00  0.68877662E-01  0.00000000E+00  0.00000000E+00  0.16477853E+09  0.00000000E+00  0.00000000E+00  0.00000000E+00  0.00000000E+00  0.00000000E+00  0.10000000E-01  0.10000000E+01
 0.51000000E-09  0.33550881E-02  0.00000000E+00  0.70525447E-01  0.00000000E+00  0.00000000E+00  0.16477853E+09  0.00000000E+00  0.00000000E+00  0.00000000E+00  0.00000000E+00  0.00000000E+00  0.10000000E-01  0.10000000E+01
 0.52000000E-09  0.33550881E-02  0.00000000E+00  0.72173232E-01  0.00000000E+00  0.00000000E+00  0.16477853E+09  0.00000000E+00  0.00000000E+00  0.00000000E+00  0.00000000E+00  0.00000000E+00  0.10000000E-01  0.10000000E+01
 0.53000000E-09  0.33550881E-02  0.00000000E+00  0.73821018E-01  0.00000000E+00  0.00000000E+00  0.16477853E+09  0.00000000E+00  0.00000000E+00  0.00000000E+00  0.00000000E+00  0.00000000E+00  0.10000000E-01  0.10000000E+01
 0.54000000E-09  0.33550881E-02  0.00000000E+00  0.75468803E-01  0.00000000E+00  0.00000000E+00  0.16477853E+09  0.00000000E+00  0.00000000E+00  0.00000000E+00  0.00000000E+00  0.00000000E+00  0.10000000E-01  0.10000000E+01
 0.55002000E-09  0.33550881E-02  0.00000000E+00  0.77119884E-01  0.00000000E+00  0.00000000E+00  0.16477853E+09  0.00000000E+00  0.00000000E+00  0.00000000E+00  0.00000000E+00  0.00000000E+00  0.10000000E-01  0.10000000E+01
 0.56002000E-09  0.33550881E-02  0.00000000E+00  0.78767669E-01  0.00000000E+00  0.00000000E+00  0.16477853E+09  0.00000000E+00  0.00000000E+00  0.00000000E+00  0.00000000E+00  0.00000000E+00  0.10000000E-01  0.10000000E+01
 0.57002000E-09  0.33550881E-02  0.00000000E+00  0.80415454E-01  0.00000000E+00  0.00000000E+00  0.16477853E+09  0.00000000E+00  0.00000000E+00  0.00000000E+00  0.00000000E+00  0.00000000E+00  0.10000000E-01  0.10000000E+01
 0.58002000E-09  0.33550881E-02  0.00000000E+00  0.82063239E-01  0.00000000E+00  0.00000000E+00  0.16477853E+09  0.00000000E+00  0.00000000E+00  0.00000000E+00  0.00000000E+00  0.00000000E+00  0.10000000E-01  0.10000000E+01
 0.59002000E-09  0.33550881E-02  0.00000000E+00  0.83711025E-01  0.00000000E+00  0.00000000E+00  0.16477853E+09  0.00000000E+00  0.00000000E+00  0.00000000E+00  0.00000000E+00  0.00000000E+00  0.10000000E-01  0.10000000E+01
 0.60002000E-09  0.33550881E-02  0.00000000E+00  0.85358810E-01  0.00000000E+00  0.00000000E+00  0.16477853E+09  0.00000000E+00  0.00000000E+00  0.00000000E+00  0.00000000E+00  0.00000000E+00  0.10000000E-01  0.10000000E+01
 0.61002000E-09  0.33550881E-02  0.00000000E+00  0.87006595E-01  0.00000000E+00  0.00000000E+00  0.16477853E+09  0.00000000E+00  0.00000000E+00  0.00000000E+00  0.00000000E+00  0.00000000E+00  0.10000000E-01  0.10000000E+01
 0.62002000E-09  0.33550881E-02  0.00000000E+00  0.88654380E-01  0.00000000E+00  0.00000000E+00  0.16477853E+09  0.00000000E+00  0.00000000E+00  0.00000000E+00  0.00000000E+00  0.00000000E+00  0.10000000E-01  0.10000000E+01
 0.63002000E-09  0.33550881E-02  0.00000000E+00  0.90302166E-01  0.00000000E+00  0.00000000E+00  0.16477853E+09  0.00000000E+00  0.00000000E+00  0.00000000E+00  0.00000000E+00  0.00000000E+00  0.10000000E-01  0.10000000E+01
 0.64002000E-09  0.33550881E-02  0.00000000E+00  0.91949951E-01  0.00000000E+00  0.00000000E+00  0.16477853E+09  0.00000000E+00  0.00000000E+00  0.00000000E+00  0.00000000E+00  0.00000000E+00  0.10000000E-01  0.10000000E+01
 0.65002000E-09  0.33550881E-02  0.00000000E+00  0.93597736E-01  0.00000000E+00  0.00000000E+00  0.16477853E+09  0.00000000E+00  0.00000000E+00  0.00000000E+00  0.00000000E+00  0.00000000E+00  0.10000000E-01  0.10000000E+01
 0.66002000E-09  0.33550881E-02  0.00000000E+00  0.95245522E-01  0.00000000E+00  0.00000000E+00  0.16477853E+09  0.00000000E+00  0.00000000E+00  0.00000000E+00  0.00000000E+00  0.00000000E+00  0.10000000E-01  0.10000000E+01
 0.67002000E-09  0.33550881E-02  0.00000000E+00  0.96893307E-01  0.00000000E+00  0.00000000E+00  0.16477853E+09  0.00000000E+00  0.00000000E+00  0.00000000E+00  0.00000000E+00  0.00000000E+00  0.10000000E-01  0.10000000E+01
 0.68002000E-09  0.33550881E-02  0.00000000E+00  0.98541092E-01  0.00000000E+00  0.00000000E+00  0.16477853E+09  0.00000000E+00  0.00000000E+00  0.00000000E+00  0.00000000E+00  0.00000000E+00  0.10000000E-01  0.10000000E+01
 0.69002000E-09  0.33550881E-02  0.00000000E+00  0.10018888E+00  0.00000000E+00  0.00000000E+00  0.16477853E+09  0.00000000E+00  0.00000000E+00  0.00000000E+00  0.00000000E+00  0.00000000E+00  0.10000000E-01  0.10000000E+01
 0.70002000E-09  0.33550881E-02  0.00000000E+00  0.10183666E+00  0.00000000E+00  0.00000000E+00  0.16477853E+09  0.00000000E+00  0.00000000E+00  0.00000000E+00  0.00000000E+00  0.00000000E+00  0.10000000E-01  0.10000000E+01
 0.71002000E-09  0.33550881E-02  0.00000000E+00  0.10348445E+00  0.00000000E+00  0.00000000E+00  0.16477853E+09  0.00000000E+00  0.00000000E+00  0.00000000E+00  0.00000000E+00  0.00000000E+00  0.10000000E-01  0.10000000E+01
 0.72002000E-09  0.33550881E-02  0.00000000E+00  0.10513223E+00  0.00000000E+00  0.00000000E+00  0.16477853E+09  0.00000000E+00  0.00000000E+00  0.00000000E+00  0.00000000E+00  0.00000000E+00  0.10000000E-01  0.10000000E+01
 0.73002000E-09  0.33550881E-02  0.00000000E+00  0.10678002E+00  0.00000000E+00  0.00000000E+00  0.16477853E+09  0.00000000E+00  0.00000000E+00  0.00000000E+00  0.00000000E+00  0.00000000E+00  0.10000000E-01  0.10000000E+01
 0.74002000E-09  0.33550881E-02  0.00000000E+00  0.10842780E+00  0.00000000E+00  0.00000000E+00  0.16477853E+09  0.00000000E+00  0.00000000E+00  0.00000000E+00  0.00000000E+00  0.00000000E+00  0.10000000E-01  0.10000000E+01
 0.75002000E-09  0.33550881E-02  0.00000000E+00  0.11007559E+00  0.00000000E+00  0.00000000E+00  0.16477853E+09  0.00000000E+00  0.00000000E+00  0.00000000E+00  0.00000000E+00  0.00000000E+00  0.10000000E-01  0.10000000E+01
 0.76002000E-09  0.33550881E-02  0.00000000E+00  0.11172337E+00  0.00000000E+00  0.00000000E+00  0.16477853E+09  0.00000000E+00  0.00000000E+00  0.00000000E+00  0.00000000E+00  0.00000000E+00  0.10000000E-01  0.10000000E+01
 0.77002000E-09  0.33550881E-02  0.00000000E+00  0.11337116E+00  0.00000000E+00  0.00000000E+00  0.16477853E+09  0.00000000E+00  0.00000000E+00  0.00000000E+00  0.00000000E+00  0.00000000E+00  0.10000000E-01  0.10000000E+01
 0.78002000E-09  0.33550881E-02  0.00000000E+00  0.11501894E+00  0.00000000E+00  0.00000000E+00  0.16477853E+09  0.00000000E+00  0.00000000E+00  0.00000000E+00  0.00000000E+00  0.00000000E+00  0.10000000E-01  0.10000000E+01
 0.79002000E-09  0.33550881E-02  0.00000000E+00  0.11666673E+00  0.00000000E+00  0.00000000E+00  0.16477853E+09  0.00000000E+00  0.00000000E+00  0.00000000E+00  0.00000000E+00  0.00000000E+00  0.10000000E-01  0.10000000E+01
 0.80002000E-09  0.33550881E-02  0.00000000E+00  0.11831452E+00  0.00000000E+00  0.00000000E+00  0.16477853E+09  0.00000000E+00  0.00000000E+00  0.00000000E+00  0.00000000E+00  0.00000000E+00  0.10000000E-01  0.10000000E+01
 0.81002000E-09  0.33550881E-02  0.00000000E+00  0.11996230E+00  0.00000000E+00  0.00000000E+00  0.16477853E+09  0.00000000E+00  0.00000000E+00  0.00000000E+00  0.00000000E+00  0.00000000E+00  0.10000000E-01  0.10000000E+01
 0.82002000E-09  0.33550881E-02  0.00000000E+00  0.12161009E+00  0.00000000E+00  0.00000000E+00  0.16477853E+09  0.00000000E+00  0.00000000E+00  0.00000000E+00  0.00000000E+00  0.00000000E+00  0.10000000E-01  0.10000000E+01
 0.83002000E-09  0.33550881E-02  0.00000000E+00  0.12325787E+00  0.00000000E+00  0.00000000E+00  0.16477853E+09  0.00000000E+00  0.00000000E+00  0.00000000E+00  0.00000000E+00  0.00000000E+00  0.10000000E-01  0.10000000E+01
 0.84002000E-09  0.33550881E-02  0.00000000E+00  0.12490566E+00  0.00000000E+00  0.00000000E+00  0.16477853E+09  0.00000000E+00  0.00000000E+00  0.00000000E+00  0.00000000E+00  0.00000000E+00  0.10000000E-01  0.10000000E+01
 0.85002000E-09  0.33550881E-02  0.00000000E+00  0.12655344E+00  0.00000000E+00  0.00000000E+00  0.16477853E+09  0.00000000E+00  0.00000000E+00  0.00000000E+00  0.00000000E+00  0.00000000E+00  0.10000000E-01  0.10000000E+01
 0.86002000E-09  0.33550881E-02  0.00000000E+00  0.12820123E+00  0.00000000E+00  0.00000000E+00  0.16477853E+09  0.00000000E+00  0.00000000E+00  0.00000000E+00  0.00000000E+00  0.00000000E+00  0.10000000E-01  0.10000000E+01
 0.87002000E-09  0.33550881E-02  0.00000000E+00  0.12984901E+00  0.00000000E+00  0.00000000E+00  0.16477853E+09  0.00000000E+00  0.00000000E+00  0.00000000E+00  0.00000000E+00  0.00000000E+00  0.10000000E-01  0.10000000E+01
 0.88002000E-09  0.33550881E-02  0.00000000E+00  0.13149680E+00  0.00000000E+00  0.00000000E+00  0.16477853E+09  0.00000000E+00  0.00000000E+00  0.00000000E+00  0.00000000E+00  0.00000000E+00  0.10000000E-01  0.10000000E+01
 0.89002000E-09  0.33550881E-02  0.00000000E+00  0.13314458E+00  0.00000000E+00  0.00000000E+00  0.16477853E+09  0.00000000E+00  0.00000000E+00  0.00000000E+00  0.00000000E+00  0.00000000E+00  0.10000000E-01  0.10000000E+01
 0.90002000E-09  0.33550881E-02  0.00000000E+00  0.13479237E+00  0.00000000E+00  0.00000000E+00  0.16477853E+09  0.00000000E+00  0.00000000E+00  0.00000000E+00  0.00000000E+00  0.00000000E+00  0.10000000E-01  0.10000000E+01
 0.91002000E-09  0.33550881E-02  0.00000000E+00  0.13644015E+00  0.00000000E+00  0.00000000E+00  0.16477853E+09  0.00000000E+00  0.00000000E+00  0.00000000E+00  0.00000000E+00  0.00000000E+00  0.10000000E-01  0.10000000E+01
 0.92002000E-09  0.33550881E-02  0.00000000E+00  0.13808794E+00  0.00000000E+00  0.00000000E+00  0.16477853E+09  0.00000000E+00  0.00000000E+00  0.00000000E+00  0.00000000E+00  0.00000000E+00  0.10000000E-01  0.10000000E+01
 0.93002000E-09  0.33550881E-02  0.00000000E+00  0.13973572E+00  0.00000000E+00  0.00000000E+00  0.16477853E+09  0.00000000E+00  0.00000000E+00  0.00000000E+00  0.00000000E+00  0.00000000E+00  0.10000000E-01  0.10000000E+01
 0.94002000E-09  0.33550881E-02  0.00000000E+00  0.14138351E+00  0.00000000E+00  0.00000000E+00  0.16477853E+09  0.00000000E+00  0.00000000E+00  0.00000000E+00  0.00000000E+00  0.00000000E+00  0.10000000E-01  0.10000000E+01
 0.95002000E-09  0.33550881E-02  0.00000000E+00  0.14303129E+00  0.00000000E+00  0.00000000E+00  0.16477853E+09  0.00000000E+00  0.00000000E+00  0.00000000E+00  0.00000000E+00  0.00000000E+00  0.10000000E-01  0.10000000E+01
 0.96002000E-09  0.33550881E-02  0.00000000E+00  0.14467908E+00  0.00000000E+00  0.00000000E+00  0.16477853E+09  0.00000000E+00  0.00000000E+00  0.00000000E+00  0.00000000E+00  0.00000000E+00  0.10000000E-01  0.10000000E+01
 0.97002000E-09  0.33550881E-02  0.00000000E+00  0.14632686E+00  0.00000000E+00  0.00000000E+00  0.16477853E+09  0.00000000E+00  0.00000000E+00  0.00000000E+00  0.00000000E+00  0.00000000E+00  0.10000000E-01  0.10000000E+01
 0.98002000E-09  0.33550881E-02  0.00000000E+00  0.14797465E+00  0.00000000E+00  0.00000000E+00  0.16477853E+09  0.00000000E+00  0.00000000E+00  0.00000000E+00  0.00000000E+00  0.00000000E+00  0.10000000E-01  0.10000000E+01
 0.99002000E-09  0.33550881E-02  0.00000000E+00  0.14962244E+00  0.00000000E+00  0.00000000E+00  0.16477853E+09  0.00000000E+00  0.00000000E+00  0.00000000E+00  0.00000000E+00  0.00000000E+00  0.10000000E-01  0.10000000E+01
 0.10000200E-08  0.33550881E-02  0.00000000E+00  0.15127022E+00  0.00000000E+00  0.00000000E+00  0.16477853E+09  0.00000000E+00  0.00000000E+00  0.00000000E+00  0.00000000E+00  0.00000000E+00  0.10000000E-01  0.10000000E+01
 0.10100200E-08  0.33550881E-02  0.00000000E+00  0.15291801E+00  0.00000000E+00  0.00000000E+00  0.16477853E+09  0.00000000E+00  0.00000000E+00  0.00000000E+00  0.00000000E+00  0.00000000E+00  0.10000000E-01  0.10000000E+01
 0.10200200E-08  0.33550881E-02  0.00000000E+00  0.15456579E+00  0.00000000E+00  0.00000000E+00  0.16477853E+09  0.00000000E+00  0.00000000E+00  0.00000000E+00  0.00000000E+00  0.00000000E+00  0.10000000E-01  0.10000000E+01
 0.10300200E-08  0.33550881E-02  0.00000000E+00  0.15621358E+00  0.00000000E+00  0.00000000E+00  0.16477853E+09  0.00000000E+00  0.00000000E+00  0.00000000E+00  0.00000000E+00  0.00000000E+00  0.10000000E-01  0.10000000E+01
 0.10400200E-08  0.33550881E-02  0.00000000E+00  0.15786136E+00  0.00000000E+00  0.00000000E+00  0.16477853E+09  0.00000000E+00  0.00000000E+00  0.00000000E+00  0.00000000E+00  0.00000000E+00  0.10000000E-01  0.10000000E+01
 0.10500200E-08  0.33550881E-02  0.00000000E+00  0.15950915E+00  0.00000000E+00  0.00000000E+00  0.16477853E+09  0.00000000E+00  0.00000000E+00  0.00000000E+00  0.00000000E+00  0.00000000E+00  0.10000000E-01  0.10000000E+01
 0.10600200E-08  0.33550881E-02  0.00000000E+00  0.16115693E+00  0.00000000E+00  0.00000000E+00  0.16477853E+09  0.00000000E+00  0.00000000E+00  0.00000000E+00  0.00000000E+00  0.00000000E+00  0.10000000E-01  0.10000000E+01
 0.10700200E-08  0.33550881E-02  0.00000000E+00  0.16280472E+00  0.00000000E+00  0.00000000E+00  0.16477853E+09  0.00000000E+00  0.00000000E+00  0.00000000E+00  0.00000000E+00  0.00000000E+00  0.10000000E-01  0.10000000E+01
 0.10800200E-08  0.33550881E-02  0.00000000E+00  0.16445250E+00  0.00000000E+00  0.00000000E+00  0.16477853E+09  0.00000000E+00  0.00000000E+00  0.00000000E+00  0.00000000E+00  0.00000000E+00  0.10000000E-01  0.10000000E+01
 0.10900200E-08  0.33550881E-02  0.00000000E+00  0.16610029E+00  0.00000000E+00  0.00000000E+00  0.16477853E+09  0.00000000E+00  0.00000000E+00  0.00000000E+00  0.00000000E+00  0.00000000E+00  0.10000000E-01  0.10000000E+01
 0.11000200E-08  0.33550881E-02  0.00000000E+00  0.16774807E+00  0.00000000E+00  0.00000000E+00  0.16477853E+09  0.00000000E+00  0.00000000E+00  0.00000000E+00  0.00000000E+00  0.00000000E+00  0.10000000E-01  0.10000000E+01
 0.11100200E-08  0.33550881E-02  0.00000000E+00  0.16939586E+00  0.00000000E+00  0.00000000E+00  0.16477853E+09  0.00000000E+00  0.00000000E+00  0.00000000E+00  0.00000000E+00  0.00000000E+00  0.10000000E-01  0.10000000E+01
 0.11200200E-08  0.33550881E-02  0.00000000E+00  0.17104364E+00  0.00000000E+00  0.00000000E+00  0.16477853E+09  0.00000000E+00  0.00000000E+00  0.00000000E+00  0.00000000E+00  0.00000000E+00  0.10000000E-01  0.10000000E+01
 0.11300200E-08  0.33550881E-02  0.00000000E+00  0.17269143E+00  0.00000000E+00  0.00000000E+00  0.16477853E+09  0.00000000E+00  0.00000000E+00  0.00000000E+00  0.00000000E+00  0.00000000E+00  0.10000000E-01  0.10000000E+01
 0.11400200E-08  0.33550881E-02  0.00000000E+00  0.17433921E+00  0.00000000E+00  0.00000000E+00  0.16477853E+09  0.00000000E+00  0.00000000E+00  0.00000000E+00  0.00000000E+00  0.00000000E+00  0.10000000E-01  0.10000000E+01
 0.11500200E-08  0.33550881E-02  0.00000000E+00  0.17598700E+00  0.00000000E+00  0.00000000E+00  0.16477853E+09  0.00000000E+00  0.00000000E+00  0.00000000E+00  0.00000000E+00  0.00000000E+00  0.10000000E-01  0.10000000E+01
 0.11600200E-08  0.33550881E-02  0.00000000E+00  0.17763478E+00  0.00000000E+00  0.00000000E+00  0.16477853E+09  0.00000000E+00  0.00000000E+00  0.00000000E+00  0.00000000E+00  0.00000000E+00  0.10000000E-01  0.10000000E+01
 0.11700200E-08  0.33550881E-02  0.00000000E+00  0.17928257E+00  0.00000000E+00  0.00000000E+00  0.16477853E+09  0.00000000E+00  0.00000000E+00  0.00000000E+00  0.00000000E+00  0.00000000E+00  0.10000000E-01  0.10000000E+01
 0.11800200E-08  0.33550881E-02  0.00000000E+00  0.18093036E+00  0.00000000E+00  0.00000000E+00  0.16477853E+09  0.00000000E+00  0.00000000E+00  0.00000000E+00  0.00000000E+00  0.00000000E+00  0.10000000E-01  0.10000000E+01
 0.11900200E-08  0.33550881E-02  0.00000000E+00  0.18257814E+00  0.00000000E+00  0.00000000E+00  0.16477853E+09  0.00000000E+00  0.00000000E+00  0.00000000E+00  0.00000000E+00  0.00000000E+00  0.10000000E-01  0.10000000E+01
 0.12000200E-08  0.33550881E-02  0.00000000E+00  0.18422593E+00  0.00000000E+00  0.00000000E+00  0.16477853E+09  0.00000000E+00  0.00000000E+00  0.00000000E+00  0.00000000E+00  0.00000000E+00  0.10000000E-01  0.10000000E+01
 0.12100200E-08  0.33550881E-02  0.00000000E+00  0.18587371E+00  0.00000000E+00  0.00000000E+00  0.16477853E+09  0.00000000E+00  0.00000000E+00  0.00000000E+00  0.00000000E+00  0.00000000E+00  0.10000000E-01  0.10000000E+01
 0.12200200E-08  0.33550881E-02  0.00000000E+00  0.18752150E+00  0.00000000E+00  0.00000000E+00  0.16477853E+09  0.00000000E+00  0.00000000E+00  0.00000000E+00  0.00000000E+00  0.00000000E+00  0.10000000E-01  0.10000000E+01
 0.12300200E-08  0.33550881E-02  0.00000000E+00  0.18916928E+00  0.00000000E+00  0.00000000E+00  0.16477853E+09  0.00000000E+00  0.00000000E+00  0.00000000E+00  0.00000000E+00  0.00000000E+00  0.10000000E-01  0.10000000E+01
 0.12400200E-08  0.33550881E-02  0.00000000E+00  0.19081707E+00  0.00000000E+00  0.00000000E+00  0.16477853E+09  0.00000000E+00  0.00000000E+00  0.00000000E+00  0.00000000E+00  0.00000000E+00  0.10000000E-01  0.10000000E+01
 0.12500200E-08  0.33550881E-02  0.00000000E+00  0.19246485E+00  0.00000000E+00  0.00000000E+00  0.16477853E+09  0.00000000E+00  0.00000000E+00  0.00000000E+00  0.00000000E+00  0.00000000E+00  0.10000000E-01  0.10000000E+01
 0.12600200E-08  0.33550881E-02  0.00000000E+00  0.19411264E+00  0.00000000E+00  0.00000000E+00  0.16477853E+09  0.00000000E+00  0.00000000E+00  0.00000000E+00  0.00000000E+00  0.00000000E+00  0.10000000E-01  0.10000000E+01
 0.12700200E-08  0.33550881E-02  0.00000000E+00  0.19576042E+00  0.00000000E+00  0.00000000E+00  0.16477853E+09  0.00000000E+00  0.00000000E+00  0.00000000E+00  0.00000000E+00  0.00000000E+00  0.10000000E-01  0.10000000E+01
 0.12800200E-08  0.33550881E-02  0.00000000E+00  0.19740821E+00  0.00000000E+00  0.00000000E+00  0.16477853E+09  0.00000000E+00  0.00000000E+00  0.00000000E+00  0.00000000E+00  0.00000000E+00  0.10000000E-01  0.10000000E+01
 0.12900200E-08  0.33550881E-02  0.00000000E+00  0.19905599E+00  0.00000000E+00  0.00000000E+00  0.16477853E+09  0.00000000E+00  0.00000000E+00  0.00000000E+00  0.00000000E+00  0.00000000E+00  0.10000000E-01  0.10000000E+01
 0.13000200E-08  0.33550881E-02  0.00000000E+00  0.20070378E+00  0.00000000E+00  0.00000000E+00  0.16477853E+09  0.00000000E+00  0.00000000E+00  0.00000000E+00  0.00000000E+00  0.00000000E+00  0.10000000E-01  0.10000000E+01
 0.13100200E-08  0.33550881E-02  0.00000000E+00  0.20235156E+00  0.00000000E+00  0.00000000E+00  0.16477853E+09  0.00000000E+00  0.00000000E+00  0.00000000E+00  0.00000000E+00  0.00000000E+00  0.10000000E-01  0.10000000E+01
 0.13200200E-08  0.33550881E-02  0.00000000E+00  0.20399935E+00  0.00000000E+00  0.00000000E+00  0.16477853E+09  0.00000000E+00  0.00000000E+00  0.00000000E+00  0.00000000E+00  0.00000000E+00  0.10000000E-01  0.10000000E+01
 0.13300200E-08  0.33550881E-02  0.00000000E+00  0.20564713E+00  0.00000000E+00  0.00000000E+00  0.16477853E+09  0.00000000E+00  0.00000000E+00  0.00000000E+00  0.00000000E+00  0.00000000E+00  0.10000000E-01  0.10000000E+01
 0.13400200E-08  0.33550881E-02  0.00000000E+00  0.20729492E+00  0.00000000E+00  0.00000000E+00  0.16477853E+09  0.00000000E+00  0.00000000E+00  0.00000000E+00  0.00000000E+00  0.00000000E+00  0.10000000E-01  0.10000000E+01
 0.13500200E-08  0.33550881E-02  0.00000000E+00  0.20894270E+00  0.00000000E+00  0.00000000E+00  0.16477853E+09  0.00000000E+00  0.00000000E+00  0.00000000E+00  0.00000000E+00  0.00000000E+00  0.10000000E-01  0.10000000E+01
 0.13600200E-08  0.33550881E-02  0.00000000E+00  0.21059049E+00  0.00000000E+00  0.00000000E+00  0.16477853E+09  0.00000000E+00  0.00000000E+00  0.00000000E+00  0.00000000E+00  0.00000000E+00  0.10000000E-01  0.10000000E+01
 0.13700200E-08  0.33550881E-02  0.00000000E+00  0.21223827E+00  0.00000000E+00  0.00000000E+00  0.16477853E+09  0.00000000E+00  0.00000000E+00  0.00000000E+00  0.00000000E+00  0.00000000E+00  0.10000000E-01  0.10000000E+01
 0.13800200E-08  0.33550881E-02  0.00000000E+00  0.21388606E+00  0.00000000E+00  0.00000000E+00  0.16477853E+09  0.00000000E+00  0.00000000E+00  0.00000000E+00  0.00000000E+00  0.00000000E+00  0.10000000E-01  0.10000000E+01
 0.13900200E-08  0.33550881E-02  0.00000000E+00  0.21553385E+00  0.00000000E+00  0.00000000E+00  0.16477853E+09  0.00000000E+00  0.00000000E+00  0.00000000E+00  0.00000000E+00  0.00000000E+00  0.10000000E-01  0.10000000E+01
 0.14000200E-08  0.33550881E-02  0.00000000E+00  0.21718163E+00  0.00000000E+00  0.00000000E+00  0.16477853E+09  0.00000000E+00  0.00000000E+00  0.00000000E+00  0.00000000E+00  0.00000000E+00  0.10000000E-01  0.10000000E+01
 0.14100200E-08  0.33550881E-02  0.00000000E+00  0.21882942E+00  0.00000000E+00  0.00000000E+00  0.16477853E+09  0.00000000E+00  0.00000000E+00  0.00000000E+00  0.00000000E+00  0.00000000E+00  0.10000000E-01  0.10000000E+01
 0.14200200E-08  0.33550881E-02  0.00000000E+00  0.22047720E+00  0.00000000E+00  0.00000000E+00  0.16477853E+09  0.00000000E+00  0.00000000E+00  0.00000000E+00  0.00000000E+00  0.00000000E+00  0.10000000E-01  0.10000000E+01
 0.14300200E-08  0.33550881E-02  0.00000000E+00  0.22212499E+00  0.00000000E+00  0.00000000E+00  0.16477853E+09  0.00000000E+00  0.00000000E+00  0.00000000E+00  0.00000000E+00  0.00000000E+00  0.10000000E-01  0.10000000E+01
 0.14400200E-08  0.33550881E-02  0.00000000E+00  0.22377277E+00  0.00000000E+00  0.00000000E+00  0.16477853E+09  0.00000000E+00  0.00000000E+00  0.00000000E+00  0.00000000E+00  0.00000000E+00  0.10000000E-01  0.10000000E+01
 0.14500200E-08  0.33550881E-02  0.00000000E+00  0.22542056E+00  0.00000000E+00  0.00000000E+00  0.16477853E+09  0.00000000E+00  0.00000000E+00  0.00000000E+00  0.00000000E+00  0.00000000E+00  0.10000000E-01  0.10000000E+01
 0.14600200E-08  0.33550881E-02  0.00000000E+00  0.22706834E+00  0.00000000E+00  0.00000000E+00  0.16477853E+09  0.00000000E+00  0.00000000E+00  0.00000000E+00  0.00000000E+00  0.00000000E+00  0.10000000E-01  0.10000000E+01
 0.14700200E-08  0.33550881E-02  0.00000000E+00  0.22871613E+00  0.00000000E+00  0.00000000E+00  0.16477853E+09  0.00000000E+00  0.00000000E+00  0.00000000E+00  0.00000000E+00  0.00000000E+00  0.10000000E-01  0.10000000E+01
 0.14800200E-08  0.33550881E-02  0.00000000E+00  0.23036391E+00  0.00000000E+00  0.00000000E+00  0.16477853E+09  0.00000000E+00  0.00000000E+00  0.00000000E+00  0.00000000E+00  0.00000000E+00  0.10000000E-01  0.10000000E+01
 0.14900200E-08  0.33550881E-02  0.00000000E+00  0.23201170E+00  0.00000000E+00  0.00000000E+00  0.16477853E+09  0.00000000E+00  0.00000000E+00  0.00000000E+00  0.00000000E+00  0.00000000E+00  0.10000000E-01  0.10000000E+01
 0.15000200E-08  0.33550881E-02  0.00000000E+00  0.23365948E+00  0.00000000E+00  0.00000000E+00  0.16477853E+09  0.00000000E+00  0.00000000E+00  0.00000000E+00  0.00000000E+00  0.00000000E+00  0.10000000E-01  0.10000000E+01
 0.15100200E-08  0.33550881E-02  0.00000000E+00  0.23530727E+00  0.00000000E+00  0.00000000E+00  0.16477853E+09  0.00000000E+00  0.00000000E+00  0.00000000E+00  0.00000000E+00  0.00000000E+00  0.10000000E-01  0.10000000E+01
 0.15200200E-08  0.33550881E-02  0.00000000E+00  0.23695505E+00  0.00000000E+00  0.00000000E+00  0.16477853E+09  0.00000000E+00  0.00000000E+00  0.00000000E+00  0.00000000E+00  0.00000000E+00  0.10000000E-01  0.10000000E+01
 0.15300200E-08  0.33550881E-02  0.00000000E+00  0.23860284E+00  0.00000000E+00  0.00000000E+00  0.16477853E+09  0.00000000E+00  0.00000000E+00  0.00000000E+00  0.00000000E+00  0.00000000E+00  0.10000000E-01  0.10000000E+01
 0.15400200E-08  0.33550881E-02  0.00000000E+00  0.24025062E+00  0.00000000E+00  0.00000000E+00  0.16477853E+09  0.00000000E+00  0.00000000E+00  0.00000000E+00  0.00000000E+00  0.00000000E+00  0.10000000E-01  0.10000000E+01
 0.15500200E-08  0.33550881E-02  0.00000000E+00  0.24189841E+00  0.00000000E+00  0.00000000E+00  0.16477853E+09  0.00000000E+00  0.00000000E+00  0.00000000E+00  0.00000000E+00  0.00000000E+00  0.10000000E-01  0.10000000E+01
 0.15600200E-08  0.33550881E-02  0.00000000E+00  0.24354619E+00  0.00000000E+00  0.00000000E+00  0.16477853E+09  0.00000000E+00  0.00000000E+00  0.00000000E+00  0.00000000E+00  0.00000000E+00  0.10000000E-01  0.10000000E+01
 0.15700200E-08  0.33550881E-02  0.00000000E+00  0.24519398E+00  0.00000000E+00  0.00000000E+00  0.16477853E+09  0.00000000E+00  0.00000000E+00  0.00000000E+00  0.00000000E+00  0.00000000E+00  0.10000000E-01  0.10000000E+01
 0.15800200E-08  0.33550881E-02  0.00000000E+00  0.24684177E+00  0.00000000E+00  0.00000000E+00  0.16477853E+09  0.00000000E+00  0.00000000E+00  0.00000000E+00  0.00000000E+00  0.00000000E+00  0.10000000E-01  0.10000000E+01
 0.15900200E-08  0.33550881E-02  0.00000000E+00  0.24848955E+00  0.00000000E+00  0.00000000E+00  0.16477853E+09  0.00000000E+00  0.00000000E+00  0.00000000E+00  0.00000000E+00  0.00000000E+00  0.10000000E-01  0.10000000E+01
 0.16000200E-08  0.33550881E-02  0.00000000E+00  0.25013734E+00  0.00000000E+00  0.00000000E+00  0.16477853E+09  0.00000000E+00  0.00000000E+00  0.00000000E+00  0.00000000E+00  0.00000000E+00  0.10000000E-01  0.10000000E+01
 0.16100200E-08  0.33550881E-02  0.00000000E+00  0.25178512E+00  0.00000000E+00  0.00000000E+00  0.16477853E+09  0.00000000E+00  0.00000000E+00  0.00000000E+00  0.00000000E+00  0.00000000E+00  0.10000000E-01  0.10000000E+01
 0.16200200E-08  0.33550881E-02  0.00000000E+00  0.25343291E+00  0.00000000E+00  0.00000000E+00  0.16477853E+09  0.00000000E+00  0.00000000E+00  0.00000000E+00  0.00000000E+00  0.00000000E+00  0.10000000E-01  0.10000000E+01
 0.16300200E-08  0.33550881E-02  0.00000000E+00  0.25508069E+00  0.00000000E+00  0.00000000E+00  0.16477853E+09  0.00000000E+00  0.00000000E+00  0.00000000E+00  0.00000000E+00  0.00000000E+00  0.10000000E-01  0.10000000E+01
 0.16400200E-08  0.33550881E-02  0.00000000E+00  0.25672848E+00  0.00000000E+00  0.00000000E+00  0.16477853E+09  0.00000000E+00  0.00000000E+00  0.00000000E+00  0.00000000E+00  0.00000000E+00  0.10000000E-01  0.10000000E+01
 0.16500200E-08  0.33550881E-02  0.00000000E+00  0.25837626E+00  0.00000000E+00  0.00000000E+00  0.16477853E+09  0.00000000E+00  0.00000000E+00  0.00000000E+00  0.00000000E+00  0.00000000E+00  0.10000000E-01  0.10000000E+01
 0.16600200E-08  0.33550881E-02  0.00000000E+00  0.26002405E+00  0.00000000E+00  0.00000000E+00  0.16477853E+09  0.00000000E+00  0.00000000E+00  0.00000000E+00  0.00000000E+00  0.00000000E+00  0.10000000E-01  0.10000000E+01
 0.16700200E-08  0.33550881E-02  0.00000000E+00  0.26167183E+00  0.00000000E+00  0.00000000E+00  0.16477853E+09  0.00000000E+00  0.00000000E+00  0.00000000E+00  0.00000000E+00  0.00000000E+00  0.10000000E-01  0.10000000E+01
 0.16800200E-08  0.33550881E-02  0.00000000E+00  0.26331962E+00  0.00000000E+00  0.00000000E+00  0.16477853E+09  0.00000000E+00  0.00000000E+00  0.00000000E+00  0.00000000E+00  0.00000000E+00  0.10000000E-01  0.10000000E+01
 0.16900200E-08  0.33550881E-02  0.00000000E+00  0.26496740E+00  0.00000000E+00  0.00000000E+00  0.16477853E+09  0.00000000E+00  0.00000000E+00  0.00000000E+00  0.00000000E+00  0.00000000E+00  0.10000000E-01  0.10000000E+01
 0.17000200E-08  0.33550881E-02  0.00000000E+00  0.26661519E+00  0.00000000E+00  0.00000000E+00  0.16477853E+09  0.00000000E+00  0.00000000E+00  0.00000000E+00  0.00000000E+00  0.00000000E+00  0.10000000E-01  0.10000000E+01
 0.17100200E-08  0.33550881E-02  0.00000000E+00  0.26826297E+00  0.00000000E+00  0.00000000E+00  0.16477853E+09  0.00000000E+00  0.00000000E+00  0.00000000E+00  0.00000000E+00  0.00000000E+00  0.10000000E-01  0.10000000E+01
 0.17200200E-08  0.33550881E-02  0.00000000E+00  0.26991076E+00  0.00000000E+00  0.00000000E+00  0.16477853E+09  0.00000000E+00  0.00000000E+00  0.00000000E+00  0.00000000E+00  0.00000000E+00  0.10000000E-01  0.10000000E+01
 0.17300200E-08  0.33550881E-02  0.00000000E+00  0.27155854E+00  0.00000000E+00  0.00000000E+00  0.16477853E+09  0.00000000E+00  0.00000000E+00  0.00000000E+00  0.00000000E+00  0.00000000E+00  0.10000000E-01  0.10000000E+01
 0.17400200E-08  0.33550881E-02  0.00000000E+00  0.27320633E+00  0.00000000E+00  0.00000000E+00  0.16477853E+09  0.00000000E+00  0.00000000E+00  0.00000000E+00  0.00000000E+00  0.00000000E+00  0.10000000E-01  0.10000000E+01
 0.17500200E-08  0.33550881E-02  0.00000000E+00  0.27485411E+00  0.00000000E+00  0.00000000E+00  0.16477853E+09  0.00000000E+00  0.00000000E+00  0.00000000E+00  0.00000000E+00  0.00000000E+00  0.10000000E-01  0.10000000E+01
 0.17600200E-08  0.33550881E-02  0.00000000E+00  0.27650190E+00  0.00000000E+00  0.00000000E+00  0.16477853E+09  0.00000000E+00  0.00000000E+00  0.00000000E+00  0.00000000E+00  0.00000000E+00  0.10000000E-01  0.10000000E+01
 0.17700200E-08  0.33550881E-02  0.00000000E+00  0.27814969E+00  0.00000000E+00  0.00000000E+00  0.16477853E+09  0.00000000E+00  0.00000000E+00  0.00000000E+00  0.00000000E+00  0.00000000E+00  0.10000000E-01  0.10000000E+01
 0.17800200E-08  0.33550881E-02  0.00000000E+00  0.27979747E+00  0.00000000E+00  0.00000000E+00  0.16477853E+09  0.00000000E+00  0.00000000E+00  0.00000000E+00  0.00000000E+00  0.00000000E+00  0.10000000E-01  0.10000000E+01
 0.17900200E-08  0.33550881E-02  0.00000000E+00  0.28144526E+00  0.00000000E+00  0.00000000E+00  0.16477853E+09  0.00000000E+00  0.00000000E+00  0.00000000E+00  0.00000000E+00  0.00000000E+00  0.10000000E-01  0.10000000E+01
 0.18000200E-08  0.33550881E-02  0.00000000E+00  0.28309304E+00  0.00000000E+00  0.00000000E+00  0.16477853E+09  0.00000000E+00  0.00000000E+00  0.00000000E+00  0.00000000E+00  0.00000000E+00  0.10000000E-01  0.10000000E+01
 0.18100200E-08  0.33550881E-02  0.00000000E+00  0.28474083E+00  0.00000000E+00  0.00000000E+00  0.16477853E+09  0.00000000E+00  0.00000000E+00  0.00000000E+00  0.00000000E+00  0.00000000E+00  0.10000000E-01  0.10000000E+01
 0.18200200E-08  0.33550881E-02  0.00000000E+00  0.28638861E+00  0.00000000E+00  0.00000000E+00  0.16477853E+09  0.00000000E+00  0.00000000E+00  0.00000000E+00  0.00000000E+00  0.00000000E+00  0.10000000E-01  0.10000000E+01
 0.18300200E-08  0.33550881E-02  0.00000000E+00  0.28803640E+00  0.00000000E+00  0.00000000E+00  0.16477853E+09  0.00000000E+00  0.00000000E+00  0.00000000E+00  0.00000000E+00  0.00000000E+00  0.10000000E-01  0.10000000E+01
 0.18400200E-08  0.33550881E-02  0.00000000E+00  0.28968418E+00  0.00000000E+00  0.00000000E+00  0.16477853E+09  0.00000000E+00  0.00000000E+00  0.00000000E+00  0.00000000E+00  0.00000000E+00  0.10000000E-01  0.10000000E+01
 0.18500200E-08  0.33550881E-02  0.00000000E+00  0.29133197E+00  0.00000000E+00  0.00000000E+00  0.16477853E+09  0.00000000E+00  0.00000000E+00  0.00000000E+00  0.00000000E+00  0.00000000E+00  0.10000000E-01  0.10000000E+01
 0.18600200E-08  0.33550881E-02  0.00000000E+00  0.29297975E+00  0.00000000E+00  0.00000000E+00  0.16477853E+09  0.00000000E+00  0.00000000E+00  0.00000000E+00  0.00000000E+00  0.00000000E+00  0.10000000E-01  0.10000000E+01
 0.18700200E-08  0.33550881E-02  0.00000000E+00  0.29462754E+00  0.00000000E+00  0.00000000E+00  0.16477853E+09  0.00000000E+00  0.00000000E+00  0.00000000E+00  0.00000000E+00  0.00000000E+00  0.10000000E-01  0.10000000E+01
 0.18800200E-08  0.33550881E-02  0.00000000E+00  0.29627532E+00  0.00000000E+00  0.00000000E+00  0.16477853E+09  0.00000000E+00  0.00000000E+00  0.00000000E+00  0.00000000E+00  0.00000000E+00  0.10000000E-01  0.10000000E+01
 0.18900200E-08  0.33550881E-02  0.00000000E+00  0.29792311E+00  0.00000000E+00  0.00000000E+00  0.16477853E+09  0.00000000E+00  0.00000000E+00  0.00000000E+00  0.00000000E+00  0.00000000E+00  0.10000000E-01  0.10000000E+01
 0.19000200E-08  0.33550881E-02  0.00000000E+00  0.29957089E+00  0.00000000E+00  0.00000000E+00  0.16477853E+09  0.00000000E+00  0.00000000E+00  0.00000000E+00  0.00000000E+00  0.00000000E+00  0.10000000E-01  0.10000000E+01
 0.19100200E-08  0.33550881E-02  0.00000000E+00  0.30121868E+00  0.00000000E+00  0.00000000E+00  0.16477853E+09  0.00000000E+00  0.00000000E+00  0.00000000E+00  0.00000000E+00  0.00000000E+00  0.10000000E-01  0.10000000E+01
 0.19200200E-08  0.33550881E-02  0.00000000E+00  0.30286646E+00  0.00000000E+00  0.00000000E+00  0.16477853E+09  0.00000000E+00  0.00000000E+00  0.00000000E+00  0.00000000E+00  0.00000000E+00  0.10000000E-01  0.10000000E+01
 0.19300200E-08  0.33550881E-02  0.00000000E+00  0.30451425E+00  0.00000000E+00  0.00000000E+00  0.16477853E+09  0.00000000E+00  0.00000000E+00  0.00000000E+00  0.00000000E+00  0.00000000E+00  0.10000000E-01  0.10000000E+01
 0.19400200E-08  0.33550881E-02  0.00000000E+00  0.30616203E+00  0.00000000E+00  0.00000000E+00  0.16477853E+09  0.00000000E+00  0.00000000E+00  0.00000000E+00  0.00000000E+00  0.00000000E+00  0.10000000E-01  0.10000000E+01
 0.19500200E-08  0.33550881E-02  0.00000000E+00  0.30780982E+00  0.00000000E+00  0.00000000E+00  0.16477853E+09  0.00000000E+00  0.00000000E+00  0.00000000E+00  0.00000000E+00  0.00000000E+00  0.10000000E-01  0.10000000E+01
 0.19600200E-08  0.33550881E-02  0.00000000E+00  0.30945761E+00  0.00000000E+00  0.00000000E+00  0.16477853E+09  0.00000000E+00  0.00000000E+00  0.00000000E+00  0.00000000E+00  0.00000000E+00  0.10000000E-01  0.10000000E+01
 0.19700200E-08  0.33550881E-02  0.00000000E+00  0.31110539E+00  0.00000000E+00  0.00000000E+00  0.16477853E+09  0.00000000E+00  0.00000000E+00  0.00000000E+00  0.00000000E+00  0.00000000E+00  0.10000000E-01  0.10000000E+01
 0.19800200E-08  0.33550881E-02  0.00000000E+00  0.31275318E+00  0.00000000E+00  0.00000000E+00  0.16477853E+09  0.00000000E+00  0.00000000E+00  0.00000000E+00  0.00000000E+00  0.00000000E+00  0.10000000E-01  0.10000000E+01
 0.19900200E-08  0.33550881E-02  0.00000000E+00  0.31440096E+00  0.00000000E+00  0.00000000E+00  0.16477853E+09  0.00000000E+00  0.00000000E+00  0.00000000E+00  0.00000000E+00  0.00000000E+00  0.10000000E-01  0.10000000E+01
