# ptime xp yp zp vx vy vz ex ey ez bx by bz wt
 0.20000000E-13  0.90854817E-02  0.00000000E+00 -0.17184384E-01  0.00000000E+00  0.00000000E+00  0.17382672E+09  0.00000000E+00  0.00000000E+00  0.00000000E+00  0.00000000E+00  0.00000000E+00  0.10000000E-01  0.10000000E+01
 0.10000000E-10  0.90854817E-02  0.00000000E+00 -0.15449593E-01  0.00000000E+00  0.00000000E+00  0.17382672E+09  0.00000000E+00  0.00000000E+00  0.00000000E+00  0.00000000E+00  0.00000000E+00  0.10000000E-01  0.10000000E+01
 0.20000000E-10  0.90854817E-02  0.00000000E+00 -0.13711326E-01  0.00000000E+00  0.00000000E+00  0.17382672E+09  0.00000000E+00  0.00000000E+00  0.00000000E+00  0.00000000E+00  0.00000000E+00  0.10000000E-01  0.10000000E+01
 0.30000000E-10  0.90854817E-02  0.00000000E+00 -0.11973059E-01  0.00000000E+00  0.00000000E+00  0.17382672E+09  0.00000000E+00  0.00000000E+00  0.00000000E+00  0.00000000E+00  0.00000000E+00  0.10000000E-01  0.10000000E+01
 0.40020000E-10  0.90854817E-02  0.00000000E+00 -0.10231315E-01  0.00000000E+00  0.00000000E+00  0.17382672E+09  0.00000000E+00  0.00000000E+00  0.00000000E+00  0.00000000E+00  0.00000000E+00  0.10000000E-01  0.10000000E+01
 0.50020000E-10  0.90854817E-02  0.00000000E+00 -0.84930477E-02  0.00000000E+00  0.00000000E+00  0.17382672E+09  0.00000000E+00  0.00000000E+00  0.00000000E+00  0.00000000E+00  0.00000000E+00  0.10000000E-01  0.10000000E+01
 0.60020000E-10  0.90854817E-02  0.00000000E+00 -0.67547805E-02  0.00000000E+00  0.00000000E+00  0.17382672E+09  0.00000000E+00  0.00000000E+00  0.00000000E+00  0.00000000E+00  0.00000000E+00  0.10000000E-01  0.10000000E+01
 0.70020000E-10  0.90854817E-02  0.00000000E+00 -0.50165134E-02  0.00000000E+00  0.00000000E+00  0.17382672E+09  0.00000000E+00  0.00000000E+00  0.00000000E+00  0.00000000E+00  0.00000000E+00  0.10000000E-01  0.10000000E+01
 0.80000000E-10  0.90854817E-02  0.00000000E+00 -0.32817227E-02  0.00000000E+00  0.00000000E+00  0.17382672E+09  0.00000000E+00  0.00000000E+00  0.00000000E+00  0.00000000E+00  0.00000000E+00  0.10000000E-01  0.10000000E+01
 0.90000000E-10  0.90854817E-02  0.00000000E+00 -0.15434556E-02  0.00000000E+00  0.00000000E+00  0.17382672E+09  0.00000000E+00  0.00000000E+00  0.00000000E+00  0.00000000E+00  0.00000000E+00  0.10000000E-01  0.10000000E+01
 0.10000000E-09  0.90854817E-02  0.00000000E+00  0.19481160E-03  0.00000000E+00  0.00000000E+00  0.17382672E+09  0.00000000E+00  0.00000000E+00  0.00000000E+00  0.00000000E+00  0.00000000E+00  0.10000000E-01  0.10000000E+01
 0.11000000E-09  0.90854817E-02  0.00000000E+00  0.19330788E-02  0.00000000E+00  0.00000000E+00  0.17382672E+09  0.00000000E+00  0.00000000E+00  0.00000000E+00  0.00000000E+00  0.00000000E+00  0.10000000E-01  0.10000000E+01
 0.12000000E-09  0.90854817E-02  0.00000000E+00  0.36713459E-02  0.00000000E+00  0.00000000E+00  0.17382672E+09  0.00000000E+00  0.00000000E+00  0.00000000E+00  0.00000000E+00  0.00000000E+00  0.10000000E-01  0.10000000E+01
 0.13000000E-09  0.90854817E-02  0.00000000E+00  0.54096131E-02  0.00000000E+00  0.00000000E+00  0.17382672E+09  0.00000000E+00  0.00000000E+00  0.00000000E+00  0.00000000E+00  0.00000000E+00  0.10000000E-01  0.10000000E+01
 0.14002000E-09  0.90854817E-02  0.00000000E+00  0.71513568E-02  0.00000000E+00  0.00000000E+00  0.17382672E+09  0.00000000E+00  0.00000000E+00  0.00000000E+00  0.00000000E+00  0.00000000E+00  0.10000000E-01  0.10000000E+01
 0.15002000E-09  0.90854817E-02  0.00000000E+00  0.88896240E-02  0.00000000E+00  0.00000000E+00  0.17382672E+09  0.00000000E+00  0.00000000E+00  0.00000000E+00  0.00000000E+00  0.00000000E+00  0.10000000E-01  0.10000000E+01
 0.16002000E-09  0.90854817E-02  0.00000000E+00  0.10627891E-01  0.00000000E+00  0.00000000E+00  0.17382672E+09  0.00000000E+00  0.00000000E+00  0.00000000E+00  0.00000000E+00  0.00000000E+00  0.10000000E-01  0.10000000E+01
 0.17002000E-09  0.90854817E-02  0.00000000E+00  0.12366158E-01  0.00000000E+00  0.00000000E+00  0.17382672E+09  0.00000000E+00  0.00000000E+00  0.00000000E+00  0.00000000E+00  0.00000000E+00  0.10000000E-01  0.10000000E+01
 0.18002000E-09  0.90854817E-02  0.00000000E+00  0.14104425E-01  0.00000000E+00  0.00000000E+00  0.17382672E+09  0.00000000E+00  0.00000000E+00  0.00000000E+00  0.00000000E+00  0.00000000E+00  0.10000000E-01  0.10000000E+01
 0.19002000E-09  0.90854817E-02  0.00000000E+00  0.15842693E-01  0.00000000E+00  0.00000000E+00  0.17382672E+09  0.00000000E+00  0.00000000E+00  0.00000000E+00  0.00000000E+00  0.00000000E+00  0.10000000E-01  0.10000000E+01
 0.20002000E-09  0.90854817E-02  0.00000000E+00  0.17580960E-01  0.00000000E+00  0.00000000E+00  0.17382672E+09  0.00000000E+00  0.00000000E+00  0.00000000E+00  0.00000000E+00  0.00000000E+00  0.10000000E-01  0.10000000E+01
 0.21002000E-09  0.90854817E-02  0.00000000E+00  0.19319227E-01  0.00000000E+00  0.00000000E+00  0.17382672E+09  0.00000000E+00  0.00000000E+00  0.00000000E+00  0.00000000E+00  0.00000000E+00  0.10000000E-01  0.10000000E+01
 0.22002000E-09  0.90854817E-02  0.00000000E+00  0.21057494E-01  0.00000000E+00  0.00000000E+00  0.17382672E+09  0.00000000E+00  0.00000000E+00  0.00000000E+00  0.00000000E+00  0.00000000E+00  0.10000000E-01  0.10000000E+01
 0.23002000E-09  0.90854817E-02  0.00000000E+00  0.22795761E-01  0.00000000E+00  0.00000000E+00  0.17382672E+09  0.00000000E+00  0.00000000E+00  0.00000000E+00  0.00000000E+00  0.00000000E+00  0.10000000E-01  0.10000000E+01
 0.24002000E-09  0.90854817E-02  0.00000000E+00  0.24534029E-01  0.00000000E+00  0.00000000E+00  0.17382672E+09  0.00000000E+00  0.00000000E+00  0.00000000E+00  0.00000000E+00  0.00000000E+00  0.10000000E-01  0.10000000E+01
 0.25002000E-09  0.90854817E-02  0.00000000E+00  0.26272296E-01  0.00000000E+00  0.00000000E+00  0.17382672E+09  0.00000000E+00  0.00000000E+00  0.00000000E+00  0.00000000E+00  0.00000000E+00  0.10000000E-01  0.10000000E+01
 0.26002000E-09  0.90854817E-02  0.00000000E+00  0.28010563E-01  0.00000000E+00  0.00000000E+00  0.17382672E+09  0.00000000E+00  0.00000000E+00  0.00000000E+00  0.00000000E+00  0.00000000E+00  0.10000000E-01  0.10000000E+01
 0.27002000E-09  0.90854817E-02  0.00000000E+00  0.29748830E-01  0.00000000E+00  0.00000000E+00  0.17382672E+09  0.00000000E+00  0.00000000E+00  0.00000000E+00  0.00000000E+00  0.00000000E+00  0.10000000E-01  0.10000000E+01
 0.28002000E-09  0.90854817E-02  0.00000000E+00  0.31487097E-01  0.00000000E+00  0.00000000E+00  0.17382672E+09  0.00000000E+00  0.00000000E+00  0.00000000E+00  0.00000000E+00  0.00000000E+00  0.10000000E-01  0.10000000E+01
 0.29002000E-09  0.90854817E-02  0.00000000E+00  0.33225364E-01  0.00000000E+00  0.00000000E+00  0.17382672E+09  0.00000000E+00  0.00000000E+00  0.00000000E+00  0.00000000E+00  0.00000000E+00  0.10000000E-01  0.10000000E+01
 0.30000000E-09  0.90854817E-02  0.00000000E+00  0.34960155E-01  0.00000000E+00  0.00000000E+00  0.17382672E+09  0.00000000E+00  0.00000000E+00  0.00000000E+00  0.00000000E+00  0.00000000E+00  0.10000000E-01  0.10000000E+01
 0.31000000E-09  0.90854817E-02  0.00000000E+00  0.36698422E-01  0.00000000E+00  0.00000000E+00  0.17382672E+09  0.00000000E+00  0.00000000E+00  0.00000000E+00  0.00000000E+00  0.00000000E+00  0.10000000E-01  0.10000000E+01
 0.32000000E-09  0.90854817E-02  0.00000000E+00  0.38436689E-01  0.00000000E+00  0.00000000E+00  0.17382672E+09  0.00000000E+00  0.00000000E+00  0.00000000E+00  0.00000000E+00  0.00000000E+00  0.10000000E-01  0.10000000E+01
 0.33000000E-09  0.90854817E-02  0.00000000E+00  0.40174957E-01  0.00000000E+00  0.00000000E+00  0.17382672E+09  0.00000000E+00  0.00000000E+00  0.00000000E+00  0.00000000E+00  0.00000000E+00  0.10000000E-01  0.10000000E+01
 0.34000000E-09  0.90854817E-02  0.00000000E+00  0.41913224E-01  0.00000000E+00  0.00000000E+00  0.17382672E+09  0.00000000E+00  0.00000000E+00  0.00000000E+00  0.00000000E+00  0.00000000E+00  0.10000000E-01  0.10000000E+01
 0.35000000E-09  0.90854817E-02  0.00000000E+00  0.43651491E-01  0.00000000E+00  0.00000000E+00  0.17382672E+09  0.00000000E+00  0.00000000E+00  0.00000000E+00  0.00000000E+00  0.00000000E+00  0.10000000E-01  0.10000000E+01
 0.36000000E-09  0.90854817E-02  0.00000000E+00  0.45389758E-01  0.00000000E+00  0.00000000E+00  0.17382672E+09  0.00000000E+00  0.00000000E+00  0.00000000E+00  0.00000000E+00  0.00000000E+00  0.10000000E-01  0.10000000E+01
 0.37000000E-09  0.90854817E-02  0.00000000E+00  0.47128025E-01  0.00000000E+00  0.00000000E+00  0.17382672E+09  0.00000000E+00  0.00000000E+00  0.00000000E+00  0.00000000E+00  0.00000000E+00  0.10000000E-01  0.10000000E+01
 0.38000000E-09  0.90854817E-02  0.00000000E+00  0.48866292E-01  0.00000000E+00  0.00000000E+00  0.17382672E+09  0.00000000E+00  0.00000000E+00  0.00000000E+00  0.00000000E+00  0.00000000E+00  0.10000000E-01  0.10000000E+01
 0.39000000E-09  0.90854817E-02  0.00000000E+00  0.50604560E-01  0.00000000E+00  0.00000000E+00  0.17382672E+09  0.00000000E+00  0.00000000E+00  0.00000000E+00  0.00000000E+00  0.00000000E+00  0.10000000E-01  0.10000000E+01
 0.40000000E-09  0.90854817E-02  0.00000000E+00  0.52342827E-01  0.00000000E+00  0.00000000E+00  0.17382672E+09  0.00000000E+00  0.00000000E+00  0.00000000E+00  0.00000000E+00  0.00000000E+00  0.10000000E-01  0.10000000E+01
 0.41000000E-09  0.90854817E-02  0.00000000E+00  0.54081094E-01  0.00000000E+00  0.00000000E+00  0.17382672E+09  0.00000000E+00  0.00000000E+00  0.00000000E+00  0.00000000E+00  0.00000000E+00  0.10000000E-01  0.10000000E+01
 0.42000000E-09  0.90854817E-02  0.00000000E+00  0.55819361E-01  0.00000000E+00  0.00000000E+00  0.17382672E+09  0.00000000E+00  0.00000000E+00  0.00000000E+00  0.00000000E+00  0.00000000E+00  0.10000000E-01  0.10000000E+01
 0.43000000E-09  0.90854817E-02  0.00000000E+00  0.57557628E-01  0.00000000E+00  0.00000000E+00  0.17382672E+09  0.00000000E+00  0.00000000E+00  0.00000000E+00  0.00000000E+00  0.00000000E+00  0.10000000E-01  0.10000000E+01
 0.44000000E-09  0.90854817E-02  0.00000000E+00  0.59295895E-01  0.00000000E+00  0.00000000E+00  0.17382672E+09  0.00000000E+00  0.00000000E+00  0.00000000E+00  0.00000000E+00  0.00000000E+00  0.10000000E-01  0.10000000E+01
 0.45000000E-09  0.90854817E-02  0.00000000E+00  0.61034163E-01  0.00000000E+00  0.00000000E+00  0.17382672E+09  0.00000000E+00  0.00000000E+00  0.00000000E+00  0.00000000E+00  0.00000000E+00  0.10000000E-01  0.10000000E+01
 0.46000000E-09  0.90854817E-02  0.00000000E+00  0.62772430E-01  0.00000000E+00  0.00000000E+00  0.17382672E+09  0.00000000E+00  0.00000000E+00  0.00000000E+00  0.00000000E+00  0.00000000E+00  0.10000000E-01  0.10000000E+01
 0.47000000E-09  0.90854817E-02  0.00000000E+00  0.64510697E-01  0.00000000E+00  0.00000000E+00  0.17382672E+09  0.00000000E+00  0.00000000E+00  0.00000000E+00  0.00000000E+00  0.00000000E+00  0.10000000E-01  0.10000000E+01
 0.48000000E-09  0.90854817E-02  0.00000000E+00  0.66248964E-01  0.00000000E+00  0.00000000E+00  0.17382672E+09  0.00000000E+00  0.00000000E+00  0.00000000E+00  0.00000000E+00  0.00000000E+00  0.10000000E-01  0.10000000E+01
 0.49000000E-09  0.90854817E-02  0.00000000E+00  0.67987231E-01  0.00000000E+00  0.00000000E+00  0.17382672E+09  0.00000000E+00  0.00000000E+00  0.00000000E+00  0.00000000E+00  0.00000000E+00  0.10000000E-01  0.10000000E+01
 0.50000000E-09  0.90854817E-02  0.00000000E+00  0.69725498E-01  0.00000000E+00  0.00000000E+00  0.17382672E+09  0.00000000E+00  0.00000000E+00  0.00000000E+00  0.00000000E+00  0.00000000E+00  0.10000000E-01  0.10000000E+01
 0.51000000E-09  0.90854817E-02  0.00000000E+00  0.71463766E-01  0.00000000E+00  0.00000000E+00  0.17382672E+09  0.00000000E+00  0.00000000E+00  0.00000000E+00  0.00000000E+00  0.00000000E+00  0.10000000E-01  0.10000000E+01
 0.52000000E-09  0.90854817E-02  0.00000000E+00  0.73202033E-01  0.00000000E+00  0.00000000E+00  0.17382672E+09  0.00000000E+00  0.00000000E+00  0.00000000E+00  0.00000000E+00  0.00000000E+00  0.10000000E-01  0.10000000E+01
 0.53000000E-09  0.90854817E-02  0.00000000E+00  0.74940300E-01  0.00000000E+00  0.00000000E+00  0.17382672E+09  0.00000000E+00  0.00000000E+00  0.00000000E+00  0.00000000E+00  0.00000000E+00  0.10000000E-01  0.10000000E+01
 0.54000000E-09  0.90854817E-02  0.00000000E+00  0.76678567E-01  0.00000000E+00  0.00000000E+00  0.17382672E+09  0.00000000E+00  0.00000000E+00  0.00000000E+00  0.00000000E+00  0.00000000E+00  0.10000000E-01  0.10000000E+01
 0.55002000E-09  0.90854817E-02  0.00000000E+00  0.78420311E-01  0.00000000E+00  0.00000000E+00  0.17382672E+09  0.00000000E+00  0.00000000E+00  0.00000000E+00  0.00000000E+00  0.00000000E+00  0.10000000E-01  0.10000000E+01
 0.56002000E-09  0.90854817E-02  0.00000000E+00  0.80158578E-01  0.00000000E+00  0.00000000E+00  0.17382672E+09  0.00000000E+00  0.00000000E+00  0.00000000E+00  0.00000000E+00  0.00000000E+00  0.10000000E-01  0.10000000E+01
 0.57002000E-09  0.90854817E-02  0.00000000E+00  0.81896845E-01  0.00000000E+00  0.00000000E+00  0.17382672E+09  0.00000000E+00  0.00000000E+00  0.00000000E+00  0.00000000E+00  0.00000000E+00  0.10000000E-01  0.10000000E+01
 0.58002000E-09  0.90854817E-02  0.00000000E+00  0.83635112E-01  0.00000000E+00  0.00000000E+00  0.17382672E+09  0.00000000E+00  0.00000000E+00  0.00000000E+00  0.00000000E+00  0.00000000E+00  0.10000000E-01  0.10000000E+01
 0.59002000E-09  0.90854817E-02  0.00000000E+00  0.85373379E-01  0.00000000E+00  0.00000000E+00  0.17382672E+09  0.00000000E+00  0.00000000E+00  0.00000000E+00  0.00000000E+00  0.00000000E+00  0.10000000E-01  0.10000000E+01
 0.60002000E-09  0.90854817E-02  0.00000000E+00  0.87111647E-01  0.00000000E+00  0.00000000E+00  0.17382672E+09  0.00000000E+00  0.00000000E+00  0.00000000E+00  0.00000000E+00  0.00000000E+00  0.10000000E-01  0.10000000E+01
 0.61002000E-09  0.90854817E-02  0.00000000E+00  0.88849914E-01  0.00000000E+00  0.00000000E+00  0.17382672E+09  0.00000000E+00  0.00000000E+00  0.00000000E+00  0.00000000E+00  0.00000000E+00  0.10000000E-01  0.10000000E+01
 0.62002000E-09  0.90854817E-02  0.00000000E+00  0.90588181E-01  0.00000000E+00  0.00000000E+00  0.17382672E+09  0.00000000E+00  0.00000000E+00  0.00000000E+00  0.00000000E+00  0.00000000E+00  0.10000000E-01  0.10000000E+01
 0.63002000E-09  0.90854817E-02  0.00000000E+00  0.92326448E-01  0.00000000E+00  0.00000000E+00  0.17382672E+09  0.00000000E+00  0.00000000E+00  0.00000000E+00  0.00000000E+00  0.00000000E+00  0.10000000E-01  0.10000000E+01
 0.64002000E-09  0.90854817E-02  0.00000000E+00  0.94064715E-01  0.00000000E+00  0.00000000E+00  0.17382672E+09  0.00000000E+00  0.00000000E+00  0.00000000E+00  0.00000000E+00  0.00000000E+00  0.10000000E-01  0.10000000E+01
 0.65002000E-09  0.90854817E-02  0.00000000E+00  0.95802982E-01  0.00000000E+00  0.00000000E+00  0.17382672E+09  0.00000000E+00  0.00000000E+00  0.00000000E+00  0.00000000E+00  0.00000000E+00  0.10000000E-01  0.10000000E+01
 0.66002000E-09  0.90854817E-02  0.00000000E+00  0.97541250E-01  0.00000000E+00  0.00000000E+00  0.17382672E+09  0.00000000E+00  0.00000000E+00  0.00000000E+00  0.00000000E+00  0.00000000E+00  0.10000000E-01  0.10000000E+01
 0.67002000E-09  0.90854817E-02  0.00000000E+00  0.99279517E-01  0.00000000E+00  0.00000000E+00  0.17382672E+09  0.00000000E+00  0.00000000E+00  0.00000000E+00  0.00000000E+00  0.00000000E+00  0.10000000E-01  0.10000000E+01
 0.68002000E-09  0.90854817E-02  0.00000000E+00  0.10101778E+00  0.00000000E+00  0.00000000E+00  0.17382672E+09  0.00000000E+00  0.00000000E+00  0.00000000E+00  0.00000000E+00  0.00000000E+00  0.10000000E-01  0.10000000E+01
 0.69002000E-09  0.90854817E-02  0.00000000E+00  0.10275605E+00  0.00000000E+00  0.00000000E+00  0.17382672E+09  0.00000000E+00  0.00000000E+00  0.00000000E+00  0.00000000E+00  0.00000000E+00  0.10000000E-01  0.10000000E+01
 0.70002000E-09  0.90854817E-02  0.00000000E+00  0.10449432E+00  0.00000000E+00  0.00000000E+00  0.17382672E+09  0.00000000E+00  0.00000000E+00  0.00000000E+00  0.00000000E+00  0.00000000E+00  0.10000000E-01  0.10000000E+01
 0.71002000E-09  0.90854817E-02  0.00000000E+00  0.10623259E+00  0.00000000E+00  0.00000000E+00  0.17382672E+09  0.00000000E+00  0.00000000E+00  0.00000000E+00  0.00000000E+00  0.00000000E+00  0.10000000E-01  0.10000000E+01
 0.72002000E-09  0.90854817E-02  0.00000000E+00  0.10797085E+00  0.00000000E+00  0.00000000E+00  0.17382672E+09  0.00000000E+00  0.00000000E+00  0.00000000E+00  0.00000000E+00  0.00000000E+00  0.10000000E-01  0.10000000E+01
 0.73002000E-09  0.90854817E-02  0.00000000E+00  0.10970912E+00  0.00000000E+00  0.00000000E+00  0.17382672E+09  0.00000000E+00  0.00000000E+00  0.00000000E+00  0.00000000E+00  0.00000000E+00  0.10000000E-01  0.10000000E+01
 0.74002000E-09  0.90854817E-02  0.00000000E+00  0.11144739E+00  0.00000000E+00  0.00000000E+00  0.17382672E+09  0.00000000E+00  0.00000000E+00  0.00000000E+00  0.00000000E+00  0.00000000E+00  0.10000000E-01  0.10000000E+01
 0.75002000E-09  0.90854817E-02  0.00000000E+00  0.11318565E+00  0.00000000E+00  0.00000000E+00  0.17382672E+09  0.00000000E+00  0.00000000E+00  0.00000000E+00  0.00000000E+00  0.00000000E+00  0.10000000E-01  0.10000000E+01
 0.76002000E-09  0.90854817E-02  0.00000000E+00  0.11492392E+00  0.00000000E+00  0.00000000E+00  0.17382672E+09  0.00000000E+00  0.00000000E+00  0.00000000E+00  0.00000000E+00  0.00000000E+00  0.10000000E-01  0.10000000E+01
 0.77002000E-09  0.90854817E-02  0.00000000E+00  0.11666219E+00  0.00000000E+00  0.00000000E+00  0.17382672E+09  0.00000000E+00  0.00000000E+00  0.00000000E+00  0.00000000E+00  0.00000000E+00  0.10000000E-01  0.10000000E+01
 0.78002000E-09  0.90854817E-02  0.00000000E+00  0.11840046E+00  0.00000000E+00  0.00000000E+00  0.17382672E+09  0.00000000E+00  0.00000000E+00  0.00000000E+00  0.00000000E+00  0.00000000E+00  0.10000000E-01  0.10000000E+01
 0.79002000E-09  0.90854817E-02  0.00000000E+00  0.12013872E+00  0.00000000E+00  0.00000000E+00  0.17382672E+09  0.00000000E+00  0.00000000E+00  0.00000000E+00  0.00000000E+00  0.00000000E+00  0.10000000E-01  0.10000000E+01
 0.80002000E-09  0.90854817E-02  0.00000000E+00  0.12187699E+00  0.00000000E+00  0.00000000E+00  0.17382672E+09  0.00000000E+00  0.00000000E+00  0.00000000E+00  0.00000000E+00  0.00000000E+00  0.10000000E-01  0.10000000E+01
 0.81002000E-09  0.90854817E-02  0.00000000E+00  0.12361526E+00  0.00000000E+00  0.00000000E+00  0.17382672E+09  0.00000000E+00  0.00000000E+00  0.00000000E+00  0.00000000E+00  0.00000000E+00  0.10000000E-01  0.10000000E+01
 0.82002000E-09  0.90854817E-02  0.00000000E+00  0.12535352E+00  0.00000000E+00  0.00000000E+00  0.17382672E+09  0.00000000E+00  0.00000000E+00  0.00000000E+00  0.00000000E+00  0.00000000E+00  0.10000000E-01  0.10000000E+01
 0.83002000E-09  0.90854817E-02  0.00000000E+00  0.12709179E+00  0.00000000E+00  0.00000000E+00  0.17382672E+09  0.00000000E+00  0.00000000E+00  0.00000000E+00  0.00000000E+00  0.00000000E+00  0.10000000E-01  0.10000000E+01
 0.84002000E-09  0.90854817E-02  0.00000000E+00  0.12883006E+00  0.00000000E+00  0.00000000E+00  0.17382672E+09  0.00000000E+00  0.00000000E+00  0.00000000E+00  0.00000000E+00  0.00000000E+00  0.10000000E-01  0.10000000E+01
 0.85002000E-09  0.90854817E-02  0.00000000E+00  0.13056833E+00  0.00000000E+00  0.00000000E+00  0.17382672E+09  0.00000000E+00  0.00000000E+00  0.00000000E+00  0.00000000E+00  0.00000000E+00  0.10000000E-01  0.10000000E+01
 0.86002000E-09  0.90854817E-02  0.00000000E+00  0.13230659E+00  0.00000000E+00  0.00000000E+00  0.17382672E+09  0.00000000E+00  0.00000000E+00  0.00000000E+00  0.00000000E+00  0.00000000E+00  0.10000000E-01  0.10000000E+01
 0.87002000E-09  0.90854817E-02  0.00000000E+00  0.13404486E+00  0.00000000E+00  0.00000000E+00  0.17382672E+09  0.00000000E+00  0.00000000E+00  0.00000000E+00  0.00000000E+00  0.00000000E+00  0.10000000E-01  0.10000000E+01
 0.88002000E-09  0.90854817E-02  0.00000000E+00  0.13578313E+00  0.00000000E+00  0.00000000E+00  0.17382672E+09  0.00000000E+00  0.00000000E+00  0.00000000E+00  0.00000000E+00  0.00000000E+00  0.10000000E-01  0.10000000E+01
 0.89002000E-09  0.90854817E-02  0.00000000E+00  0.13752139E+00  0.00000000E+00  0.00000000E+00  0.17382672E+09  0.00000000E+00  0.00000000E+00  0.00000000E+00  0.00000000E+00  0.00000000E+00  0.10000000E-01  0.10000000E+01
 0.90002000E-09  0.90854817E-02  0.00000000E+00  0.13925966E+00  0.00000000E+00  0.00000000E+00  0.17382672E+09  0.00000000E+00  0.00000000E+00  0.00000000E+00  0.00000000E+00  0.00000000E+00  0.10000000E-01  0.10000000E+01
 0.91002000E-09  0.90854817E-02  0.00000000E+00  0.14099793E+00  0.00000000E+00  0.00000000E+00  0.17382672E+09  0.00000000E+00  0.00000000E+00  0.00000000E+00  0.00000000E+00  0.00000000E+00  0.10000000E-01  0.10000000E+01
 0.92002000E-09  0.90854817E-02  0.00000000E+00  0.14273620E+00  0.00000000E+00  0.00000000E+00  0.17382672E+09  0.00000000E+00  0.00000000E+00  0.00000000E+00  0.00000000E+00  0.00000000E+00  0.10000000E-01  0.10000000E+01
 0.93002000E-09  0.90854817E-02  0.00000000E+00  0.14447446E+00  0.00000000E+00  0.00000000E+00  0.17382672E+09  0.00000000E+00  0.00000000E+00  0.00000000E+00  0.00000000E+00  0.00000000E+00  0.10000000E-01  0.10000000E+01
 0.94002000E-09  0.90854817E-02  0.00000000E+00  0.14621273E+00  0.00000000E+00  0.00000000E+00  0.17382672E+09  0.00000000E+00  0.00000000E+00  0.00000000E+00  0.00000000E+00  0.00000000E+00  0.10000000E-01  0.10000000E+01
 0.95002000E-09  0.90854817E-02  0.00000000E+00  0.14795100E+00  0.00000000E+00  0.00000000E+00  0.17382672E+09  0.00000000E+00  0.00000000E+00  0.00000000E+00  0.00000000E+00  0.00000000E+00  0.10000000E-01  0.10000000E+01
 0.96002000E-09  0.90854817E-02  0.00000000E+00  0.14968926E+00  0.00000000E+00  0.00000000E+00  0.17382672E+09  0.00000000E+00  0.00000000E+00  0.00000000E+00  0.00000000E+00  0.00000000E+00  0.10000000E-01  0.10000000E+01
 0.97002000E-09  0.90854817E-02  0.00000000E+00  0.15142753E+00  0.00000000E+00  0.00000000E+00  0.17382672E+09  0.00000000E+00  0.00000000E+00  0.00000000E+00  0.00000000E+00  0.00000000E+00  0.10000000E-01  0.10000000E+01
 0.98002000E-09  0.90854817E-02  0.00000000E+00  0.15316580E+00  0.00000000E+00  0.00000000E+00  0.17382672E+09  0.00000000E+00  0.00000000E+00  0.00000000E+00  0.00000000E+00  0.00000000E+00  0.10000000E-01  0.10000000E+01
 0.99002000E-09  0.90854817E-02  0.00000000E+00  0.15490407E+00  0.00000000E+00  0.00000000E+00  0.17382672E+09  0.00000000E+00  0.00000000E+00  0.00000000E+00  0.00000000E+00  0.00000000E+00  0.10000000E-01  0.10000000E+01
 0.10000200E-08  0.90854817E-02  0.00000000E+00  0.15664233E+00  0.00000000E+00  0.00000000E+00  0.17382672E+09  0.00000000E+00  0.00000000E+00  0.00000000E+00  0.00000000E+00  0.00000000E+00  0.10000000E-01  0.10000000E+01
 0.10100200E-08  0.90854817E-02  0.00000000E+00  0.15838060E+00  0.00000000E+00  0.00000000E+00  0.17382672E+09  0.00000000E+00  0.00000000E+00  0.00000000E+00  0.00000000E+00  0.00000000E+00  0.10000000E-01  0.10000000E+01
 0.10200200E-08  0.90854817E-02  0.00000000E+00  0.16011887E+00  0.00000000E+00  0.00000000E+00  0.17382672E+09  0.00000000E+00  0.00000000E+00  0.00000000E+00  0.00000000E+00  0.00000000E+00  0.10000000E-01  0.10000000E+01
 0.10300200E-08  0.90854817E-02  0.00000000E+00  0.16185713E+00  0.00000000E+00  0.00000000E+00  0.17382672E+09  0.00000000E+00  0.00000000E+00  0.00000000E+00  0.00000000E+00  0.00000000E+00  0.10000000E-01  0.10000000E+01
 0.10400200E-08  0.90854817E-02  0.00000000E+00  0.16359540E+00  0.00000000E+00  0.00000000E+00  0.17382672E+09  0.00000000E+00  0.00000000E+00  0.00000000E+00  0.00000000E+00  0.00000000E+00  0.10000000E-01  0.10000000E+01
 0.10500200E-08  0.90854817E-02  0.00000000E+00  0.16533367E+00  0.00000000E+00  0.00000000E+00  0.17382672E+09  0.00000000E+00  0.00000000E+00  0.00000000E+00  0.00000000E+00  0.00000000E+00  0.10000000E-01  0.10000000E+01
 0.10600200E-08  0.90854817E-02  0.00000000E+00  0.16707194E+00  0.00000000E+00  0.00000000E+00  0.17382672E+09  0.00000000E+00  0.00000000E+00  0.00000000E+00  0.00000000E+00  0.00000000E+00  0.10000000E-01  0.10000000E+01
 0.10700200E-08  0.90854817E-02  0.00000000E+00  0.16881020E+00  0.00000000E+00  0.00000000E+00  0.17382672E+09  0.00000000E+00  0.00000000E+00  0.00000000E+00  0.00000000E+00  0.00000000E+00  0.10000000E-01  0.10000000E+01
 0.10800200E-08  0.90854817E-02  0.00000000E+00  0.17054847E+00  0.00000000E+00  0.00000000E+00  0.17382672E+09  0.00000000E+00  0.00000000E+00  0.00000000E+00  0.00000000E+00  0.00000000E+00  0.10000000E-01  0.10000000E+01
 0.10900200E-08  0.90854817E-02  0.00000000E+00  0.17228674E+00  0.00000000E+00  0.00000000E+00  0.17382672E+09  0.00000000E+00  0.00000000E+00  0.00000000E+00  0.00000000E+00  0.00000000E+00  0.10000000E-01  0.10000000E+01
 0.11000200E-08  0.90854817E-02  0.00000000E+00  0.17402501E+00  0.00000000E+00  0.00000000E+00  0.17382672E+09  0.00000000E+00  0.00000000E+00  0.00000000E+00  0.00000000E+00  0.00000000E+00  0.10000000E-01  0.10000000E+01
 0.11100200E-08  0.90854817E-02  0.00000000E+00  0.17576327E+00  0.00000000E+00  0.00000000E+00  0.17382672E+09  0.00000000E+00  0.00000000E+00  0.00000000E+00  0.00000000E+00  0.00000000E+00  0.10000000E-01  0.10000000E+01
 0.11200200E-08  0.90854817E-02  0.00000000E+00  0.17750154E+00  0.00000000E+00  0.00000000E+00  0.17382672E+09  0.00000000E+00  0.00000000E+00  0.00000000E+00  0.00000000E+00  0.00000000E+00  0.10000000E-01  0.10000000E+01
 0.11300200E-08  0.90854817E-02  0.00000000E+00  0.17923981E+00  0.00000000E+00  0.00000000E+00  0.17382672E+09  0.00000000E+00  0.00000000E+00  0.00000000E+00  0.00000000E+00  0.00000000E+00  0.10000000E-01  0.10000000E+01
 0.11400200E-08  0.90854817E-02  0.00000000E+00  0.18097807E+00  0.00000000E+00  0.00000000E+00  0.17382672E+09  0.00000000E+00  0.00000000E+00  0.00000000E+00  0.00000000E+00  0.00000000E+00  0.10000000E-01  0.10000000E+01
 0.11500200E-08  0.90854817E-02  0.00000000E+00  0.18271634E+00  0.00000000E+00  0.00000000E+00  0.17382672E+09  0.00000000E+00  0.00000000E+00  0.00000000E+00  0.00000000E+00  0.00000000E+00  0.10000000E-01  0.10000000E+01
 0.11600200E-08  0.90854817E-02  0.00000000E+00  0.18445461E+00  0.00000000E+00  0.00000000E+00  0.17382672E+09  0.00000000E+00  0.00000000E+00  0.00000000E+00  0.00000000E+00  0.00000000E+00  0.10000000E-01  0.10000000E+01
 0.11700200E-08  0.90854817E-02  0.00000000E+00  0.18619288E+00  0.00000000E+00  0.00000000E+00  0.17382672E+09  0.00000000E+00  0.00000000E+00  0.00000000E+00  0.00000000E+00  0.00000000E+00  0.10000000E-01  0.10000000E+01
 0.11800200E-08  0.90854817E-02  0.00000000E+00  0.18793114E+00  0.00000000E+00  0.00000000E+00  0.17382672E+09  0.00000000E+00  0.00000000E+00  0.00000000E+00  0.00000000E+00  0.00000000E+00  0.10000000E-01  0.10000000E+01
 0.11900200E-08  0.90854817E-02  0.00000000E+00  0.18966941E+00  0.00000000E+00  0.00000000E+00  0.17382672E+09  0.00000000E+00  0.00000000E+00  0.00000000E+00  0.00000000E+00  0.00000000E+00  0.10000000E-01  0.10000000E+01
 0.12000200E-08  0.90854817E-02  0.00000000E+00  0.19140768E+00  0.00000000E+00  0.00000000E+00  0.17382672E+09  0.00000000E+00  0.00000000E+00  0.00000000E+00  0.00000000E+00  0.00000000E+00  0.10000000E-01  0.10000000E+01
 0.12100200E-08  0.90854817E-02  0.00000000E+00  0.19314594E+00  0.00000000E+00  0.00000000E+00  0.17382672E+09  0.00000000E+00  0.00000000E+00  0.00000000E+00  0.00000000E+00  0.00000000E+00  0.10000000E-01  0.10000000E+01
 0.12200200E-08  0.90854817E-02  0.00000000E+00  0.19488421E+00  0.00000000E+00  0.00000000E+00  0.17382672E+09  0.00000000E+00  0.00000000E+00  0.00000000E+00  0.00000000E+00  0.00000000E+00  0.10000000E-01  0.10000000E+01
 0.12300200E-08  0.90854817E-02  0.00000000E+00  0.19662248E+00  0.00000000E+00  0.00000000E+00  0.17382672E+09  0.00000000E+00  0.00000000E+00  0.00000000E+00  0.00000000E+00  0.00000000E+00  0.10000000E-01  0.10000000E+01
 0.12400200E-08  0.90854817E-02  0.00000000E+00  0.19836075E+00  0.00000000E+00  0.00000000E+00  0.17382672E+09  0.00000000E+00  0.00000000E+00  0.00000000E+00  0.00000000E+00  0.00000000E+00  0.10000000E-01  0.10000000E+01
 0.12500200E-08  0.90854817E-02  0.00000000E+00  0.20009901E+00  0.00000000E+00  0.00000000E+00  0.17382672E+09  0.00000000E+00  0.00000000E+00  0.00000000E+00  0.00000000E+00  0.00000000E+00  0.10000000E-01  0.10000000E+01
 0.12600200E-08  0.90854817E-02  0.00000000E+00  0.20183728E+00  0.00000000E+00  0.00000000E+00  0.17382672E+09  0.00000000E+00  0.00000000E+00  0.00000000E+00  0.00000000E+00  0.00000000E+00  0.10000000E-01  0.10000000E+01
 0.12700200E-08  0.90854817E-02  0.00000000E+00  0.20357555E+00  0.00000000E+00  0.00000000E+00  0.17382672E+09  0.00000000E+00  0.00000000E+00  0.00000000E+00  0.00000000E+00  0.00000000E+00  0.10000000E-01  0.10000000E+01
 0.12800200E-08  0.90854817E-02  0.00000000E+00  0.20531381E+00  0.00000000E+00  0.00000000E+00  0.17382672E+09  0.00000000E+00  0.00000000E+00  0.00000000E+00  0.00000000E+00  0.00000000E+00  0.10000000E-01  0.10000000E+01
 0.12900200E-08  0.90854817E-02  0.00000000E+00  0.20705208E+00  0.00000000E+00  0.00000000E+00  0.17382672E+09  0.00000000E+00  0.00000000E+00  0.00000000E+00  0.00000000E+00  0.00000000E+00  0.10000000E-01  0.10000000E+01
 0.13000200E-08  0.90854817E-02  0.00000000E+00  0.20879035E+00  0.00000000E+00  0.00000000E+00  0.17382672E+09  0.00000000E+00  0.00000000E+00  0.00000000E+00  0.00000000E+00  0.00000000E+00  0.10000000E-01  0.10000000E+01
 0.13100200E-08  0.90854817E-02  0.00000000E+00  0.21052862E+00  0.00000000E+00  0.00000000E+00  0.17382672E+09  0.00000000E+00  0.00000000E+00  0.00000000E+00  0.00000000E+00  0.00000000E+00  0.10000000E-01  0.10000000E+01
 0.13200200E-08  0.90854817E-02  0.00000000E+00  0.21226688E+00  0.00000000E+00  0.00000000E+00  0.17382672E+09  0.00000000E+00  0.00000000E+00  0.00000000E+00  0.00000000E+00  0.00000000E+00  0.10000000E-01  0.10000000E+01
 0.13300200E-08  0.90854817E-02  0.00000000E+00  0.21400515E+00  0.00000000E+00  0.00000000E+00  0.17382672E+09  0.00000000E+00  0.00000000E+00  0.00000000E+00  0.00000000E+00  0.00000000E+00  0.10000000E-01  0.10000000E+01
 0.13400200E-08  0.90854817E-02  0.00000000E+00  0.21574342E+00  0.00000000E+00  0.00000000E+00  0.17382672E+09  0.00000000E+00  0.00000000E+00  0.00000000E+00  0.00000000E+00  0.00000000E+00  0.10000000E-01  0.10000000E+01
 0.13500200E-08  0.90854817E-02  0.00000000E+00  0.21748168E+00  0.00000000E+00  0.00000000E+00  0.17382672E+09  0.00000000E+00  0.00000000E+00  0.00000000E+00  0.00000000E+00  0.00000000E+00  0.10000000E-01  0.10000000E+01
 0.13600200E-08  0.90854817E-02  0.00000000E+00  0.21921995E+00  0.00000000E+00  0.00000000E+00  0.17382672E+09  0.00000000E+00  0.00000000E+00  0.00000000E+00  0.00000000E+00  0.00000000E+00  0.10000000E-01  0.10000000E+01
 0.13700200E-08  0.90854817E-02  0.00000000E+00  0.22095822E+00  0.00000000E+00  0.00000000E+00  0.17382672E+09  0.00000000E+00  0.00000000E+00  0.00000000E+00  0.00000000E+00  0.00000000E+00  0.10000000E-01  0.10000000E+01
 0.13800200E-08  0.90854817E-02  0.00000000E+00  0.22269649E+00  0.00000000E+00  0.00000000E+00  0.17382672E+09  0.00000000E+00  0.00000000E+00  0.00000000E+00  0.00000000E+00  0.00000000E+00  0.10000000E-01  0.10000000E+01
 0.13900200E-08  0.90854817E-02  0.00000000E+00  0.22443475E+00  0.00000000E+00  0.00000000E+00  0.17382672E+09  0.00000000E+00  0.00000000E+00  0.00000000E+00  0.00000000E+00  0.00000000E+00  0.10000000E-01  0.10000000E+01
 0.14000200E-08  0.90854817E-02  0.00000000E+00  0.22617302E+00  0.00000000E+00  0.00000000E+00  0.17382672E+09  0.00000000E+00  0.00000000E+00  0.00000000E+00  0.00000000E+00  0.00000000E+00  0.10000000E-01  0.10000000E+01
 0.14100200E-08  0.90854817E-02  0.00000000E+00  0.22791129E+00  0.00000000E+00  0.00000000E+00  0.17382672E+09  0.00000000E+00  0.00000000E+00  0.00000000E+00  0.00000000E+00  0.00000000E+00  0.10000000E-01  0.10000000E+01
 0.14200200E-08  0.90854817E-02  0.00000000E+00  0.22964955E+00  0.00000000E+00  0.00000000E+00  0.17382672E+09  0.00000000E+00  0.00000000E+00  0.00000000E+00  0.00000000E+00  0.00000000E+00  0.10000000E-01  0.10000000E+01
 0.14300200E-08  0.90854817E-02  0.00000000E+00  0.23138782E+00  0.00000000E+00  0.00000000E+00  0.17382672E+09  0.00000000E+00  0.00000000E+00  0.00000000E+00  0.00000000E+00  0.00000000E+00  0.10000000E-01  0.10000000E+01
 0.14400200E-08  0.90854817E-02  0.00000000E+00  0.23312609E+00  0.00000000E+00  0.00000000E+00  0.17382672E+09  0.00000000E+00  0.00000000E+00  0.00000000E+00  0.00000000E+00  0.00000000E+00  0.10000000E-01  0.10000000E+01
 0.14500200E-08  0.90854817E-02  0.00000000E+00  0.23486436E+00  0.00000000E+00  0.00000000E+00  0.17382672E+09  0.00000000E+00  0.00000000E+00  0.00000000E+00  0.00000000E+00  0.00000000E+00  0.10000000E-01  0.10000000E+01
 0.14600200E-08  0.90854817E-02  0.00000000E+00  0.23660262E+00  0.00000000E+00  0.00000000E+00  0.17382672E+09  0.00000000E+00  0.00000000E+00  0.00000000E+00  0.00000000E+00  0.00000000E+00  0.10000000E-01  0.10000000E+01
 0.14700200E-08  0.90854817E-02  0.00000000E+00  0.23834089E+00  0.00000000E+00  0.00000000E+00  0.17382672E+09  0.00000000E+00  0.00000000E+00  0.00000000E+00  0.00000000E+00  0.00000000E+00  0.10000000E-01  0.10000000E+01
 0.14800200E-08  0.90854817E-02  0.00000000E+00  0.24007916E+00  0.00000000E+00  0.00000000E+00  0.17382672E+09  0.00000000E+00  0.00000000E+00  0.00000000E+00  0.00000000E+00  0.00000000E+00  0.10000000E-01  0.10000000E+01
 0.14900200E-08  0.90854817E-02  0.00000000E+00  0.24181742E+00  0.00000000E+00  0.00000000E+00  0.17382672E+09  0.00000000E+00  0.00000000E+00  0.00000000E+00  0.00000000E+00  0.00000000E+00  0.10000000E-01  0.10000000E+01
 0.15000200E-08  0.90854817E-02  0.00000000E+00  0.24355569E+00  0.00000000E+00  0.00000000E+00  0.17382672E+09  0.00000000E+00  0.00000000E+00  0.00000000E+00  0.00000000E+00  0.00000000E+00  0.10000000E-01  0.10000000E+01
 0.15100200E-08  0.90854817E-02  0.00000000E+00  0.24529396E+00  0.00000000E+00  0.00000000E+00  0.17382672E+09  0.00000000E+00  0.00000000E+00  0.00000000E+00  0.00000000E+00  0.00000000E+00  0.10000000E-01  0.10000000E+01
 0.15200200E-08  0.90854817E-02  0.00000000E+00  0.24703223E+00  0.00000000E+00  0.00000000E+00  0.17382672E+09  0.00000000E+00  0.00000000E+00  0.00000000E+00  0.00000000E+00  0.00000000E+00  0.10000000E-01  0.10000000E+01
 0.15300200E-08  0.90854817E-02  0.00000000E+00  0.24877049E+00  0.00000000E+00  0.00000000E+00  0.17382672E+09  0.00000000E+00  0.00000000E+00  0.00000000E+00  0.00000000E+00  0.00000000E+00  0.10000000E-01  0.10000000E+01
 0.15400200E-08  0.90854817E-02  0.00000000E+00  0.25050876E+00  0.00000000E+00  0.00000000E+00  0.17382672E+09  0.00000000E+00  0.00000000E+00  0.00000000E+00  0.00000000E+00  0.00000000E+00  0.10000000E-01  0.10000000E+01
 0.15500200E-08  0.90854817E-02  0.00000000E+00  0.25224703E+00  0.00000000E+00  0.00000000E+00  0.17382672E+09  0.00000000E+00  0.00000000E+00  0.00000000E+00  0.00000000E+00  0.00000000E+00  0.10000000E-01  0.10000000E+01
 0.15600200E-08  0.90854817E-02  0.00000000E+00  0.25398529E+00  0.00000000E+00  0.00000000E+00  0.17382672E+09  0.00000000E+00  0.00000000E+00  0.00000000E+00  0.00000000E+00  0.00000000E+00  0.10000000E-01  0.10000000E+01
 0.15700200E-08  0.90854817E-02  0.00000000E+00  0.25572356E+00  0.00000000E+00  0.00000000E+00  0.17382672E+09  0.00000000E+00  0.00000000E+00  0.00000000E+00  0.00000000E+00  0.00000000E+00  0.10000000E-01  0.10000000E+01
 0.15800200E-08  0.90854817E-02  0.00000000E+00  0.25746183E+00  0.00000000E+00  0.00000000E+00  0.17382672E+09  0.00000000E+00  0.00000000E+00  0.00000000E+00  0.00000000E+00  0.00000000E+00  0.10000000E-01  0.10000000E+01
 0.15900200E-08  0.90854817E-02  0.00000000E+00  0.25920010E+00  0.00000000E+00  0.00000000E+00  0.17382672E+09  0.00000000E+00  0.00000000E+00  0.00000000E+00  0.00000000E+00  0.00000000E+00  0.10000000E-01  0.10000000E+01
 0.16000200E-08  0.90854817E-02  0.00000000E+00  0.26093836E+00  0.00000000E+00  0.00000000E+00  0.17382672E+09  0.00000000E+00  0.00000000E+00  0.00000000E+00  0.00000000E+00  0.00000000E+00  0.10000000E-01  0.10000000E+01
 0.16100200E-08  0.90854817E-02  0.00000000E+00  0.26267663E+00  0.00000000E+00  0.00000000E+00  0.17382672E+09  0.00000000E+00  0.00000000E+00  0.00000000E+00  0.00000000E+00  0.00000000E+00  0.10000000E-01  0.10000000E+01
 0.16200200E-08  0.90854817E-02  0.00000000E+00  0.26441490E+00  0.00000000E+00  0.00000000E+00  0.17382672E+09  0.00000000E+00  0.00000000E+00  0.00000000E+00  0.00000000E+00  0.00000000E+00  0.10000000E-01  0.10000000E+01
 0.16300200E-08  0.90854817E-02  0.00000000E+00  0.26615317E+00  0.00000000E+00  0.00000000E+00  0.17382672E+09  0.00000000E+00  0.00000000E+00  0.00000000E+00  0.00000000E+00  0.00000000E+00  0.10000000E-01  0.10000000E+01
 0.16400200E-08  0.90854817E-02  0.00000000E+00  0.26789143E+00  0.00000000E+00  0.00000000E+00  0.17382672E+09  0.00000000E+00  0.00000000E+00  0.00000000E+00  0.00000000E+00  0.00000000E+00  0.10000000E-01  0.10000000E+01
 0.16500200E-08  0.90854817E-02  0.00000000E+00  0.26962970E+00  0.00000000E+00  0.00000000E+00  0.17382672E+09  0.00000000E+00  0.00000000E+00  0.00000000E+00  0.00000000E+00  0.00000000E+00  0.10000000E-01  0.10000000E+01
 0.16600200E-08  0.90854817E-02  0.00000000E+00  0.27136797E+00  0.00000000E+00  0.00000000E+00  0.17382672E+09  0.00000000E+00  0.00000000E+00  0.00000000E+00  0.00000000E+00  0.00000000E+00  0.10000000E-01  0.10000000E+01
 0.16700200E-08  0.90854817E-02  0.00000000E+00  0.27310623E+00  0.00000000E+00  0.00000000E+00  0.17382672E+09  0.00000000E+00  0.00000000E+00  0.00000000E+00  0.00000000E+00  0.00000000E+00  0.10000000E-01  0.10000000E+01
 0.16800200E-08  0.90854817E-02  0.00000000E+00  0.27484450E+00  0.00000000E+00  0.00000000E+00  0.17382672E+09  0.00000000E+00  0.00000000E+00  0.00000000E+00  0.00000000E+00  0.00000000E+00  0.10000000E-01  0.10000000E+01
 0.16900200E-08  0.90854817E-02  0.00000000E+00  0.27658277E+00  0.00000000E+00  0.00000000E+00  0.17382672E+09  0.00000000E+00  0.00000000E+00  0.00000000E+00  0.00000000E+00  0.00000000E+00  0.10000000E-01  0.10000000E+01
 0.17000200E-08  0.90854817E-02  0.00000000E+00  0.27832104E+00  0.00000000E+00  0.00000000E+00  0.17382672E+09  0.00000000E+00  0.00000000E+00  0.00000000E+00  0.00000000E+00  0.00000000E+00  0.10000000E-01  0.10000000E+01
 0.17100200E-08  0.90854817E-02  0.00000000E+00  0.28005930E+00  0.00000000E+00  0.00000000E+00  0.17382672E+09  0.00000000E+00  0.00000000E+00  0.00000000E+00  0.00000000E+00  0.00000000E+00  0.10000000E-01  0.10000000E+01
 0.17200200E-08  0.90854817E-02  0.00000000E+00  0.28179757E+00  0.00000000E+00  0.00000000E+00  0.17382672E+09  0.00000000E+00  0.00000000E+00  0.00000000E+00  0.00000000E+00  0.00000000E+00  0.10000000E-01  0.10000000E+01
 0.17300200E-08  0.90854817E-02  0.00000000E+00  0.28353584E+00  0.00000000E+00  0.00000000E+00  0.17382672E+09  0.00000000E+00  0.00000000E+00  0.00000000E+00  0.00000000E+00  0.00000000E+00  0.10000000E-01  0.10000000E+01
 0.17400200E-08  0.90854817E-02  0.00000000E+00  0.28527410E+00  0.00000000E+00  0.00000000E+00  0.17382672E+09  0.00000000E+00  0.00000000E+00  0.00000000E+00  0.00000000E+00  0.00000000E+00  0.10000000E-01  0.10000000E+01
 0.17500200E-08  0.90854817E-02  0.00000000E+00  0.28701237E+00  0.00000000E+00  0.00000000E+00  0.17382672E+09  0.00000000E+00  0.00000000E+00  0.00000000E+00  0.00000000E+00  0.00000000E+00  0.10000000E-01  0.10000000E+01
 0.17600200E-08  0.90854817E-02  0.00000000E+00  0.28875064E+00  0.00000000E+00  0.00000000E+00  0.17382672E+09  0.00000000E+00  0.00000000E+00  0.00000000E+00  0.00000000E+00  0.00000000E+00  0.10000000E-01  0.10000000E+01
 0.17700200E-08  0.90854817E-02  0.00000000E+00  0.29048891E+00  0.00000000E+00  0.00000000E+00  0.17382672E+09  0.00000000E+00  0.00000000E+00  0.00000000E+00  0.00000000E+00  0.00000000E+00  0.10000000E-01  0.10000000E+01
 0.17800200E-08  0.90854817E-02  0.00000000E+00  0.29222717E+00  0.00000000E+00  0.00000000E+00  0.17382672E+09  0.00000000E+00  0.00000000E+00  0.00000000E+00  0.00000000E+00  0.00000000E+00  0.10000000E-01  0.10000000E+01
 0.17900200E-08  0.90854817E-02  0.00000000E+00  0.29396544E+00  0.00000000E+00  0.00000000E+00  0.17382672E+09  0.00000000E+00  0.00000000E+00  0.00000000E+00  0.00000000E+00  0.00000000E+00  0.10000000E-01  0.10000000E+01
 0.18000200E-08  0.90854817E-02  0.00000000E+00  0.29570371E+00  0.00000000E+00  0.00000000E+00  0.17382672E+09  0.00000000E+00  0.00000000E+00  0.00000000E+00  0.00000000E+00  0.00000000E+00  0.10000000E-01  0.10000000E+01
 0.18100200E-08  0.90854817E-02  0.00000000E+00  0.29744197E+00  0.00000000E+00  0.00000000E+00  0.17382672E+09  0.00000000E+00  0.00000000E+00  0.00000000E+00  0.00000000E+00  0.00000000E+00  0.10000000E-01  0.10000000E+01
 0.18200200E-08  0.90854817E-02  0.00000000E+00  0.29918024E+00  0.00000000E+00  0.00000000E+00  0.17382672E+09  0.00000000E+00  0.00000000E+00  0.00000000E+00  0.00000000E+00  0.00000000E+00  0.10000000E-01  0.10000000E+01
 0.18300200E-08  0.90854817E-02  0.00000000E+00  0.30091851E+00  0.00000000E+00  0.00000000E+00  0.17382672E+09  0.00000000E+00  0.00000000E+00  0.00000000E+00  0.00000000E+00  0.00000000E+00  0.10000000E-01  0.10000000E+01
 0.18400200E-08  0.90854817E-02  0.00000000E+00  0.30265678E+00  0.00000000E+00  0.00000000E+00  0.17382672E+09  0.00000000E+00  0.00000000E+00  0.00000000E+00  0.00000000E+00  0.00000000E+00  0.10000000E-01  0.10000000E+01
 0.18500200E-08  0.90854817E-02  0.00000000E+00  0.30439504E+00  0.00000000E+00  0.00000000E+00  0.17382672E+09  0.00000000E+00  0.00000000E+00  0.00000000E+00  0.00000000E+00  0.00000000E+00  0.10000000E-01  0.10000000E+01
 0.18600200E-08  0.90854817E-02  0.00000000E+00  0.30613331E+00  0.00000000E+00  0.00000000E+00  0.17382672E+09  0.00000000E+00  0.00000000E+00  0.00000000E+00  0.00000000E+00  0.00000000E+00  0.10000000E-01  0.10000000E+01
 0.18700200E-08  0.90854817E-02  0.00000000E+00  0.30787158E+00  0.00000000E+00  0.00000000E+00  0.17382672E+09  0.00000000E+00  0.00000000E+00  0.00000000E+00  0.00000000E+00  0.00000000E+00  0.10000000E-01  0.10000000E+01
 0.18800200E-08  0.90854817E-02  0.00000000E+00  0.30960984E+00  0.00000000E+00  0.00000000E+00  0.17382672E+09  0.00000000E+00  0.00000000E+00  0.00000000E+00  0.00000000E+00  0.00000000E+00  0.10000000E-01  0.10000000E+01
 0.18900200E-08  0.90854817E-02  0.00000000E+00  0.31134811E+00  0.00000000E+00  0.00000000E+00  0.17382672E+09  0.00000000E+00  0.00000000E+00  0.00000000E+00  0.00000000E+00  0.00000000E+00  0.10000000E-01  0.10000000E+01
 0.19000200E-08  0.90854817E-02  0.00000000E+00  0.31308638E+00  0.00000000E+00  0.00000000E+00  0.17382672E+09  0.00000000E+00  0.00000000E+00  0.00000000E+00  0.00000000E+00  0.00000000E+00  0.10000000E-01  0.10000000E+01
 0.19100200E-08  0.90854817E-02  0.00000000E+00  0.31482465E+00  0.00000000E+00  0.00000000E+00  0.17382672E+09  0.00000000E+00  0.00000000E+00  0.00000000E+00  0.00000000E+00  0.00000000E+00  0.10000000E-01  0.10000000E+01
 0.19200200E-08  0.90854817E-02  0.00000000E+00  0.31656291E+00  0.00000000E+00  0.00000000E+00  0.17382672E+09  0.00000000E+00  0.00000000E+00  0.00000000E+00  0.00000000E+00  0.00000000E+00  0.10000000E-01  0.10000000E+01
 0.19300200E-08  0.90854817E-02  0.00000000E+00  0.31830118E+00  0.00000000E+00  0.00000000E+00  0.17382672E+09  0.00000000E+00  0.00000000E+00  0.00000000E+00  0.00000000E+00  0.00000000E+00  0.10000000E-01  0.10000000E+01
 0.19400200E-08  0.90854817E-02  0.00000000E+00  0.32003945E+00  0.00000000E+00  0.00000000E+00  0.17382672E+09  0.00000000E+00  0.00000000E+00  0.00000000E+00  0.00000000E+00  0.00000000E+00  0.10000000E-01  0.10000000E+01
 0.19500200E-08  0.90854817E-02  0.00000000E+00  0.32177771E+00  0.00000000E+00  0.00000000E+00  0.17382672E+09  0.00000000E+00  0.00000000E+00  0.00000000E+00  0.00000000E+00  0.00000000E+00  0.10000000E-01  0.10000000E+01
 0.19600200E-08  0.90854817E-02  0.00000000E+00  0.32351598E+00  0.00000000E+00  0.00000000E+00  0.17382672E+09  0.00000000E+00  0.00000000E+00  0.00000000E+00  0.00000000E+00  0.00000000E+00  0.10000000E-01  0.10000000E+01
 0.19700200E-08  0.90854817E-02  0.00000000E+00  0.32525425E+00  0.00000000E+00  0.00000000E+00  0.17382672E+09  0.00000000E+00  0.00000000E+00  0.00000000E+00  0.00000000E+00  0.00000000E+00  0.10000000E-01  0.10000000E+01
 0.19800200E-08  0.90854817E-02  0.00000000E+00  0.32699252E+00  0.00000000E+00  0.00000000E+00  0.17382672E+09  0.00000000E+00  0.00000000E+00  0.00000000E+00  0.00000000E+00  0.00000000E+00  0.10000000E-01  0.10000000E+01
 0.19900200E-08  0.90854817E-02  0.00000000E+00  0.32873078E+00  0.00000000E+00  0.00000000E+00  0.17382672E+09  0.00000000E+00  0.00000000E+00  0.00000000E+00  0.00000000E+00  0.00000000E+00  0.10000000E-01  0.10000000E+01
