# ptime xp yp zp vx vy vz ex ey ez bx by bz wt
 0.20000000E-13  0.40165972E-02  0.00000000E+00 -0.14008473E-01  0.00000000E+00  0.00000000E+00  0.19318931E+09  0.00000000E+00  0.00000000E+00  0.00000000E+00  0.00000000E+00  0.00000000E+00  0.10000000E-01  0.10000000E+01
 0.10000000E-10  0.40165972E-02  0.00000000E+00 -0.12080444E-01  0.00000000E+00  0.00000000E+00  0.19318931E+09  0.00000000E+00  0.00000000E+00  0.00000000E+00  0.00000000E+00  0.00000000E+00  0.10000000E-01  0.10000000E+01
 0.20000000E-10  0.40165972E-02  0.00000000E+00 -0.10148551E-01  0.00000000E+00  0.00000000E+00  0.19318931E+09  0.00000000E+00  0.00000000E+00  0.00000000E+00  0.00000000E+00  0.00000000E+00  0.10000000E-01  0.10000000E+01
 0.30000000E-10  0.40165972E-02  0.00000000E+00 -0.82166576E-02  0.00000000E+00  0.00000000E+00  0.19318931E+09  0.00000000E+00  0.00000000E+00  0.00000000E+00  0.00000000E+00  0.00000000E+00  0.10000000E-01  0.10000000E+01
 0.40020000E-10  0.40165972E-02  0.00000000E+00 -0.62809007E-02  0.00000000E+00  0.00000000E+00  0.19318931E+09  0.00000000E+00  0.00000000E+00  0.00000000E+00  0.00000000E+00  0.00000000E+00  0.10000000E-01  0.10000000E+01
 0.50020000E-10  0.40165972E-02  0.00000000E+00 -0.43490076E-02  0.00000000E+00  0.00000000E+00  0.19318931E+09  0.00000000E+00  0.00000000E+00  0.00000000E+00  0.00000000E+00  0.00000000E+00  0.10000000E-01  0.10000000E+01
 0.60020000E-10  0.40165972E-02  0.00000000E+00 -0.24171144E-02  0.00000000E+00  0.00000000E+00  0.19318931E+09  0.00000000E+00  0.00000000E+00  0.00000000E+00  0.00000000E+00  0.00000000E+00  0.10000000E-01  0.10000000E+01
 0.70020000E-10  0.40165972E-02  0.00000000E+00 -0.48522130E-03  0.00000000E+00  0.00000000E+00  0.19318931E+09  0.00000000E+00  0.00000000E+00  0.00000000E+00  0.00000000E+00  0.00000000E+00  0.10000000E-01  0.10000000E+01
 0.80000000E-10  0.40165972E-02  0.00000000E+00  0.14428080E-02  0.00000000E+00  0.00000000E+00  0.19318931E+09  0.00000000E+00  0.00000000E+00  0.00000000E+00  0.00000000E+00  0.00000000E+00  0.10000000E-01  0.10000000E+01
 0.90000000E-10  0.40165972E-02  0.00000000E+00  0.33747012E-02  0.00000000E+00  0.00000000E+00  0.19318931E+09  0.00000000E+00  0.00000000E+00  0.00000000E+00  0.00000000E+00  0.00000000E+00  0.10000000E-01  0.10000000E+01
 0.10000000E-09  0.40165972E-02  0.00000000E+00  0.53065943E-02  0.00000000E+00  0.00000000E+00  0.19318931E+09  0.00000000E+00  0.00000000E+00  0.00000000E+00  0.00000000E+00  0.00000000E+00  0.10000000E-01  0.10000000E+01
 0.11000000E-09  0.40165972E-02  0.00000000E+00  0.72384874E-02  0.00000000E+00  0.00000000E+00  0.19318931E+09  0.00000000E+00  0.00000000E+00  0.00000000E+00  0.00000000E+00  0.00000000E+00  0.10000000E-01  0.10000000E+01
 0.12000000E-09  0.40165972E-02  0.00000000E+00  0.91703806E-02  0.00000000E+00  0.00000000E+00  0.19318931E+09  0.00000000E+00  0.00000000E+00  0.00000000E+00  0.00000000E+00  0.00000000E+00  0.10000000E-01  0.10000000E+01
 0.13000000E-09  0.40165972E-02  0.00000000E+00  0.11102274E-01  0.00000000E+00  0.00000000E+00  0.19318931E+09  0.00000000E+00  0.00000000E+00  0.00000000E+00  0.00000000E+00  0.00000000E+00  0.10000000E-01  0.10000000E+01
 0.14002000E-09  0.40165972E-02  0.00000000E+00  0.13038031E-01  0.00000000E+00  0.00000000E+00  0.19318931E+09  0.00000000E+00  0.00000000E+00  0.00000000E+00  0.00000000E+00  0.00000000E+00  0.10000000E-01  0.10000000E+01
 0.15002000E-09  0.40165972E-02  0.00000000E+00  0.14969924E-01  0.00000000E+00  0.00000000E+00  0.19318931E+09  0.00000000E+00  0.00000000E+00  0.00000000E+00  0.00000000E+00  0.00000000E+00  0.10000000E-01  0.10000000E+01
 0.16002000E-09  0.40165972E-02  0.00000000E+00  0.16901817E-01  0.00000000E+00  0.00000000E+00  0.19318931E+09  0.00000000E+00  0.00000000E+00  0.00000000E+00  0.00000000E+00  0.00000000E+00  0.10000000E-01  0.10000000E+01
 0.17002000E-09  0.40165972E-02  0.00000000E+00  0.18833710E-01  0.00000000E+00  0.00000000E+00  0.19318931E+09  0.00000000E+00  0.00000000E+00  0.00000000E+00  0.00000000E+00  0.00000000E+00  0.10000000E-01  0.10000000E+01
 0.18002000E-09  0.40165972E-02  0.00000000E+00  0.20765603E-01  0.00000000E+00  0.00000000E+00  0.19318931E+09  0.00000000E+00  0.00000000E+00  0.00000000E+00  0.00000000E+00  0.00000000E+00  0.10000000E-01  0.10000000E+01
 0.19002000E-09  0.40165972E-02  0.00000000E+00  0.22697496E-01  0.00000000E+00  0.00000000E+00  0.19318931E+09  0.00000000E+00  0.00000000E+00  0.00000000E+00  0.00000000E+00  0.00000000E+00  0.10000000E-01  0.10000000E+01
 0.20002000E-09  0.40165972E-02  0.00000000E+00  0.24629389E-01  0.00000000E+00  0.00000000E+00  0.19318931E+09  0.00000000E+00  0.00000000E+00  0.00000000E+00  0.00000000E+00  0.00000000E+00  0.10000000E-01  0.10000000E+01
 0.21002000E-09  0.40165972E-02  0.00000000E+00  0.26561283E-01  0.00000000E+00  0.00000000E+00  0.19318931E+09  0.00000000E+00  0.00000000E+00  0.00000000E+00  0.00000000E+00  0.00000000E+00  0.10000000E-01  0.10000000E+01
 0.22002000E-09  0.40165972E-02  0.00000000E+00  0.28493176E-01  0.00000000E+00  0.00000000E+00  0.19318931E+09  0.00000000E+00  0.00000000E+00  0.00000000E+00  0.00000000E+00  0.00000000E+00  0.10000000E-01  0.10000000E+01
 0.23002000E-09  0.40165972E-02  0.00000000E+00  0.30425069E-01  0.00000000E+00  0.00000000E+00  0.19318931E+09  0.00000000E+00  0.00000000E+00  0.00000000E+00  0.00000000E+00  0.00000000E+00  0.10000000E-01  0.10000000E+01
 0.24002000E-09  0.40165972E-02  0.00000000E+00  0.32356962E-01  0.00000000E+00  0.00000000E+00  0.19318931E+09  0.00000000E+00  0.00000000E+00  0.00000000E+00  0.00000000E+00  0.00000000E+00  0.10000000E-01  0.10000000E+01
 0.25002000E-09  0.40165972E-02  0.00000000E+00  0.34288855E-01  0.00000000E+00  0.00000000E+00  0.19318931E+09  0.00000000E+00  0.00000000E+00  0.00000000E+00  0.00000000E+00  0.00000000E+00  0.10000000E-01  0.10000000E+01
 0.26002000E-09  0.40165972E-02  0.00000000E+00  0.36220748E-01  0.00000000E+00  0.00000000E+00  0.19318931E+09  0.00000000E+00  0.00000000E+00  0.00000000E+00  0.00000000E+00  0.00000000E+00  0.10000000E-01  0.10000000E+01
 0.27002000E-09  0.40165972E-02  0.00000000E+00  0.38152641E-01  0.00000000E+00  0.00000000E+00  0.19318931E+09  0.00000000E+00  0.00000000E+00  0.00000000E+00  0.00000000E+00  0.00000000E+00  0.10000000E-01  0.10000000E+01
 0.28002000E-09  0.40165972E-02  0.00000000E+00  0.40084534E-01  0.00000000E+00  0.00000000E+00  0.19318931E+09  0.00000000E+00  0.00000000E+00  0.00000000E+00  0.00000000E+00  0.00000000E+00  0.10000000E-01  0.10000000E+01
 0.29002000E-09  0.40165972E-02  0.00000000E+00  0.42016428E-01  0.00000000E+00  0.00000000E+00  0.19318931E+09  0.00000000E+00  0.00000000E+00  0.00000000E+00  0.00000000E+00  0.00000000E+00  0.10000000E-01  0.10000000E+01
 0.30000000E-09  0.40165972E-02  0.00000000E+00  0.43944457E-01  0.00000000E+00  0.00000000E+00  0.19318931E+09  0.00000000E+00  0.00000000E+00  0.00000000E+00  0.00000000E+00  0.00000000E+00  0.10000000E-01  0.10000000E+01
 0.31000000E-09  0.40165972E-02  0.00000000E+00  0.45876350E-01  0.00000000E+00  0.00000000E+00  0.19318931E+09  0.00000000E+00  0.00000000E+00  0.00000000E+00  0.00000000E+00  0.00000000E+00  0.10000000E-01  0.10000000E+01
 0.32000000E-09  0.40165972E-02  0.00000000E+00  0.47808243E-01  0.00000000E+00  0.00000000E+00  0.19318931E+09  0.00000000E+00  0.00000000E+00  0.00000000E+00  0.00000000E+00  0.00000000E+00  0.10000000E-01  0.10000000E+01
 0.33000000E-09  0.40165972E-02  0.00000000E+00  0.49740136E-01  0.00000000E+00  0.00000000E+00  0.19318931E+09  0.00000000E+00  0.00000000E+00  0.00000000E+00  0.00000000E+00  0.00000000E+00  0.10000000E-01  0.10000000E+01
 0.34000000E-09  0.40165972E-02  0.00000000E+00  0.51672029E-01  0.00000000E+00  0.00000000E+00  0.19318931E+09  0.00000000E+00  0.00000000E+00  0.00000000E+00  0.00000000E+00  0.00000000E+00  0.10000000E-01  0.10000000E+01
 0.35000000E-09  0.40165972E-02  0.00000000E+00  0.53603923E-01  0.00000000E+00  0.00000000E+00  0.19318931E+09  0.00000000E+00  0.00000000E+00  0.00000000E+00  0.00000000E+00  0.00000000E+00  0.10000000E-01  0.10000000E+01
 0.36000000E-09  0.40165972E-02  0.00000000E+00  0.55535816E-01  0.00000000E+00  0.00000000E+00  0.19318931E+09  0.00000000E+00  0.00000000E+00  0.00000000E+00  0.00000000E+00  0.00000000E+00  0.10000000E-01  0.10000000E+01
 0.37000000E-09  0.40165972E-02  0.00000000E+00  0.57467709E-01  0.00000000E+00  0.00000000E+00  0.19318931E+09  0.00000000E+00  0.00000000E+00  0.00000000E+00  0.00000000E+00  0.00000000E+00  0.10000000E-01  0.10000000E+01
 0.38000000E-09  0.40165972E-02  0.00000000E+00  0.59399602E-01  0.00000000E+00  0.00000000E+00  0.19318931E+09  0.00000000E+00  0.00000000E+00  0.00000000E+00  0.00000000E+00  0.00000000E+00  0.10000000E-01  0.10000000E+01
 0.39000000E-09  0.40165972E-02  0.00000000E+00  0.61331495E-01  0.00000000E+00  0.00000000E+00  0.19318931E+09  0.00000000E+00  0.00000000E+00  0.00000000E+00  0.00000000E+00  0.00000000E+00  0.10000000E-01  0.10000000E+01
 0.40000000E-09  0.40165972E-02  0.00000000E+00  0.63263388E-01  0.00000000E+00  0.00000000E+00  0.19318931E+09  0.00000000E+00  0.00000000E+00  0.00000000E+00  0.00000000E+00  0.00000000E+00  0.10000000E-01  0.10000000E+01
 0.41000000E-09  0.40165972E-02  0.00000000E+00  0.65195281E-01  0.00000000E+00  0.00000000E+00  0.19318931E+09  0.00000000E+00  0.00000000E+00  0.00000000E+00  0.00000000E+00  0.00000000E+00  0.10000000E-01  0.10000000E+01
 0.42000000E-09  0.40165972E-02  0.00000000E+00  0.67127174E-01  0.00000000E+00  0.00000000E+00  0.19318931E+09  0.00000000E+00  0.00000000E+00  0.00000000E+00  0.00000000E+00  0.00000000E+00  0.10000000E-01  0.10000000E+01
 0.43000000E-09  0.40165972E-02  0.00000000E+00  0.69059068E-01  0.00000000E+00  0.00000000E+00  0.19318931E+09  0.00000000E+00  0.00000000E+00  0.00000000E+00  0.00000000E+00  0.00000000E+00  0.10000000E-01  0.10000000E+01
 0.44000000E-09  0.40165972E-02  0.00000000E+00  0.70990961E-01  0.00000000E+00  0.00000000E+00  0.19318931E+09  0.00000000E+00  0.00000000E+00  0.00000000E+00  0.00000000E+00  0.00000000E+00  0.10000000E-01  0.10000000E+01
 0.45000000E-09  0.40165972E-02  0.00000000E+00  0.72922854E-01  0.00000000E+00  0.00000000E+00  0.19318931E+09  0.00000000E+00  0.00000000E+00  0.00000000E+00  0.00000000E+00  0.00000000E+00  0.10000000E-01  0.10000000E+01
 0.46000000E-09  0.40165972E-02  0.00000000E+00  0.74854747E-01  0.00000000E+00  0.00000000E+00  0.19318931E+09  0.00000000E+00  0.00000000E+00  0.00000000E+00  0.00000000E+00  0.00000000E+00  0.10000000E-01  0.10000000E+01
 0.47000000E-09  0.40165972E-02  0.00000000E+00  0.76786640E-01  0.00000000E+00  0.00000000E+00  0.19318931E+09  0.00000000E+00  0.00000000E+00  0.00000000E+00  0.00000000E+00  0.00000000E+00  0.10000000E-01  0.10000000E+01
 0.48000000E-09  0.40165972E-02  0.00000000E+00  0.78718533E-01  0.00000000E+00  0.00000000E+00  0.19318931E+09  0.00000000E+00  0.00000000E+00  0.00000000E+00  0.00000000E+00  0.00000000E+00  0.10000000E-01  0.10000000E+01
 0.49000000E-09  0.40165972E-02  0.00000000E+00  0.80650426E-01  0.00000000E+00  0.00000000E+00  0.19318931E+09  0.00000000E+00  0.00000000E+00  0.00000000E+00  0.00000000E+00  0.00000000E+00  0.10000000E-01  0.10000000E+01
 0.50000000E-09  0.40165972E-02  0.00000000E+00  0.82582319E-01  0.00000000E+00  0.00000000E+00  0.19318931E+09  0.00000000E+00  0.00000000E+00  0.00000000E+00  0.00000000E+00  0.00000000E+00  0.10000000E-01  0.10000000E+01
 0.51000000E-09  0.40165972E-02  0.00000000E+00  0.84514213E-01  0.00000000E+00  0.00000000E+00  0.19318931E+09  0.00000000E+00  0.00000000E+00  0.00000000E+00  0.00000000E+00  0.00000000E+00  0.10000000E-01  0.10000000E+01
 0.52000000E-09  0.40165972E-02  0.00000000E+00  0.86446106E-01  0.00000000E+00  0.00000000E+00  0.19318931E+09  0.00000000E+00  0.00000000E+00  0.00000000E+00  0.00000000E+00  0.00000000E+00  0.10000000E-01  0.10000000E+01
 0.53000000E-09  0.40165972E-02  0.00000000E+00  0.88377999E-01  0.00000000E+00  0.00000000E+00  0.19318931E+09  0.00000000E+00  0.00000000E+00  0.00000000E+00  0.00000000E+00  0.00000000E+00  0.10000000E-01  0.10000000E+01
 0.54000000E-09  0.40165972E-02  0.00000000E+00  0.90309892E-01  0.00000000E+00  0.00000000E+00  0.19318931E+09  0.00000000E+00  0.00000000E+00  0.00000000E+00  0.00000000E+00  0.00000000E+00  0.10000000E-01  0.10000000E+01
 0.55002000E-09  0.40165972E-02  0.00000000E+00  0.92245649E-01  0.00000000E+00  0.00000000E+00  0.19318931E+09  0.00000000E+00  0.00000000E+00  0.00000000E+00  0.00000000E+00  0.00000000E+00  0.10000000E-01  0.10000000E+01
 0.56002000E-09  0.40165972E-02  0.00000000E+00  0.94177542E-01  0.00000000E+00  0.00000000E+00  0.19318931E+09  0.00000000E+00  0.00000000E+00  0.00000000E+00  0.00000000E+00  0.00000000E+00  0.10000000E-01  0.10000000E+01
 0.57002000E-09  0.40165972E-02  0.00000000E+00  0.96109435E-01  0.00000000E+00  0.00000000E+00  0.19318931E+09  0.00000000E+00  0.00000000E+00  0.00000000E+00  0.00000000E+00  0.00000000E+00  0.10000000E-01  0.10000000E+01
 0.58002000E-09  0.40165972E-02  0.00000000E+00  0.98041328E-01  0.00000000E+00  0.00000000E+00  0.19318931E+09  0.00000000E+00  0.00000000E+00  0.00000000E+00  0.00000000E+00  0.00000000E+00  0.10000000E-01  0.10000000E+01
 0.59002000E-09  0.40165972E-02  0.00000000E+00  0.99973221E-01  0.00000000E+00  0.00000000E+00  0.19318931E+09  0.00000000E+00  0.00000000E+00  0.00000000E+00  0.00000000E+00  0.00000000E+00  0.10000000E-01  0.10000000E+01
 0.60002000E-09  0.40165972E-02  0.00000000E+00  0.10190511E+00  0.00000000E+00  0.00000000E+00  0.19318931E+09  0.00000000E+00  0.00000000E+00  0.00000000E+00  0.00000000E+00  0.00000000E+00  0.10000000E-01  0.10000000E+01
 0.61002000E-09  0.40165972E-02  0.00000000E+00  0.10383701E+00  0.00000000E+00  0.00000000E+00  0.19318931E+09  0.00000000E+00  0.00000000E+00  0.00000000E+00  0.00000000E+00  0.00000000E+00  0.10000000E-01  0.10000000E+01
 0.62002000E-09  0.40165972E-02  0.00000000E+00  0.10576890E+00  0.00000000E+00  0.00000000E+00  0.19318931E+09  0.00000000E+00  0.00000000E+00  0.00000000E+00  0.00000000E+00  0.00000000E+00  0.10000000E-01  0.10000000E+01
 0.63002000E-09  0.40165972E-02  0.00000000E+00  0.10770079E+00  0.00000000E+00  0.00000000E+00  0.19318931E+09  0.00000000E+00  0.00000000E+00  0.00000000E+00  0.00000000E+00  0.00000000E+00  0.10000000E-01  0.10000000E+01
 0.64002000E-09  0.40165972E-02  0.00000000E+00  0.10963269E+00  0.00000000E+00  0.00000000E+00  0.19318931E+09  0.00000000E+00  0.00000000E+00  0.00000000E+00  0.00000000E+00  0.00000000E+00  0.10000000E-01  0.10000000E+01
 0.65002000E-09  0.40165972E-02  0.00000000E+00  0.11156458E+00  0.00000000E+00  0.00000000E+00  0.19318931E+09  0.00000000E+00  0.00000000E+00  0.00000000E+00  0.00000000E+00  0.00000000E+00  0.10000000E-01  0.10000000E+01
 0.66002000E-09  0.40165972E-02  0.00000000E+00  0.11349647E+00  0.00000000E+00  0.00000000E+00  0.19318931E+09  0.00000000E+00  0.00000000E+00  0.00000000E+00  0.00000000E+00  0.00000000E+00  0.10000000E-01  0.10000000E+01
 0.67002000E-09  0.40165972E-02  0.00000000E+00  0.11542837E+00  0.00000000E+00  0.00000000E+00  0.19318931E+09  0.00000000E+00  0.00000000E+00  0.00000000E+00  0.00000000E+00  0.00000000E+00  0.10000000E-01  0.10000000E+01
 0.68002000E-09  0.40165972E-02  0.00000000E+00  0.11736026E+00  0.00000000E+00  0.00000000E+00  0.19318931E+09  0.00000000E+00  0.00000000E+00  0.00000000E+00  0.00000000E+00  0.00000000E+00  0.10000000E-01  0.10000000E+01
 0.69002000E-09  0.40165972E-02  0.00000000E+00  0.11929215E+00  0.00000000E+00  0.00000000E+00  0.19318931E+09  0.00000000E+00  0.00000000E+00  0.00000000E+00  0.00000000E+00  0.00000000E+00  0.10000000E-01  0.10000000E+01
 0.70002000E-09  0.40165972E-02  0.00000000E+00  0.12122405E+00  0.00000000E+00  0.00000000E+00  0.19318931E+09  0.00000000E+00  0.00000000E+00  0.00000000E+00  0.00000000E+00  0.00000000E+00  0.10000000E-01  0.10000000E+01
 0.71002000E-09  0.40165972E-02  0.00000000E+00  0.12315594E+00  0.00000000E+00  0.00000000E+00  0.19318931E+09  0.00000000E+00  0.00000000E+00  0.00000000E+00  0.00000000E+00  0.00000000E+00  0.10000000E-01  0.10000000E+01
 0.72002000E-09  0.40165972E-02  0.00000000E+00  0.12508783E+00  0.00000000E+00  0.00000000E+00  0.19318931E+09  0.00000000E+00  0.00000000E+00  0.00000000E+00  0.00000000E+00  0.00000000E+00  0.10000000E-01  0.10000000E+01
 0.73002000E-09  0.40165972E-02  0.00000000E+00  0.12701973E+00  0.00000000E+00  0.00000000E+00  0.19318931E+09  0.00000000E+00  0.00000000E+00  0.00000000E+00  0.00000000E+00  0.00000000E+00  0.10000000E-01  0.10000000E+01
 0.74002000E-09  0.40165972E-02  0.00000000E+00  0.12895162E+00  0.00000000E+00  0.00000000E+00  0.19318931E+09  0.00000000E+00  0.00000000E+00  0.00000000E+00  0.00000000E+00  0.00000000E+00  0.10000000E-01  0.10000000E+01
 0.75002000E-09  0.40165972E-02  0.00000000E+00  0.13088351E+00  0.00000000E+00  0.00000000E+00  0.19318931E+09  0.00000000E+00  0.00000000E+00  0.00000000E+00  0.00000000E+00  0.00000000E+00  0.10000000E-01  0.10000000E+01
 0.76002000E-09  0.40165972E-02  0.00000000E+00  0.13281540E+00  0.00000000E+00  0.00000000E+00  0.19318931E+09  0.00000000E+00  0.00000000E+00  0.00000000E+00  0.00000000E+00  0.00000000E+00  0.10000000E-01  0.10000000E+01
 0.77002000E-09  0.40165972E-02  0.00000000E+00  0.13474730E+00  0.00000000E+00  0.00000000E+00  0.19318931E+09  0.00000000E+00  0.00000000E+00  0.00000000E+00  0.00000000E+00  0.00000000E+00  0.10000000E-01  0.10000000E+01
 0.78002000E-09  0.40165972E-02  0.00000000E+00  0.13667919E+00  0.00000000E+00  0.00000000E+00  0.19318931E+09  0.00000000E+00  0.00000000E+00  0.00000000E+00  0.00000000E+00  0.00000000E+00  0.10000000E-01  0.10000000E+01
 0.79002000E-09  0.40165972E-02  0.00000000E+00  0.13861108E+00  0.00000000E+00  0.00000000E+00  0.19318931E+09  0.00000000E+00  0.00000000E+00  0.00000000E+00  0.00000000E+00  0.00000000E+00  0.10000000E-01  0.10000000E+01
 0.80002000E-09  0.40165972E-02  0.00000000E+00  0.14054298E+00  0.00000000E+00  0.00000000E+00  0.19318931E+09  0.00000000E+00  0.00000000E+00  0.00000000E+00  0.00000000E+00  0.00000000E+00  0.10000000E-01  0.10000000E+01
 0.81002000E-09  0.40165972E-02  0.00000000E+00  0.14247487E+00  0.00000000E+00  0.00000000E+00  0.19318931E+09  0.00000000E+00  0.00000000E+00  0.00000000E+00  0.00000000E+00  0.00000000E+00  0.10000000E-01  0.10000000E+01
 0.82002000E-09  0.40165972E-02  0.00000000E+00  0.14440676E+00  0.00000000E+00  0.00000000E+00  0.19318931E+09  0.00000000E+00  0.00000000E+00  0.00000000E+00  0.00000000E+00  0.00000000E+00  0.10000000E-01  0.10000000E+01
 0.83002000E-09  0.40165972E-02  0.00000000E+00  0.14633866E+00  0.00000000E+00  0.00000000E+00  0.19318931E+09  0.00000000E+00  0.00000000E+00  0.00000000E+00  0.00000000E+00  0.00000000E+00  0.10000000E-01  0.10000000E+01
 0.84002000E-09  0.40165972E-02  0.00000000E+00  0.14827055E+00  0.00000000E+00  0.00000000E+00  0.19318931E+09  0.00000000E+00  0.00000000E+00  0.00000000E+00  0.00000000E+00  0.00000000E+00  0.10000000E-01  0.10000000E+01
 0.85002000E-09  0.40165972E-02  0.00000000E+00  0.15020244E+00  0.00000000E+00  0.00000000E+00  0.19318931E+09  0.00000000E+00  0.00000000E+00  0.00000000E+00  0.00000000E+00  0.00000000E+00  0.10000000E-01  0.10000000E+01
 0.86002000E-09  0.40165972E-02  0.00000000E+00  0.15213434E+00  0.00000000E+00  0.00000000E+00  0.19318931E+09  0.00000000E+00  0.00000000E+00  0.00000000E+00  0.00000000E+00  0.00000000E+00  0.10000000E-01  0.10000000E+01
 0.87002000E-09  0.40165972E-02  0.00000000E+00  0.15406623E+00  0.00000000E+00  0.00000000E+00  0.19318931E+09  0.00000000E+00  0.00000000E+00  0.00000000E+00  0.00000000E+00  0.00000000E+00  0.10000000E-01  0.10000000E+01
 0.88002000E-09  0.40165972E-02  0.00000000E+00  0.15599812E+00  0.00000000E+00  0.00000000E+00  0.19318931E+09  0.00000000E+00  0.00000000E+00  0.00000000E+00  0.00000000E+00  0.00000000E+00  0.10000000E-01  0.10000000E+01
 0.89002000E-09  0.40165972E-02  0.00000000E+00  0.15793002E+00  0.00000000E+00  0.00000000E+00  0.19318931E+09  0.00000000E+00  0.00000000E+00  0.00000000E+00  0.00000000E+00  0.00000000E+00  0.10000000E-01  0.10000000E+01
 0.90002000E-09  0.40165972E-02  0.00000000E+00  0.15986191E+00  0.00000000E+00  0.00000000E+00  0.19318931E+09  0.00000000E+00  0.00000000E+00  0.00000000E+00  0.00000000E+00  0.00000000E+00  0.10000000E-01  0.10000000E+01
 0.91002000E-09  0.40165972E-02  0.00000000E+00  0.16179380E+00  0.00000000E+00  0.00000000E+00  0.19318931E+09  0.00000000E+00  0.00000000E+00  0.00000000E+00  0.00000000E+00  0.00000000E+00  0.10000000E-01  0.10000000E+01
 0.92002000E-09  0.40165972E-02  0.00000000E+00  0.16372569E+00  0.00000000E+00  0.00000000E+00  0.19318931E+09  0.00000000E+00  0.00000000E+00  0.00000000E+00  0.00000000E+00  0.00000000E+00  0.10000000E-01  0.10000000E+01
 0.93002000E-09  0.40165972E-02  0.00000000E+00  0.16565759E+00  0.00000000E+00  0.00000000E+00  0.19318931E+09  0.00000000E+00  0.00000000E+00  0.00000000E+00  0.00000000E+00  0.00000000E+00  0.10000000E-01  0.10000000E+01
 0.94002000E-09  0.40165972E-02  0.00000000E+00  0.16758948E+00  0.00000000E+00  0.00000000E+00  0.19318931E+09  0.00000000E+00  0.00000000E+00  0.00000000E+00  0.00000000E+00  0.00000000E+00  0.10000000E-01  0.10000000E+01
 0.95002000E-09  0.40165972E-02  0.00000000E+00  0.16952137E+00  0.00000000E+00  0.00000000E+00  0.19318931E+09  0.00000000E+00  0.00000000E+00  0.00000000E+00  0.00000000E+00  0.00000000E+00  0.10000000E-01  0.10000000E+01
 0.96002000E-09  0.40165972E-02  0.00000000E+00  0.17145327E+00  0.00000000E+00  0.00000000E+00  0.19318931E+09  0.00000000E+00  0.00000000E+00  0.00000000E+00  0.00000000E+00  0.00000000E+00  0.10000000E-01  0.10000000E+01
 0.97002000E-09  0.40165972E-02  0.00000000E+00  0.17338516E+00  0.00000000E+00  0.00000000E+00  0.19318931E+09  0.00000000E+00  0.00000000E+00  0.00000000E+00  0.00000000E+00  0.00000000E+00  0.10000000E-01  0.10000000E+01
 0.98002000E-09  0.40165972E-02  0.00000000E+00  0.17531705E+00  0.00000000E+00  0.00000000E+00  0.19318931E+09  0.00000000E+00  0.00000000E+00  0.00000000E+00  0.00000000E+00  0.00000000E+00  0.10000000E-01  0.10000000E+01
 0.99002000E-09  0.40165972E-02  0.00000000E+00  0.17724895E+00  0.00000000E+00  0.00000000E+00  0.19318931E+09  0.00000000E+00  0.00000000E+00  0.00000000E+00  0.00000000E+00  0.00000000E+00  0.10000000E-01  0.10000000E+01
 0.10000200E-08  0.40165972E-02  0.00000000E+00  0.17918084E+00  0.00000000E+00  0.00000000E+00  0.19318931E+09  0.00000000E+00  0.00000000E+00  0.00000000E+00  0.00000000E+00  0.00000000E+00  0.10000000E-01  0.10000000E+01
 0.10100200E-08  0.40165972E-02  0.00000000E+00  0.18111273E+00  0.00000000E+00  0.00000000E+00  0.19318931E+09  0.00000000E+00  0.00000000E+00  0.00000000E+00  0.00000000E+00  0.00000000E+00  0.10000000E-01  0.10000000E+01
 0.10200200E-08  0.40165972E-02  0.00000000E+00  0.18304463E+00  0.00000000E+00  0.00000000E+00  0.19318931E+09  0.00000000E+00  0.00000000E+00  0.00000000E+00  0.00000000E+00  0.00000000E+00  0.10000000E-01  0.10000000E+01
 0.10300200E-08  0.40165972E-02  0.00000000E+00  0.18497652E+00  0.00000000E+00  0.00000000E+00  0.19318931E+09  0.00000000E+00  0.00000000E+00  0.00000000E+00  0.00000000E+00  0.00000000E+00  0.10000000E-01  0.10000000E+01
 0.10400200E-08  0.40165972E-02  0.00000000E+00  0.18690841E+00  0.00000000E+00  0.00000000E+00  0.19318931E+09  0.00000000E+00  0.00000000E+00  0.00000000E+00  0.00000000E+00  0.00000000E+00  0.10000000E-01  0.10000000E+01
 0.10500200E-08  0.40165972E-02  0.00000000E+00  0.18884031E+00  0.00000000E+00  0.00000000E+00  0.19318931E+09  0.00000000E+00  0.00000000E+00  0.00000000E+00  0.00000000E+00  0.00000000E+00  0.10000000E-01  0.10000000E+01
 0.10600200E-08  0.40165972E-02  0.00000000E+00  0.19077220E+00  0.00000000E+00  0.00000000E+00  0.19318931E+09  0.00000000E+00  0.00000000E+00  0.00000000E+00  0.00000000E+00  0.00000000E+00  0.10000000E-01  0.10000000E+01
 0.10700200E-08  0.40165972E-02  0.00000000E+00  0.19270409E+00  0.00000000E+00  0.00000000E+00  0.19318931E+09  0.00000000E+00  0.00000000E+00  0.00000000E+00  0.00000000E+00  0.00000000E+00  0.10000000E-01  0.10000000E+01
 0.10800200E-08  0.40165972E-02  0.00000000E+00  0.19463598E+00  0.00000000E+00  0.00000000E+00  0.19318931E+09  0.00000000E+00  0.00000000E+00  0.00000000E+00  0.00000000E+00  0.00000000E+00  0.10000000E-01  0.10000000E+01
 0.10900200E-08  0.40165972E-02  0.00000000E+00  0.19656788E+00  0.00000000E+00  0.00000000E+00  0.19318931E+09  0.00000000E+00  0.00000000E+00  0.00000000E+00  0.00000000E+00  0.00000000E+00  0.10000000E-01  0.10000000E+01
 0.11000200E-08  0.40165972E-02  0.00000000E+00  0.19849977E+00  0.00000000E+00  0.00000000E+00  0.19318931E+09  0.00000000E+00  0.00000000E+00  0.00000000E+00  0.00000000E+00  0.00000000E+00  0.10000000E-01  0.10000000E+01
 0.11100200E-08  0.40165972E-02  0.00000000E+00  0.20043166E+00  0.00000000E+00  0.00000000E+00  0.19318931E+09  0.00000000E+00  0.00000000E+00  0.00000000E+00  0.00000000E+00  0.00000000E+00  0.10000000E-01  0.10000000E+01
 0.11200200E-08  0.40165972E-02  0.00000000E+00  0.20236356E+00  0.00000000E+00  0.00000000E+00  0.19318931E+09  0.00000000E+00  0.00000000E+00  0.00000000E+00  0.00000000E+00  0.00000000E+00  0.10000000E-01  0.10000000E+01
 0.11300200E-08  0.40165972E-02  0.00000000E+00  0.20429545E+00  0.00000000E+00  0.00000000E+00  0.19318931E+09  0.00000000E+00  0.00000000E+00  0.00000000E+00  0.00000000E+00  0.00000000E+00  0.10000000E-01  0.10000000E+01
 0.11400200E-08  0.40165972E-02  0.00000000E+00  0.20622734E+00  0.00000000E+00  0.00000000E+00  0.19318931E+09  0.00000000E+00  0.00000000E+00  0.00000000E+00  0.00000000E+00  0.00000000E+00  0.10000000E-01  0.10000000E+01
 0.11500200E-08  0.40165972E-02  0.00000000E+00  0.20815924E+00  0.00000000E+00  0.00000000E+00  0.19318931E+09  0.00000000E+00  0.00000000E+00  0.00000000E+00  0.00000000E+00  0.00000000E+00  0.10000000E-01  0.10000000E+01
 0.11600200E-08  0.40165972E-02  0.00000000E+00  0.21009113E+00  0.00000000E+00  0.00000000E+00  0.19318931E+09  0.00000000E+00  0.00000000E+00  0.00000000E+00  0.00000000E+00  0.00000000E+00  0.10000000E-01  0.10000000E+01
 0.11700200E-08  0.40165972E-02  0.00000000E+00  0.21202302E+00  0.00000000E+00  0.00000000E+00  0.19318931E+09  0.00000000E+00  0.00000000E+00  0.00000000E+00  0.00000000E+00  0.00000000E+00  0.10000000E-01  0.10000000E+01
 0.11800200E-08  0.40165972E-02  0.00000000E+00  0.21395492E+00  0.00000000E+00  0.00000000E+00  0.19318931E+09  0.00000000E+00  0.00000000E+00  0.00000000E+00  0.00000000E+00  0.00000000E+00  0.10000000E-01  0.10000000E+01
 0.11900200E-08  0.40165972E-02  0.00000000E+00  0.21588681E+00  0.00000000E+00  0.00000000E+00  0.19318931E+09  0.00000000E+00  0.00000000E+00  0.00000000E+00  0.00000000E+00  0.00000000E+00  0.10000000E-01  0.10000000E+01
 0.12000200E-08  0.40165972E-02  0.00000000E+00  0.21781870E+00  0.00000000E+00  0.00000000E+00  0.19318931E+09  0.00000000E+00  0.00000000E+00  0.00000000E+00  0.00000000E+00  0.00000000E+00  0.10000000E-01  0.10000000E+01
 0.12100200E-08  0.40165972E-02  0.00000000E+00  0.21975060E+00  0.00000000E+00  0.00000000E+00  0.19318931E+09  0.00000000E+00  0.00000000E+00  0.00000000E+00  0.00000000E+00  0.00000000E+00  0.10000000E-01  0.10000000E+01
 0.12200200E-08  0.40165972E-02  0.00000000E+00  0.22168249E+00  0.00000000E+00  0.00000000E+00  0.19318931E+09  0.00000000E+00  0.00000000E+00  0.00000000E+00  0.00000000E+00  0.00000000E+00  0.10000000E-01  0.10000000E+01
 0.12300200E-08  0.40165972E-02  0.00000000E+00  0.22361438E+00  0.00000000E+00  0.00000000E+00  0.19318931E+09  0.00000000E+00  0.00000000E+00  0.00000000E+00  0.00000000E+00  0.00000000E+00  0.10000000E-01  0.10000000E+01
 0.12400200E-08  0.40165972E-02  0.00000000E+00  0.22554627E+00  0.00000000E+00  0.00000000E+00  0.19318931E+09  0.00000000E+00  0.00000000E+00  0.00000000E+00  0.00000000E+00  0.00000000E+00  0.10000000E-01  0.10000000E+01
 0.12500200E-08  0.40165972E-02  0.00000000E+00  0.22747817E+00  0.00000000E+00  0.00000000E+00  0.19318931E+09  0.00000000E+00  0.00000000E+00  0.00000000E+00  0.00000000E+00  0.00000000E+00  0.10000000E-01  0.10000000E+01
 0.12600200E-08  0.40165972E-02  0.00000000E+00  0.22941006E+00  0.00000000E+00  0.00000000E+00  0.19318931E+09  0.00000000E+00  0.00000000E+00  0.00000000E+00  0.00000000E+00  0.00000000E+00  0.10000000E-01  0.10000000E+01
 0.12700200E-08  0.40165972E-02  0.00000000E+00  0.23134195E+00  0.00000000E+00  0.00000000E+00  0.19318931E+09  0.00000000E+00  0.00000000E+00  0.00000000E+00  0.00000000E+00  0.00000000E+00  0.10000000E-01  0.10000000E+01
 0.12800200E-08  0.40165972E-02  0.00000000E+00  0.23327385E+00  0.00000000E+00  0.00000000E+00  0.19318931E+09  0.00000000E+00  0.00000000E+00  0.00000000E+00  0.00000000E+00  0.00000000E+00  0.10000000E-01  0.10000000E+01
 0.12900200E-08  0.40165972E-02  0.00000000E+00  0.23520574E+00  0.00000000E+00  0.00000000E+00  0.19318931E+09  0.00000000E+00  0.00000000E+00  0.00000000E+00  0.00000000E+00  0.00000000E+00  0.10000000E-01  0.10000000E+01
 0.13000200E-08  0.40165972E-02  0.00000000E+00  0.23713763E+00  0.00000000E+00  0.00000000E+00  0.19318931E+09  0.00000000E+00  0.00000000E+00  0.00000000E+00  0.00000000E+00  0.00000000E+00  0.10000000E-01  0.10000000E+01
 0.13100200E-08  0.40165972E-02  0.00000000E+00  0.23906953E+00  0.00000000E+00  0.00000000E+00  0.19318931E+09  0.00000000E+00  0.00000000E+00  0.00000000E+00  0.00000000E+00  0.00000000E+00  0.10000000E-01  0.10000000E+01
 0.13200200E-08  0.40165972E-02  0.00000000E+00  0.24100142E+00  0.00000000E+00  0.00000000E+00  0.19318931E+09  0.00000000E+00  0.00000000E+00  0.00000000E+00  0.00000000E+00  0.00000000E+00  0.10000000E-01  0.10000000E+01
 0.13300200E-08  0.40165972E-02  0.00000000E+00  0.24293331E+00  0.00000000E+00  0.00000000E+00  0.19318931E+09  0.00000000E+00  0.00000000E+00  0.00000000E+00  0.00000000E+00  0.00000000E+00  0.10000000E-01  0.10000000E+01
 0.13400200E-08  0.40165972E-02  0.00000000E+00  0.24486521E+00  0.00000000E+00  0.00000000E+00  0.19318931E+09  0.00000000E+00  0.00000000E+00  0.00000000E+00  0.00000000E+00  0.00000000E+00  0.10000000E-01  0.10000000E+01
 0.13500200E-08  0.40165972E-02  0.00000000E+00  0.24679710E+00  0.00000000E+00  0.00000000E+00  0.19318931E+09  0.00000000E+00  0.00000000E+00  0.00000000E+00  0.00000000E+00  0.00000000E+00  0.10000000E-01  0.10000000E+01
 0.13600200E-08  0.40165972E-02  0.00000000E+00  0.24872899E+00  0.00000000E+00  0.00000000E+00  0.19318931E+09  0.00000000E+00  0.00000000E+00  0.00000000E+00  0.00000000E+00  0.00000000E+00  0.10000000E-01  0.10000000E+01
 0.13700200E-08  0.40165972E-02  0.00000000E+00  0.25066089E+00  0.00000000E+00  0.00000000E+00  0.19318931E+09  0.00000000E+00  0.00000000E+00  0.00000000E+00  0.00000000E+00  0.00000000E+00  0.10000000E-01  0.10000000E+01
 0.13800200E-08  0.40165972E-02  0.00000000E+00  0.25259278E+00  0.00000000E+00  0.00000000E+00  0.19318931E+09  0.00000000E+00  0.00000000E+00  0.00000000E+00  0.00000000E+00  0.00000000E+00  0.10000000E-01  0.10000000E+01
 0.13900200E-08  0.40165972E-02  0.00000000E+00  0.25452467E+00  0.00000000E+00  0.00000000E+00  0.19318931E+09  0.00000000E+00  0.00000000E+00  0.00000000E+00  0.00000000E+00  0.00000000E+00  0.10000000E-01  0.10000000E+01
 0.14000200E-08  0.40165972E-02  0.00000000E+00  0.25645656E+00  0.00000000E+00  0.00000000E+00  0.19318931E+09  0.00000000E+00  0.00000000E+00  0.00000000E+00  0.00000000E+00  0.00000000E+00  0.10000000E-01  0.10000000E+01
 0.14100200E-08  0.40165972E-02  0.00000000E+00  0.25838846E+00  0.00000000E+00  0.00000000E+00  0.19318931E+09  0.00000000E+00  0.00000000E+00  0.00000000E+00  0.00000000E+00  0.00000000E+00  0.10000000E-01  0.10000000E+01
 0.14200200E-08  0.40165972E-02  0.00000000E+00  0.26032035E+00  0.00000000E+00  0.00000000E+00  0.19318931E+09  0.00000000E+00  0.00000000E+00  0.00000000E+00  0.00000000E+00  0.00000000E+00  0.10000000E-01  0.10000000E+01
 0.14300200E-08  0.40165972E-02  0.00000000E+00  0.26225224E+00  0.00000000E+00  0.00000000E+00  0.19318931E+09  0.00000000E+00  0.00000000E+00  0.00000000E+00  0.00000000E+00  0.00000000E+00  0.10000000E-01  0.10000000E+01
 0.14400200E-08  0.40165972E-02  0.00000000E+00  0.26418414E+00  0.00000000E+00  0.00000000E+00  0.19318931E+09  0.00000000E+00  0.00000000E+00  0.00000000E+00  0.00000000E+00  0.00000000E+00  0.10000000E-01  0.10000000E+01
 0.14500200E-08  0.40165972E-02  0.00000000E+00  0.26611603E+00  0.00000000E+00  0.00000000E+00  0.19318931E+09  0.00000000E+00  0.00000000E+00  0.00000000E+00  0.00000000E+00  0.00000000E+00  0.10000000E-01  0.10000000E+01
 0.14600200E-08  0.40165972E-02  0.00000000E+00  0.26804792E+00  0.00000000E+00  0.00000000E+00  0.19318931E+09  0.00000000E+00  0.00000000E+00  0.00000000E+00  0.00000000E+00  0.00000000E+00  0.10000000E-01  0.10000000E+01
 0.14700200E-08  0.40165972E-02  0.00000000E+00  0.26997982E+00  0.00000000E+00  0.00000000E+00  0.19318931E+09  0.00000000E+00  0.00000000E+00  0.00000000E+00  0.00000000E+00  0.00000000E+00  0.10000000E-01  0.10000000E+01
 0.14800200E-08  0.40165972E-02  0.00000000E+00  0.27191171E+00  0.00000000E+00  0.00000000E+00  0.19318931E+09  0.00000000E+00  0.00000000E+00  0.00000000E+00  0.00000000E+00  0.00000000E+00  0.10000000E-01  0.10000000E+01
 0.14900200E-08  0.40165972E-02  0.00000000E+00  0.27384360E+00  0.00000000E+00  0.00000000E+00  0.19318931E+09  0.00000000E+00  0.00000000E+00  0.00000000E+00  0.00000000E+00  0.00000000E+00  0.10000000E-01  0.10000000E+01
 0.15000200E-08  0.40165972E-02  0.00000000E+00  0.27577550E+00  0.00000000E+00  0.00000000E+00  0.19318931E+09  0.00000000E+00  0.00000000E+00  0.00000000E+00  0.00000000E+00  0.00000000E+00  0.10000000E-01  0.10000000E+01
 0.15100200E-08  0.40165972E-02  0.00000000E+00  0.27770739E+00  0.00000000E+00  0.00000000E+00  0.19318931E+09  0.00000000E+00  0.00000000E+00  0.00000000E+00  0.00000000E+00  0.00000000E+00  0.10000000E-01  0.10000000E+01
 0.15200200E-08  0.40165972E-02  0.00000000E+00  0.27963928E+00  0.00000000E+00  0.00000000E+00  0.19318931E+09  0.00000000E+00  0.00000000E+00  0.00000000E+00  0.00000000E+00  0.00000000E+00  0.10000000E-01  0.10000000E+01
 0.15300200E-08  0.40165972E-02  0.00000000E+00  0.28157118E+00  0.00000000E+00  0.00000000E+00  0.19318931E+09  0.00000000E+00  0.00000000E+00  0.00000000E+00  0.00000000E+00  0.00000000E+00  0.10000000E-01  0.10000000E+01
 0.15400200E-08  0.40165972E-02  0.00000000E+00  0.28350307E+00  0.00000000E+00  0.00000000E+00  0.19318931E+09  0.00000000E+00  0.00000000E+00  0.00000000E+00  0.00000000E+00  0.00000000E+00  0.10000000E-01  0.10000000E+01
 0.15500200E-08  0.40165972E-02  0.00000000E+00  0.28543496E+00  0.00000000E+00  0.00000000E+00  0.19318931E+09  0.00000000E+00  0.00000000E+00  0.00000000E+00  0.00000000E+00  0.00000000E+00  0.10000000E-01  0.10000000E+01
 0.15600200E-08  0.40165972E-02  0.00000000E+00  0.28736686E+00  0.00000000E+00  0.00000000E+00  0.19318931E+09  0.00000000E+00  0.00000000E+00  0.00000000E+00  0.00000000E+00  0.00000000E+00  0.10000000E-01  0.10000000E+01
 0.15700200E-08  0.40165972E-02  0.00000000E+00  0.28929875E+00  0.00000000E+00  0.00000000E+00  0.19318931E+09  0.00000000E+00  0.00000000E+00  0.00000000E+00  0.00000000E+00  0.00000000E+00  0.10000000E-01  0.10000000E+01
 0.15800200E-08  0.40165972E-02  0.00000000E+00  0.29123064E+00  0.00000000E+00  0.00000000E+00  0.19318931E+09  0.00000000E+00  0.00000000E+00  0.00000000E+00  0.00000000E+00  0.00000000E+00  0.10000000E-01  0.10000000E+01
 0.15900200E-08  0.40165972E-02  0.00000000E+00  0.29316253E+00  0.00000000E+00  0.00000000E+00  0.19318931E+09  0.00000000E+00  0.00000000E+00  0.00000000E+00  0.00000000E+00  0.00000000E+00  0.10000000E-01  0.10000000E+01
 0.16000200E-08  0.40165972E-02  0.00000000E+00  0.29509443E+00  0.00000000E+00  0.00000000E+00  0.19318931E+09  0.00000000E+00  0.00000000E+00  0.00000000E+00  0.00000000E+00  0.00000000E+00  0.10000000E-01  0.10000000E+01
 0.16100200E-08  0.40165972E-02  0.00000000E+00  0.29702632E+00  0.00000000E+00  0.00000000E+00  0.19318931E+09  0.00000000E+00  0.00000000E+00  0.00000000E+00  0.00000000E+00  0.00000000E+00  0.10000000E-01  0.10000000E+01
 0.16200200E-08  0.40165972E-02  0.00000000E+00  0.29895821E+00  0.00000000E+00  0.00000000E+00  0.19318931E+09  0.00000000E+00  0.00000000E+00  0.00000000E+00  0.00000000E+00  0.00000000E+00  0.10000000E-01  0.10000000E+01
 0.16300200E-08  0.40165972E-02  0.00000000E+00  0.30089011E+00  0.00000000E+00  0.00000000E+00  0.19318931E+09  0.00000000E+00  0.00000000E+00  0.00000000E+00  0.00000000E+00  0.00000000E+00  0.10000000E-01  0.10000000E+01
 0.16400200E-08  0.40165972E-02  0.00000000E+00  0.30282200E+00  0.00000000E+00  0.00000000E+00  0.19318931E+09  0.00000000E+00  0.00000000E+00  0.00000000E+00  0.00000000E+00  0.00000000E+00  0.10000000E-01  0.10000000E+01
 0.16500200E-08  0.40165972E-02  0.00000000E+00  0.30475389E+00  0.00000000E+00  0.00000000E+00  0.19318931E+09  0.00000000E+00  0.00000000E+00  0.00000000E+00  0.00000000E+00  0.00000000E+00  0.10000000E-01  0.10000000E+01
 0.16600200E-08  0.40165972E-02  0.00000000E+00  0.30668579E+00  0.00000000E+00  0.00000000E+00  0.19318931E+09  0.00000000E+00  0.00000000E+00  0.00000000E+00  0.00000000E+00  0.00000000E+00  0.10000000E-01  0.10000000E+01
 0.16700200E-08  0.40165972E-02  0.00000000E+00  0.30861768E+00  0.00000000E+00  0.00000000E+00  0.19318931E+09  0.00000000E+00  0.00000000E+00  0.00000000E+00  0.00000000E+00  0.00000000E+00  0.10000000E-01  0.10000000E+01
 0.16800200E-08  0.40165972E-02  0.00000000E+00  0.31054957E+00  0.00000000E+00  0.00000000E+00  0.19318931E+09  0.00000000E+00  0.00000000E+00  0.00000000E+00  0.00000000E+00  0.00000000E+00  0.10000000E-01  0.10000000E+01
 0.16900200E-08  0.40165972E-02  0.00000000E+00  0.31248147E+00  0.00000000E+00  0.00000000E+00  0.19318931E+09  0.00000000E+00  0.00000000E+00  0.00000000E+00  0.00000000E+00  0.00000000E+00  0.10000000E-01  0.10000000E+01
 0.17000200E-08  0.40165972E-02  0.00000000E+00  0.31441336E+00  0.00000000E+00  0.00000000E+00  0.19318931E+09  0.00000000E+00  0.00000000E+00  0.00000000E+00  0.00000000E+00  0.00000000E+00  0.10000000E-01  0.10000000E+01
 0.17100200E-08  0.40165972E-02  0.00000000E+00  0.31634525E+00  0.00000000E+00  0.00000000E+00  0.19318931E+09  0.00000000E+00  0.00000000E+00  0.00000000E+00  0.00000000E+00  0.00000000E+00  0.10000000E-01  0.10000000E+01
 0.17200200E-08  0.40165972E-02  0.00000000E+00  0.31827715E+00  0.00000000E+00  0.00000000E+00  0.19318931E+09  0.00000000E+00  0.00000000E+00  0.00000000E+00  0.00000000E+00  0.00000000E+00  0.10000000E-01  0.10000000E+01
 0.17300200E-08  0.40165972E-02  0.00000000E+00  0.32020904E+00  0.00000000E+00  0.00000000E+00  0.19318931E+09  0.00000000E+00  0.00000000E+00  0.00000000E+00  0.00000000E+00  0.00000000E+00  0.10000000E-01  0.10000000E+01
 0.17400200E-08  0.40165972E-02  0.00000000E+00  0.32214093E+00  0.00000000E+00  0.00000000E+00  0.19318931E+09  0.00000000E+00  0.00000000E+00  0.00000000E+00  0.00000000E+00  0.00000000E+00  0.10000000E-01  0.10000000E+01
 0.17500200E-08  0.40165972E-02  0.00000000E+00  0.32407282E+00  0.00000000E+00  0.00000000E+00  0.19318931E+09  0.00000000E+00  0.00000000E+00  0.00000000E+00  0.00000000E+00  0.00000000E+00  0.10000000E-01  0.10000000E+01
 0.17600200E-08  0.40165972E-02  0.00000000E+00  0.32600472E+00  0.00000000E+00  0.00000000E+00  0.19318931E+09  0.00000000E+00  0.00000000E+00  0.00000000E+00  0.00000000E+00  0.00000000E+00  0.10000000E-01  0.10000000E+01
 0.17700200E-08  0.40165972E-02  0.00000000E+00  0.32793661E+00  0.00000000E+00  0.00000000E+00  0.19318931E+09  0.00000000E+00  0.00000000E+00  0.00000000E+00  0.00000000E+00  0.00000000E+00  0.10000000E-01  0.10000000E+01
 0.17800200E-08  0.40165972E-02  0.00000000E+00  0.32986850E+00  0.00000000E+00  0.00000000E+00  0.19318931E+09  0.00000000E+00  0.00000000E+00  0.00000000E+00  0.00000000E+00  0.00000000E+00  0.10000000E-01  0.10000000E+01
 0.17900200E-08  0.40165972E-02  0.00000000E+00  0.33180040E+00  0.00000000E+00  0.00000000E+00  0.19318931E+09  0.00000000E+00  0.00000000E+00  0.00000000E+00  0.00000000E+00  0.00000000E+00  0.10000000E-01  0.10000000E+01
 0.18000200E-08  0.40165972E-02  0.00000000E+00  0.33373229E+00  0.00000000E+00  0.00000000E+00  0.19318931E+09  0.00000000E+00  0.00000000E+00  0.00000000E+00  0.00000000E+00  0.00000000E+00  0.10000000E-01  0.10000000E+01
 0.18100200E-08  0.40165972E-02  0.00000000E+00  0.33566418E+00  0.00000000E+00  0.00000000E+00  0.19318931E+09  0.00000000E+00  0.00000000E+00  0.00000000E+00  0.00000000E+00  0.00000000E+00  0.10000000E-01  0.10000000E+01
 0.18200200E-08  0.40165972E-02  0.00000000E+00  0.33759608E+00  0.00000000E+00  0.00000000E+00  0.19318931E+09  0.00000000E+00  0.00000000E+00  0.00000000E+00  0.00000000E+00  0.00000000E+00  0.10000000E-01  0.10000000E+01
 0.18300200E-08  0.40165972E-02  0.00000000E+00  0.33952797E+00  0.00000000E+00  0.00000000E+00  0.19318931E+09  0.00000000E+00  0.00000000E+00  0.00000000E+00  0.00000000E+00  0.00000000E+00  0.10000000E-01  0.10000000E+01
 0.18400200E-08  0.40165972E-02  0.00000000E+00  0.34145986E+00  0.00000000E+00  0.00000000E+00  0.19318931E+09  0.00000000E+00  0.00000000E+00  0.00000000E+00  0.00000000E+00  0.00000000E+00  0.10000000E-01  0.10000000E+01
 0.18500200E-08  0.40165972E-02  0.00000000E+00  0.34339176E+00  0.00000000E+00  0.00000000E+00  0.19318931E+09  0.00000000E+00  0.00000000E+00  0.00000000E+00  0.00000000E+00  0.00000000E+00  0.10000000E-01  0.10000000E+01
 0.18600200E-08  0.40165972E-02  0.00000000E+00  0.34532365E+00  0.00000000E+00  0.00000000E+00  0.19318931E+09  0.00000000E+00  0.00000000E+00  0.00000000E+00  0.00000000E+00  0.00000000E+00  0.10000000E-01  0.10000000E+01
 0.18700200E-08  0.40165972E-02  0.00000000E+00  0.34725554E+00  0.00000000E+00  0.00000000E+00  0.19318931E+09  0.00000000E+00  0.00000000E+00  0.00000000E+00  0.00000000E+00  0.00000000E+00  0.10000000E-01  0.10000000E+01
 0.18800200E-08  0.40165972E-02  0.00000000E+00  0.34918744E+00  0.00000000E+00  0.00000000E+00  0.19318931E+09  0.00000000E+00  0.00000000E+00  0.00000000E+00  0.00000000E+00  0.00000000E+00  0.10000000E-01  0.10000000E+01
 0.18900200E-08  0.40165972E-02  0.00000000E+00  0.35111933E+00  0.00000000E+00  0.00000000E+00  0.19318931E+09  0.00000000E+00  0.00000000E+00  0.00000000E+00  0.00000000E+00  0.00000000E+00  0.10000000E-01  0.10000000E+01
 0.19000200E-08  0.40165972E-02  0.00000000E+00  0.35305122E+00  0.00000000E+00  0.00000000E+00  0.19318931E+09  0.00000000E+00  0.00000000E+00  0.00000000E+00  0.00000000E+00  0.00000000E+00  0.10000000E-01  0.10000000E+01
 0.19100200E-08  0.40165972E-02  0.00000000E+00  0.35498311E+00  0.00000000E+00  0.00000000E+00  0.19318931E+09  0.00000000E+00  0.00000000E+00  0.00000000E+00  0.00000000E+00  0.00000000E+00  0.10000000E-01  0.10000000E+01
 0.19200200E-08  0.40165972E-02  0.00000000E+00  0.35691501E+00  0.00000000E+00  0.00000000E+00  0.19318931E+09  0.00000000E+00  0.00000000E+00  0.00000000E+00  0.00000000E+00  0.00000000E+00  0.10000000E-01  0.10000000E+01
 0.19300200E-08  0.40165972E-02  0.00000000E+00  0.35884690E+00  0.00000000E+00  0.00000000E+00  0.19318931E+09  0.00000000E+00  0.00000000E+00  0.00000000E+00  0.00000000E+00  0.00000000E+00  0.10000000E-01  0.10000000E+01
 0.19400200E-08  0.40165972E-02  0.00000000E+00  0.36077879E+00  0.00000000E+00  0.00000000E+00  0.19318931E+09  0.00000000E+00  0.00000000E+00  0.00000000E+00  0.00000000E+00  0.00000000E+00  0.10000000E-01  0.10000000E+01
 0.19500200E-08  0.40165972E-02  0.00000000E+00  0.36271069E+00  0.00000000E+00  0.00000000E+00  0.19318931E+09  0.00000000E+00  0.00000000E+00  0.00000000E+00  0.00000000E+00  0.00000000E+00  0.10000000E-01  0.10000000E+01
 0.19600200E-08  0.40165972E-02  0.00000000E+00  0.36464258E+00  0.00000000E+00  0.00000000E+00  0.19318931E+09  0.00000000E+00  0.00000000E+00  0.00000000E+00  0.00000000E+00  0.00000000E+00  0.10000000E-01  0.10000000E+01
 0.19700200E-08  0.40165972E-02  0.00000000E+00  0.36657447E+00  0.00000000E+00  0.00000000E+00  0.19318931E+09  0.00000000E+00  0.00000000E+00  0.00000000E+00  0.00000000E+00  0.00000000E+00  0.10000000E-01  0.10000000E+01
 0.19800200E-08  0.40165972E-02  0.00000000E+00  0.36850637E+00  0.00000000E+00  0.00000000E+00  0.19318931E+09  0.00000000E+00  0.00000000E+00  0.00000000E+00  0.00000000E+00  0.00000000E+00  0.10000000E-01  0.10000000E+01
 0.19900200E-08  0.40165972E-02  0.00000000E+00  0.37043826E+00  0.00000000E+00  0.00000000E+00  0.19318931E+09  0.00000000E+00  0.00000000E+00  0.00000000E+00  0.00000000E+00  0.00000000E+00  0.10000000E-01  0.10000000E+01
