# ptime xp yp zp vx vy vz ex ey ez bx by bz wt
 0.20000000E-13  0.23086889E-02  0.00000000E+00 -0.28870513E-01  0.00000000E+00  0.00000000E+00  0.18848152E+09  0.00000000E+00  0.00000000E+00  0.00000000E+00  0.00000000E+00  0.00000000E+00  0.10000000E-01  0.10000000E+01
 0.10000000E-10  0.23086889E-02  0.00000000E+00 -0.26989467E-01  0.00000000E+00  0.00000000E+00  0.18848152E+09  0.00000000E+00  0.00000000E+00  0.00000000E+00  0.00000000E+00  0.00000000E+00  0.10000000E-01  0.10000000E+01
 0.20000000E-10  0.23086889E-02  0.00000000E+00 -0.25104652E-01  0.00000000E+00  0.00000000E+00  0.18848152E+09  0.00000000E+00  0.00000000E+00  0.00000000E+00  0.00000000E+00  0.00000000E+00  0.10000000E-01  0.10000000E+01
 0.30000000E-10  0.23086889E-02  0.00000000E+00 -0.23219837E-01  0.00000000E+00  0.00000000E+00  0.18848152E+09  0.00000000E+00  0.00000000E+00  0.00000000E+00  0.00000000E+00  0.00000000E+00  0.10000000E-01  0.10000000E+01
 0.40020000E-10  0.23086889E-02  0.00000000E+00 -0.21331252E-01  0.00000000E+00  0.00000000E+00  0.18848152E+09  0.00000000E+00  0.00000000E+00  0.00000000E+00  0.00000000E+00  0.00000000E+00  0.10000000E-01  0.10000000E+01
 0.50020000E-10  0.23086889E-02  0.00000000E+00 -0.19446436E-01  0.00000000E+00  0.00000000E+00  0.18848152E+09  0.00000000E+00  0.00000000E+00  0.00000000E+00  0.00000000E+00  0.00000000E+00  0.10000000E-01  0.10000000E+01
 0.60020000E-10  0.23086889E-02  0.00000000E+00 -0.17561621E-01  0.00000000E+00  0.00000000E+00  0.18848152E+09  0.00000000E+00  0.00000000E+00  0.00000000E+00  0.00000000E+00  0.00000000E+00  0.10000000E-01  0.10000000E+01
 0.70020000E-10  0.23086889E-02  0.00000000E+00 -0.15676806E-01  0.00000000E+00  0.00000000E+00  0.18848152E+09  0.00000000E+00  0.00000000E+00  0.00000000E+00  0.00000000E+00  0.00000000E+00  0.10000000E-01  0.10000000E+01
 0.80000000E-10  0.23086889E-02  0.00000000E+00 -0.13795760E-01  0.00000000E+00  0.00000000E+00  0.18848152E+09  0.00000000E+00  0.00000000E+00  0.00000000E+00  0.00000000E+00  0.00000000E+00  0.10000000E-01  0.10000000E+01
 0.90000000E-10  0.23086889E-02  0.00000000E+00 -0.11910945E-01  0.00000000E+00  0.00000000E+00  0.18848152E+09  0.00000000E+00  0.00000000E+00  0.00000000E+00  0.00000000E+00  0.00000000E+00  0.10000000E-01  0.10000000E+01
 0.10000000E-09  0.23086889E-02  0.00000000E+00 -0.10026130E-01  0.00000000E+00  0.00000000E+00  0.18848152E+09  0.00000000E+00  0.00000000E+00  0.00000000E+00  0.00000000E+00  0.00000000E+00  0.10000000E-01  0.10000000E+01
 0.11000000E-09  0.23086889E-02  0.00000000E+00 -0.81413147E-02  0.00000000E+00  0.00000000E+00  0.18848152E+09  0.00000000E+00  0.00000000E+00  0.00000000E+00  0.00000000E+00  0.00000000E+00  0.10000000E-01  0.10000000E+01
 0.12000000E-09  0.23086889E-02  0.00000000E+00 -0.62564994E-02  0.00000000E+00  0.00000000E+00  0.18848152E+09  0.00000000E+00  0.00000000E+00  0.00000000E+00  0.00000000E+00  0.00000000E+00  0.10000000E-01  0.10000000E+01
 0.13000000E-09  0.23086889E-02  0.00000000E+00 -0.43716842E-02  0.00000000E+00  0.00000000E+00  0.18848152E+09  0.00000000E+00  0.00000000E+00  0.00000000E+00  0.00000000E+00  0.00000000E+00  0.10000000E-01  0.10000000E+01
 0.14002000E-09  0.23086889E-02  0.00000000E+00 -0.24830993E-02  0.00000000E+00  0.00000000E+00  0.18848152E+09  0.00000000E+00  0.00000000E+00  0.00000000E+00  0.00000000E+00  0.00000000E+00  0.10000000E-01  0.10000000E+01
 0.15002000E-09  0.23086889E-02  0.00000000E+00 -0.59828412E-03  0.00000000E+00  0.00000000E+00  0.18848152E+09  0.00000000E+00  0.00000000E+00  0.00000000E+00  0.00000000E+00  0.00000000E+00  0.10000000E-01  0.10000000E+01
 0.16002000E-09  0.23086889E-02  0.00000000E+00  0.12865311E-02  0.00000000E+00  0.00000000E+00  0.18848152E+09  0.00000000E+00  0.00000000E+00  0.00000000E+00  0.00000000E+00  0.00000000E+00  0.10000000E-01  0.10000000E+01
 0.17002000E-09  0.23086889E-02  0.00000000E+00  0.31713463E-02  0.00000000E+00  0.00000000E+00  0.18848152E+09  0.00000000E+00  0.00000000E+00  0.00000000E+00  0.00000000E+00  0.00000000E+00  0.10000000E-01  0.10000000E+01
 0.18002000E-09  0.23086889E-02  0.00000000E+00  0.50561616E-02  0.00000000E+00  0.00000000E+00  0.18848152E+09  0.00000000E+00  0.00000000E+00  0.00000000E+00  0.00000000E+00  0.00000000E+00  0.10000000E-01  0.10000000E+01
 0.19002000E-09  0.23086889E-02  0.00000000E+00  0.69409768E-02  0.00000000E+00  0.00000000E+00  0.18848152E+09  0.00000000E+00  0.00000000E+00  0.00000000E+00  0.00000000E+00  0.00000000E+00  0.10000000E-01  0.10000000E+01
 0.20002000E-09  0.23086889E-02  0.00000000E+00  0.88257920E-02  0.00000000E+00  0.00000000E+00  0.18848152E+09  0.00000000E+00  0.00000000E+00  0.00000000E+00  0.00000000E+00  0.00000000E+00  0.10000000E-01  0.10000000E+01
 0.21002000E-09  0.23086889E-02  0.00000000E+00  0.10710607E-01  0.00000000E+00  0.00000000E+00  0.18848152E+09  0.00000000E+00  0.00000000E+00  0.00000000E+00  0.00000000E+00  0.00000000E+00  0.10000000E-01  0.10000000E+01
 0.22002000E-09  0.23086889E-02  0.00000000E+00  0.12595422E-01  0.00000000E+00  0.00000000E+00  0.18848152E+09  0.00000000E+00  0.00000000E+00  0.00000000E+00  0.00000000E+00  0.00000000E+00  0.10000000E-01  0.10000000E+01
 0.23002000E-09  0.23086889E-02  0.00000000E+00  0.14480238E-01  0.00000000E+00  0.00000000E+00  0.18848152E+09  0.00000000E+00  0.00000000E+00  0.00000000E+00  0.00000000E+00  0.00000000E+00  0.10000000E-01  0.10000000E+01
 0.24002000E-09  0.23086889E-02  0.00000000E+00  0.16365053E-01  0.00000000E+00  0.00000000E+00  0.18848152E+09  0.00000000E+00  0.00000000E+00  0.00000000E+00  0.00000000E+00  0.00000000E+00  0.10000000E-01  0.10000000E+01
 0.25002000E-09  0.23086889E-02  0.00000000E+00  0.18249868E-01  0.00000000E+00  0.00000000E+00  0.18848152E+09  0.00000000E+00  0.00000000E+00  0.00000000E+00  0.00000000E+00  0.00000000E+00  0.10000000E-01  0.10000000E+01
 0.26002000E-09  0.23086889E-02  0.00000000E+00  0.20134683E-01  0.00000000E+00  0.00000000E+00  0.18848152E+09  0.00000000E+00  0.00000000E+00  0.00000000E+00  0.00000000E+00  0.00000000E+00  0.10000000E-01  0.10000000E+01
 0.27002000E-09  0.23086889E-02  0.00000000E+00  0.22019499E-01  0.00000000E+00  0.00000000E+00  0.18848152E+09  0.00000000E+00  0.00000000E+00  0.00000000E+00  0.00000000E+00  0.00000000E+00  0.10000000E-01  0.10000000E+01
 0.28002000E-09  0.23086889E-02  0.00000000E+00  0.23904314E-01  0.00000000E+00  0.00000000E+00  0.18848152E+09  0.00000000E+00  0.00000000E+00  0.00000000E+00  0.00000000E+00  0.00000000E+00  0.10000000E-01  0.10000000E+01
 0.29002000E-09  0.23086889E-02  0.00000000E+00  0.25789129E-01  0.00000000E+00  0.00000000E+00  0.18848152E+09  0.00000000E+00  0.00000000E+00  0.00000000E+00  0.00000000E+00  0.00000000E+00  0.10000000E-01  0.10000000E+01
 0.30000000E-09  0.23086889E-02  0.00000000E+00  0.27670175E-01  0.00000000E+00  0.00000000E+00  0.18848152E+09  0.00000000E+00  0.00000000E+00  0.00000000E+00  0.00000000E+00  0.00000000E+00  0.10000000E-01  0.10000000E+01
 0.31000000E-09  0.23086889E-02  0.00000000E+00  0.29554990E-01  0.00000000E+00  0.00000000E+00  0.18848152E+09  0.00000000E+00  0.00000000E+00  0.00000000E+00  0.00000000E+00  0.00000000E+00  0.10000000E-01  0.10000000E+01
 0.32000000E-09  0.23086889E-02  0.00000000E+00  0.31439805E-01  0.00000000E+00  0.00000000E+00  0.18848152E+09  0.00000000E+00  0.00000000E+00  0.00000000E+00  0.00000000E+00  0.00000000E+00  0.10000000E-01  0.10000000E+01
 0.33000000E-09  0.23086889E-02  0.00000000E+00  0.33324620E-01  0.00000000E+00  0.00000000E+00  0.18848152E+09  0.00000000E+00  0.00000000E+00  0.00000000E+00  0.00000000E+00  0.00000000E+00  0.10000000E-01  0.10000000E+01
 0.34000000E-09  0.23086889E-02  0.00000000E+00  0.35209436E-01  0.00000000E+00  0.00000000E+00  0.18848152E+09  0.00000000E+00  0.00000000E+00  0.00000000E+00  0.00000000E+00  0.00000000E+00  0.10000000E-01  0.10000000E+01
 0.35000000E-09  0.23086889E-02  0.00000000E+00  0.37094251E-01  0.00000000E+00  0.00000000E+00  0.18848152E+09  0.00000000E+00  0.00000000E+00  0.00000000E+00  0.00000000E+00  0.00000000E+00  0.10000000E-01  0.10000000E+01
 0.36000000E-09  0.23086889E-02  0.00000000E+00  0.38979066E-01  0.00000000E+00  0.00000000E+00  0.18848152E+09  0.00000000E+00  0.00000000E+00  0.00000000E+00  0.00000000E+00  0.00000000E+00  0.10000000E-01  0.10000000E+01
 0.37000000E-09  0.23086889E-02  0.00000000E+00  0.40863881E-01  0.00000000E+00  0.00000000E+00  0.18848152E+09  0.00000000E+00  0.00000000E+00  0.00000000E+00  0.00000000E+00  0.00000000E+00  0.10000000E-01  0.10000000E+01
 0.38000000E-09  0.23086889E-02  0.00000000E+00  0.42748697E-01  0.00000000E+00  0.00000000E+00  0.18848152E+09  0.00000000E+00  0.00000000E+00  0.00000000E+00  0.00000000E+00  0.00000000E+00  0.10000000E-01  0.10000000E+01
 0.39000000E-09  0.23086889E-02  0.00000000E+00  0.44633512E-01  0.00000000E+00  0.00000000E+00  0.18848152E+09  0.00000000E+00  0.00000000E+00  0.00000000E+00  0.00000000E+00  0.00000000E+00  0.10000000E-01  0.10000000E+01
 0.40000000E-09  0.23086889E-02  0.00000000E+00  0.46518327E-01  0.00000000E+00  0.00000000E+00  0.18848152E+09  0.00000000E+00  0.00000000E+00  0.00000000E+00  0.00000000E+00  0.00000000E+00  0.10000000E-01  0.10000000E+01
 0.41000000E-09  0.23086889E-02  0.00000000E+00  0.48403142E-01  0.00000000E+00  0.00000000E+00  0.18848152E+09  0.00000000E+00  0.00000000E+00  0.00000000E+00  0.00000000E+00  0.00000000E+00  0.10000000E-01  0.10000000E+01
 0.42000000E-09  0.23086889E-02  0.00000000E+00  0.50287957E-01  0.00000000E+00  0.00000000E+00  0.18848152E+09  0.00000000E+00  0.00000000E+00  0.00000000E+00  0.00000000E+00  0.00000000E+00  0.10000000E-01  0.10000000E+01
 0.43000000E-09  0.23086889E-02  0.00000000E+00  0.52172773E-01  0.00000000E+00  0.00000000E+00  0.18848152E+09  0.00000000E+00  0.00000000E+00  0.00000000E+00  0.00000000E+00  0.00000000E+00  0.10000000E-01  0.10000000E+01
 0.44000000E-09  0.23086889E-02  0.00000000E+00  0.54057588E-01  0.00000000E+00  0.00000000E+00  0.18848152E+09  0.00000000E+00  0.00000000E+00  0.00000000E+00  0.00000000E+00  0.00000000E+00  0.10000000E-01  0.10000000E+01
 0.45000000E-09  0.23086889E-02  0.00000000E+00  0.55942403E-01  0.00000000E+00  0.00000000E+00  0.18848152E+09  0.00000000E+00  0.00000000E+00  0.00000000E+00  0.00000000E+00  0.00000000E+00  0.10000000E-01  0.10000000E+01
 0.46000000E-09  0.23086889E-02  0.00000000E+00  0.57827218E-01  0.00000000E+00  0.00000000E+00  0.18848152E+09  0.00000000E+00  0.00000000E+00  0.00000000E+00  0.00000000E+00  0.00000000E+00  0.10000000E-01  0.10000000E+01
 0.47000000E-09  0.23086889E-02  0.00000000E+00  0.59712034E-01  0.00000000E+00  0.00000000E+00  0.18848152E+09  0.00000000E+00  0.00000000E+00  0.00000000E+00  0.00000000E+00  0.00000000E+00  0.10000000E-01  0.10000000E+01
 0.48000000E-09  0.23086889E-02  0.00000000E+00  0.61596849E-01  0.00000000E+00  0.00000000E+00  0.18848152E+09  0.00000000E+00  0.00000000E+00  0.00000000E+00  0.00000000E+00  0.00000000E+00  0.10000000E-01  0.10000000E+01
 0.49000000E-09  0.23086889E-02  0.00000000E+00  0.63481664E-01  0.00000000E+00  0.00000000E+00  0.18848152E+09  0.00000000E+00  0.00000000E+00  0.00000000E+00  0.00000000E+00  0.00000000E+00  0.10000000E-01  0.10000000E+01
 0.50000000E-09  0.23086889E-02  0.00000000E+00  0.65366479E-01  0.00000000E+00  0.00000000E+00  0.18848152E+09  0.00000000E+00  0.00000000E+00  0.00000000E+00  0.00000000E+00  0.00000000E+00  0.10000000E-01  0.10000000E+01
 0.51000000E-09  0.23086889E-02  0.00000000E+00  0.67251295E-01  0.00000000E+00  0.00000000E+00  0.18848152E+09  0.00000000E+00  0.00000000E+00  0.00000000E+00  0.00000000E+00  0.00000000E+00  0.10000000E-01  0.10000000E+01
 0.52000000E-09  0.23086889E-02  0.00000000E+00  0.69136110E-01  0.00000000E+00  0.00000000E+00  0.18848152E+09  0.00000000E+00  0.00000000E+00  0.00000000E+00  0.00000000E+00  0.00000000E+00  0.10000000E-01  0.10000000E+01
 0.53000000E-09  0.23086889E-02  0.00000000E+00  0.71020925E-01  0.00000000E+00  0.00000000E+00  0.18848152E+09  0.00000000E+00  0.00000000E+00  0.00000000E+00  0.00000000E+00  0.00000000E+00  0.10000000E-01  0.10000000E+01
 0.54000000E-09  0.23086889E-02  0.00000000E+00  0.72905740E-01  0.00000000E+00  0.00000000E+00  0.18848152E+09  0.00000000E+00  0.00000000E+00  0.00000000E+00  0.00000000E+00  0.00000000E+00  0.10000000E-01  0.10000000E+01
 0.55002000E-09  0.23086889E-02  0.00000000E+00  0.74794325E-01  0.00000000E+00  0.00000000E+00  0.18848152E+09  0.00000000E+00  0.00000000E+00  0.00000000E+00  0.00000000E+00  0.00000000E+00  0.10000000E-01  0.10000000E+01
 0.56002000E-09  0.23086889E-02  0.00000000E+00  0.76679140E-01  0.00000000E+00  0.00000000E+00  0.18848152E+09  0.00000000E+00  0.00000000E+00  0.00000000E+00  0.00000000E+00  0.00000000E+00  0.10000000E-01  0.10000000E+01
 0.57002000E-09  0.23086889E-02  0.00000000E+00  0.78563956E-01  0.00000000E+00  0.00000000E+00  0.18848152E+09  0.00000000E+00  0.00000000E+00  0.00000000E+00  0.00000000E+00  0.00000000E+00  0.10000000E-01  0.10000000E+01
 0.58002000E-09  0.23086889E-02  0.00000000E+00  0.80448771E-01  0.00000000E+00  0.00000000E+00  0.18848152E+09  0.00000000E+00  0.00000000E+00  0.00000000E+00  0.00000000E+00  0.00000000E+00  0.10000000E-01  0.10000000E+01
 0.59002000E-09  0.23086889E-02  0.00000000E+00  0.82333586E-01  0.00000000E+00  0.00000000E+00  0.18848152E+09  0.00000000E+00  0.00000000E+00  0.00000000E+00  0.00000000E+00  0.00000000E+00  0.10000000E-01  0.10000000E+01
 0.60002000E-09  0.23086889E-02  0.00000000E+00  0.84218401E-01  0.00000000E+00  0.00000000E+00  0.18848152E+09  0.00000000E+00  0.00000000E+00  0.00000000E+00  0.00000000E+00  0.00000000E+00  0.10000000E-01  0.10000000E+01
 0.61002000E-09  0.23086889E-02  0.00000000E+00  0.86103216E-01  0.00000000E+00  0.00000000E+00  0.18848152E+09  0.00000000E+00  0.00000000E+00  0.00000000E+00  0.00000000E+00  0.00000000E+00  0.10000000E-01  0.10000000E+01
 0.62002000E-09  0.23086889E-02  0.00000000E+00  0.87988032E-01  0.00000000E+00  0.00000000E+00  0.18848152E+09  0.00000000E+00  0.00000000E+00  0.00000000E+00  0.00000000E+00  0.00000000E+00  0.10000000E-01  0.10000000E+01
 0.63002000E-09  0.23086889E-02  0.00000000E+00  0.89872847E-01  0.00000000E+00  0.00000000E+00  0.18848152E+09  0.00000000E+00  0.00000000E+00  0.00000000E+00  0.00000000E+00  0.00000000E+00  0.10000000E-01  0.10000000E+01
 0.64002000E-09  0.23086889E-02  0.00000000E+00  0.91757662E-01  0.00000000E+00  0.00000000E+00  0.18848152E+09  0.00000000E+00  0.00000000E+00  0.00000000E+00  0.00000000E+00  0.00000000E+00  0.10000000E-01  0.10000000E+01
 0.65002000E-09  0.23086889E-02  0.00000000E+00  0.93642477E-01  0.00000000E+00  0.00000000E+00  0.18848152E+09  0.00000000E+00  0.00000000E+00  0.00000000E+00  0.00000000E+00  0.00000000E+00  0.10000000E-01  0.10000000E+01
 0.66002000E-09  0.23086889E-02  0.00000000E+00  0.95527293E-01  0.00000000E+00  0.00000000E+00  0.18848152E+09  0.00000000E+00  0.00000000E+00  0.00000000E+00  0.00000000E+00  0.00000000E+00  0.10000000E-01  0.10000000E+01
 0.67002000E-09  0.23086889E-02  0.00000000E+00  0.97412108E-01  0.00000000E+00  0.00000000E+00  0.18848152E+09  0.00000000E+00  0.00000000E+00  0.00000000E+00  0.00000000E+00  0.00000000E+00  0.10000000E-01  0.10000000E+01
 0.68002000E-09  0.23086889E-02  0.00000000E+00  0.99296923E-01  0.00000000E+00  0.00000000E+00  0.18848152E+09  0.00000000E+00  0.00000000E+00  0.00000000E+00  0.00000000E+00  0.00000000E+00  0.10000000E-01  0.10000000E+01
 0.69002000E-09  0.23086889E-02  0.00000000E+00  0.10118174E+00  0.00000000E+00  0.00000000E+00  0.18848152E+09  0.00000000E+00  0.00000000E+00  0.00000000E+00  0.00000000E+00  0.00000000E+00  0.10000000E-01  0.10000000E+01
 0.70002000E-09  0.23086889E-02  0.00000000E+00  0.10306655E+00  0.00000000E+00  0.00000000E+00  0.18848152E+09  0.00000000E+00  0.00000000E+00  0.00000000E+00  0.00000000E+00  0.00000000E+00  0.10000000E-01  0.10000000E+01
 0.71002000E-09  0.23086889E-02  0.00000000E+00  0.10495137E+00  0.00000000E+00  0.00000000E+00  0.18848152E+09  0.00000000E+00  0.00000000E+00  0.00000000E+00  0.00000000E+00  0.00000000E+00  0.10000000E-01  0.10000000E+01
 0.72002000E-09  0.23086889E-02  0.00000000E+00  0.10683618E+00  0.00000000E+00  0.00000000E+00  0.18848152E+09  0.00000000E+00  0.00000000E+00  0.00000000E+00  0.00000000E+00  0.00000000E+00  0.10000000E-01  0.10000000E+01
 0.73002000E-09  0.23086889E-02  0.00000000E+00  0.10872100E+00  0.00000000E+00  0.00000000E+00  0.18848152E+09  0.00000000E+00  0.00000000E+00  0.00000000E+00  0.00000000E+00  0.00000000E+00  0.10000000E-01  0.10000000E+01
 0.74002000E-09  0.23086889E-02  0.00000000E+00  0.11060581E+00  0.00000000E+00  0.00000000E+00  0.18848152E+09  0.00000000E+00  0.00000000E+00  0.00000000E+00  0.00000000E+00  0.00000000E+00  0.10000000E-01  0.10000000E+01
 0.75002000E-09  0.23086889E-02  0.00000000E+00  0.11249063E+00  0.00000000E+00  0.00000000E+00  0.18848152E+09  0.00000000E+00  0.00000000E+00  0.00000000E+00  0.00000000E+00  0.00000000E+00  0.10000000E-01  0.10000000E+01
 0.76002000E-09  0.23086889E-02  0.00000000E+00  0.11437544E+00  0.00000000E+00  0.00000000E+00  0.18848152E+09  0.00000000E+00  0.00000000E+00  0.00000000E+00  0.00000000E+00  0.00000000E+00  0.10000000E-01  0.10000000E+01
 0.77002000E-09  0.23086889E-02  0.00000000E+00  0.11626026E+00  0.00000000E+00  0.00000000E+00  0.18848152E+09  0.00000000E+00  0.00000000E+00  0.00000000E+00  0.00000000E+00  0.00000000E+00  0.10000000E-01  0.10000000E+01
 0.78002000E-09  0.23086889E-02  0.00000000E+00  0.11814508E+00  0.00000000E+00  0.00000000E+00  0.18848152E+09  0.00000000E+00  0.00000000E+00  0.00000000E+00  0.00000000E+00  0.00000000E+00  0.10000000E-01  0.10000000E+01
 0.79002000E-09  0.23086889E-02  0.00000000E+00  0.12002989E+00  0.00000000E+00  0.00000000E+00  0.18848152E+09  0.00000000E+00  0.00000000E+00  0.00000000E+00  0.00000000E+00  0.00000000E+00  0.10000000E-01  0.10000000E+01
 0.80002000E-09  0.23086889E-02  0.00000000E+00  0.12191471E+00  0.00000000E+00  0.00000000E+00  0.18848152E+09  0.00000000E+00  0.00000000E+00  0.00000000E+00  0.00000000E+00  0.00000000E+00  0.10000000E-01  0.10000000E+01
 0.81002000E-09  0.23086889E-02  0.00000000E+00  0.12379952E+00  0.00000000E+00  0.00000000E+00  0.18848152E+09  0.00000000E+00  0.00000000E+00  0.00000000E+00  0.00000000E+00  0.00000000E+00  0.10000000E-01  0.10000000E+01
 0.82002000E-09  0.23086889E-02  0.00000000E+00  0.12568434E+00  0.00000000E+00  0.00000000E+00  0.18848152E+09  0.00000000E+00  0.00000000E+00  0.00000000E+00  0.00000000E+00  0.00000000E+00  0.10000000E-01  0.10000000E+01
 0.83002000E-09  0.23086889E-02  0.00000000E+00  0.12756915E+00  0.00000000E+00  0.00000000E+00  0.18848152E+09  0.00000000E+00  0.00000000E+00  0.00000000E+00  0.00000000E+00  0.00000000E+00  0.10000000E-01  0.10000000E+01
 0.84002000E-09  0.23086889E-02  0.00000000E+00  0.12945397E+00  0.00000000E+00  0.00000000E+00  0.18848152E+09  0.00000000E+00  0.00000000E+00  0.00000000E+00  0.00000000E+00  0.00000000E+00  0.10000000E-01  0.10000000E+01
 0.85002000E-09  0.23086889E-02  0.00000000E+00  0.13133878E+00  0.00000000E+00  0.00000000E+00  0.18848152E+09  0.00000000E+00  0.00000000E+00  0.00000000E+00  0.00000000E+00  0.00000000E+00  0.10000000E-01  0.10000000E+01
 0.86002000E-09  0.23086889E-02  0.00000000E+00  0.13322360E+00  0.00000000E+00  0.00000000E+00  0.18848152E+09  0.00000000E+00  0.00000000E+00  0.00000000E+00  0.00000000E+00  0.00000000E+00  0.10000000E-01  0.10000000E+01
 0.87002000E-09  0.23086889E-02  0.00000000E+00  0.13510841E+00  0.00000000E+00  0.00000000E+00  0.18848152E+09  0.00000000E+00  0.00000000E+00  0.00000000E+00  0.00000000E+00  0.00000000E+00  0.10000000E-01  0.10000000E+01
 0.88002000E-09  0.23086889E-02  0.00000000E+00  0.13699323E+00  0.00000000E+00  0.00000000E+00  0.18848152E+09  0.00000000E+00  0.00000000E+00  0.00000000E+00  0.00000000E+00  0.00000000E+00  0.10000000E-01  0.10000000E+01
 0.89002000E-09  0.23086889E-02  0.00000000E+00  0.13887804E+00  0.00000000E+00  0.00000000E+00  0.18848152E+09  0.00000000E+00  0.00000000E+00  0.00000000E+00  0.00000000E+00  0.00000000E+00  0.10000000E-01  0.10000000E+01
 0.90002000E-09  0.23086889E-02  0.00000000E+00  0.14076286E+00  0.00000000E+00  0.00000000E+00  0.18848152E+09  0.00000000E+00  0.00000000E+00  0.00000000E+00  0.00000000E+00  0.00000000E+00  0.10000000E-01  0.10000000E+01
 0.91002000E-09  0.23086889E-02  0.00000000E+00  0.14264767E+00  0.00000000E+00  0.00000000E+00  0.18848152E+09  0.00000000E+00  0.00000000E+00  0.00000000E+00  0.00000000E+00  0.00000000E+00  0.10000000E-01  0.10000000E+01
 0.92002000E-09  0.23086889E-02  0.00000000E+00  0.14453249E+00  0.00000000E+00  0.00000000E+00  0.18848152E+09  0.00000000E+00  0.00000000E+00  0.00000000E+00  0.00000000E+00  0.00000000E+00  0.10000000E-01  0.10000000E+01
 0.93002000E-09  0.23086889E-02  0.00000000E+00  0.14641730E+00  0.00000000E+00  0.00000000E+00  0.18848152E+09  0.00000000E+00  0.00000000E+00  0.00000000E+00  0.00000000E+00  0.00000000E+00  0.10000000E-01  0.10000000E+01
 0.94002000E-09  0.23086889E-02  0.00000000E+00  0.14830212E+00  0.00000000E+00  0.00000000E+00  0.18848152E+09  0.00000000E+00  0.00000000E+00  0.00000000E+00  0.00000000E+00  0.00000000E+00  0.10000000E-01  0.10000000E+01
 0.95002000E-09  0.23086889E-02  0.00000000E+00  0.15018693E+00  0.00000000E+00  0.00000000E+00  0.18848152E+09  0.00000000E+00  0.00000000E+00  0.00000000E+00  0.00000000E+00  0.00000000E+00  0.10000000E-01  0.10000000E+01
 0.96002000E-09  0.23086889E-02  0.00000000E+00  0.15207175E+00  0.00000000E+00  0.00000000E+00  0.18848152E+09  0.00000000E+00  0.00000000E+00  0.00000000E+00  0.00000000E+00  0.00000000E+00  0.10000000E-01  0.10000000E+01
 0.97002000E-09  0.23086889E-02  0.00000000E+00  0.15395656E+00  0.00000000E+00  0.00000000E+00  0.18848152E+09  0.00000000E+00  0.00000000E+00  0.00000000E+00  0.00000000E+00  0.00000000E+00  0.10000000E-01  0.10000000E+01
 0.98002000E-09  0.23086889E-02  0.00000000E+00  0.15584138E+00  0.00000000E+00  0.00000000E+00  0.18848152E+09  0.00000000E+00  0.00000000E+00  0.00000000E+00  0.00000000E+00  0.00000000E+00  0.10000000E-01  0.10000000E+01
 0.99002000E-09  0.23086889E-02  0.00000000E+00  0.15772620E+00  0.00000000E+00  0.00000000E+00  0.18848152E+09  0.00000000E+00  0.00000000E+00  0.00000000E+00  0.00000000E+00  0.00000000E+00  0.10000000E-01  0.10000000E+01
 0.10000200E-08  0.23086889E-02  0.00000000E+00  0.15961101E+00  0.00000000E+00  0.00000000E+00  0.18848152E+09  0.00000000E+00  0.00000000E+00  0.00000000E+00  0.00000000E+00  0.00000000E+00  0.10000000E-01  0.10000000E+01
 0.10100200E-08  0.23086889E-02  0.00000000E+00  0.16149583E+00  0.00000000E+00  0.00000000E+00  0.18848152E+09  0.00000000E+00  0.00000000E+00  0.00000000E+00  0.00000000E+00  0.00000000E+00  0.10000000E-01  0.10000000E+01
 0.10200200E-08  0.23086889E-02  0.00000000E+00  0.16338064E+00  0.00000000E+00  0.00000000E+00  0.18848152E+09  0.00000000E+00  0.00000000E+00  0.00000000E+00  0.00000000E+00  0.00000000E+00  0.10000000E-01  0.10000000E+01
 0.10300200E-08  0.23086889E-02  0.00000000E+00  0.16526546E+00  0.00000000E+00  0.00000000E+00  0.18848152E+09  0.00000000E+00  0.00000000E+00  0.00000000E+00  0.00000000E+00  0.00000000E+00  0.10000000E-01  0.10000000E+01
 0.10400200E-08  0.23086889E-02  0.00000000E+00  0.16715027E+00  0.00000000E+00  0.00000000E+00  0.18848152E+09  0.00000000E+00  0.00000000E+00  0.00000000E+00  0.00000000E+00  0.00000000E+00  0.10000000E-01  0.10000000E+01
 0.10500200E-08  0.23086889E-02  0.00000000E+00  0.16903509E+00  0.00000000E+00  0.00000000E+00  0.18848152E+09  0.00000000E+00  0.00000000E+00  0.00000000E+00  0.00000000E+00  0.00000000E+00  0.10000000E-01  0.10000000E+01
 0.10600200E-08  0.23086889E-02  0.00000000E+00  0.17091990E+00  0.00000000E+00  0.00000000E+00  0.18848152E+09  0.00000000E+00  0.00000000E+00  0.00000000E+00  0.00000000E+00  0.00000000E+00  0.10000000E-01  0.10000000E+01
 0.10700200E-08  0.23086889E-02  0.00000000E+00  0.17280472E+00  0.00000000E+00  0.00000000E+00  0.18848152E+09  0.00000000E+00  0.00000000E+00  0.00000000E+00  0.00000000E+00  0.00000000E+00  0.10000000E-01  0.10000000E+01
 0.10800200E-08  0.23086889E-02  0.00000000E+00  0.17468953E+00  0.00000000E+00  0.00000000E+00  0.18848152E+09  0.00000000E+00  0.00000000E+00  0.00000000E+00  0.00000000E+00  0.00000000E+00  0.10000000E-01  0.10000000E+01
 0.10900200E-08  0.23086889E-02  0.00000000E+00  0.17657435E+00  0.00000000E+00  0.00000000E+00  0.18848152E+09  0.00000000E+00  0.00000000E+00  0.00000000E+00  0.00000000E+00  0.00000000E+00  0.10000000E-01  0.10000000E+01
 0.11000200E-08  0.23086889E-02  0.00000000E+00  0.17845916E+00  0.00000000E+00  0.00000000E+00  0.18848152E+09  0.00000000E+00  0.00000000E+00  0.00000000E+00  0.00000000E+00  0.00000000E+00  0.10000000E-01  0.10000000E+01
 0.11100200E-08  0.23086889E-02  0.00000000E+00  0.18034398E+00  0.00000000E+00  0.00000000E+00  0.18848152E+09  0.00000000E+00  0.00000000E+00  0.00000000E+00  0.00000000E+00  0.00000000E+00  0.10000000E-01  0.10000000E+01
 0.11200200E-08  0.23086889E-02  0.00000000E+00  0.18222879E+00  0.00000000E+00  0.00000000E+00  0.18848152E+09  0.00000000E+00  0.00000000E+00  0.00000000E+00  0.00000000E+00  0.00000000E+00  0.10000000E-01  0.10000000E+01
 0.11300200E-08  0.23086889E-02  0.00000000E+00  0.18411361E+00  0.00000000E+00  0.00000000E+00  0.18848152E+09  0.00000000E+00  0.00000000E+00  0.00000000E+00  0.00000000E+00  0.00000000E+00  0.10000000E-01  0.10000000E+01
 0.11400200E-08  0.23086889E-02  0.00000000E+00  0.18599842E+00  0.00000000E+00  0.00000000E+00  0.18848152E+09  0.00000000E+00  0.00000000E+00  0.00000000E+00  0.00000000E+00  0.00000000E+00  0.10000000E-01  0.10000000E+01
 0.11500200E-08  0.23086889E-02  0.00000000E+00  0.18788324E+00  0.00000000E+00  0.00000000E+00  0.18848152E+09  0.00000000E+00  0.00000000E+00  0.00000000E+00  0.00000000E+00  0.00000000E+00  0.10000000E-01  0.10000000E+01
 0.11600200E-08  0.23086889E-02  0.00000000E+00  0.18976805E+00  0.00000000E+00  0.00000000E+00  0.18848152E+09  0.00000000E+00  0.00000000E+00  0.00000000E+00  0.00000000E+00  0.00000000E+00  0.10000000E-01  0.10000000E+01
 0.11700200E-08  0.23086889E-02  0.00000000E+00  0.19165287E+00  0.00000000E+00  0.00000000E+00  0.18848152E+09  0.00000000E+00  0.00000000E+00  0.00000000E+00  0.00000000E+00  0.00000000E+00  0.10000000E-01  0.10000000E+01
 0.11800200E-08  0.23086889E-02  0.00000000E+00  0.19353768E+00  0.00000000E+00  0.00000000E+00  0.18848152E+09  0.00000000E+00  0.00000000E+00  0.00000000E+00  0.00000000E+00  0.00000000E+00  0.10000000E-01  0.10000000E+01
 0.11900200E-08  0.23086889E-02  0.00000000E+00  0.19542250E+00  0.00000000E+00  0.00000000E+00  0.18848152E+09  0.00000000E+00  0.00000000E+00  0.00000000E+00  0.00000000E+00  0.00000000E+00  0.10000000E-01  0.10000000E+01
 0.12000200E-08  0.23086889E-02  0.00000000E+00  0.19730732E+00  0.00000000E+00  0.00000000E+00  0.18848152E+09  0.00000000E+00  0.00000000E+00  0.00000000E+00  0.00000000E+00  0.00000000E+00  0.10000000E-01  0.10000000E+01
 0.12100200E-08  0.23086889E-02  0.00000000E+00  0.19919213E+00  0.00000000E+00  0.00000000E+00  0.18848152E+09  0.00000000E+00  0.00000000E+00  0.00000000E+00  0.00000000E+00  0.00000000E+00  0.10000000E-01  0.10000000E+01
 0.12200200E-08  0.23086889E-02  0.00000000E+00  0.20107695E+00  0.00000000E+00  0.00000000E+00  0.18848152E+09  0.00000000E+00  0.00000000E+00  0.00000000E+00  0.00000000E+00  0.00000000E+00  0.10000000E-01  0.10000000E+01
 0.12300200E-08  0.23086889E-02  0.00000000E+00  0.20296176E+00  0.00000000E+00  0.00000000E+00  0.18848152E+09  0.00000000E+00  0.00000000E+00  0.00000000E+00  0.00000000E+00  0.00000000E+00  0.10000000E-01  0.10000000E+01
 0.12400200E-08  0.23086889E-02  0.00000000E+00  0.20484658E+00  0.00000000E+00  0.00000000E+00  0.18848152E+09  0.00000000E+00  0.00000000E+00  0.00000000E+00  0.00000000E+00  0.00000000E+00  0.10000000E-01  0.10000000E+01
 0.12500200E-08  0.23086889E-02  0.00000000E+00  0.20673139E+00  0.00000000E+00  0.00000000E+00  0.18848152E+09  0.00000000E+00  0.00000000E+00  0.00000000E+00  0.00000000E+00  0.00000000E+00  0.10000000E-01  0.10000000E+01
 0.12600200E-08  0.23086889E-02  0.00000000E+00  0.20861621E+00  0.00000000E+00  0.00000000E+00  0.18848152E+09  0.00000000E+00  0.00000000E+00  0.00000000E+00  0.00000000E+00  0.00000000E+00  0.10000000E-01  0.10000000E+01
 0.12700200E-08  0.23086889E-02  0.00000000E+00  0.21050102E+00  0.00000000E+00  0.00000000E+00  0.18848152E+09  0.00000000E+00  0.00000000E+00  0.00000000E+00  0.00000000E+00  0.00000000E+00  0.10000000E-01  0.10000000E+01
 0.12800200E-08  0.23086889E-02  0.00000000E+00  0.21238584E+00  0.00000000E+00  0.00000000E+00  0.18848152E+09  0.00000000E+00  0.00000000E+00  0.00000000E+00  0.00000000E+00  0.00000000E+00  0.10000000E-01  0.10000000E+01
 0.12900200E-08  0.23086889E-02  0.00000000E+00  0.21427065E+00  0.00000000E+00  0.00000000E+00  0.18848152E+09  0.00000000E+00  0.00000000E+00  0.00000000E+00  0.00000000E+00  0.00000000E+00  0.10000000E-01  0.10000000E+01
 0.13000200E-08  0.23086889E-02  0.00000000E+00  0.21615547E+00  0.00000000E+00  0.00000000E+00  0.18848152E+09  0.00000000E+00  0.00000000E+00  0.00000000E+00  0.00000000E+00  0.00000000E+00  0.10000000E-01  0.10000000E+01
 0.13100200E-08  0.23086889E-02  0.00000000E+00  0.21804028E+00  0.00000000E+00  0.00000000E+00  0.18848152E+09  0.00000000E+00  0.00000000E+00  0.00000000E+00  0.00000000E+00  0.00000000E+00  0.10000000E-01  0.10000000E+01
 0.13200200E-08  0.23086889E-02  0.00000000E+00  0.21992510E+00  0.00000000E+00  0.00000000E+00  0.18848152E+09  0.00000000E+00  0.00000000E+00  0.00000000E+00  0.00000000E+00  0.00000000E+00  0.10000000E-01  0.10000000E+01
 0.13300200E-08  0.23086889E-02  0.00000000E+00  0.22180991E+00  0.00000000E+00  0.00000000E+00  0.18848152E+09  0.00000000E+00  0.00000000E+00  0.00000000E+00  0.00000000E+00  0.00000000E+00  0.10000000E-01  0.10000000E+01
 0.13400200E-08  0.23086889E-02  0.00000000E+00  0.22369473E+00  0.00000000E+00  0.00000000E+00  0.18848152E+09  0.00000000E+00  0.00000000E+00  0.00000000E+00  0.00000000E+00  0.00000000E+00  0.10000000E-01  0.10000000E+01
 0.13500200E-08  0.23086889E-02  0.00000000E+00  0.22557954E+00  0.00000000E+00  0.00000000E+00  0.18848152E+09  0.00000000E+00  0.00000000E+00  0.00000000E+00  0.00000000E+00  0.00000000E+00  0.10000000E-01  0.10000000E+01
 0.13600200E-08  0.23086889E-02  0.00000000E+00  0.22746436E+00  0.00000000E+00  0.00000000E+00  0.18848152E+09  0.00000000E+00  0.00000000E+00  0.00000000E+00  0.00000000E+00  0.00000000E+00  0.10000000E-01  0.10000000E+01
 0.13700200E-08  0.23086889E-02  0.00000000E+00  0.22934917E+00  0.00000000E+00  0.00000000E+00  0.18848152E+09  0.00000000E+00  0.00000000E+00  0.00000000E+00  0.00000000E+00  0.00000000E+00  0.10000000E-01  0.10000000E+01
 0.13800200E-08  0.23086889E-02  0.00000000E+00  0.23123399E+00  0.00000000E+00  0.00000000E+00  0.18848152E+09  0.00000000E+00  0.00000000E+00  0.00000000E+00  0.00000000E+00  0.00000000E+00  0.10000000E-01  0.10000000E+01
 0.13900200E-08  0.23086889E-02  0.00000000E+00  0.23311880E+00  0.00000000E+00  0.00000000E+00  0.18848152E+09  0.00000000E+00  0.00000000E+00  0.00000000E+00  0.00000000E+00  0.00000000E+00  0.10000000E-01  0.10000000E+01
 0.14000200E-08  0.23086889E-02  0.00000000E+00  0.23500362E+00  0.00000000E+00  0.00000000E+00  0.18848152E+09  0.00000000E+00  0.00000000E+00  0.00000000E+00  0.00000000E+00  0.00000000E+00  0.10000000E-01  0.10000000E+01
 0.14100200E-08  0.23086889E-02  0.00000000E+00  0.23688843E+00  0.00000000E+00  0.00000000E+00  0.18848152E+09  0.00000000E+00  0.00000000E+00  0.00000000E+00  0.00000000E+00  0.00000000E+00  0.10000000E-01  0.10000000E+01
 0.14200200E-08  0.23086889E-02  0.00000000E+00  0.23877325E+00  0.00000000E+00  0.00000000E+00  0.18848152E+09  0.00000000E+00  0.00000000E+00  0.00000000E+00  0.00000000E+00  0.00000000E+00  0.10000000E-01  0.10000000E+01
 0.14300200E-08  0.23086889E-02  0.00000000E+00  0.24065807E+00  0.00000000E+00  0.00000000E+00  0.18848152E+09  0.00000000E+00  0.00000000E+00  0.00000000E+00  0.00000000E+00  0.00000000E+00  0.10000000E-01  0.10000000E+01
 0.14400200E-08  0.23086889E-02  0.00000000E+00  0.24254288E+00  0.00000000E+00  0.00000000E+00  0.18848152E+09  0.00000000E+00  0.00000000E+00  0.00000000E+00  0.00000000E+00  0.00000000E+00  0.10000000E-01  0.10000000E+01
 0.14500200E-08  0.23086889E-02  0.00000000E+00  0.24442770E+00  0.00000000E+00  0.00000000E+00  0.18848152E+09  0.00000000E+00  0.00000000E+00  0.00000000E+00  0.00000000E+00  0.00000000E+00  0.10000000E-01  0.10000000E+01
 0.14600200E-08  0.23086889E-02  0.00000000E+00  0.24631251E+00  0.00000000E+00  0.00000000E+00  0.18848152E+09  0.00000000E+00  0.00000000E+00  0.00000000E+00  0.00000000E+00  0.00000000E+00  0.10000000E-01  0.10000000E+01
 0.14700200E-08  0.23086889E-02  0.00000000E+00  0.24819733E+00  0.00000000E+00  0.00000000E+00  0.18848152E+09  0.00000000E+00  0.00000000E+00  0.00000000E+00  0.00000000E+00  0.00000000E+00  0.10000000E-01  0.10000000E+01
 0.14800200E-08  0.23086889E-02  0.00000000E+00  0.25008214E+00  0.00000000E+00  0.00000000E+00  0.18848152E+09  0.00000000E+00  0.00000000E+00  0.00000000E+00  0.00000000E+00  0.00000000E+00  0.10000000E-01  0.10000000E+01
 0.14900200E-08  0.23086889E-02  0.00000000E+00  0.25196696E+00  0.00000000E+00  0.00000000E+00  0.18848152E+09  0.00000000E+00  0.00000000E+00  0.00000000E+00  0.00000000E+00  0.00000000E+00  0.10000000E-01  0.10000000E+01
 0.15000200E-08  0.23086889E-02  0.00000000E+00  0.25385177E+00  0.00000000E+00  0.00000000E+00  0.18848152E+09  0.00000000E+00  0.00000000E+00  0.00000000E+00  0.00000000E+00  0.00000000E+00  0.10000000E-01  0.10000000E+01
 0.15100200E-08  0.23086889E-02  0.00000000E+00  0.25573659E+00  0.00000000E+00  0.00000000E+00  0.18848152E+09  0.00000000E+00  0.00000000E+00  0.00000000E+00  0.00000000E+00  0.00000000E+00  0.10000000E-01  0.10000000E+01
 0.15200200E-08  0.23086889E-02  0.00000000E+00  0.25762140E+00  0.00000000E+00  0.00000000E+00  0.18848152E+09  0.00000000E+00  0.00000000E+00  0.00000000E+00  0.00000000E+00  0.00000000E+00  0.10000000E-01  0.10000000E+01
 0.15300200E-08  0.23086889E-02  0.00000000E+00  0.25950622E+00  0.00000000E+00  0.00000000E+00  0.18848152E+09  0.00000000E+00  0.00000000E+00  0.00000000E+00  0.00000000E+00  0.00000000E+00  0.10000000E-01  0.10000000E+01
 0.15400200E-08  0.23086889E-02  0.00000000E+00  0.26139103E+00  0.00000000E+00  0.00000000E+00  0.18848152E+09  0.00000000E+00  0.00000000E+00  0.00000000E+00  0.00000000E+00  0.00000000E+00  0.10000000E-01  0.10000000E+01
 0.15500200E-08  0.23086889E-02  0.00000000E+00  0.26327585E+00  0.00000000E+00  0.00000000E+00  0.18848152E+09  0.00000000E+00  0.00000000E+00  0.00000000E+00  0.00000000E+00  0.00000000E+00  0.10000000E-01  0.10000000E+01
 0.15600200E-08  0.23086889E-02  0.00000000E+00  0.26516066E+00  0.00000000E+00  0.00000000E+00  0.18848152E+09  0.00000000E+00  0.00000000E+00  0.00000000E+00  0.00000000E+00  0.00000000E+00  0.10000000E-01  0.10000000E+01
 0.15700200E-08  0.23086889E-02  0.00000000E+00  0.26704548E+00  0.00000000E+00  0.00000000E+00  0.18848152E+09  0.00000000E+00  0.00000000E+00  0.00000000E+00  0.00000000E+00  0.00000000E+00  0.10000000E-01  0.10000000E+01
 0.15800200E-08  0.23086889E-02  0.00000000E+00  0.26893029E+00  0.00000000E+00  0.00000000E+00  0.18848152E+09  0.00000000E+00  0.00000000E+00  0.00000000E+00  0.00000000E+00  0.00000000E+00  0.10000000E-01  0.10000000E+01
 0.15900200E-08  0.23086889E-02  0.00000000E+00  0.27081511E+00  0.00000000E+00  0.00000000E+00  0.18848152E+09  0.00000000E+00  0.00000000E+00  0.00000000E+00  0.00000000E+00  0.00000000E+00  0.10000000E-01  0.10000000E+01
 0.16000200E-08  0.23086889E-02  0.00000000E+00  0.27269992E+00  0.00000000E+00  0.00000000E+00  0.18848152E+09  0.00000000E+00  0.00000000E+00  0.00000000E+00  0.00000000E+00  0.00000000E+00  0.10000000E-01  0.10000000E+01
 0.16100200E-08  0.23086889E-02  0.00000000E+00  0.27458474E+00  0.00000000E+00  0.00000000E+00  0.18848152E+09  0.00000000E+00  0.00000000E+00  0.00000000E+00  0.00000000E+00  0.00000000E+00  0.10000000E-01  0.10000000E+01
 0.16200200E-08  0.23086889E-02  0.00000000E+00  0.27646955E+00  0.00000000E+00  0.00000000E+00  0.18848152E+09  0.00000000E+00  0.00000000E+00  0.00000000E+00  0.00000000E+00  0.00000000E+00  0.10000000E-01  0.10000000E+01
 0.16300200E-08  0.23086889E-02  0.00000000E+00  0.27835437E+00  0.00000000E+00  0.00000000E+00  0.18848152E+09  0.00000000E+00  0.00000000E+00  0.00000000E+00  0.00000000E+00  0.00000000E+00  0.10000000E-01  0.10000000E+01
 0.16400200E-08  0.23086889E-02  0.00000000E+00  0.28023919E+00  0.00000000E+00  0.00000000E+00  0.18848152E+09  0.00000000E+00  0.00000000E+00  0.00000000E+00  0.00000000E+00  0.00000000E+00  0.10000000E-01  0.10000000E+01
 0.16500200E-08  0.23086889E-02  0.00000000E+00  0.28212400E+00  0.00000000E+00  0.00000000E+00  0.18848152E+09  0.00000000E+00  0.00000000E+00  0.00000000E+00  0.00000000E+00  0.00000000E+00  0.10000000E-01  0.10000000E+01
 0.16600200E-08  0.23086889E-02  0.00000000E+00  0.28400882E+00  0.00000000E+00  0.00000000E+00  0.18848152E+09  0.00000000E+00  0.00000000E+00  0.00000000E+00  0.00000000E+00  0.00000000E+00  0.10000000E-01  0.10000000E+01
 0.16700200E-08  0.23086889E-02  0.00000000E+00  0.28589363E+00  0.00000000E+00  0.00000000E+00  0.18848152E+09  0.00000000E+00  0.00000000E+00  0.00000000E+00  0.00000000E+00  0.00000000E+00  0.10000000E-01  0.10000000E+01
 0.16800200E-08  0.23086889E-02  0.00000000E+00  0.28777845E+00  0.00000000E+00  0.00000000E+00  0.18848152E+09  0.00000000E+00  0.00000000E+00  0.00000000E+00  0.00000000E+00  0.00000000E+00  0.10000000E-01  0.10000000E+01
 0.16900200E-08  0.23086889E-02  0.00000000E+00  0.28966326E+00  0.00000000E+00  0.00000000E+00  0.18848152E+09  0.00000000E+00  0.00000000E+00  0.00000000E+00  0.00000000E+00  0.00000000E+00  0.10000000E-01  0.10000000E+01
 0.17000200E-08  0.23086889E-02  0.00000000E+00  0.29154808E+00  0.00000000E+00  0.00000000E+00  0.18848152E+09  0.00000000E+00  0.00000000E+00  0.00000000E+00  0.00000000E+00  0.00000000E+00  0.10000000E-01  0.10000000E+01
 0.17100200E-08  0.23086889E-02  0.00000000E+00  0.29343289E+00  0.00000000E+00  0.00000000E+00  0.18848152E+09  0.00000000E+00  0.00000000E+00  0.00000000E+00  0.00000000E+00  0.00000000E+00  0.10000000E-01  0.10000000E+01
 0.17200200E-08  0.23086889E-02  0.00000000E+00  0.29531771E+00  0.00000000E+00  0.00000000E+00  0.18848152E+09  0.00000000E+00  0.00000000E+00  0.00000000E+00  0.00000000E+00  0.00000000E+00  0.10000000E-01  0.10000000E+01
 0.17300200E-08  0.23086889E-02  0.00000000E+00  0.29720252E+00  0.00000000E+00  0.00000000E+00  0.18848152E+09  0.00000000E+00  0.00000000E+00  0.00000000E+00  0.00000000E+00  0.00000000E+00  0.10000000E-01  0.10000000E+01
 0.17400200E-08  0.23086889E-02  0.00000000E+00  0.29908734E+00  0.00000000E+00  0.00000000E+00  0.18848152E+09  0.00000000E+00  0.00000000E+00  0.00000000E+00  0.00000000E+00  0.00000000E+00  0.10000000E-01  0.10000000E+01
 0.17500200E-08  0.23086889E-02  0.00000000E+00  0.30097215E+00  0.00000000E+00  0.00000000E+00  0.18848152E+09  0.00000000E+00  0.00000000E+00  0.00000000E+00  0.00000000E+00  0.00000000E+00  0.10000000E-01  0.10000000E+01
 0.17600200E-08  0.23086889E-02  0.00000000E+00  0.30285697E+00  0.00000000E+00  0.00000000E+00  0.18848152E+09  0.00000000E+00  0.00000000E+00  0.00000000E+00  0.00000000E+00  0.00000000E+00  0.10000000E-01  0.10000000E+01
 0.17700200E-08  0.23086889E-02  0.00000000E+00  0.30474178E+00  0.00000000E+00  0.00000000E+00  0.18848152E+09  0.00000000E+00  0.00000000E+00  0.00000000E+00  0.00000000E+00  0.00000000E+00  0.10000000E-01  0.10000000E+01
 0.17800200E-08  0.23086889E-02  0.00000000E+00  0.30662660E+00  0.00000000E+00  0.00000000E+00  0.18848152E+09  0.00000000E+00  0.00000000E+00  0.00000000E+00  0.00000000E+00  0.00000000E+00  0.10000000E-01  0.10000000E+01
 0.17900200E-08  0.23086889E-02  0.00000000E+00  0.30851141E+00  0.00000000E+00  0.00000000E+00  0.18848152E+09  0.00000000E+00  0.00000000E+00  0.00000000E+00  0.00000000E+00  0.00000000E+00  0.10000000E-01  0.10000000E+01
 0.18000200E-08  0.23086889E-02  0.00000000E+00  0.31039623E+00  0.00000000E+00  0.00000000E+00  0.18848152E+09  0.00000000E+00  0.00000000E+00  0.00000000E+00  0.00000000E+00  0.00000000E+00  0.10000000E-01  0.10000000E+01
 0.18100200E-08  0.23086889E-02  0.00000000E+00  0.31228104E+00  0.00000000E+00  0.00000000E+00  0.18848152E+09  0.00000000E+00  0.00000000E+00  0.00000000E+00  0.00000000E+00  0.00000000E+00  0.10000000E-01  0.10000000E+01
 0.18200200E-08  0.23086889E-02  0.00000000E+00  0.31416586E+00  0.00000000E+00  0.00000000E+00  0.18848152E+09  0.00000000E+00  0.00000000E+00  0.00000000E+00  0.00000000E+00  0.00000000E+00  0.10000000E-01  0.10000000E+01
 0.18300200E-08  0.23086889E-02  0.00000000E+00  0.31605067E+00  0.00000000E+00  0.00000000E+00  0.18848152E+09  0.00000000E+00  0.00000000E+00  0.00000000E+00  0.00000000E+00  0.00000000E+00  0.10000000E-01  0.10000000E+01
 0.18400200E-08  0.23086889E-02  0.00000000E+00  0.31793549E+00  0.00000000E+00  0.00000000E+00  0.18848152E+09  0.00000000E+00  0.00000000E+00  0.00000000E+00  0.00000000E+00  0.00000000E+00  0.10000000E-01  0.10000000E+01
 0.18500200E-08  0.23086889E-02  0.00000000E+00  0.31982030E+00  0.00000000E+00  0.00000000E+00  0.18848152E+09  0.00000000E+00  0.00000000E+00  0.00000000E+00  0.00000000E+00  0.00000000E+00  0.10000000E-01  0.10000000E+01
 0.18600200E-08  0.23086889E-02  0.00000000E+00  0.32170512E+00  0.00000000E+00  0.00000000E+00  0.18848152E+09  0.00000000E+00  0.00000000E+00  0.00000000E+00  0.00000000E+00  0.00000000E+00  0.10000000E-01  0.10000000E+01
 0.18700200E-08  0.23086889E-02  0.00000000E+00  0.32358994E+00  0.00000000E+00  0.00000000E+00  0.18848152E+09  0.00000000E+00  0.00000000E+00  0.00000000E+00  0.00000000E+00  0.00000000E+00  0.10000000E-01  0.10000000E+01
 0.18800200E-08  0.23086889E-02  0.00000000E+00  0.32547475E+00  0.00000000E+00  0.00000000E+00  0.18848152E+09  0.00000000E+00  0.00000000E+00  0.00000000E+00  0.00000000E+00  0.00000000E+00  0.10000000E-01  0.10000000E+01
 0.18900200E-08  0.23086889E-02  0.00000000E+00  0.32735957E+00  0.00000000E+00  0.00000000E+00  0.18848152E+09  0.00000000E+00  0.00000000E+00  0.00000000E+00  0.00000000E+00  0.00000000E+00  0.10000000E-01  0.10000000E+01
 0.19000200E-08  0.23086889E-02  0.00000000E+00  0.32924438E+00  0.00000000E+00  0.00000000E+00  0.18848152E+09  0.00000000E+00  0.00000000E+00  0.00000000E+00  0.00000000E+00  0.00000000E+00  0.10000000E-01  0.10000000E+01
 0.19100200E-08  0.23086889E-02  0.00000000E+00  0.33112920E+00  0.00000000E+00  0.00000000E+00  0.18848152E+09  0.00000000E+00  0.00000000E+00  0.00000000E+00  0.00000000E+00  0.00000000E+00  0.10000000E-01  0.10000000E+01
 0.19200200E-08  0.23086889E-02  0.00000000E+00  0.33301401E+00  0.00000000E+00  0.00000000E+00  0.18848152E+09  0.00000000E+00  0.00000000E+00  0.00000000E+00  0.00000000E+00  0.00000000E+00  0.10000000E-01  0.10000000E+01
 0.19300200E-08  0.23086889E-02  0.00000000E+00  0.33489883E+00  0.00000000E+00  0.00000000E+00  0.18848152E+09  0.00000000E+00  0.00000000E+00  0.00000000E+00  0.00000000E+00  0.00000000E+00  0.10000000E-01  0.10000000E+01
 0.19400200E-08  0.23086889E-02  0.00000000E+00  0.33678364E+00  0.00000000E+00  0.00000000E+00  0.18848152E+09  0.00000000E+00  0.00000000E+00  0.00000000E+00  0.00000000E+00  0.00000000E+00  0.10000000E-01  0.10000000E+01
 0.19500200E-08  0.23086889E-02  0.00000000E+00  0.33866846E+00  0.00000000E+00  0.00000000E+00  0.18848152E+09  0.00000000E+00  0.00000000E+00  0.00000000E+00  0.00000000E+00  0.00000000E+00  0.10000000E-01  0.10000000E+01
 0.19600200E-08  0.23086889E-02  0.00000000E+00  0.34055327E+00  0.00000000E+00  0.00000000E+00  0.18848152E+09  0.00000000E+00  0.00000000E+00  0.00000000E+00  0.00000000E+00  0.00000000E+00  0.10000000E-01  0.10000000E+01
 0.19700200E-08  0.23086889E-02  0.00000000E+00  0.34243809E+00  0.00000000E+00  0.00000000E+00  0.18848152E+09  0.00000000E+00  0.00000000E+00  0.00000000E+00  0.00000000E+00  0.00000000E+00  0.10000000E-01  0.10000000E+01
 0.19800200E-08  0.23086889E-02  0.00000000E+00  0.34432290E+00  0.00000000E+00  0.00000000E+00  0.18848152E+09  0.00000000E+00  0.00000000E+00  0.00000000E+00  0.00000000E+00  0.00000000E+00  0.10000000E-01  0.10000000E+01
 0.19900200E-08  0.23086889E-02  0.00000000E+00  0.34620772E+00  0.00000000E+00  0.00000000E+00  0.18848152E+09  0.00000000E+00  0.00000000E+00  0.00000000E+00  0.00000000E+00  0.00000000E+00  0.10000000E-01  0.10000000E+01
