# ptime xp yp zp vx vy vz ex ey ez bx by bz wt
 0.20000000E-13  0.43297212E-02  0.00000000E+00  0.35042215E-02  0.00000000E+00  0.00000000E+00  0.16633868E+09  0.00000000E+00  0.00000000E+00  0.00000000E+00  0.00000000E+00  0.00000000E+00  0.10000000E-01  0.10000000E+01
 0.10000000E-10  0.43297212E-02  0.00000000E+00  0.51642815E-02  0.00000000E+00  0.00000000E+00  0.16633868E+09  0.00000000E+00  0.00000000E+00  0.00000000E+00  0.00000000E+00  0.00000000E+00  0.10000000E-01  0.10000000E+01
 0.20000000E-10  0.43297212E-02  0.00000000E+00  0.68276683E-02  0.00000000E+00  0.00000000E+00  0.16633868E+09  0.00000000E+00  0.00000000E+00  0.00000000E+00  0.00000000E+00  0.00000000E+00  0.10000000E-01  0.10000000E+01
 0.30000000E-10  0.43297212E-02  0.00000000E+00  0.84910551E-02  0.00000000E+00  0.00000000E+00  0.16633868E+09  0.00000000E+00  0.00000000E+00  0.00000000E+00  0.00000000E+00  0.00000000E+00  0.10000000E-01  0.10000000E+01
 0.40020000E-10  0.43297212E-02  0.00000000E+00  0.10157769E-01  0.00000000E+00  0.00000000E+00  0.16633868E+09  0.00000000E+00  0.00000000E+00  0.00000000E+00  0.00000000E+00  0.00000000E+00  0.10000000E-01  0.10000000E+01
 0.50020000E-10  0.43297212E-02  0.00000000E+00  0.11821155E-01  0.00000000E+00  0.00000000E+00  0.16633868E+09  0.00000000E+00  0.00000000E+00  0.00000000E+00  0.00000000E+00  0.00000000E+00  0.10000000E-01  0.10000000E+01
 0.60020000E-10  0.43297212E-02  0.00000000E+00  0.13484542E-01  0.00000000E+00  0.00000000E+00  0.16633868E+09  0.00000000E+00  0.00000000E+00  0.00000000E+00  0.00000000E+00  0.00000000E+00  0.10000000E-01  0.10000000E+01
 0.70020000E-10  0.43297212E-02  0.00000000E+00  0.15147929E-01  0.00000000E+00  0.00000000E+00  0.16633868E+09  0.00000000E+00  0.00000000E+00  0.00000000E+00  0.00000000E+00  0.00000000E+00  0.10000000E-01  0.10000000E+01
 0.80000000E-10  0.43297212E-02  0.00000000E+00  0.16807989E-01  0.00000000E+00  0.00000000E+00  0.16633868E+09  0.00000000E+00  0.00000000E+00  0.00000000E+00  0.00000000E+00  0.00000000E+00  0.10000000E-01  0.10000000E+01
 0.90000000E-10  0.43297212E-02  0.00000000E+00  0.18471376E-01  0.00000000E+00  0.00000000E+00  0.16633868E+09  0.00000000E+00  0.00000000E+00  0.00000000E+00  0.00000000E+00  0.00000000E+00  0.10000000E-01  0.10000000E+01
 0.10000000E-09  0.43297212E-02  0.00000000E+00  0.20134763E-01  0.00000000E+00  0.00000000E+00  0.16633868E+09  0.00000000E+00  0.00000000E+00  0.00000000E+00  0.00000000E+00  0.00000000E+00  0.10000000E-01  0.10000000E+01
 0.11000000E-09  0.43297212E-02  0.00000000E+00  0.21798149E-01  0.00000000E+00  0.00000000E+00  0.16633868E+09  0.00000000E+00  0.00000000E+00  0.00000000E+00  0.00000000E+00  0.00000000E+00  0.10000000E-01  0.10000000E+01
 0.12000000E-09  0.43297212E-02  0.00000000E+00  0.23461536E-01  0.00000000E+00  0.00000000E+00  0.16633868E+09  0.00000000E+00  0.00000000E+00  0.00000000E+00  0.00000000E+00  0.00000000E+00  0.10000000E-01  0.10000000E+01
 0.13000000E-09  0.43297212E-02  0.00000000E+00  0.25124923E-01  0.00000000E+00  0.00000000E+00  0.16633868E+09  0.00000000E+00  0.00000000E+00  0.00000000E+00  0.00000000E+00  0.00000000E+00  0.10000000E-01  0.10000000E+01
 0.14002000E-09  0.43297212E-02  0.00000000E+00  0.26791637E-01  0.00000000E+00  0.00000000E+00  0.16633868E+09  0.00000000E+00  0.00000000E+00  0.00000000E+00  0.00000000E+00  0.00000000E+00  0.10000000E-01  0.10000000E+01
 0.15002000E-09  0.43297212E-02  0.00000000E+00  0.28455023E-01  0.00000000E+00  0.00000000E+00  0.16633868E+09  0.00000000E+00  0.00000000E+00  0.00000000E+00  0.00000000E+00  0.00000000E+00  0.10000000E-01  0.10000000E+01
 0.16002000E-09  0.43297212E-02  0.00000000E+00  0.30118410E-01  0.00000000E+00  0.00000000E+00  0.16633868E+09  0.00000000E+00  0.00000000E+00  0.00000000E+00  0.00000000E+00  0.00000000E+00  0.10000000E-01  0.10000000E+01
 0.17002000E-09  0.43297212E-02  0.00000000E+00  0.31781797E-01  0.00000000E+00  0.00000000E+00  0.16633868E+09  0.00000000E+00  0.00000000E+00  0.00000000E+00  0.00000000E+00  0.00000000E+00  0.10000000E-01  0.10000000E+01
 0.18002000E-09  0.43297212E-02  0.00000000E+00  0.33445184E-01  0.00000000E+00  0.00000000E+00  0.16633868E+09  0.00000000E+00  0.00000000E+00  0.00000000E+00  0.00000000E+00  0.00000000E+00  0.10000000E-01  0.10000000E+01
 0.19002000E-09  0.43297212E-02  0.00000000E+00  0.35108570E-01  0.00000000E+00  0.00000000E+00  0.16633868E+09  0.00000000E+00  0.00000000E+00  0.00000000E+00  0.00000000E+00  0.00000000E+00  0.10000000E-01  0.10000000E+01
 0.20002000E-09  0.43297212E-02  0.00000000E+00  0.36771957E-01  0.00000000E+00  0.00000000E+00  0.16633868E+09  0.00000000E+00  0.00000000E+00  0.00000000E+00  0.00000000E+00  0.00000000E+00  0.10000000E-01  0.10000000E+01
 0.21002000E-09  0.43297212E-02  0.00000000E+00  0.38435344E-01  0.00000000E+00  0.00000000E+00  0.16633868E+09  0.00000000E+00  0.00000000E+00  0.00000000E+00  0.00000000E+00  0.00000000E+00  0.10000000E-01  0.10000000E+01
 0.22002000E-09  0.43297212E-02  0.00000000E+00  0.40098731E-01  0.00000000E+00  0.00000000E+00  0.16633868E+09  0.00000000E+00  0.00000000E+00  0.00000000E+00  0.00000000E+00  0.00000000E+00  0.10000000E-01  0.10000000E+01
 0.23002000E-09  0.43297212E-02  0.00000000E+00  0.41762118E-01  0.00000000E+00  0.00000000E+00  0.16633868E+09  0.00000000E+00  0.00000000E+00  0.00000000E+00  0.00000000E+00  0.00000000E+00  0.10000000E-01  0.10000000E+01
 0.24002000E-09  0.43297212E-02  0.00000000E+00  0.43425504E-01  0.00000000E+00  0.00000000E+00  0.16633868E+09  0.00000000E+00  0.00000000E+00  0.00000000E+00  0.00000000E+00  0.00000000E+00  0.10000000E-01  0.10000000E+01
 0.25002000E-09  0.43297212E-02  0.00000000E+00  0.45088891E-01  0.00000000E+00  0.00000000E+00  0.16633868E+09  0.00000000E+00  0.00000000E+00  0.00000000E+00  0.00000000E+00  0.00000000E+00  0.10000000E-01  0.10000000E+01
 0.26002000E-09  0.43297212E-02  0.00000000E+00  0.46752278E-01  0.00000000E+00  0.00000000E+00  0.16633868E+09  0.00000000E+00  0.00000000E+00  0.00000000E+00  0.00000000E+00  0.00000000E+00  0.10000000E-01  0.10000000E+01
 0.27002000E-09  0.43297212E-02  0.00000000E+00  0.48415665E-01  0.00000000E+00  0.00000000E+00  0.16633868E+09  0.00000000E+00  0.00000000E+00  0.00000000E+00  0.00000000E+00  0.00000000E+00  0.10000000E-01  0.10000000E+01
 0.28002000E-09  0.43297212E-02  0.00000000E+00  0.50079052E-01  0.00000000E+00  0.00000000E+00  0.16633868E+09  0.00000000E+00  0.00000000E+00  0.00000000E+00  0.00000000E+00  0.00000000E+00  0.10000000E-01  0.10000000E+01
 0.29002000E-09  0.43297212E-02  0.00000000E+00  0.51742438E-01  0.00000000E+00  0.00000000E+00  0.16633868E+09  0.00000000E+00  0.00000000E+00  0.00000000E+00  0.00000000E+00  0.00000000E+00  0.10000000E-01  0.10000000E+01
 0.30000000E-09  0.43297212E-02  0.00000000E+00  0.53402498E-01  0.00000000E+00  0.00000000E+00  0.16633868E+09  0.00000000E+00  0.00000000E+00  0.00000000E+00  0.00000000E+00  0.00000000E+00  0.10000000E-01  0.10000000E+01
 0.31000000E-09  0.43297212E-02  0.00000000E+00  0.55065885E-01  0.00000000E+00  0.00000000E+00  0.16633868E+09  0.00000000E+00  0.00000000E+00  0.00000000E+00  0.00000000E+00  0.00000000E+00  0.10000000E-01  0.10000000E+01
 0.32000000E-09  0.43297212E-02  0.00000000E+00  0.56729272E-01  0.00000000E+00  0.00000000E+00  0.16633868E+09  0.00000000E+00  0.00000000E+00  0.00000000E+00  0.00000000E+00  0.00000000E+00  0.10000000E-01  0.10000000E+01
 0.33000000E-09  0.43297212E-02  0.00000000E+00  0.58392659E-01  0.00000000E+00  0.00000000E+00  0.16633868E+09  0.00000000E+00  0.00000000E+00  0.00000000E+00  0.00000000E+00  0.00000000E+00  0.10000000E-01  0.10000000E+01
 0.34000000E-09  0.43297212E-02  0.00000000E+00  0.60056046E-01  0.00000000E+00  0.00000000E+00  0.16633868E+09  0.00000000E+00  0.00000000E+00  0.00000000E+00  0.00000000E+00  0.00000000E+00  0.10000000E-01  0.10000000E+01
 0.35000000E-09  0.43297212E-02  0.00000000E+00  0.61719432E-01  0.00000000E+00  0.00000000E+00  0.16633868E+09  0.00000000E+00  0.00000000E+00  0.00000000E+00  0.00000000E+00  0.00000000E+00  0.10000000E-01  0.10000000E+01
 0.36000000E-09  0.43297212E-02  0.00000000E+00  0.63382819E-01  0.00000000E+00  0.00000000E+00  0.16633868E+09  0.00000000E+00  0.00000000E+00  0.00000000E+00  0.00000000E+00  0.00000000E+00  0.10000000E-01  0.10000000E+01
 0.37000000E-09  0.43297212E-02  0.00000000E+00  0.65046206E-01  0.00000000E+00  0.00000000E+00  0.16633868E+09  0.00000000E+00  0.00000000E+00  0.00000000E+00  0.00000000E+00  0.00000000E+00  0.10000000E-01  0.10000000E+01
 0.38000000E-09  0.43297212E-02  0.00000000E+00  0.66709593E-01  0.00000000E+00  0.00000000E+00  0.16633868E+09  0.00000000E+00  0.00000000E+00  0.00000000E+00  0.00000000E+00  0.00000000E+00  0.10000000E-01  0.10000000E+01
 0.39000000E-09  0.43297212E-02  0.00000000E+00  0.68372979E-01  0.00000000E+00  0.00000000E+00  0.16633868E+09  0.00000000E+00  0.00000000E+00  0.00000000E+00  0.00000000E+00  0.00000000E+00  0.10000000E-01  0.10000000E+01
 0.40000000E-09  0.43297212E-02  0.00000000E+00  0.70036366E-01  0.00000000E+00  0.00000000E+00  0.16633868E+09  0.00000000E+00  0.00000000E+00  0.00000000E+00  0.00000000E+00  0.00000000E+00  0.10000000E-01  0.10000000E+01
 0.41000000E-09  0.43297212E-02  0.00000000E+00  0.71699753E-01  0.00000000E+00  0.00000000E+00  0.16633868E+09  0.00000000E+00  0.00000000E+00  0.00000000E+00  0.00000000E+00  0.00000000E+00  0.10000000E-01  0.10000000E+01
 0.42000000E-09  0.43297212E-02  0.00000000E+00  0.73363140E-01  0.00000000E+00  0.00000000E+00  0.16633868E+09  0.00000000E+00  0.00000000E+00  0.00000000E+00  0.00000000E+00  0.00000000E+00  0.10000000E-01  0.10000000E+01
 0.43000000E-09  0.43297212E-02  0.00000000E+00  0.75026527E-01  0.00000000E+00  0.00000000E+00  0.16633868E+09  0.00000000E+00  0.00000000E+00  0.00000000E+00  0.00000000E+00  0.00000000E+00  0.10000000E-01  0.10000000E+01
 0.44000000E-09  0.43297212E-02  0.00000000E+00  0.76689913E-01  0.00000000E+00  0.00000000E+00  0.16633868E+09  0.00000000E+00  0.00000000E+00  0.00000000E+00  0.00000000E+00  0.00000000E+00  0.10000000E-01  0.10000000E+01
 0.45000000E-09  0.43297212E-02  0.00000000E+00  0.78353300E-01  0.00000000E+00  0.00000000E+00  0.16633868E+09  0.00000000E+00  0.00000000E+00  0.00000000E+00  0.00000000E+00  0.00000000E+00  0.10000000E-01  0.10000000E+01
 0.46000000E-09  0.43297212E-02  0.00000000E+00  0.80016687E-01  0.00000000E+00  0.00000000E+00  0.16633868E+09  0.00000000E+00  0.00000000E+00  0.00000000E+00  0.00000000E+00  0.00000000E+00  0.10000000E-01  0.10000000E+01
 0.47000000E-09  0.43297212E-02  0.00000000E+00  0.81680074E-01  0.00000000E+00  0.00000000E+00  0.16633868E+09  0.00000000E+00  0.00000000E+00  0.00000000E+00  0.00000000E+00  0.00000000E+00  0.10000000E-01  0.10000000E+01
 0.48000000E-09  0.43297212E-02  0.00000000E+00  0.83343461E-01  0.00000000E+00  0.00000000E+00  0.16633868E+09  0.00000000E+00  0.00000000E+00  0.00000000E+00  0.00000000E+00  0.00000000E+00  0.10000000E-01  0.10000000E+01
 0.49000000E-09  0.43297212E-02  0.00000000E+00  0.85006847E-01  0.00000000E+00  0.00000000E+00  0.16633868E+09  0.00000000E+00  0.00000000E+00  0.00000000E+00  0.00000000E+00  0.00000000E+00  0.10000000E-01  0.10000000E+01
 0.50000000E-09  0.43297212E-02  0.00000000E+00  0.86670234E-01  0.00000000E+00  0.00000000E+00  0.16633868E+09  0.00000000E+00  0.00000000E+00  0.00000000E+00  0.00000000E+00  0.00000000E+00  0.10000000E-01  0.10000000E+01
 0.51000000E-09  0.43297212E-02  0.00000000E+00  0.88333621E-01  0.00000000E+00  0.00000000E+00  0.16633868E+09  0.00000000E+00  0.00000000E+00  0.00000000E+00  0.00000000E+00  0.00000000E+00  0.10000000E-01  0.10000000E+01
 0.52000000E-09  0.43297212E-02  0.00000000E+00  0.89997008E-01  0.00000000E+00  0.00000000E+00  0.16633868E+09  0.00000000E+00  0.00000000E+00  0.00000000E+00  0.00000000E+00  0.00000000E+00  0.10000000E-01  0.10000000E+01
 0.53000000E-09  0.43297212E-02  0.00000000E+00  0.91660395E-01  0.00000000E+00  0.00000000E+00  0.16633868E+09  0.00000000E+00  0.00000000E+00  0.00000000E+00  0.00000000E+00  0.00000000E+00  0.10000000E-01  0.10000000E+01
 0.54000000E-09  0.43297212E-02  0.00000000E+00  0.93323781E-01  0.00000000E+00  0.00000000E+00  0.16633868E+09  0.00000000E+00  0.00000000E+00  0.00000000E+00  0.00000000E+00  0.00000000E+00  0.10000000E-01  0.10000000E+01
 0.55002000E-09  0.43297212E-02  0.00000000E+00  0.94990495E-01  0.00000000E+00  0.00000000E+00  0.16633868E+09  0.00000000E+00  0.00000000E+00  0.00000000E+00  0.00000000E+00  0.00000000E+00  0.10000000E-01  0.10000000E+01
 0.56002000E-09  0.43297212E-02  0.00000000E+00  0.96653882E-01  0.00000000E+00  0.00000000E+00  0.16633868E+09  0.00000000E+00  0.00000000E+00  0.00000000E+00  0.00000000E+00  0.00000000E+00  0.10000000E-01  0.10000000E+01
 0.57002000E-09  0.43297212E-02  0.00000000E+00  0.98317268E-01  0.00000000E+00  0.00000000E+00  0.16633868E+09  0.00000000E+00  0.00000000E+00  0.00000000E+00  0.00000000E+00  0.00000000E+00  0.10000000E-01  0.10000000E+01
 0.58002000E-09  0.43297212E-02  0.00000000E+00  0.99980655E-01  0.00000000E+00  0.00000000E+00  0.16633868E+09  0.00000000E+00  0.00000000E+00  0.00000000E+00  0.00000000E+00  0.00000000E+00  0.10000000E-01  0.10000000E+01
 0.59002000E-09  0.43297212E-02  0.00000000E+00  0.10164404E+00  0.00000000E+00  0.00000000E+00  0.16633868E+09  0.00000000E+00  0.00000000E+00  0.00000000E+00  0.00000000E+00  0.00000000E+00  0.10000000E-01  0.10000000E+01
 0.60002000E-09  0.43297212E-02  0.00000000E+00  0.10330743E+00  0.00000000E+00  0.00000000E+00  0.16633868E+09  0.00000000E+00  0.00000000E+00  0.00000000E+00  0.00000000E+00  0.00000000E+00  0.10000000E-01  0.10000000E+01
 0.61002000E-09  0.43297212E-02  0.00000000E+00  0.10497082E+00  0.00000000E+00  0.00000000E+00  0.16633868E+09  0.00000000E+00  0.00000000E+00  0.00000000E+00  0.00000000E+00  0.00000000E+00  0.10000000E-01  0.10000000E+01
 0.62002000E-09  0.43297212E-02  0.00000000E+00  0.10663420E+00  0.00000000E+00  0.00000000E+00  0.16633868E+09  0.00000000E+00  0.00000000E+00  0.00000000E+00  0.00000000E+00  0.00000000E+00  0.10000000E-01  0.10000000E+01
 0.63002000E-09  0.43297212E-02  0.00000000E+00  0.10829759E+00  0.00000000E+00  0.00000000E+00  0.16633868E+09  0.00000000E+00  0.00000000E+00  0.00000000E+00  0.00000000E+00  0.00000000E+00  0.10000000E-01  0.10000000E+01
 0.64002000E-09  0.43297212E-02  0.00000000E+00  0.10996098E+00  0.00000000E+00  0.00000000E+00  0.16633868E+09  0.00000000E+00  0.00000000E+00  0.00000000E+00  0.00000000E+00  0.00000000E+00  0.10000000E-01  0.10000000E+01
 0.65002000E-09  0.43297212E-02  0.00000000E+00  0.11162436E+00  0.00000000E+00  0.00000000E+00  0.16633868E+09  0.00000000E+00  0.00000000E+00  0.00000000E+00  0.00000000E+00  0.00000000E+00  0.10000000E-01  0.10000000E+01
 0.66002000E-09  0.43297212E-02  0.00000000E+00  0.11328775E+00  0.00000000E+00  0.00000000E+00  0.16633868E+09  0.00000000E+00  0.00000000E+00  0.00000000E+00  0.00000000E+00  0.00000000E+00  0.10000000E-01  0.10000000E+01
 0.67002000E-09  0.43297212E-02  0.00000000E+00  0.11495114E+00  0.00000000E+00  0.00000000E+00  0.16633868E+09  0.00000000E+00  0.00000000E+00  0.00000000E+00  0.00000000E+00  0.00000000E+00  0.10000000E-01  0.10000000E+01
 0.68002000E-09  0.43297212E-02  0.00000000E+00  0.11661452E+00  0.00000000E+00  0.00000000E+00  0.16633868E+09  0.00000000E+00  0.00000000E+00  0.00000000E+00  0.00000000E+00  0.00000000E+00  0.10000000E-01  0.10000000E+01
 0.69002000E-09  0.43297212E-02  0.00000000E+00  0.11827791E+00  0.00000000E+00  0.00000000E+00  0.16633868E+09  0.00000000E+00  0.00000000E+00  0.00000000E+00  0.00000000E+00  0.00000000E+00  0.10000000E-01  0.10000000E+01
 0.70002000E-09  0.43297212E-02  0.00000000E+00  0.11994130E+00  0.00000000E+00  0.00000000E+00  0.16633868E+09  0.00000000E+00  0.00000000E+00  0.00000000E+00  0.00000000E+00  0.00000000E+00  0.10000000E-01  0.10000000E+01
 0.71002000E-09  0.43297212E-02  0.00000000E+00  0.12160468E+00  0.00000000E+00  0.00000000E+00  0.16633868E+09  0.00000000E+00  0.00000000E+00  0.00000000E+00  0.00000000E+00  0.00000000E+00  0.10000000E-01  0.10000000E+01
 0.72002000E-09  0.43297212E-02  0.00000000E+00  0.12326807E+00  0.00000000E+00  0.00000000E+00  0.16633868E+09  0.00000000E+00  0.00000000E+00  0.00000000E+00  0.00000000E+00  0.00000000E+00  0.10000000E-01  0.10000000E+01
 0.73002000E-09  0.43297212E-02  0.00000000E+00  0.12493146E+00  0.00000000E+00  0.00000000E+00  0.16633868E+09  0.00000000E+00  0.00000000E+00  0.00000000E+00  0.00000000E+00  0.00000000E+00  0.10000000E-01  0.10000000E+01
 0.74002000E-09  0.43297212E-02  0.00000000E+00  0.12659484E+00  0.00000000E+00  0.00000000E+00  0.16633868E+09  0.00000000E+00  0.00000000E+00  0.00000000E+00  0.00000000E+00  0.00000000E+00  0.10000000E-01  0.10000000E+01
 0.75002000E-09  0.43297212E-02  0.00000000E+00  0.12825823E+00  0.00000000E+00  0.00000000E+00  0.16633868E+09  0.00000000E+00  0.00000000E+00  0.00000000E+00  0.00000000E+00  0.00000000E+00  0.10000000E-01  0.10000000E+01
 0.76002000E-09  0.43297212E-02  0.00000000E+00  0.12992162E+00  0.00000000E+00  0.00000000E+00  0.16633868E+09  0.00000000E+00  0.00000000E+00  0.00000000E+00  0.00000000E+00  0.00000000E+00  0.10000000E-01  0.10000000E+01
 0.77002000E-09  0.43297212E-02  0.00000000E+00  0.13158500E+00  0.00000000E+00  0.00000000E+00  0.16633868E+09  0.00000000E+00  0.00000000E+00  0.00000000E+00  0.00000000E+00  0.00000000E+00  0.10000000E-01  0.10000000E+01
 0.78002000E-09  0.43297212E-02  0.00000000E+00  0.13324839E+00  0.00000000E+00  0.00000000E+00  0.16633868E+09  0.00000000E+00  0.00000000E+00  0.00000000E+00  0.00000000E+00  0.00000000E+00  0.10000000E-01  0.10000000E+01
 0.79002000E-09  0.43297212E-02  0.00000000E+00  0.13491178E+00  0.00000000E+00  0.00000000E+00  0.16633868E+09  0.00000000E+00  0.00000000E+00  0.00000000E+00  0.00000000E+00  0.00000000E+00  0.10000000E-01  0.10000000E+01
 0.80002000E-09  0.43297212E-02  0.00000000E+00  0.13657516E+00  0.00000000E+00  0.00000000E+00  0.16633868E+09  0.00000000E+00  0.00000000E+00  0.00000000E+00  0.00000000E+00  0.00000000E+00  0.10000000E-01  0.10000000E+01
 0.81002000E-09  0.43297212E-02  0.00000000E+00  0.13823855E+00  0.00000000E+00  0.00000000E+00  0.16633868E+09  0.00000000E+00  0.00000000E+00  0.00000000E+00  0.00000000E+00  0.00000000E+00  0.10000000E-01  0.10000000E+01
 0.82002000E-09  0.43297212E-02  0.00000000E+00  0.13990194E+00  0.00000000E+00  0.00000000E+00  0.16633868E+09  0.00000000E+00  0.00000000E+00  0.00000000E+00  0.00000000E+00  0.00000000E+00  0.10000000E-01  0.10000000E+01
 0.83002000E-09  0.43297212E-02  0.00000000E+00  0.14156533E+00  0.00000000E+00  0.00000000E+00  0.16633868E+09  0.00000000E+00  0.00000000E+00  0.00000000E+00  0.00000000E+00  0.00000000E+00  0.10000000E-01  0.10000000E+01
 0.84002000E-09  0.43297212E-02  0.00000000E+00  0.14322871E+00  0.00000000E+00  0.00000000E+00  0.16633868E+09  0.00000000E+00  0.00000000E+00  0.00000000E+00  0.00000000E+00  0.00000000E+00  0.10000000E-01  0.10000000E+01
 0.85002000E-09  0.43297212E-02  0.00000000E+00  0.14489210E+00  0.00000000E+00  0.00000000E+00  0.16633868E+09  0.00000000E+00  0.00000000E+00  0.00000000E+00  0.00000000E+00  0.00000000E+00  0.10000000E-01  0.10000000E+01
 0.86002000E-09  0.43297212E-02  0.00000000E+00  0.14655549E+00  0.00000000E+00  0.00000000E+00  0.16633868E+09  0.00000000E+00  0.00000000E+00  0.00000000E+00  0.00000000E+00  0.00000000E+00  0.10000000E-01  0.10000000E+01
 0.87002000E-09  0.43297212E-02  0.00000000E+00  0.14821887E+00  0.00000000E+00  0.00000000E+00  0.16633868E+09  0.00000000E+00  0.00000000E+00  0.00000000E+00  0.00000000E+00  0.00000000E+00  0.10000000E-01  0.10000000E+01
 0.88002000E-09  0.43297212E-02  0.00000000E+00  0.14988226E+00  0.00000000E+00  0.00000000E+00  0.16633868E+09  0.00000000E+00  0.00000000E+00  0.00000000E+00  0.00000000E+00  0.00000000E+00  0.10000000E-01  0.10000000E+01
 0.89002000E-09  0.43297212E-02  0.00000000E+00  0.15154565E+00  0.00000000E+00  0.00000000E+00  0.16633868E+09  0.00000000E+00  0.00000000E+00  0.00000000E+00  0.00000000E+00  0.00000000E+00  0.10000000E-01  0.10000000E+01
 0.90002000E-09  0.43297212E-02  0.00000000E+00  0.15320903E+00  0.00000000E+00  0.00000000E+00  0.16633868E+09  0.00000000E+00  0.00000000E+00  0.00000000E+00  0.00000000E+00  0.00000000E+00  0.10000000E-01  0.10000000E+01
 0.91002000E-09  0.43297212E-02  0.00000000E+00  0.15487242E+00  0.00000000E+00  0.00000000E+00  0.16633868E+09  0.00000000E+00  0.00000000E+00  0.00000000E+00  0.00000000E+00  0.00000000E+00  0.10000000E-01  0.10000000E+01
 0.92002000E-09  0.43297212E-02  0.00000000E+00  0.15653581E+00  0.00000000E+00  0.00000000E+00  0.16633868E+09  0.00000000E+00  0.00000000E+00  0.00000000E+00  0.00000000E+00  0.00000000E+00  0.10000000E-01  0.10000000E+01
 0.93002000E-09  0.43297212E-02  0.00000000E+00  0.15819919E+00  0.00000000E+00  0.00000000E+00  0.16633868E+09  0.00000000E+00  0.00000000E+00  0.00000000E+00  0.00000000E+00  0.00000000E+00  0.10000000E-01  0.10000000E+01
 0.94002000E-09  0.43297212E-02  0.00000000E+00  0.15986258E+00  0.00000000E+00  0.00000000E+00  0.16633868E+09  0.00000000E+00  0.00000000E+00  0.00000000E+00  0.00000000E+00  0.00000000E+00  0.10000000E-01  0.10000000E+01
 0.95002000E-09  0.43297212E-02  0.00000000E+00  0.16152597E+00  0.00000000E+00  0.00000000E+00  0.16633868E+09  0.00000000E+00  0.00000000E+00  0.00000000E+00  0.00000000E+00  0.00000000E+00  0.10000000E-01  0.10000000E+01
 0.96002000E-09  0.43297212E-02  0.00000000E+00  0.16318935E+00  0.00000000E+00  0.00000000E+00  0.16633868E+09  0.00000000E+00  0.00000000E+00  0.00000000E+00  0.00000000E+00  0.00000000E+00  0.10000000E-01  0.10000000E+01
 0.97002000E-09  0.43297212E-02  0.00000000E+00  0.16485274E+00  0.00000000E+00  0.00000000E+00  0.16633868E+09  0.00000000E+00  0.00000000E+00  0.00000000E+00  0.00000000E+00  0.00000000E+00  0.10000000E-01  0.10000000E+01
 0.98002000E-09  0.43297212E-02  0.00000000E+00  0.16651613E+00  0.00000000E+00  0.00000000E+00  0.16633868E+09  0.00000000E+00  0.00000000E+00  0.00000000E+00  0.00000000E+00  0.00000000E+00  0.10000000E-01  0.10000000E+01
 0.99002000E-09  0.43297212E-02  0.00000000E+00  0.16817951E+00  0.00000000E+00  0.00000000E+00  0.16633868E+09  0.00000000E+00  0.00000000E+00  0.00000000E+00  0.00000000E+00  0.00000000E+00  0.10000000E-01  0.10000000E+01
 0.10000200E-08  0.43297212E-02  0.00000000E+00  0.16984290E+00  0.00000000E+00  0.00000000E+00  0.16633868E+09  0.00000000E+00  0.00000000E+00  0.00000000E+00  0.00000000E+00  0.00000000E+00  0.10000000E-01  0.10000000E+01
 0.10100200E-08  0.43297212E-02  0.00000000E+00  0.17150629E+00  0.00000000E+00  0.00000000E+00  0.16633868E+09  0.00000000E+00  0.00000000E+00  0.00000000E+00  0.00000000E+00  0.00000000E+00  0.10000000E-01  0.10000000E+01
 0.10200200E-08  0.43297212E-02  0.00000000E+00  0.17316967E+00  0.00000000E+00  0.00000000E+00  0.16633868E+09  0.00000000E+00  0.00000000E+00  0.00000000E+00  0.00000000E+00  0.00000000E+00  0.10000000E-01  0.10000000E+01
 0.10300200E-08  0.43297212E-02  0.00000000E+00  0.17483306E+00  0.00000000E+00  0.00000000E+00  0.16633868E+09  0.00000000E+00  0.00000000E+00  0.00000000E+00  0.00000000E+00  0.00000000E+00  0.10000000E-01  0.10000000E+01
 0.10400200E-08  0.43297212E-02  0.00000000E+00  0.17649645E+00  0.00000000E+00  0.00000000E+00  0.16633868E+09  0.00000000E+00  0.00000000E+00  0.00000000E+00  0.00000000E+00  0.00000000E+00  0.10000000E-01  0.10000000E+01
 0.10500200E-08  0.43297212E-02  0.00000000E+00  0.17815983E+00  0.00000000E+00  0.00000000E+00  0.16633868E+09  0.00000000E+00  0.00000000E+00  0.00000000E+00  0.00000000E+00  0.00000000E+00  0.10000000E-01  0.10000000E+01
 0.10600200E-08  0.43297212E-02  0.00000000E+00  0.17982322E+00  0.00000000E+00  0.00000000E+00  0.16633868E+09  0.00000000E+00  0.00000000E+00  0.00000000E+00  0.00000000E+00  0.00000000E+00  0.10000000E-01  0.10000000E+01
 0.10700200E-08  0.43297212E-02  0.00000000E+00  0.18148661E+00  0.00000000E+00  0.00000000E+00  0.16633868E+09  0.00000000E+00  0.00000000E+00  0.00000000E+00  0.00000000E+00  0.00000000E+00  0.10000000E-01  0.10000000E+01
 0.10800200E-08  0.43297212E-02  0.00000000E+00  0.18314999E+00  0.00000000E+00  0.00000000E+00  0.16633868E+09  0.00000000E+00  0.00000000E+00  0.00000000E+00  0.00000000E+00  0.00000000E+00  0.10000000E-01  0.10000000E+01
 0.10900200E-08  0.43297212E-02  0.00000000E+00  0.18481338E+00  0.00000000E+00  0.00000000E+00  0.16633868E+09  0.00000000E+00  0.00000000E+00  0.00000000E+00  0.00000000E+00  0.00000000E+00  0.10000000E-01  0.10000000E+01
 0.11000200E-08  0.43297212E-02  0.00000000E+00  0.18647677E+00  0.00000000E+00  0.00000000E+00  0.16633868E+09  0.00000000E+00  0.00000000E+00  0.00000000E+00  0.00000000E+00  0.00000000E+00  0.10000000E-01  0.10000000E+01
 0.11100200E-08  0.43297212E-02  0.00000000E+00  0.18814016E+00  0.00000000E+00  0.00000000E+00  0.16633868E+09  0.00000000E+00  0.00000000E+00  0.00000000E+00  0.00000000E+00  0.00000000E+00  0.10000000E-01  0.10000000E+01
 0.11200200E-08  0.43297212E-02  0.00000000E+00  0.18980354E+00  0.00000000E+00  0.00000000E+00  0.16633868E+09  0.00000000E+00  0.00000000E+00  0.00000000E+00  0.00000000E+00  0.00000000E+00  0.10000000E-01  0.10000000E+01
 0.11300200E-08  0.43297212E-02  0.00000000E+00  0.19146693E+00  0.00000000E+00  0.00000000E+00  0.16633868E+09  0.00000000E+00  0.00000000E+00  0.00000000E+00  0.00000000E+00  0.00000000E+00  0.10000000E-01  0.10000000E+01
 0.11400200E-08  0.43297212E-02  0.00000000E+00  0.19313032E+00  0.00000000E+00  0.00000000E+00  0.16633868E+09  0.00000000E+00  0.00000000E+00  0.00000000E+00  0.00000000E+00  0.00000000E+00  0.10000000E-01  0.10000000E+01
 0.11500200E-08  0.43297212E-02  0.00000000E+00  0.19479370E+00  0.00000000E+00  0.00000000E+00  0.16633868E+09  0.00000000E+00  0.00000000E+00  0.00000000E+00  0.00000000E+00  0.00000000E+00  0.10000000E-01  0.10000000E+01
 0.11600200E-08  0.43297212E-02  0.00000000E+00  0.19645709E+00  0.00000000E+00  0.00000000E+00  0.16633868E+09  0.00000000E+00  0.00000000E+00  0.00000000E+00  0.00000000E+00  0.00000000E+00  0.10000000E-01  0.10000000E+01
 0.11700200E-08  0.43297212E-02  0.00000000E+00  0.19812048E+00  0.00000000E+00  0.00000000E+00  0.16633868E+09  0.00000000E+00  0.00000000E+00  0.00000000E+00  0.00000000E+00  0.00000000E+00  0.10000000E-01  0.10000000E+01
 0.11800200E-08  0.43297212E-02  0.00000000E+00  0.19978386E+00  0.00000000E+00  0.00000000E+00  0.16633868E+09  0.00000000E+00  0.00000000E+00  0.00000000E+00  0.00000000E+00  0.00000000E+00  0.10000000E-01  0.10000000E+01
 0.11900200E-08  0.43297212E-02  0.00000000E+00  0.20144725E+00  0.00000000E+00  0.00000000E+00  0.16633868E+09  0.00000000E+00  0.00000000E+00  0.00000000E+00  0.00000000E+00  0.00000000E+00  0.10000000E-01  0.10000000E+01
 0.12000200E-08  0.43297212E-02  0.00000000E+00  0.20311064E+00  0.00000000E+00  0.00000000E+00  0.16633868E+09  0.00000000E+00  0.00000000E+00  0.00000000E+00  0.00000000E+00  0.00000000E+00  0.10000000E-01  0.10000000E+01
 0.12100200E-08  0.43297212E-02  0.00000000E+00  0.20477402E+00  0.00000000E+00  0.00000000E+00  0.16633868E+09  0.00000000E+00  0.00000000E+00  0.00000000E+00  0.00000000E+00  0.00000000E+00  0.10000000E-01  0.10000000E+01
 0.12200200E-08  0.43297212E-02  0.00000000E+00  0.20643741E+00  0.00000000E+00  0.00000000E+00  0.16633868E+09  0.00000000E+00  0.00000000E+00  0.00000000E+00  0.00000000E+00  0.00000000E+00  0.10000000E-01  0.10000000E+01
 0.12300200E-08  0.43297212E-02  0.00000000E+00  0.20810080E+00  0.00000000E+00  0.00000000E+00  0.16633868E+09  0.00000000E+00  0.00000000E+00  0.00000000E+00  0.00000000E+00  0.00000000E+00  0.10000000E-01  0.10000000E+01
 0.12400200E-08  0.43297212E-02  0.00000000E+00  0.20976418E+00  0.00000000E+00  0.00000000E+00  0.16633868E+09  0.00000000E+00  0.00000000E+00  0.00000000E+00  0.00000000E+00  0.00000000E+00  0.10000000E-01  0.10000000E+01
 0.12500200E-08  0.43297212E-02  0.00000000E+00  0.21142757E+00  0.00000000E+00  0.00000000E+00  0.16633868E+09  0.00000000E+00  0.00000000E+00  0.00000000E+00  0.00000000E+00  0.00000000E+00  0.10000000E-01  0.10000000E+01
 0.12600200E-08  0.43297212E-02  0.00000000E+00  0.21309096E+00  0.00000000E+00  0.00000000E+00  0.16633868E+09  0.00000000E+00  0.00000000E+00  0.00000000E+00  0.00000000E+00  0.00000000E+00  0.10000000E-01  0.10000000E+01
 0.12700200E-08  0.43297212E-02  0.00000000E+00  0.21475434E+00  0.00000000E+00  0.00000000E+00  0.16633868E+09  0.00000000E+00  0.00000000E+00  0.00000000E+00  0.00000000E+00  0.00000000E+00  0.10000000E-01  0.10000000E+01
 0.12800200E-08  0.43297212E-02  0.00000000E+00  0.21641773E+00  0.00000000E+00  0.00000000E+00  0.16633868E+09  0.00000000E+00  0.00000000E+00  0.00000000E+00  0.00000000E+00  0.00000000E+00  0.10000000E-01  0.10000000E+01
 0.12900200E-08  0.43297212E-02  0.00000000E+00  0.21808112E+00  0.00000000E+00  0.00000000E+00  0.16633868E+09  0.00000000E+00  0.00000000E+00  0.00000000E+00  0.00000000E+00  0.00000000E+00  0.10000000E-01  0.10000000E+01
 0.13000200E-08  0.43297212E-02  0.00000000E+00  0.21974450E+00  0.00000000E+00  0.00000000E+00  0.16633868E+09  0.00000000E+00  0.00000000E+00  0.00000000E+00  0.00000000E+00  0.00000000E+00  0.10000000E-01  0.10000000E+01
 0.13100200E-08  0.43297212E-02  0.00000000E+00  0.22140789E+00  0.00000000E+00  0.00000000E+00  0.16633868E+09  0.00000000E+00  0.00000000E+00  0.00000000E+00  0.00000000E+00  0.00000000E+00  0.10000000E-01  0.10000000E+01
 0.13200200E-08  0.43297212E-02  0.00000000E+00  0.22307128E+00  0.00000000E+00  0.00000000E+00  0.16633868E+09  0.00000000E+00  0.00000000E+00  0.00000000E+00  0.00000000E+00  0.00000000E+00  0.10000000E-01  0.10000000E+01
 0.13300200E-08  0.43297212E-02  0.00000000E+00  0.22473466E+00  0.00000000E+00  0.00000000E+00  0.16633868E+09  0.00000000E+00  0.00000000E+00  0.00000000E+00  0.00000000E+00  0.00000000E+00  0.10000000E-01  0.10000000E+01
 0.13400200E-08  0.43297212E-02  0.00000000E+00  0.22639805E+00  0.00000000E+00  0.00000000E+00  0.16633868E+09  0.00000000E+00  0.00000000E+00  0.00000000E+00  0.00000000E+00  0.00000000E+00  0.10000000E-01  0.10000000E+01
 0.13500200E-08  0.43297212E-02  0.00000000E+00  0.22806144E+00  0.00000000E+00  0.00000000E+00  0.16633868E+09  0.00000000E+00  0.00000000E+00  0.00000000E+00  0.00000000E+00  0.00000000E+00  0.10000000E-01  0.10000000E+01
 0.13600200E-08  0.43297212E-02  0.00000000E+00  0.22972482E+00  0.00000000E+00  0.00000000E+00  0.16633868E+09  0.00000000E+00  0.00000000E+00  0.00000000E+00  0.00000000E+00  0.00000000E+00  0.10000000E-01  0.10000000E+01
 0.13700200E-08  0.43297212E-02  0.00000000E+00  0.23138821E+00  0.00000000E+00  0.00000000E+00  0.16633868E+09  0.00000000E+00  0.00000000E+00  0.00000000E+00  0.00000000E+00  0.00000000E+00  0.10000000E-01  0.10000000E+01
 0.13800200E-08  0.43297212E-02  0.00000000E+00  0.23305160E+00  0.00000000E+00  0.00000000E+00  0.16633868E+09  0.00000000E+00  0.00000000E+00  0.00000000E+00  0.00000000E+00  0.00000000E+00  0.10000000E-01  0.10000000E+01
 0.13900200E-08  0.43297212E-02  0.00000000E+00  0.23471499E+00  0.00000000E+00  0.00000000E+00  0.16633868E+09  0.00000000E+00  0.00000000E+00  0.00000000E+00  0.00000000E+00  0.00000000E+00  0.10000000E-01  0.10000000E+01
 0.14000200E-08  0.43297212E-02  0.00000000E+00  0.23637837E+00  0.00000000E+00  0.00000000E+00  0.16633868E+09  0.00000000E+00  0.00000000E+00  0.00000000E+00  0.00000000E+00  0.00000000E+00  0.10000000E-01  0.10000000E+01
 0.14100200E-08  0.43297212E-02  0.00000000E+00  0.23804176E+00  0.00000000E+00  0.00000000E+00  0.16633868E+09  0.00000000E+00  0.00000000E+00  0.00000000E+00  0.00000000E+00  0.00000000E+00  0.10000000E-01  0.10000000E+01
 0.14200200E-08  0.43297212E-02  0.00000000E+00  0.23970515E+00  0.00000000E+00  0.00000000E+00  0.16633868E+09  0.00000000E+00  0.00000000E+00  0.00000000E+00  0.00000000E+00  0.00000000E+00  0.10000000E-01  0.10000000E+01
 0.14300200E-08  0.43297212E-02  0.00000000E+00  0.24136853E+00  0.00000000E+00  0.00000000E+00  0.16633868E+09  0.00000000E+00  0.00000000E+00  0.00000000E+00  0.00000000E+00  0.00000000E+00  0.10000000E-01  0.10000000E+01
 0.14400200E-08  0.43297212E-02  0.00000000E+00  0.24303192E+00  0.00000000E+00  0.00000000E+00  0.16633868E+09  0.00000000E+00  0.00000000E+00  0.00000000E+00  0.00000000E+00  0.00000000E+00  0.10000000E-01  0.10000000E+01
 0.14500200E-08  0.43297212E-02  0.00000000E+00  0.24469531E+00  0.00000000E+00  0.00000000E+00  0.16633868E+09  0.00000000E+00  0.00000000E+00  0.00000000E+00  0.00000000E+00  0.00000000E+00  0.10000000E-01  0.10000000E+01
 0.14600200E-08  0.43297212E-02  0.00000000E+00  0.24635869E+00  0.00000000E+00  0.00000000E+00  0.16633868E+09  0.00000000E+00  0.00000000E+00  0.00000000E+00  0.00000000E+00  0.00000000E+00  0.10000000E-01  0.10000000E+01
 0.14700200E-08  0.43297212E-02  0.00000000E+00  0.24802208E+00  0.00000000E+00  0.00000000E+00  0.16633868E+09  0.00000000E+00  0.00000000E+00  0.00000000E+00  0.00000000E+00  0.00000000E+00  0.10000000E-01  0.10000000E+01
 0.14800200E-08  0.43297212E-02  0.00000000E+00  0.24968547E+00  0.00000000E+00  0.00000000E+00  0.16633868E+09  0.00000000E+00  0.00000000E+00  0.00000000E+00  0.00000000E+00  0.00000000E+00  0.10000000E-01  0.10000000E+01
 0.14900200E-08  0.43297212E-02  0.00000000E+00  0.25134885E+00  0.00000000E+00  0.00000000E+00  0.16633868E+09  0.00000000E+00  0.00000000E+00  0.00000000E+00  0.00000000E+00  0.00000000E+00  0.10000000E-01  0.10000000E+01
 0.15000200E-08  0.43297212E-02  0.00000000E+00  0.25301224E+00  0.00000000E+00  0.00000000E+00  0.16633868E+09  0.00000000E+00  0.00000000E+00  0.00000000E+00  0.00000000E+00  0.00000000E+00  0.10000000E-01  0.10000000E+01
 0.15100200E-08  0.43297212E-02  0.00000000E+00  0.25467563E+00  0.00000000E+00  0.00000000E+00  0.16633868E+09  0.00000000E+00  0.00000000E+00  0.00000000E+00  0.00000000E+00  0.00000000E+00  0.10000000E-01  0.10000000E+01
 0.15200200E-08  0.43297212E-02  0.00000000E+00  0.25633901E+00  0.00000000E+00  0.00000000E+00  0.16633868E+09  0.00000000E+00  0.00000000E+00  0.00000000E+00  0.00000000E+00  0.00000000E+00  0.10000000E-01  0.10000000E+01
 0.15300200E-08  0.43297212E-02  0.00000000E+00  0.25800240E+00  0.00000000E+00  0.00000000E+00  0.16633868E+09  0.00000000E+00  0.00000000E+00  0.00000000E+00  0.00000000E+00  0.00000000E+00  0.10000000E-01  0.10000000E+01
 0.15400200E-08  0.43297212E-02  0.00000000E+00  0.25966579E+00  0.00000000E+00  0.00000000E+00  0.16633868E+09  0.00000000E+00  0.00000000E+00  0.00000000E+00  0.00000000E+00  0.00000000E+00  0.10000000E-01  0.10000000E+01
 0.15500200E-08  0.43297212E-02  0.00000000E+00  0.26132917E+00  0.00000000E+00  0.00000000E+00  0.16633868E+09  0.00000000E+00  0.00000000E+00  0.00000000E+00  0.00000000E+00  0.00000000E+00  0.10000000E-01  0.10000000E+01
 0.15600200E-08  0.43297212E-02  0.00000000E+00  0.26299256E+00  0.00000000E+00  0.00000000E+00  0.16633868E+09  0.00000000E+00  0.00000000E+00  0.00000000E+00  0.00000000E+00  0.00000000E+00  0.10000000E-01  0.10000000E+01
 0.15700200E-08  0.43297212E-02  0.00000000E+00  0.26465595E+00  0.00000000E+00  0.00000000E+00  0.16633868E+09  0.00000000E+00  0.00000000E+00  0.00000000E+00  0.00000000E+00  0.00000000E+00  0.10000000E-01  0.10000000E+01
 0.15800200E-08  0.43297212E-02  0.00000000E+00  0.26631933E+00  0.00000000E+00  0.00000000E+00  0.16633868E+09  0.00000000E+00  0.00000000E+00  0.00000000E+00  0.00000000E+00  0.00000000E+00  0.10000000E-01  0.10000000E+01
 0.15900200E-08  0.43297212E-02  0.00000000E+00  0.26798272E+00  0.00000000E+00  0.00000000E+00  0.16633868E+09  0.00000000E+00  0.00000000E+00  0.00000000E+00  0.00000000E+00  0.00000000E+00  0.10000000E-01  0.10000000E+01
 0.16000200E-08  0.43297212E-02  0.00000000E+00  0.26964611E+00  0.00000000E+00  0.00000000E+00  0.16633868E+09  0.00000000E+00  0.00000000E+00  0.00000000E+00  0.00000000E+00  0.00000000E+00  0.10000000E-01  0.10000000E+01
 0.16100200E-08  0.43297212E-02  0.00000000E+00  0.27130949E+00  0.00000000E+00  0.00000000E+00  0.16633868E+09  0.00000000E+00  0.00000000E+00  0.00000000E+00  0.00000000E+00  0.00000000E+00  0.10000000E-01  0.10000000E+01
 0.16200200E-08  0.43297212E-02  0.00000000E+00  0.27297288E+00  0.00000000E+00  0.00000000E+00  0.16633868E+09  0.00000000E+00  0.00000000E+00  0.00000000E+00  0.00000000E+00  0.00000000E+00  0.10000000E-01  0.10000000E+01
 0.16300200E-08  0.43297212E-02  0.00000000E+00  0.27463627E+00  0.00000000E+00  0.00000000E+00  0.16633868E+09  0.00000000E+00  0.00000000E+00  0.00000000E+00  0.00000000E+00  0.00000000E+00  0.10000000E-01  0.10000000E+01
 0.16400200E-08  0.43297212E-02  0.00000000E+00  0.27629966E+00  0.00000000E+00  0.00000000E+00  0.16633868E+09  0.00000000E+00  0.00000000E+00  0.00000000E+00  0.00000000E+00  0.00000000E+00  0.10000000E-01  0.10000000E+01
 0.16500200E-08  0.43297212E-02  0.00000000E+00  0.27796304E+00  0.00000000E+00  0.00000000E+00  0.16633868E+09  0.00000000E+00  0.00000000E+00  0.00000000E+00  0.00000000E+00  0.00000000E+00  0.10000000E-01  0.10000000E+01
 0.16600200E-08  0.43297212E-02  0.00000000E+00  0.27962643E+00  0.00000000E+00  0.00000000E+00  0.16633868E+09  0.00000000E+00  0.00000000E+00  0.00000000E+00  0.00000000E+00  0.00000000E+00  0.10000000E-01  0.10000000E+01
 0.16700200E-08  0.43297212E-02  0.00000000E+00  0.28128982E+00  0.00000000E+00  0.00000000E+00  0.16633868E+09  0.00000000E+00  0.00000000E+00  0.00000000E+00  0.00000000E+00  0.00000000E+00  0.10000000E-01  0.10000000E+01
 0.16800200E-08  0.43297212E-02  0.00000000E+00  0.28295320E+00  0.00000000E+00  0.00000000E+00  0.16633868E+09  0.00000000E+00  0.00000000E+00  0.00000000E+00  0.00000000E+00  0.00000000E+00  0.10000000E-01  0.10000000E+01
 0.16900200E-08  0.43297212E-02  0.00000000E+00  0.28461659E+00  0.00000000E+00  0.00000000E+00  0.16633868E+09  0.00000000E+00  0.00000000E+00  0.00000000E+00  0.00000000E+00  0.00000000E+00  0.10000000E-01  0.10000000E+01
 0.17000200E-08  0.43297212E-02  0.00000000E+00  0.28627998E+00  0.00000000E+00  0.00000000E+00  0.16633868E+09  0.00000000E+00  0.00000000E+00  0.00000000E+00  0.00000000E+00  0.00000000E+00  0.10000000E-01  0.10000000E+01
 0.17100200E-08  0.43297212E-02  0.00000000E+00  0.28794336E+00  0.00000000E+00  0.00000000E+00  0.16633868E+09  0.00000000E+00  0.00000000E+00  0.00000000E+00  0.00000000E+00  0.00000000E+00  0.10000000E-01  0.10000000E+01
 0.17200200E-08  0.43297212E-02  0.00000000E+00  0.28960675E+00  0.00000000E+00  0.00000000E+00  0.16633868E+09  0.00000000E+00  0.00000000E+00  0.00000000E+00  0.00000000E+00  0.00000000E+00  0.10000000E-01  0.10000000E+01
 0.17300200E-08  0.43297212E-02  0.00000000E+00  0.29127014E+00  0.00000000E+00  0.00000000E+00  0.16633868E+09  0.00000000E+00  0.00000000E+00  0.00000000E+00  0.00000000E+00  0.00000000E+00  0.10000000E-01  0.10000000E+01
 0.17400200E-08  0.43297212E-02  0.00000000E+00  0.29293352E+00  0.00000000E+00  0.00000000E+00  0.16633868E+09  0.00000000E+00  0.00000000E+00  0.00000000E+00  0.00000000E+00  0.00000000E+00  0.10000000E-01  0.10000000E+01
 0.17500200E-08  0.43297212E-02  0.00000000E+00  0.29459691E+00  0.00000000E+00  0.00000000E+00  0.16633868E+09  0.00000000E+00  0.00000000E+00  0.00000000E+00  0.00000000E+00  0.00000000E+00  0.10000000E-01  0.10000000E+01
 0.17600200E-08  0.43297212E-02  0.00000000E+00  0.29626030E+00  0.00000000E+00  0.00000000E+00  0.16633868E+09  0.00000000E+00  0.00000000E+00  0.00000000E+00  0.00000000E+00  0.00000000E+00  0.10000000E-01  0.10000000E+01
 0.17700200E-08  0.43297212E-02  0.00000000E+00  0.29792368E+00  0.00000000E+00  0.00000000E+00  0.16633868E+09  0.00000000E+00  0.00000000E+00  0.00000000E+00  0.00000000E+00  0.00000000E+00  0.10000000E-01  0.10000000E+01
 0.17800200E-08  0.43297212E-02  0.00000000E+00  0.29958707E+00  0.00000000E+00  0.00000000E+00  0.16633868E+09  0.00000000E+00  0.00000000E+00  0.00000000E+00  0.00000000E+00  0.00000000E+00  0.10000000E-01  0.10000000E+01
 0.17900200E-08  0.43297212E-02  0.00000000E+00  0.30125046E+00  0.00000000E+00  0.00000000E+00  0.16633868E+09  0.00000000E+00  0.00000000E+00  0.00000000E+00  0.00000000E+00  0.00000000E+00  0.10000000E-01  0.10000000E+01
 0.18000200E-08  0.43297212E-02  0.00000000E+00  0.30291384E+00  0.00000000E+00  0.00000000E+00  0.16633868E+09  0.00000000E+00  0.00000000E+00  0.00000000E+00  0.00000000E+00  0.00000000E+00  0.10000000E-01  0.10000000E+01
 0.18100200E-08  0.43297212E-02  0.00000000E+00  0.30457723E+00  0.00000000E+00  0.00000000E+00  0.16633868E+09  0.00000000E+00  0.00000000E+00  0.00000000E+00  0.00000000E+00  0.00000000E+00  0.10000000E-01  0.10000000E+01
 0.18200200E-08  0.43297212E-02  0.00000000E+00  0.30624062E+00  0.00000000E+00  0.00000000E+00  0.16633868E+09  0.00000000E+00  0.00000000E+00  0.00000000E+00  0.00000000E+00  0.00000000E+00  0.10000000E-01  0.10000000E+01
 0.18300200E-08  0.43297212E-02  0.00000000E+00  0.30790400E+00  0.00000000E+00  0.00000000E+00  0.16633868E+09  0.00000000E+00  0.00000000E+00  0.00000000E+00  0.00000000E+00  0.00000000E+00  0.10000000E-01  0.10000000E+01
 0.18400200E-08  0.43297212E-02  0.00000000E+00  0.30956739E+00  0.00000000E+00  0.00000000E+00  0.16633868E+09  0.00000000E+00  0.00000000E+00  0.00000000E+00  0.00000000E+00  0.00000000E+00  0.10000000E-01  0.10000000E+01
 0.18500200E-08  0.43297212E-02  0.00000000E+00  0.31123078E+00  0.00000000E+00  0.00000000E+00  0.16633868E+09  0.00000000E+00  0.00000000E+00  0.00000000E+00  0.00000000E+00  0.00000000E+00  0.10000000E-01  0.10000000E+01
 0.18600200E-08  0.43297212E-02  0.00000000E+00  0.31289416E+00  0.00000000E+00  0.00000000E+00  0.16633868E+09  0.00000000E+00  0.00000000E+00  0.00000000E+00  0.00000000E+00  0.00000000E+00  0.10000000E-01  0.10000000E+01
 0.18700200E-08  0.43297212E-02  0.00000000E+00  0.31455755E+00  0.00000000E+00  0.00000000E+00  0.16633868E+09  0.00000000E+00  0.00000000E+00  0.00000000E+00  0.00000000E+00  0.00000000E+00  0.10000000E-01  0.10000000E+01
 0.18800200E-08  0.43297212E-02  0.00000000E+00  0.31622094E+00  0.00000000E+00  0.00000000E+00  0.16633868E+09  0.00000000E+00  0.00000000E+00  0.00000000E+00  0.00000000E+00  0.00000000E+00  0.10000000E-01  0.10000000E+01
 0.18900200E-08  0.43297212E-02  0.00000000E+00  0.31788432E+00  0.00000000E+00  0.00000000E+00  0.16633868E+09  0.00000000E+00  0.00000000E+00  0.00000000E+00  0.00000000E+00  0.00000000E+00  0.10000000E-01  0.10000000E+01
 0.19000200E-08  0.43297212E-02  0.00000000E+00  0.31954771E+00  0.00000000E+00  0.00000000E+00  0.16633868E+09  0.00000000E+00  0.00000000E+00  0.00000000E+00  0.00000000E+00  0.00000000E+00  0.10000000E-01  0.10000000E+01
 0.19100200E-08  0.43297212E-02  0.00000000E+00  0.32121110E+00  0.00000000E+00  0.00000000E+00  0.16633868E+09  0.00000000E+00  0.00000000E+00  0.00000000E+00  0.00000000E+00  0.00000000E+00  0.10000000E-01  0.10000000E+01
 0.19200200E-08  0.43297212E-02  0.00000000E+00  0.32287449E+00  0.00000000E+00  0.00000000E+00  0.16633868E+09  0.00000000E+00  0.00000000E+00  0.00000000E+00  0.00000000E+00  0.00000000E+00  0.10000000E-01  0.10000000E+01
 0.19300200E-08  0.43297212E-02  0.00000000E+00  0.32453787E+00  0.00000000E+00  0.00000000E+00  0.16633868E+09  0.00000000E+00  0.00000000E+00  0.00000000E+00  0.00000000E+00  0.00000000E+00  0.10000000E-01  0.10000000E+01
 0.19400200E-08  0.43297212E-02  0.00000000E+00  0.32620126E+00  0.00000000E+00  0.00000000E+00  0.16633868E+09  0.00000000E+00  0.00000000E+00  0.00000000E+00  0.00000000E+00  0.00000000E+00  0.10000000E-01  0.10000000E+01
 0.19500200E-08  0.43297212E-02  0.00000000E+00  0.32786465E+00  0.00000000E+00  0.00000000E+00  0.16633868E+09  0.00000000E+00  0.00000000E+00  0.00000000E+00  0.00000000E+00  0.00000000E+00  0.10000000E-01  0.10000000E+01
 0.19600200E-08  0.43297212E-02  0.00000000E+00  0.32952803E+00  0.00000000E+00  0.00000000E+00  0.16633868E+09  0.00000000E+00  0.00000000E+00  0.00000000E+00  0.00000000E+00  0.00000000E+00  0.10000000E-01  0.10000000E+01
 0.19700200E-08  0.43297212E-02  0.00000000E+00  0.33119142E+00  0.00000000E+00  0.00000000E+00  0.16633868E+09  0.00000000E+00  0.00000000E+00  0.00000000E+00  0.00000000E+00  0.00000000E+00  0.10000000E-01  0.10000000E+01
 0.19800200E-08  0.43297212E-02  0.00000000E+00  0.33285481E+00  0.00000000E+00  0.00000000E+00  0.16633868E+09  0.00000000E+00  0.00000000E+00  0.00000000E+00  0.00000000E+00  0.00000000E+00  0.10000000E-01  0.10000000E+01
 0.19900200E-08  0.43297212E-02  0.00000000E+00  0.33451819E+00  0.00000000E+00  0.00000000E+00  0.16633868E+09  0.00000000E+00  0.00000000E+00  0.00000000E+00  0.00000000E+00  0.00000000E+00  0.10000000E-01  0.10000000E+01
